id,AcX,AcY,AcZ,Tmp,GyX,GyY,GyZ,Timer
0,3992.0,-16500.0,-1112.0,-3056.0,6759.0,503.0,-1057.0,111000.0
1,3176.0,-15812.0,-1144.0,-3008.0,6796.0,305.0,-1272.0,111006.0
2,3640.0,-15360.0,-540.0,-3056.0,6668.0,10.0,-1101.0,111012.0
3,3888.0,-15344.0,-84.0,-3024.0,6458.0,148.0,-1127.0,111017.0
4,3528.0,-15676.0,-24.0,-3024.0,6212.0,519.0,-1009.0,111024.0
5,3516.0,-16224.0,20.0,-3024.0,6034.0,731.0,-1128.0,111030.0
6,3520.0,-15716.0,0.0,-3056.0,5910.0,735.0,-1150.0,111036.0
7,3936.0,-15748.0,48.0,-3040.0,5787.0,856.0,-1167.0,111042.0
8,4664.0,-15900.0,-384.0,-3040.0,5754.0,1174.0,-1138.0,111048.0
9,4196.0,-15812.0,-16.0,-3024.0,5731.0,1453.0,-1156.0,111053.0
10,3780.0,-16168.0,204.0,-3040.0,5715.0,1558.0,-1048.0,111059.0
11,4056.0,-16472.0,72.0,-3040.0,5755.0,1517.0,-1064.0,111066.0
12,4200.0,-16188.0,120.0,-3024.0,5718.0,1476.0,-1087.0,111072.0
13,4404.0,-15972.0,-8.0,-3056.0,5718.0,1317.0,-1035.0,111078.0
14,4672.0,-15880.0,-36.0,-3024.0,5705.0,1192.0,-921.0,111084.0
15,4952.0,-15936.0,40.0,-3024.0,5698.0,1398.0,-915.0,111090.0
16,5124.0,-15984.0,488.0,-3056.0,5679.0,1630.0,-842.0,111096.0
17,5276.0,-16092.0,344.0,-3008.0,5685.0,2030.0,-732.0,111101.0
18,5096.0,-15980.0,628.0,-3040.0,5635.0,2606.0,-643.0,111108.0
19,4836.0,-16316.0,460.0,-3040.0,5627.0,3149.0,-573.0,111114.0
20,4724.0,-16300.0,352.0,-3040.0,5639.0,3513.0,-458.0,111120.0
21,4480.0,-16268.0,768.0,-3024.0,5612.0,3821.0,-443.0,111126.0
22,4444.0,-16392.0,376.0,-3024.0,5633.0,3957.0,-329.0,111132.0
23,4116.0,-16436.0,368.0,-3024.0,5625.0,3953.0,-180.0,111138.0
24,4144.0,-16240.0,804.0,-3024.0,5571.0,3810.0,-169.0,111143.0
25,4060.0,-16100.0,748.0,-3056.0,5494.0,3509.0,-163.0,111150.0
26,4248.0,-16348.0,816.0,-3056.0,5478.0,3274.0,-25.0,111156.0
27,4372.0,-16272.0,1080.0,-3056.0,5510.0,3278.0,51.0,111162.0
28,4448.0,-16264.0,1268.0,-3056.0,5491.0,3317.0,84.0,111168.0
29,4448.0,-16308.0,1592.0,-3024.0,5469.0,3437.0,171.0,111174.0
30,4588.0,-16644.0,1640.0,-3008.0,5474.0,3686.0,194.0,111179.0
31,4868.0,-16680.0,1556.0,-3040.0,5485.0,3954.0,119.0,111185.0
32,5376.0,-16672.0,1636.0,-3024.0,5489.0,4268.0,59.0,111192.0
33,6248.0,-16740.0,1728.0,-3024.0,5484.0,4804.0,-79.0,111198.0
34,7056.0,-17952.0,1436.0,-3024.0,5448.0,5591.0,-524.0,111204.0
35,6444.0,-15976.0,744.0,-3072.0,5456.0,6098.0,-526.0,111210.0
36,5020.0,-16872.0,1868.0,-3008.0,5513.0,6775.0,215.0,111216.0
37,4056.0,-17312.0,2392.0,-3040.0,5540.0,7386.0,-185.0,111222.0
38,3968.0,-17600.0,2344.0,-3024.0,5625.0,6939.0,-336.0,111227.0
39,4928.0,-16928.0,1644.0,-2992.0,5729.0,6528.0,-378.0,111234.0
40,4904.0,-17444.0,1292.0,-3040.0,5956.0,6766.0,-230.0,111240.0
41,4448.0,-17428.0,1808.0,-3024.0,6138.0,7104.0,-122.0,111246.0
42,4004.0,-17772.0,2052.0,-3024.0,6402.0,7281.0,6.0,111252.0
43,3228.0,-17888.0,1948.0,-2992.0,6642.0,7303.0,427.0,111258.0
44,2632.0,-18200.0,1668.0,-3024.0,7062.0,7194.0,656.0,111264.0
45,1928.0,-18296.0,1576.0,-3040.0,7478.0,6901.0,803.0,111270.0
46,1752.0,-18596.0,1908.0,-3040.0,7920.0,6412.0,1085.0,111276.0
47,1728.0,-18748.0,2128.0,-3024.0,8334.0,5934.0,1376.0,111282.0
48,1604.0,-19044.0,2260.0,-3056.0,8760.0,5456.0,1672.0,111288.0
49,1992.0,-19220.0,2380.0,-3056.0,9191.0,4972.0,1938.0,111294.0
50,2528.0,-19348.0,2428.0,-3040.0,9564.0,4533.0,2125.0,111300.0
51,2816.0,-19352.0,2640.0,-3040.0,9911.0,4354.0,2413.0,111306.0
52,3048.0,-19632.0,2880.0,-3024.0,10263.0,4352.0,2683.0,111312.0
53,2756.0,-19700.0,2776.0,-3056.0,10631.0,4360.0,3044.0,111319.0
54,2232.0,-19964.0,2988.0,-3040.0,10967.0,4387.0,3333.0,111325.0
55,1688.0,-20212.0,3156.0,-3056.0,11285.0,4160.0,3729.0,111331.0
56,1320.0,-20240.0,3324.0,-3008.0,11627.0,3843.0,4061.0,111337.0
57,1564.0,-20400.0,3344.0,-3040.0,12018.0,3450.0,4326.0,111343.0
58,2088.0,-20648.0,3292.0,-3056.0,12390.0,3185.0,4644.0,111349.0
59,2688.0,-20884.0,3256.0,-3040.0,12771.0,3001.0,4887.0,111355.0
60,3456.0,-21188.0,3044.0,-3024.0,13194.0,2967.0,5159.0,111362.0
61,4424.0,-21328.0,3080.0,-3024.0,13483.0,3087.0,5469.0,111368.0
62,5548.0,-21484.0,3088.0,-3040.0,13957.0,3439.0,5683.0,111374.0
63,6428.0,-21656.0,2984.0,-3024.0,14307.0,3941.0,5895.0,111380.0
64,7096.0,-21876.0,2832.0,-3056.0,14739.0,4693.0,6103.0,111386.0
65,7292.0,-22204.0,2848.0,-3040.0,15159.0,5513.0,6384.0,111392.0
66,5292.0,-22532.0,3364.0,-3056.0,15517.0,6582.0,7147.0,111398.0
67,3148.0,-25172.0,4872.0,-3056.0,15776.0,6676.0,8203.0,111405.0
68,3156.0,-28152.0,4792.0,-3040.0,16137.0,5808.0,9103.0,111411.0
69,5356.0,-28460.0,3216.0,-3008.0,16755.0,5548.0,9345.0,111417.0
70,7280.0,-28196.0,1952.0,-3056.0,17426.0,5827.0,9264.0,111423.0
71,8280.0,-28720.0,740.0,-3040.0,18011.0,6580.0,9377.0,111429.0
72,9212.0,-30492.0,-1292.0,-3056.0,18535.0,7661.0,9429.0,111435.0
73,9904.0,-31268.0,-4312.0,-3024.0,19023.0,9043.0,9433.0,111441.0
74,10560.0,-31020.0,-7964.0,-3040.0,19286.0,10472.0,9266.0,111448.0
75,10632.0,-30496.0,-10368.0,-3072.0,19415.0,11641.0,8963.0,111454.0
76,10380.0,-30480.0,-11652.0,-3056.0,19382.0,12640.0,8638.0,111460.0
77,8900.0,-31300.0,-12160.0,-3024.0,19205.0,13461.0,8611.0,111466.0
78,6568.0,-31736.0,-14120.0,-3040.0,18795.0,14182.0,9073.0,111472.0
79,5260.0,-30996.0,-15672.0,-3024.0,18013.0,14881.0,9840.0,111478.0
80,3780.0,-28972.0,-16084.0,-3024.0,17085.0,15244.0,10491.0,111485.0
81,980.0,-25988.0,-14440.0,-3008.0,16329.0,14502.0,11076.0,111492.0
82,-1124.0,-23720.0,-7176.0,-3008.0,16125.0,11998.0,11683.0,111498.0
83,-2712.0,-22708.0,2356.0,-3088.0,16658.0,8544.0,12299.0,111504.0
84,-4444.0,-22568.0,9552.0,-3024.0,17007.0,4329.0,12465.0,111510.0
85,-4272.0,-22184.0,7776.0,-3024.0,16070.0,-700.0,11678.0,111516.0
86,-2352.0,-22552.0,4832.0,-3040.0,14738.0,-5383.0,10340.0,111522.0
87,992.0,-23028.0,3064.0,-3040.0,13718.0,-8943.0,8710.0,111528.0
88,3052.0,-23956.0,2404.0,-3024.0,13735.0,-11158.0,7663.0,111535.0
89,4432.0,-24740.0,3052.0,-3040.0,14786.0,-11960.0,7626.0,111541.0
90,6172.0,-23308.0,812.0,-3040.0,15605.0,-10875.0,7905.0,111547.0
91,7328.0,-20264.0,260.0,-3056.0,15913.0,-8596.0,7662.0,111553.0
92,8448.0,-13720.0,-2564.0,-3040.0,14901.0,-6102.0,7252.0,111559.0
93,10580.0,-7676.0,-4404.0,-3056.0,12285.0,-4007.0,6443.0,111565.0
94,12092.0,-6304.0,-4552.0,-3040.0,9440.0,-830.0,5400.0,111571.0
95,11048.0,-7664.0,-5932.0,-3008.0,7236.0,2628.0,4894.0,111578.0
96,8748.0,-7768.0,-8068.0,-3040.0,5379.0,5208.0,4636.0,111584.0
97,6764.0,-6448.0,-9212.0,-3072.0,3638.0,6488.0,4349.0,111590.0
98,5476.0,-4920.0,-8728.0,-3024.0,1895.0,6838.0,4343.0,111596.0
99,4540.0,-4836.0,-7816.0,-3072.0,611.0,6852.0,3987.0,111602.0
100,3280.0,-4568.0,-7128.0,-3040.0,-629.0,6996.0,3725.0,111608.0
101,2356.0,-3820.0,-6708.0,-3040.0,-2073.0,7401.0,3565.0,111614.0
102,1652.0,-2968.0,-6712.0,-3024.0,-3923.0,7726.0,3093.0,111621.0
103,948.0,-2452.0,-6296.0,-3024.0,-5755.0,7501.0,2282.0,111627.0
104,292.0,-2152.0,-5676.0,-3040.0,-7466.0,6671.0,1233.0,111632.0
105,-408.0,-1968.0,-5096.0,-3072.0,-9017.0,5214.0,91.0,111638.0
106,-856.0,-1772.0,-4560.0,-3024.0,-10489.0,3455.0,-916.0,111644.0
107,-1584.0,-1724.0,-4136.0,-3040.0,-12056.0,1659.0,-1816.0,111650.0
108,-1760.0,-1900.0,-4020.0,-3056.0,-13677.0,44.0,-2606.0,111656.0
109,-1404.0,-2056.0,-4292.0,-3040.0,-15388.0,-1287.0,-3169.0,111663.0
110,-748.0,-2372.0,-4560.0,-3040.0,-17117.0,-2319.0,-3700.0,111669.0
111,44.0,-2624.0,-5000.0,-3024.0,-18815.0,-3186.0,-4297.0,111675.0
112,1000.0,-2856.0,-4988.0,-3024.0,-20471.0,-3976.0,-4855.0,111681.0
113,1568.0,-3508.0,-5248.0,-3024.0,-21987.0,-4597.0,-5419.0,111687.0
114,1756.0,-4568.0,-4712.0,-3040.0,-23265.0,-5093.0,-5868.0,111693.0
115,1812.0,-5064.0,-4096.0,-3056.0,-24541.0,-5462.0,-6280.0,111699.0
116,1964.0,-5704.0,-4308.0,-2992.0,-25966.0,-5798.0,-6745.0,111706.0
117,1936.0,-6432.0,-4400.0,-3040.0,-27375.0,-6244.0,-7247.0,111712.0
118,2192.0,-7612.0,-4148.0,-3040.0,-28721.0,-6676.0,-7716.0,111718.0
119,2736.0,-8556.0,-3872.0,-3024.0,-29915.0,-6917.0,-8196.0,111724.0
120,3608.0,-9912.0,-3252.0,-3024.0,-31054.0,-6840.0,-8635.0,111730.0
121,4592.0,-11040.0,-2628.0,-3040.0,-32067.0,-6447.0,-8988.0,111736.0
122,5548.0,-12300.0,-1876.0,-3040.0,-32768.0,-5681.0,-9303.0,111742.0
123,6324.0,-13560.0,-1240.0,-3040.0,-32768.0,-4658.0,-9566.0,111749.0
124,6732.0,-14832.0,-684.0,-3024.0,-32768.0,-3528.0,-9799.0,111755.0
125,6396.0,-16612.0,-264.0,-3024.0,-32768.0,-2456.0,-9995.0,111761.0
126,5924.0,-17492.0,132.0,-3040.0,-32768.0,-1447.0,-10116.0,111767.0
127,4808.0,-17912.0,92.0,-3040.0,-32768.0,-672.0,-10327.0,111773.0
128,4076.0,-18628.0,600.0,-3056.0,-32768.0,-296.0,-10646.0,111779.0
129,3464.0,-19988.0,1192.0,-3008.0,-32768.0,-106.0,-10953.0,111785.0
130,3308.0,-21600.0,1536.0,-3040.0,-32768.0,21.0,-11237.0,111792.0
131,3044.0,-22544.0,1860.0,-3056.0,-32768.0,49.0,-11587.0,111798.0
132,2984.0,-23428.0,2408.0,-3056.0,-32768.0,-55.0,-11994.0,111804.0
133,3164.0,-24152.0,2512.0,-3040.0,-32768.0,-228.0,-12477.0,111810.0
134,3472.0,-25040.0,2548.0,-3008.0,-32768.0,-413.0,-12800.0,111816.0
135,3704.0,-26012.0,2600.0,-3056.0,-32768.0,-510.0,-13339.0,111822.0
136,3988.0,-26964.0,2764.0,-3040.0,-32768.0,-465.0,-13827.0,111828.0
137,3704.0,-27912.0,3364.0,-3024.0,-32768.0,-639.0,-14345.0,111835.0
138,3036.0,-28896.0,4528.0,-2992.0,-32768.0,-1035.0,-14725.0,111841.0
139,1912.0,-29684.0,5840.0,-3056.0,-32768.0,-1775.0,-15100.0,111848.0
140,1080.0,-30000.0,6904.0,-3040.0,-32768.0,-2676.0,-15479.0,111854.0
141,932.0,-30364.0,7864.0,-3088.0,-32768.0,-3457.0,-15770.0,111860.0
142,1496.0,-30752.0,8964.0,-3008.0,-32768.0,-3892.0,-15893.0,111866.0
143,2016.0,-31160.0,9604.0,-3056.0,-32768.0,-3820.0,-15807.0,111873.0
144,3036.0,-31544.0,9288.0,-3040.0,-32768.0,-3398.0,-15589.0,111880.0
145,3420.0,-31868.0,9484.0,-3040.0,-32768.0,-2755.0,-15093.0,111886.0
146,3380.0,-32456.0,10496.0,-3056.0,-32768.0,-2229.0,-14284.0,111892.0
147,3176.0,-32768.0,12200.0,-3024.0,-31356.0,-1718.0,-13314.0,111898.0
148,2960.0,-32704.0,14340.0,-3024.0,-29795.0,-1104.0,-12384.0,111905.0
149,3024.0,-32500.0,16456.0,-3024.0,-28160.0,-591.0,-11934.0,111911.0
150,4596.0,-31780.0,19672.0,-3040.0,-26556.0,11.0,-12108.0,111918.0
151,2400.0,-32768.0,19692.0,-3040.0,-23760.0,349.0,-14105.0,111924.0
152,772.0,-32452.0,23804.0,-3024.0,-21882.0,82.0,-7923.0,111930.0
153,4824.0,-32508.0,24020.0,-3008.0,-19346.0,1755.0,-10210.0,111936.0
154,-1928.0,-30444.0,28228.0,-3056.0,-16785.0,3638.0,-11651.0,111942.0
155,-5228.0,-29604.0,28812.0,-3056.0,-13866.0,4403.0,-10221.0,111949.0
156,-7628.0,-28860.0,30036.0,-3040.0,-10685.0,4678.0,-8175.0,111955.0
157,-9776.0,-27156.0,30776.0,-3040.0,-7136.0,4650.0,-5985.0,111962.0
158,-11320.0,-25824.0,31460.0,-3008.0,-3727.0,4288.0,-3543.0,111968.0
159,-11860.0,-24856.0,31348.0,-3040.0,-196.0,3554.0,-1199.0,111975.0
160,-11748.0,-24160.0,30712.0,-3040.0,3129.0,2394.0,163.0,111981.0
161,-11088.0,-24344.0,29696.0,-3072.0,6222.0,899.0,1204.0,111987.0
162,-9964.0,-23828.0,28264.0,-3056.0,9059.0,-805.0,1873.0,111993.0
163,-9676.0,-23228.0,26196.0,-3024.0,11634.0,-2495.0,2635.0,112000.0
164,-9640.0,-22952.0,25084.0,-3024.0,13912.0,-3928.0,3268.0,112006.0
165,-10096.0,-22320.0,22924.0,-3024.0,15999.0,-5519.0,3619.0,112012.0
166,-10156.0,-21804.0,20952.0,-3040.0,17652.0,-7380.0,4111.0,112018.0
167,-10236.0,-18612.0,15880.0,-3040.0,18725.0,-9468.0,4597.0,112024.0
168,-5312.0,-5444.0,-17360.0,-3056.0,13299.0,-11180.0,3314.0,112031.0
169,32767.0,13384.0,-32768.0,-3008.0,-14670.0,-8260.0,-12909.0,112037.0
170,32767.0,-32768.0,-32768.0,-3024.0,-4224.0,-23537.0,-28897.0,112044.0
171,14336.0,-32768.0,-6220.0,-3040.0,19110.0,-24805.0,12676.0,112051.0
172,-20344.0,-32768.0,31580.0,-3040.0,20347.0,16605.0,24287.0,112057.0
173,-32768.0,-32768.0,32767.0,-3040.0,20473.0,26474.0,17455.0,112063.0
174,-32768.0,-32768.0,32767.0,-3040.0,20798.0,8631.0,3054.0,112070.0
175,-31668.0,-32768.0,2920.0,-3024.0,18813.0,-15989.0,-4349.0,112076.0
176,-9512.0,-12660.0,-21912.0,-3056.0,16374.0,-24831.0,-2856.0,112082.0
177,19432.0,3784.0,-17956.0,-3024.0,14521.0,-22354.0,-1803.0,112090.0
178,28360.0,3828.0,-1100.0,-3024.0,12820.0,-16054.0,-4014.0,112096.0
179,19052.0,-12672.0,10984.0,-3024.0,13124.0,-8346.0,-2161.0,112102.0
180,11700.0,-18924.0,8996.0,-3056.0,12814.0,-1201.0,-849.0,112108.0
181,10012.0,-16332.0,2732.0,-3056.0,11381.0,-1583.0,-2508.0,112114.0
182,10076.0,-15876.0,-2008.0,-3056.0,10630.0,-5898.0,-2406.0,112120.0
183,9992.0,-18084.0,-1296.0,-3072.0,10803.0,-5328.0,381.0,112128.0
184,8692.0,-17876.0,76.0,-3040.0,11281.0,-768.0,1886.0,112134.0
185,6432.0,-16752.0,-992.0,-3040.0,11437.0,1686.0,2064.0,112139.0
186,5196.0,-16928.0,-1672.0,-3056.0,11598.0,1699.0,2038.0,112145.0
187,4072.0,-17408.0,-776.0,-3024.0,11609.0,1208.0,2101.0,112151.0
188,3336.0,-16808.0,216.0,-3040.0,11285.0,947.0,2026.0,112157.0
189,2664.0,-17152.0,896.0,-3056.0,10912.0,1135.0,2005.0,112163.0
190,2036.0,-17460.0,1200.0,-3040.0,10512.0,2124.0,2041.0,112169.0
191,1364.0,-16992.0,1204.0,-3056.0,9926.0,3852.0,1681.0,112176.0
192,504.0,-16424.0,912.0,-3040.0,9229.0,5441.0,959.0,112182.0
193,-1116.0,-17232.0,664.0,-3072.0,8947.0,6393.0,183.0,112188.0
194,-2372.0,-17808.0,-448.0,-3024.0,9081.0,5915.0,-781.0,112194.0
195,-2168.0,-17080.0,-1480.0,-3056.0,9155.0,4144.0,-1905.0,112200.0
196,-164.0,-14960.0,-1352.0,-2992.0,8784.0,1936.0,-2750.0,112206.0
197,2792.0,-14440.0,-572.0,-3040.0,8144.0,-91.0,-3002.0,112212.0
198,4944.0,-15296.0,-364.0,-3008.0,7693.0,-943.0,-2798.0,112219.0
199,6632.0,-15772.0,-792.0,-3008.0,7588.0,-498.0,-2541.0,112225.0
200,7808.0,-15204.0,-1556.0,-3024.0,7380.0,523.0,-2373.0,112230.0
201,8524.0,-14308.0,-1020.0,-3040.0,7066.0,1666.0,-1981.0,112236.0
202,9088.0,-14124.0,-312.0,-3056.0,6541.0,3276.0,-1339.0,112242.0
203,8656.0,-14520.0,-308.0,-3040.0,6000.0,5116.0,-617.0,112248.0
204,7540.0,-14752.0,-344.0,-3040.0,5584.0,6700.0,-127.0,112254.0
205,5812.0,-14896.0,-284.0,-3056.0,5248.0,7589.0,64.0,112261.0
206,4116.0,-15016.0,4.0,-3024.0,5031.0,7506.0,42.0,112267.0
207,3556.0,-15064.0,-240.0,-3040.0,4765.0,7175.0,57.0,112273.0
208,3224.0,-16028.0,-84.0,-3040.0,4657.0,6761.0,-64.0,112278.0
209,2940.0,-16324.0,-368.0,-3056.0,4649.0,6222.0,-188.0,112284.0
210,3104.0,-16368.0,-480.0,-3040.0,4696.0,5391.0,-330.0,112290.0
211,3664.0,-16116.0,-628.0,-3040.0,4767.0,4535.0,-400.0,112296.0
212,4132.0,-16024.0,-552.0,-3024.0,4809.0,3965.0,-435.0,112303.0
213,4656.0,-16048.0,-336.0,-3024.0,4901.0,3676.0,-372.0,112309.0
214,5116.0,-15480.0,-512.0,-3056.0,4912.0,3517.0,-276.0,112315.0
215,5740.0,-15436.0,-612.0,-3008.0,4907.0,3671.0,-61.0,112320.0
216,6332.0,-15284.0,-544.0,-3072.0,4887.0,4121.0,245.0,112326.0
217,6064.0,-15784.0,-532.0,-3056.0,4982.0,4651.0,369.0,112332.0
218,5568.0,-15844.0,-648.0,-3024.0,5012.0,4980.0,615.0,112338.0
219,5260.0,-15984.0,-596.0,-3040.0,5037.0,5170.0,803.0,112345.0
220,4840.0,-16164.0,-724.0,-3040.0,5125.0,5138.0,876.0,112351.0
221,4604.0,-16072.0,-712.0,-3040.0,5193.0,4814.0,1009.0,112357.0
222,4544.0,-15908.0,-496.0,-3024.0,5255.0,4472.0,1129.0,112363.0
223,4380.0,-16004.0,-544.0,-3056.0,5340.0,4112.0,1115.0,112368.0
224,4144.0,-16020.0,-48.0,-3040.0,5385.0,3709.0,1116.0,112374.0
225,4080.0,-16308.0,208.0,-3040.0,5443.0,3371.0,1075.0,112380.0
226,3964.0,-16096.0,560.0,-3024.0,5464.0,3139.0,1105.0,112387.0
227,3928.0,-16280.0,600.0,-3024.0,5478.0,3042.0,1100.0,112393.0
228,3884.0,-16200.0,852.0,-3024.0,5449.0,2966.0,1094.0,112399.0
229,3960.0,-16144.0,1116.0,-3072.0,5447.0,2840.0,1101.0,112405.0
230,4064.0,-16140.0,1088.0,-3024.0,5428.0,2731.0,1125.0,112411.0
231,4364.0,-16100.0,1084.0,-3024.0,5422.0,2625.0,1126.0,112417.0
232,4504.0,-16180.0,1136.0,-3072.0,5419.0,2683.0,1173.0,112423.0
233,4768.0,-16456.0,1096.0,-3056.0,5453.0,2778.0,1176.0,112429.0
234,4896.0,-16396.0,1160.0,-3008.0,5475.0,2856.0,1192.0,112435.0
235,5032.0,-16500.0,1076.0,-3056.0,5514.0,2994.0,1187.0,112441.0
236,5304.0,-16448.0,1252.0,-3008.0,5501.0,3158.0,1149.0,112447.0
237,5164.0,-16676.0,1368.0,-3024.0,5536.0,3373.0,1171.0,112453.0
238,5276.0,-16580.0,1492.0,-3008.0,5560.0,3650.0,1124.0,112459.0
239,5320.0,-16624.0,1564.0,-3040.0,5513.0,3978.0,988.0,112465.0
240,7484.0,-15624.0,960.0,-3024.0,5544.0,4208.0,338.0,112472.0
241,5100.0,-16092.0,1276.0,-3024.0,5562.0,4499.0,1110.0,112478.0
242,5012.0,-16468.0,2120.0,-3056.0,5575.0,5129.0,728.0,112484.0
243,4760.0,-16284.0,2004.0,-3040.0,5600.0,5059.0,668.0,112490.0
244,4672.0,-16476.0,1952.0,-3056.0,5715.0,5195.0,798.0,112495.0
245,4580.0,-16520.0,1844.0,-3024.0,5830.0,5418.0,805.0,112501.0
246,4320.0,-16764.0,1680.0,-3056.0,6019.0,5517.0,918.0,112507.0
247,4060.0,-16800.0,1704.0,-3072.0,6224.0,5613.0,1013.0,112514.0
248,3772.0,-17064.0,1580.0,-3024.0,6510.0,5612.0,1172.0,112520.0
249,3352.0,-17280.0,1692.0,-3056.0,6800.0,5548.0,1363.0,112526.0
250,2888.0,-17536.0,1780.0,-3008.0,7190.0,5331.0,1584.0,112532.0
251,2396.0,-17856.0,1700.0,-3056.0,7616.0,4962.0,1800.0,112538.0
252,2308.0,-18088.0,1844.0,-3040.0,8054.0,4458.0,2097.0,112544.0
253,2608.0,-18116.0,1788.0,-3056.0,8485.0,3874.0,2356.0,112550.0
254,3004.0,-18144.0,1828.0,-3024.0,8902.0,3262.0,2549.0,112557.0
255,3404.0,-18188.0,2132.0,-3056.0,9266.0,2861.0,2829.0,112563.0
256,2264.0,-18724.0,2604.0,-3024.0,9569.0,2849.0,3032.0,112569.0
257,4656.0,-18156.0,2396.0,-3040.0,10081.0,2520.0,3332.0,112574.0
258,2000.0,-18344.0,2868.0,-3040.0,10318.0,2643.0,3690.0,112580.0
259,2696.0,-18892.0,3140.0,-3056.0,10678.0,2495.0,4249.0,112586.0
260,1596.0,-18904.0,3180.0,-3008.0,11041.0,2506.0,4815.0,112592.0
261,972.0,-19268.0,3284.0,-3024.0,11413.0,2224.0,5068.0,112599.0
262,424.0,-19568.0,3232.0,-3040.0,11829.0,1532.0,5271.0,112605.0
263,648.0,-19856.0,3348.0,-3024.0,12255.0,847.0,5483.0,112611.0
264,1316.0,-20304.0,3324.0,-3040.0,12676.0,240.0,5760.0,112617.0
265,2200.0,-20600.0,3236.0,-3040.0,13146.0,-108.0,6045.0,112623.0
266,2960.0,-20860.0,3116.0,-2992.0,13565.0,-251.0,6354.0,112629.0
267,3900.0,-21264.0,2996.0,-3040.0,14022.0,-260.0,6634.0,112635.0
268,4904.0,-21740.0,2896.0,-3024.0,14446.0,-27.0,6932.0,112642.0
269,5892.0,-21968.0,3092.0,-3008.0,14915.0,455.0,7160.0,112648.0
270,6476.0,-22288.0,2752.0,-3024.0,15414.0,1127.0,7381.0,112654.0
271,6848.0,-22724.0,2684.0,-3024.0,15905.0,1856.0,7584.0,112660.0
272,6820.0,-23620.0,2616.0,-3056.0,16439.0,2732.0,7878.0,112666.0
273,5556.0,-24400.0,2896.0,-3040.0,16991.0,3736.0,8431.0,112672.0
274,2868.0,-25896.0,3896.0,-3008.0,17404.0,4303.0,9556.0,112678.0
275,2520.0,-29480.0,6136.0,-3024.0,17985.0,3370.0,10513.0,112685.0
276,3288.0,-30692.0,4400.0,-3024.0,18660.0,3025.0,11209.0,112691.0
277,5528.0,-30548.0,1964.0,-3040.0,19641.0,3085.0,10930.0,112697.0
278,6672.0,-30536.0,1164.0,-3040.0,20558.0,3516.0,11164.0,112703.0
279,7664.0,-32300.0,-500.0,-3040.0,21334.0,4776.0,11321.0,112709.0
280,8288.0,-32768.0,-3516.0,-3024.0,22021.0,6390.0,11412.0,112715.0
281,8700.0,-32768.0,-7352.0,-2992.0,22602.0,7862.0,11422.0,112721.0
282,8540.0,-32768.0,-11612.0,-3056.0,22954.0,8683.0,11293.0,112728.0
283,7680.0,-32768.0,-14012.0,-3056.0,23055.0,9057.0,11109.0,112734.0
284,5728.0,-32768.0,-14352.0,-3040.0,22987.0,9039.0,11355.0,112740.0
285,4828.0,-32768.0,-16360.0,-3008.0,22688.0,8873.0,11506.0,112746.0
286,1996.0,-32768.0,-17592.0,-3008.0,21866.0,8369.0,11978.0,112752.0
287,1264.0,-30704.0,-17768.0,-3024.0,20664.0,7299.0,12514.0,112759.0
288,-416.0,-27912.0,-15704.0,-3056.0,19363.0,5651.0,12868.0,112765.0
289,-900.0,-25904.0,-8356.0,-3024.0,18227.0,3132.0,13046.0,112772.0
290,688.0,-26244.0,4316.0,-3024.0,18391.0,-252.0,13203.0,112778.0
291,1008.0,-25428.0,11624.0,-3040.0,18642.0,-3099.0,11968.0,112784.0
292,-1144.0,-25864.0,12648.0,-3024.0,18652.0,-7813.0,11754.0,112790.0
293,-44.0,-24688.0,10568.0,-3024.0,18179.0,-11902.0,10606.0,112796.0
294,2032.0,-25116.0,10336.0,-3024.0,18450.0,-14548.0,9235.0,112802.0
295,3588.0,-22748.0,5740.0,-3056.0,18192.0,-15243.0,8601.0,112808.0
296,6916.0,-21436.0,4724.0,-3056.0,18234.0,-14116.0,7843.0,112815.0
297,12264.0,-14664.0,-6528.0,-3024.0,16714.0,-11129.0,7257.0,112821.0
298,17824.0,-6780.0,-11988.0,-3040.0,12605.0,-7957.0,5537.0,112827.0
299,17096.0,-5656.0,-10220.0,-3040.0,9762.0,-3352.0,5070.0,112834.0
300,14428.0,-5536.0,-10396.0,-3024.0,7685.0,659.0,5213.0,112840.0
301,10152.0,-4052.0,-10448.0,-3056.0,5573.0,2540.0,5638.0,112846.0
302,6556.0,-4004.0,-8840.0,-3040.0,3572.0,3488.0,5990.0,112852.0
303,4184.0,-4540.0,-6652.0,-3056.0,1902.0,4332.0,6298.0,112859.0
304,2676.0,-4084.0,-5256.0,-3040.0,26.0,5256.0,5645.0,112864.0
305,4104.0,-3632.0,-6108.0,-3040.0,-1673.0,6245.0,5783.0,112870.0
306,4276.0,-1972.0,-6308.0,-3040.0,-3919.0,7298.0,3346.0,112876.0
307,2424.0,-1560.0,-6720.0,-3024.0,-5892.0,6326.0,1813.0,112882.0
308,1384.0,-1116.0,-6664.0,-3040.0,-7652.0,4434.0,1659.0,112888.0
309,1992.0,64.0,-6416.0,-3072.0,-9430.0,2950.0,335.0,112894.0
310,692.0,-80.0,-5988.0,-3008.0,-11081.0,1559.0,-487.0,112901.0
311,432.0,32.0,-5908.0,-3024.0,-12737.0,615.0,-755.0,112906.0
312,652.0,0.0,-5700.0,-3008.0,-14514.0,78.0,-1046.0,112912.0
313,1156.0,-48.0,-6008.0,-3040.0,-16304.0,-381.0,-1574.0,112918.0
314,1372.0,-328.0,-6120.0,-3040.0,-18179.0,-922.0,-2315.0,112924.0
315,1848.0,-856.0,-6004.0,-3024.0,-19984.0,-1507.0,-2851.0,112929.0
316,1848.0,-1860.0,-5828.0,-3008.0,-21584.0,-1944.0,-3124.0,112935.0
317,1756.0,-2908.0,-4976.0,-2992.0,-22984.0,-2241.0,-3274.0,112942.0
318,1320.0,-3764.0,-4744.0,-3040.0,-24307.0,-2470.0,-3421.0,112948.0
319,732.0,-3984.0,-4588.0,-3056.0,-25643.0,-2842.0,-3624.0,112954.0
320,308.0,-4320.0,-4752.0,-3072.0,-27093.0,-3622.0,-3991.0,112960.0
321,148.0,-4944.0,-4624.0,-3024.0,-28489.0,-4622.0,-4412.0,112966.0
322,360.0,-5816.0,-4580.0,-3008.0,-29774.0,-5641.0,-4862.0,112972.0
323,824.0,-6956.0,-4592.0,-3056.0,-31010.0,-6493.0,-5326.0,112978.0
324,1372.0,-8124.0,-4380.0,-3072.0,-32119.0,-6992.0,-5754.0,112985.0
325,2204.0,-9212.0,-4056.0,-3056.0,-32768.0,-7178.0,-6109.0,112991.0
326,3192.0,-10232.0,-3668.0,-3024.0,-32768.0,-6972.0,-6435.0,112997.0
327,4396.0,-11424.0,-3084.0,-3008.0,-32768.0,-6394.0,-6670.0,113003.0
328,5252.0,-12480.0,-2448.0,-3040.0,-32768.0,-5458.0,-6885.0,113009.0
329,5740.0,-13772.0,-1828.0,-3040.0,-32768.0,-4416.0,-7077.0,113015.0
330,6128.0,-15200.0,-1728.0,-3040.0,-32768.0,-3362.0,-7241.0,113021.0
331,5868.0,-15860.0,-1316.0,-3024.0,-32768.0,-2113.0,-7359.0,113028.0
332,5572.0,-16616.0,-664.0,-3056.0,-32768.0,-1062.0,-7625.0,113034.0
333,5468.0,-17484.0,-136.0,-3040.0,-32768.0,-183.0,-7985.0,113040.0
334,5496.0,-19100.0,76.0,-3056.0,-32768.0,706.0,-8344.0,113046.0
335,5732.0,-20656.0,344.0,-3040.0,-32768.0,1653.0,-8679.0,113052.0
336,6004.0,-22292.0,628.0,-3056.0,-32768.0,2562.0,-9056.0,113058.0
337,6268.0,-23572.0,1144.0,-3040.0,-32768.0,3301.0,-9448.0,113064.0
338,6356.0,-24868.0,1628.0,-3024.0,-32768.0,3762.0,-9899.0,113071.0
339,6532.0,-26264.0,2248.0,-3056.0,-32768.0,4077.0,-10319.0,113077.0
340,6528.0,-27568.0,2296.0,-3024.0,-32768.0,4402.0,-10791.0,113083.0
341,6316.0,-28528.0,2780.0,-2992.0,-32768.0,4630.0,-11356.0,113089.0
342,5984.0,-29412.0,3196.0,-3024.0,-32768.0,4687.0,-12044.0,113095.0
343,5604.0,-30400.0,3868.0,-3024.0,-32768.0,4512.0,-12659.0,113101.0
344,4904.0,-31556.0,4780.0,-3056.0,-32768.0,4095.0,-13298.0,113108.0
345,3484.0,-32592.0,6308.0,-3024.0,-32768.0,3442.0,-13826.0,113115.0
346,2264.0,-32768.0,7408.0,-3056.0,-32768.0,2737.0,-14301.0,113121.0
347,1524.0,-32768.0,8536.0,-3040.0,-32768.0,2090.0,-14731.0,113127.0
348,956.0,-32768.0,9472.0,-3056.0,-32768.0,1431.0,-15035.0,113133.0
349,652.0,-32768.0,10716.0,-3056.0,-32768.0,825.0,-15118.0,113139.0
350,864.0,-32768.0,11968.0,-3040.0,-32768.0,271.0,-14914.0,113145.0
351,1572.0,-32768.0,13264.0,-3040.0,-31869.0,-56.0,-14363.0,113152.0
352,2528.0,-32768.0,14884.0,-3056.0,-30165.0,262.0,-13565.0,113158.0
353,2976.0,-32768.0,16304.0,-3056.0,-28459.0,1244.0,-12728.0,113165.0
354,3288.0,-32624.0,18052.0,-3056.0,-26628.0,2784.0,-12350.0,113171.0
355,3376.0,-31672.0,19660.0,-3008.0,-24682.0,4464.0,-12209.0,113177.0
356,2876.0,-30668.0,21316.0,-3024.0,-22629.0,5939.0,-12095.0,113183.0
357,1536.0,-30012.0,22564.0,-3040.0,-20471.0,7427.0,-11802.0,113189.0
358,-872.0,-29532.0,23652.0,-2992.0,-18265.0,9379.0,-10577.0,113197.0
359,-4740.0,-28692.0,25528.0,-3024.0,-15692.0,11271.0,-8858.0,113203.0
360,-8776.0,-27928.0,27232.0,-3056.0,-12703.0,12037.0,-6977.0,113209.0
361,-12912.0,-27220.0,28856.0,-3056.0,-9481.0,11136.0,-5019.0,113215.0
362,-15112.0,-26872.0,29848.0,-3072.0,-6077.0,8951.0,-3112.0,113222.0
363,-15168.0,-26932.0,30148.0,-3040.0,-2447.0,6321.0,-1250.0,113228.0
364,-13720.0,-26888.0,29896.0,-3024.0,1261.0,4019.0,125.0,113234.0
365,-12176.0,-26504.0,29520.0,-3008.0,4658.0,2274.0,1076.0,113241.0
366,-10888.0,-25568.0,28772.0,-3072.0,7834.0,676.0,1854.0,113247.0
367,-10844.0,-24476.0,27592.0,-3040.0,10642.0,-1020.0,2651.0,113253.0
368,-11364.0,-23556.0,25704.0,-3040.0,12994.0,-2829.0,3562.0,113259.0
369,-12204.0,-22880.0,23768.0,-3024.0,15093.0,-4871.0,4468.0,113266.0
370,-12504.0,-22104.0,21264.0,-3056.0,16816.0,-7155.0,5307.0,113272.0
371,-12136.0,-21928.0,19312.0,-3008.0,18268.0,-9422.0,6014.0,113278.0
372,-10752.0,-21848.0,17456.0,-3024.0,19497.0,-11676.0,6447.0,113285.0
373,-8508.0,-16772.0,10040.0,-3056.0,19553.0,-13583.0,6327.0,113292.0
374,16952.0,15672.0,-32768.0,-3008.0,5723.0,-12017.0,1395.0,113298.0
375,32767.0,-736.0,-32768.0,-3024.0,-19212.0,-12533.0,-29974.0,113304.0
376,32767.0,-32768.0,-32768.0,-2992.0,9951.0,-32768.0,-25153.0,113310.0
377,12284.0,-32768.0,-700.0,-3040.0,20241.0,-11280.0,24024.0,113317.0
378,-26728.0,-23616.0,31176.0,-3024.0,17262.0,32767.0,24936.0,113324.0
379,-32768.0,-32768.0,32767.0,-3056.0,18153.0,25845.0,13595.0,113330.0
380,-32768.0,-32768.0,32767.0,-3024.0,20952.0,2094.0,377.0,113337.0
381,-32768.0,-30004.0,-4668.0,-3056.0,17288.0,-15751.0,-3136.0,113343.0
382,-7716.0,-11208.0,-21780.0,-3040.0,13826.0,-22211.0,-2179.0,113349.0
383,30224.0,-524.0,-11872.0,-3040.0,14020.0,-25619.0,-4297.0,113356.0
384,32767.0,-2976.0,9724.0,-3040.0,14417.0,-19138.0,-5896.0,113362.0
385,18672.0,-17380.0,14132.0,-3008.0,14040.0,-6580.0,-2477.0,113369.0
386,7516.0,-18800.0,1536.0,-3056.0,11864.0,1038.0,117.0,113375.0
387,5868.0,-16528.0,-2968.0,-3072.0,11017.0,-1917.0,-1204.0,113381.0
388,6444.0,-15700.0,-1788.0,-3072.0,11586.0,-6372.0,-1389.0,113387.0
389,8240.0,-16036.0,232.0,-3040.0,11783.0,-5607.0,784.0,113393.0
390,8424.0,-16964.0,-912.0,-2992.0,11712.0,-1569.0,2112.0,113399.0
391,5744.0,-19744.0,-1952.0,-3072.0,12366.0,1222.0,2808.0,113405.0
392,3024.0,-20060.0,-1404.0,-3040.0,13275.0,1781.0,3005.0,113412.0
393,2360.0,-17512.0,-856.0,-3024.0,13385.0,651.0,2314.0,113418.0
394,3416.0,-15796.0,-72.0,-3040.0,12553.0,-495.0,1848.0,113424.0
395,4404.0,-16796.0,1072.0,-3040.0,12185.0,266.0,2100.0,113430.0
396,3852.0,-16832.0,1396.0,-3056.0,11729.0,2965.0,2309.0,113436.0
397,1636.0,-15512.0,1412.0,-3024.0,10962.0,5722.0,1827.0,113442.0
398,-840.0,-14420.0,608.0,-3040.0,9996.0,6580.0,936.0,113448.0
399,-1928.0,-14508.0,-392.0,-3072.0,9333.0,5608.0,18.0,113455.0
400,-1664.0,-15696.0,-672.0,-3072.0,9059.0,4330.0,-1090.0,113461.0
401,-1308.0,-16176.0,-252.0,-3024.0,8790.0,2896.0,-2005.0,113467.0
402,-156.0,-16208.0,496.0,-3040.0,8364.0,980.0,-2316.0,113472.0
403,1924.0,-16376.0,-152.0,-3072.0,8043.0,-678.0,-2333.0,113478.0
404,4496.0,-16352.0,-944.0,-3040.0,8017.0,-1420.0,-2353.0,113484.0
405,6772.0,-15256.0,-816.0,-3056.0,7859.0,-1360.0,-2224.0,113490.0
406,8168.0,-14492.0,0.0,-3040.0,7394.0,-469.0,-1907.0,113497.0
407,9128.0,-14744.0,-52.0,-3040.0,7051.0,1123.0,-1272.0,113503.0
408,9748.0,-14488.0,-216.0,-3040.0,6759.0,2990.0,-574.0,113509.0
409,9204.0,-14236.0,84.0,-3056.0,6426.0,5050.0,45.0,113515.0
410,7468.0,-14464.0,24.0,-3040.0,6190.0,6542.0,435.0,113520.0
411,5900.0,-14976.0,-208.0,-3072.0,5980.0,7448.0,629.0,113526.0
412,4240.0,-15492.0,-504.0,-3040.0,5838.0,7730.0,619.0,113532.0
413,3212.0,-15688.0,-784.0,-3056.0,5702.0,7555.0,561.0,113539.0
414,2348.0,-15964.0,-700.0,-3024.0,5592.0,7114.0,410.0,113545.0
415,2088.0,-16200.0,-736.0,-3024.0,5505.0,6396.0,247.0,113551.0
416,2228.0,-16268.0,-884.0,-3040.0,5421.0,5529.0,100.0,113557.0
417,2680.0,-16268.0,-776.0,-3024.0,5293.0,4576.0,-34.0,113562.0
418,3236.0,-16164.0,-540.0,-3040.0,5206.0,3709.0,-40.0,113568.0
419,3996.0,-16104.0,-296.0,-3072.0,5105.0,3041.0,14.0,113574.0
420,4408.0,-15988.0,28.0,-3040.0,5014.0,2676.0,128.0,113581.0
421,4800.0,-15720.0,-120.0,-3040.0,4961.0,2634.0,250.0,113587.0
422,5328.0,-15632.0,-208.0,-3040.0,4931.0,2633.0,362.0,113593.0
423,5784.0,-15672.0,-104.0,-3056.0,4908.0,2750.0,488.0,113598.0
424,5756.0,-15812.0,-8.0,-3056.0,4912.0,3028.0,652.0,113604.0
425,5504.0,-15876.0,136.0,-3040.0,4949.0,3391.0,806.0,113610.0
426,5148.0,-16048.0,204.0,-3040.0,5009.0,3721.0,869.0,113616.0
427,4736.0,-15892.0,492.0,-3040.0,5058.0,3828.0,930.0,113623.0
428,4404.0,-15920.0,616.0,-3040.0,5088.0,3874.0,925.0,113629.0
429,4132.0,-15956.0,756.0,-3040.0,5100.0,3758.0,929.0,113634.0
430,3828.0,-15764.0,964.0,-3040.0,5099.0,3611.0,836.0,113640.0
431,3788.0,-15820.0,1060.0,-3056.0,5091.0,3378.0,782.0,113646.0
432,3780.0,-15848.0,1108.0,-3024.0,5079.0,3136.0,740.0,113652.0
433,3796.0,-15884.0,1636.0,-3024.0,5067.0,3066.0,746.0,113658.0
434,4084.0,-15844.0,1540.0,-3008.0,4990.0,3069.0,774.0,113665.0
435,4332.0,-16004.0,1432.0,-3040.0,4942.0,3109.0,791.0,113671.0
436,4272.0,-16024.0,1688.0,-3024.0,4900.0,3274.0,843.0,113677.0
437,4356.0,-16212.0,1732.0,-3056.0,4837.0,3432.0,865.0,113682.0
438,4164.0,-16244.0,1904.0,-3056.0,4777.0,3628.0,893.0,113688.0
439,4176.0,-16360.0,1940.0,-3040.0,4762.0,3694.0,923.0,113694.0
440,4120.0,-16324.0,1864.0,-3072.0,4744.0,3827.0,975.0,113700.0
441,4396.0,-16492.0,1912.0,-3024.0,4799.0,3932.0,925.0,113707.0
442,4436.0,-16620.0,1820.0,-3056.0,4820.0,3926.0,949.0,113713.0
443,4444.0,-16372.0,1956.0,-3056.0,4881.0,3992.0,931.0,113719.0
444,4476.0,-16740.0,1804.0,-3040.0,4964.0,4121.0,925.0,113725.0
445,4572.0,-16740.0,1836.0,-3040.0,5037.0,4181.0,898.0,113730.0
446,6756.0,-17456.0,1756.0,-3024.0,5196.0,4570.0,462.0,113736.0
447,6728.0,-15960.0,752.0,-3024.0,5267.0,4626.0,629.0,113742.0
448,6588.0,-16692.0,1552.0,-3056.0,5425.0,5249.0,1082.0,113748.0
449,6452.0,-16772.0,1640.0,-3088.0,5612.0,5958.0,815.0,113755.0
450,6336.0,-16736.0,1392.0,-3040.0,5871.0,6167.0,1115.0,113761.0
451,6428.0,-16868.0,1000.0,-3024.0,6191.0,6522.0,1331.0,113767.0
452,6172.0,-17184.0,1012.0,-3040.0,6532.0,6820.0,1568.0,113773.0
453,5772.0,-17504.0,1488.0,-3056.0,6885.0,7028.0,1934.0,113779.0
454,4040.0,-17428.0,1684.0,-3040.0,7151.0,7072.0,2073.0,113785.0
455,6216.0,-18348.0,1336.0,-3056.0,7768.0,6937.0,2843.0,113792.0
456,3160.0,-17548.0,1888.0,-3056.0,8007.0,7108.0,2464.0,113797.0
457,2752.0,-18564.0,1720.0,-3040.0,8487.0,6309.0,3216.0,113803.0
458,1528.0,-18780.0,2284.0,-3056.0,8879.0,5673.0,3613.0,113809.0
459,1056.0,-19280.0,2700.0,-3040.0,9272.0,5059.0,4322.0,113815.0
460,416.0,-19604.0,2832.0,-3056.0,9631.0,4671.0,4314.0,113821.0
461,0.0,-20236.0,2848.0,-3024.0,10007.0,3997.0,4584.0,113827.0
462,596.0,-20960.0,3296.0,-3056.0,10350.0,3342.0,4728.0,113833.0
463,1696.0,-21440.0,3132.0,-3040.0,10744.0,2994.0,5155.0,113840.0
464,2184.0,-21556.0,2996.0,-3024.0,11072.0,3139.0,5468.0,113846.0
465,2444.0,-21904.0,2740.0,-3024.0,11485.0,3394.0,5732.0,113852.0
466,2144.0,-21832.0,2904.0,-3040.0,11892.0,3506.0,5994.0,113858.0
467,2044.0,-21936.0,3084.0,-3056.0,12302.0,3616.0,6245.0,113864.0
468,2260.0,-22048.0,3020.0,-3056.0,12803.0,3624.0,6611.0,113870.0
469,2388.0,-22040.0,2776.0,-3072.0,13165.0,3665.0,6900.0,113876.0
470,2964.0,-22308.0,2524.0,-3072.0,13656.0,3782.0,7230.0,113883.0
471,3744.0,-22208.0,2240.0,-3024.0,14246.0,4002.0,7601.0,113889.0
472,4416.0,-22620.0,2036.0,-3040.0,14805.0,4414.0,7937.0,113895.0
473,4844.0,-22772.0,2152.0,-3056.0,15296.0,4779.0,8240.0,113901.0
474,5220.0,-23100.0,2080.0,-3024.0,15842.0,5192.0,8497.0,113907.0
475,4288.0,-23920.0,2472.0,-3040.0,16314.0,5734.0,8911.0,113913.0
476,1724.0,-25360.0,3744.0,-3056.0,16574.0,6292.0,10041.0,113920.0
477,1112.0,-28712.0,5216.0,-3056.0,16907.0,5173.0,11125.0,113926.0
478,2840.0,-29540.0,3412.0,-3024.0,17400.0,4762.0,11848.0,113932.0
479,6504.0,-28524.0,1188.0,-3088.0,18161.0,4811.0,11600.0,113938.0
480,8544.0,-28924.0,-76.0,-3072.0,18798.0,5381.0,11581.0,113944.0
481,10204.0,-31092.0,-1644.0,-3056.0,19359.0,6739.0,11531.0,113950.0
482,11432.0,-32768.0,-4720.0,-3056.0,19918.0,8462.0,11448.0,113956.0
483,12648.0,-32768.0,-7824.0,-3024.0,20331.0,10145.0,11274.0,113963.0
484,13316.0,-32768.0,-11108.0,-3040.0,20612.0,11719.0,10819.0,113969.0
485,12924.0,-32768.0,-12808.0,-3072.0,20424.0,12988.0,10224.0,113975.0
486,11220.0,-32768.0,-14776.0,-3024.0,20171.0,14511.0,9892.0,113982.0
487,9200.0,-32768.0,-16940.0,-3072.0,19718.0,15640.0,10262.0,113988.0
488,7068.0,-30988.0,-18820.0,-3040.0,18786.0,16427.0,11115.0,113994.0
489,4208.0,-27464.0,-18852.0,-3024.0,17586.0,16605.0,11848.0,114000.0
490,1652.0,-23408.0,-16556.0,-3040.0,16298.0,15487.0,12485.0,114007.0
491,-852.0,-20464.0,-9680.0,-3024.0,15247.0,12439.0,13271.0,114013.0
492,-1984.0,-20900.0,4328.0,-3024.0,15594.0,8331.0,13912.0,114020.0
493,-2332.0,-22088.0,9580.0,-3056.0,15874.0,3172.0,13650.0,114026.0
494,-2128.0,-22248.0,7868.0,-3024.0,14778.0,-3636.0,11844.0,114032.0
495,-1232.0,-23104.0,3576.0,-3024.0,13445.0,-10409.0,9851.0,114038.0
496,1304.0,-23672.0,1644.0,-3024.0,12525.0,-15927.0,7891.0,114044.0
497,3528.0,-24180.0,3068.0,-3056.0,12842.0,-19201.0,6890.0,114051.0
498,5076.0,-24624.0,3444.0,-3056.0,14165.0,-19454.0,6540.0,114057.0
499,7412.0,-22880.0,3788.0,-3024.0,15449.0,-16265.0,6382.0,114063.0
500,9772.0,-16368.0,1524.0,-3056.0,15329.0,-11105.0,6313.0,114069.0
501,11468.0,-9680.0,-1916.0,-3056.0,12872.0,-6047.0,6202.0,114075.0
502,12904.0,-6408.0,-3528.0,-3072.0,9534.0,-1455.0,5896.0,114081.0
503,12940.0,-6760.0,-4424.0,-3056.0,6978.0,2479.0,5278.0,114087.0
504,11640.0,-7372.0,-5856.0,-3040.0,5295.0,5235.0,4538.0,114094.0
505,9680.0,-6004.0,-7980.0,-3056.0,3582.0,7018.0,4058.0,114100.0
506,7484.0,-3668.0,-9652.0,-3040.0,1602.0,8152.0,3642.0,114106.0
507,5880.0,-2508.0,-9892.0,-3056.0,-266.0,8608.0,3335.0,114112.0
508,4388.0,-2144.0,-9092.0,-3072.0,-1938.0,8612.0,3248.0,114118.0
509,3048.0,-1924.0,-7932.0,-3040.0,-3472.0,8496.0,3157.0,114124.0
510,1772.0,-1956.0,-7148.0,-3024.0,-5199.0,8515.0,2955.0,114130.0
511,752.0,-1928.0,-6604.0,-3040.0,-7109.0,8635.0,2573.0,114137.0
512,-28.0,-2232.0,-6428.0,-3040.0,-9027.0,8532.0,1879.0,114143.0
513,-308.0,-2176.0,-6180.0,-3024.0,-10942.0,7879.0,869.0,114148.0
514,-532.0,-1928.0,-6084.0,-3024.0,-12670.0,6632.0,-224.0,114154.0
515,-448.0,-2012.0,-5864.0,-3040.0,-14339.0,4958.0,-1395.0,114160.0
516,-764.0,-2408.0,-4800.0,-3056.0,-15782.0,3166.0,-2308.0,114166.0
517,-696.0,-3076.0,-3452.0,-3056.0,-16930.0,1748.0,-2994.0,114172.0
518,-724.0,-3828.0,-1588.0,-3072.0,-17978.0,788.0,-3530.0,114179.0
519,-296.0,-4480.0,-156.0,-3056.0,-18969.0,270.0,-4012.0,114185.0
520,-16.0,-4724.0,540.0,-3024.0,-19994.0,33.0,-4592.0,114191.0
521,144.0,-4572.0,276.0,-3008.0,-21201.0,-361.0,-5305.0,114197.0
522,600.0,-4272.0,-616.0,-3072.0,-22673.0,-1012.0,-6353.0,114202.0
523,1052.0,-4260.0,-1896.0,-3056.0,-24302.0,-2094.0,-7581.0,114208.0
524,1724.0,-4360.0,-3308.0,-3040.0,-25918.0,-3441.0,-8816.0,114214.0
525,2384.0,-4848.0,-4192.0,-3040.0,-27441.0,-4894.0,-9816.0,114221.0
526,3200.0,-5720.0,-4484.0,-3024.0,-28706.0,-6090.0,-10463.0,114227.0
527,3840.0,-6764.0,-4940.0,-3056.0,-29858.0,-6812.0,-10911.0,114233.0
528,4632.0,-7956.0,-5228.0,-3072.0,-31038.0,-6983.0,-11325.0,114239.0
529,4960.0,-9920.0,-5476.0,-3072.0,-32125.0,-6867.0,-11777.0,114245.0
530,5828.0,-11904.0,-4468.0,-3040.0,-32768.0,-6476.0,-12190.0,114251.0
531,6256.0,-13748.0,-3792.0,-3072.0,-32768.0,-5919.0,-12600.0,114258.0
532,6284.0,-15504.0,-2560.0,-3072.0,-32768.0,-5028.0,-12913.0,114265.0
533,6004.0,-16608.0,-1444.0,-3040.0,-32768.0,-3928.0,-13126.0,114271.0
534,5080.0,-17548.0,-420.0,-3056.0,-32768.0,-2948.0,-13304.0,114277.0
535,3948.0,-18340.0,356.0,-3040.0,-32768.0,-2075.0,-13502.0,114283.0
536,2708.0,-19520.0,1408.0,-3040.0,-32768.0,-1535.0,-13741.0,114289.0
537,1960.0,-20396.0,2732.0,-3072.0,-32768.0,-1402.0,-13928.0,114295.0
538,1768.0,-21396.0,2988.0,-3040.0,-32768.0,-1288.0,-14143.0,114301.0
539,1800.0,-22092.0,2980.0,-3072.0,-32768.0,-1152.0,-14431.0,114308.0
540,2296.0,-23128.0,2696.0,-3040.0,-32768.0,-1038.0,-14829.0,114314.0
541,2732.0,-23972.0,2288.0,-3024.0,-32768.0,-986.0,-15258.0,114321.0
542,3080.0,-24880.0,2312.0,-3024.0,-32768.0,-1136.0,-15701.0,114327.0
543,3144.0,-25840.0,2720.0,-3056.0,-32768.0,-1388.0,-16135.0,114333.0
544,2720.0,-26468.0,3388.0,-3040.0,-32768.0,-1719.0,-16601.0,114339.0
545,2120.0,-27204.0,4420.0,-3024.0,-32768.0,-2291.0,-17212.0,114345.0
546,1340.0,-27980.0,5196.0,-3040.0,-32768.0,-3205.0,-17967.0,114353.0
547,532.0,-28996.0,5560.0,-3056.0,-32768.0,-4648.0,-18697.0,114359.0
548,-356.0,-29916.0,6420.0,-3040.0,-32768.0,-6376.0,-19284.0,114365.0
549,-872.0,-30612.0,7216.0,-3056.0,-32768.0,-8147.0,-19586.0,114371.0
550,-1064.0,-31600.0,8520.0,-3056.0,-32768.0,-9685.0,-19689.0,114377.0
551,-40.0,-31824.0,10180.0,-3024.0,-32768.0,-10174.0,-19445.0,114384.0
552,2136.0,-31360.0,10808.0,-3040.0,-32768.0,-9073.0,-18673.0,114391.0
553,3656.0,-31796.0,10944.0,-3072.0,-32083.0,-7177.0,-17465.0,114397.0
554,3640.0,-32024.0,11748.0,-3072.0,-30922.0,-5000.0,-15943.0,114404.0
555,3064.0,-32116.0,13140.0,-3040.0,-29454.0,-3349.0,-14524.0,114410.0
556,2676.0,-31888.0,15232.0,-3072.0,-27753.0,-2240.0,-13057.0,114416.0
557,2924.0,-31632.0,17076.0,-3072.0,-25863.0,-1083.0,-11748.0,114423.0
558,3096.0,-30824.0,19712.0,-3040.0,-23925.0,-7.0,-10999.0,114429.0
559,3644.0,-30232.0,21768.0,-3072.0,-22073.0,1113.0,-10803.0,114436.0
560,3916.0,-30068.0,24288.0,-3056.0,-20022.0,2806.0,-11022.0,114442.0
561,2152.0,-30724.0,27336.0,-3040.0,-17491.0,4958.0,-11047.0,114448.0
562,-1136.0,-30964.0,30028.0,-3040.0,-14366.0,7094.0,-10170.0,114455.0
563,-4480.0,-27012.0,31488.0,-3024.0,-11211.0,8596.0,-8073.0,114461.0
564,-16452.0,-29416.0,32767.0,-3056.0,-7074.0,8449.0,-4847.0,114467.0
565,-10372.0,-27452.0,32620.0,-3040.0,-2759.0,8274.0,-27.0,114473.0
566,-19128.0,-26084.0,32767.0,-3040.0,1120.0,7836.0,353.0,114480.0
567,-21740.0,-25704.0,32767.0,-3056.0,4661.0,5364.0,2341.0,114486.0
568,-19968.0,-26204.0,31460.0,-3056.0,8055.0,1963.0,4114.0,114493.0
569,-16880.0,-25504.0,29716.0,-3040.0,11175.0,-1445.0,4723.0,114499.0
570,-13604.0,-24332.0,27496.0,-3040.0,13647.0,-4077.0,5217.0,114505.0
571,-11988.0,-23604.0,25464.0,-3056.0,15912.0,-5942.0,5655.0,114511.0
572,-11868.0,-22920.0,23108.0,-3056.0,17593.0,-7181.0,5958.0,114518.0
573,-12312.0,-19008.0,14460.0,-3040.0,18180.0,-8912.0,5991.0,114524.0
574,624.0,3188.0,-32768.0,-3056.0,7972.0,-10253.0,2801.0,114531.0
575,32767.0,3076.0,-32768.0,-3072.0,-15037.0,-12864.0,-23993.0,114537.0
576,32767.0,-32768.0,-32768.0,-3040.0,5868.0,-32768.0,-26262.0,114543.0
577,13624.0,-32768.0,-4612.0,-3056.0,21037.0,-19494.0,20064.0,114549.0
578,-32324.0,-29776.0,32767.0,-3088.0,19732.0,25362.0,21244.0,114556.0
579,-32768.0,-32768.0,32767.0,-3056.0,20124.0,23874.0,15652.0,114563.0
580,-32768.0,-32768.0,32767.0,-3056.0,20615.0,2717.0,3757.0,114569.0
581,-27168.0,-32768.0,-7308.0,-3024.0,17603.0,-14420.0,-2479.0,114575.0
582,3740.0,-14052.0,-18740.0,-3040.0,16704.0,-22885.0,-3954.0,114582.0
583,30972.0,-3496.0,-5048.0,-3072.0,18205.0,-28125.0,-3246.0,114588.0
584,29140.0,-5032.0,13580.0,-3056.0,17741.0,-18028.0,-674.0,114594.0
585,12356.0,-10100.0,9332.0,-3040.0,13604.0,-3232.0,1666.0,114601.0
586,5268.0,-12592.0,-1432.0,-3040.0,11272.0,-447.0,1567.0,114608.0
587,7908.0,-13412.0,-2912.0,-3056.0,11341.0,-7127.0,-1298.0,114614.0
588,8416.0,-15892.0,544.0,-3024.0,11803.0,-9838.0,-647.0,114620.0
589,8384.0,-17512.0,640.0,-3072.0,11711.0,-5498.0,2120.0,114626.0
590,7168.0,-18272.0,-288.0,-3056.0,11409.0,-400.0,3410.0,114632.0
591,4368.0,-20856.0,-648.0,-3040.0,12065.0,2319.0,3694.0,114638.0
592,1692.0,-21968.0,-1592.0,-3056.0,13217.0,2882.0,3121.0,114644.0
593,832.0,-20068.0,-1604.0,-3024.0,13460.0,2307.0,2085.0,114651.0
594,2324.0,-17668.0,-236.0,-3040.0,13242.0,1900.0,1629.0,114656.0
595,3036.0,-16592.0,728.0,-3056.0,12512.0,2794.0,1767.0,114662.0
596,2184.0,-15284.0,1836.0,-3072.0,11513.0,5372.0,1965.0,114668.0
597,336.0,-13992.0,1992.0,-3040.0,10311.0,7964.0,1277.0,114674.0
598,-1124.0,-13692.0,708.0,-3088.0,9316.0,8154.0,15.0,114680.0
599,-1260.0,-15004.0,-376.0,-3024.0,9009.0,6653.0,-954.0,114686.0
600,-68.0,-16564.0,-1104.0,-3024.0,9186.0,4874.0,-1707.0,114693.0
601,1180.0,-16508.0,-312.0,-3072.0,9097.0,3277.0,-2223.0,114699.0
602,1940.0,-16148.0,180.0,-3056.0,8689.0,1664.0,-2273.0,114705.0
603,3196.0,-16092.0,184.0,-3024.0,8384.0,629.0,-2075.0,114711.0
604,4788.0,-15892.0,-1088.0,-3088.0,8328.0,310.0,-2177.0,114717.0
605,6344.0,-14824.0,-1344.0,-3056.0,8288.0,56.0,-2224.0,114723.0
606,7512.0,-14148.0,-608.0,-3056.0,7925.0,98.0,-1945.0,114729.0
607,8708.0,-14140.0,-232.0,-3056.0,7450.0,1009.0,-1370.0,114735.0
608,9364.0,-14452.0,-480.0,-3040.0,7048.0,2637.0,-576.0,114741.0
609,8640.0,-14452.0,-756.0,-3040.0,6703.0,4630.0,12.0,114747.0
610,6912.0,-14404.0,-732.0,-3040.0,6377.0,6152.0,308.0,114753.0
611,4628.0,-14812.0,-940.0,-3056.0,6110.0,6687.0,291.0,114759.0
612,3288.0,-15240.0,-940.0,-3088.0,5832.0,6515.0,423.0,114765.0
613,2516.0,-15876.0,-928.0,-3024.0,5664.0,5890.0,349.0,114771.0
614,2308.0,-16148.0,-756.0,-3072.0,5522.0,4977.0,197.0,114778.0
615,2568.0,-16348.0,-964.0,-3040.0,5437.0,3854.0,108.0,114783.0
616,2872.0,-16532.0,-860.0,-3024.0,5390.0,2774.0,37.0,114789.0
617,3164.0,-16600.0,-592.0,-3040.0,5335.0,1816.0,-33.0,114795.0
618,3228.0,-16432.0,-348.0,-3056.0,5292.0,1052.0,-115.0,114801.0
619,3824.0,-16284.0,-712.0,-3056.0,5280.0,473.0,-147.0,114807.0
620,4712.0,-16012.0,-404.0,-3024.0,5313.0,394.0,-90.0,114813.0
621,5840.0,-15952.0,-688.0,-3056.0,5401.0,801.0,-10.0,114819.0
622,6620.0,-15724.0,-156.0,-3072.0,5400.0,1477.0,160.0,114825.0
623,6752.0,-15812.0,-72.0,-3008.0,5419.0,2340.0,369.0,114831.0
624,6248.0,-15916.0,100.0,-3040.0,5370.0,3078.0,601.0,114837.0
625,5628.0,-16056.0,264.0,-3040.0,5394.0,3492.0,725.0,114843.0
626,5308.0,-16200.0,344.0,-3072.0,5415.0,3706.0,824.0,114849.0
627,4940.0,-16204.0,216.0,-3072.0,5505.0,3779.0,838.0,114854.0
628,4820.0,-16044.0,516.0,-3072.0,5528.0,3797.0,998.0,114861.0
629,5092.0,-16188.0,456.0,-3040.0,5529.0,3990.0,1044.0,114867.0
630,4568.0,-16164.0,624.0,-3056.0,5551.0,4093.0,1113.0,114873.0
631,4376.0,-16348.0,800.0,-3056.0,5591.0,3981.0,1042.0,114879.0
632,4328.0,-16380.0,852.0,-3040.0,5602.0,3808.0,1030.0,114885.0
633,4308.0,-16268.0,1060.0,-3040.0,5622.0,3693.0,1041.0,114891.0
634,4376.0,-16324.0,1260.0,-3056.0,5653.0,3759.0,1067.0,114897.0
635,4364.0,-16376.0,1120.0,-3024.0,5700.0,3909.0,1104.0,114903.0
636,4784.0,-16348.0,1108.0,-3056.0,5758.0,3969.0,1091.0,114909.0
637,4896.0,-16496.0,1188.0,-3024.0,5838.0,4058.0,1093.0,114915.0
638,5584.0,-16944.0,1112.0,-3040.0,5869.0,4271.0,980.0,114921.0
639,7296.0,-15820.0,612.0,-3056.0,5879.0,4387.0,475.0,114927.0
640,5432.0,-16688.0,1272.0,-3056.0,6003.0,4632.0,1304.0,114933.0
641,4788.0,-16880.0,1792.0,-3040.0,6069.0,5218.0,1276.0,114939.0
642,3892.0,-17068.0,1916.0,-3040.0,6208.0,5473.0,1285.0,114946.0
643,3916.0,-17092.0,1716.0,-3056.0,6363.0,5207.0,1363.0,114952.0
644,4616.0,-16972.0,1572.0,-3040.0,6495.0,5130.0,1276.0,114958.0
645,5044.0,-16756.0,1384.0,-3056.0,6676.0,5103.0,1234.0,114964.0
646,4976.0,-16912.0,1656.0,-3072.0,6814.0,5175.0,1300.0,114970.0
647,4772.0,-17180.0,1920.0,-3056.0,6953.0,5326.0,1341.0,114976.0
648,4340.0,-17352.0,2068.0,-3072.0,7084.0,5546.0,1471.0,114981.0
649,3600.0,-17620.0,1980.0,-3056.0,7323.0,5750.0,1625.0,114988.0
650,2952.0,-17548.0,1900.0,-3056.0,7597.0,5857.0,1843.0,114994.0
651,2220.0,-17448.0,1832.0,-3072.0,7935.0,5921.0,2039.0,115000.0
652,1400.0,-17468.0,1864.0,-3056.0,8327.0,5778.0,2328.0,115006.0
653,472.0,-17576.0,2156.0,-3040.0,8742.0,5261.0,2691.0,115012.0
654,-456.0,-18000.0,2268.0,-3040.0,9182.0,4513.0,2991.0,115018.0
655,-716.0,-18200.0,2624.0,-3056.0,9594.0,3466.0,3358.0,115024.0
656,-240.0,-18344.0,2660.0,-3088.0,9981.0,2292.0,3660.0,115031.0
657,960.0,-18656.0,2700.0,-3040.0,10385.0,1302.0,3871.0,115037.0
658,2028.0,-18864.0,2720.0,-3088.0,10743.0,580.0,4135.0,115043.0
659,2876.0,-19160.0,2784.0,-3040.0,11067.0,283.0,4444.0,115049.0
660,3452.0,-19364.0,2840.0,-3056.0,11377.0,218.0,4758.0,115055.0
661,4152.0,-19376.0,2752.0,-3056.0,11662.0,296.0,4880.0,115060.0
662,3652.0,-20220.0,2768.0,-3072.0,12032.0,351.0,5607.0,115066.0
663,5320.0,-19636.0,3224.0,-3056.0,12290.0,1145.0,5454.0,115073.0
664,3492.0,-20088.0,2932.0,-3072.0,12576.0,1476.0,5897.0,115079.0
665,3872.0,-20508.0,3360.0,-3056.0,12926.0,1621.0,6381.0,115085.0
666,3564.0,-21036.0,3512.0,-3056.0,13303.0,1884.0,6743.0,115091.0
667,3688.0,-21348.0,3072.0,-3072.0,13658.0,2080.0,7043.0,115097.0
668,3968.0,-21880.0,2944.0,-3056.0,14009.0,2137.0,7446.0,115103.0
669,4424.0,-22220.0,2628.0,-3056.0,14476.0,2300.0,7767.0,115109.0
670,4968.0,-22652.0,2396.0,-3040.0,14933.0,2542.0,7875.0,115116.0
671,5584.0,-23124.0,2308.0,-3056.0,15473.0,2931.0,8072.0,115122.0
672,6324.0,-23520.0,2224.0,-3056.0,15959.0,3541.0,8311.0,115128.0
673,6336.0,-23904.0,2340.0,-3040.0,16541.0,4322.0,8564.0,115134.0
674,6384.0,-24288.0,2500.0,-3024.0,17102.0,5169.0,8860.0,115140.0
675,6232.0,-24948.0,2856.0,-3008.0,17730.0,6004.0,9242.0,115146.0
676,6120.0,-25708.0,2460.0,-3040.0,18308.0,7094.0,9714.0,115152.0
677,4388.0,-25956.0,2488.0,-3088.0,18776.0,8351.0,10594.0,115159.0
678,3796.0,-28844.0,2428.0,-3056.0,18940.0,8358.0,11473.0,115165.0
679,4680.0,-32280.0,1832.0,-3040.0,19249.0,8162.0,12174.0,115171.0
680,7120.0,-32768.0,-984.0,-3072.0,19555.0,8552.0,12160.0,115177.0
681,10236.0,-32516.0,-3396.0,-3024.0,19838.0,9134.0,11892.0,115183.0
682,13472.0,-32768.0,-6088.0,-3056.0,19714.0,10704.0,11336.0,115189.0
683,14712.0,-32768.0,-11980.0,-3040.0,19970.0,13133.0,10849.0,115196.0
684,14488.0,-32768.0,-16316.0,-3024.0,20425.0,14729.0,11196.0,115203.0
685,7908.0,-32768.0,-20824.0,-3056.0,20377.0,17046.0,14695.0,115209.0
686,14196.0,-32768.0,-23192.0,-3024.0,20011.0,21510.0,11604.0,115215.0
687,1024.0,-30744.0,-22336.0,-3056.0,18449.0,20650.0,11627.0,115221.0
688,168.0,-27796.0,-15084.0,-3056.0,17214.0,16530.0,13448.0,115228.0
689,-1364.0,-26248.0,-3996.0,-3072.0,17163.0,12933.0,14718.0,115234.0
690,-1808.0,-24256.0,8780.0,-3040.0,18132.0,9722.0,13397.0,115240.0
691,-8268.0,-25212.0,14392.0,-3040.0,18742.0,4717.0,13124.0,115247.0
692,-8044.0,-25536.0,10668.0,-3072.0,17849.0,-2818.0,12941.0,115253.0
693,-4908.0,-25608.0,5768.0,-3088.0,17077.0,-10492.0,11109.0,115259.0
694,-428.0,-24272.0,2904.0,-3056.0,16745.0,-16741.0,8767.0,115265.0
695,1964.0,-22752.0,4452.0,-3088.0,17067.0,-21387.0,7674.0,115271.0
696,5556.0,-21584.0,5080.0,-3056.0,17679.0,-21822.0,8137.0,115277.0
697,8300.0,-19332.0,2888.0,-3056.0,17110.0,-18516.0,7919.0,115283.0
698,11024.0,-15792.0,596.0,-3056.0,15867.0,-13638.0,7201.0,115290.0
699,14708.0,-8172.0,-4852.0,-3056.0,12890.0,-9773.0,5859.0,115297.0
700,17992.0,-4164.0,-5492.0,-3072.0,9687.0,-6419.0,3939.0,115303.0
701,18640.0,-3996.0,-5540.0,-3072.0,6856.0,-1135.0,2683.0,115309.0
702,16800.0,-4460.0,-6736.0,-3056.0,4389.0,4920.0,2823.0,115315.0
703,13692.0,-4448.0,-8340.0,-3072.0,2359.0,9898.0,3184.0,115320.0
704,8364.0,-3772.0,-8496.0,-3024.0,542.0,12770.0,3970.0,115326.0
705,6140.0,-3020.0,-7876.0,-3088.0,-874.0,14320.0,4728.0,115333.0
706,3572.0,-2144.0,-6520.0,-3056.0,-2203.0,14928.0,3732.0,115339.0
707,444.0,-2176.0,-5328.0,-3040.0,-3344.0,14380.0,2897.0,115345.0
708,-1480.0,-1360.0,-4364.0,-3056.0,-4784.0,13459.0,2593.0,115351.0
709,-2128.0,-264.0,-4392.0,-3040.0,-6543.0,12042.0,2043.0,115357.0
710,-2300.0,360.0,-4492.0,-3056.0,-8368.0,10172.0,1151.0,115363.0
711,-2080.0,772.0,-4612.0,-3072.0,-10151.0,8074.0,72.0,115369.0
712,-1748.0,964.0,-4400.0,-3040.0,-11727.0,5939.0,-1033.0,115376.0
713,-1720.0,852.0,-3996.0,-3040.0,-13224.0,3858.0,-2114.0,115382.0
714,-1772.0,452.0,-3880.0,-3056.0,-14745.0,2055.0,-3014.0,115388.0
715,-1608.0,-264.0,-3740.0,-3072.0,-16319.0,643.0,-3763.0,115394.0
716,-936.0,-912.0,-3580.0,-3056.0,-17902.0,-415.0,-4488.0,115400.0
717,-160.0,-1872.0,-3816.0,-3024.0,-19341.0,-1179.0,-5270.0,115405.0
718,332.0,-2776.0,-4180.0,-3040.0,-20734.0,-1837.0,-6017.0,115411.0
719,476.0,-3328.0,-4420.0,-3056.0,-22014.0,-2609.0,-6705.0,115418.0
720,432.0,-4044.0,-4396.0,-3040.0,-23233.0,-3464.0,-7335.0,115424.0
721,4.0,-4716.0,-4240.0,-3072.0,-24371.0,-4410.0,-7866.0,115430.0
722,-240.0,-5312.0,-3824.0,-3072.0,-25454.0,-5423.0,-8387.0,115436.0
723,-212.0,-5860.0,-3452.0,-3056.0,-26589.0,-6360.0,-8883.0,115442.0
724,120.0,-6412.0,-2704.0,-3040.0,-27758.0,-7049.0,-9392.0,115448.0
725,764.0,-7044.0,-2208.0,-3056.0,-28890.0,-7523.0,-9907.0,115454.0
726,1600.0,-7988.0,-1784.0,-3040.0,-29978.0,-7689.0,-10472.0,115461.0
727,2208.0,-8872.0,-1640.0,-3072.0,-31053.0,-7563.0,-10904.0,115467.0
728,2560.0,-9852.0,-1956.0,-3072.0,-32036.0,-7271.0,-11218.0,115473.0
729,2808.0,-10976.0,-1776.0,-3056.0,-32768.0,-6935.0,-11432.0,115479.0
730,2992.0,-12000.0,-1508.0,-3056.0,-32768.0,-6450.0,-11515.0,115485.0
731,2928.0,-13404.0,-884.0,-3040.0,-32768.0,-5858.0,-11599.0,115491.0
732,3168.0,-14740.0,-276.0,-3056.0,-32768.0,-5305.0,-11722.0,115497.0
733,3476.0,-15732.0,320.0,-3056.0,-32768.0,-4613.0,-11820.0,115504.0
734,3676.0,-16696.0,356.0,-3056.0,-32768.0,-3927.0,-11897.0,115510.0
735,3796.0,-17432.0,556.0,-3072.0,-32768.0,-3289.0,-12019.0,115517.0
736,3684.0,-18292.0,424.0,-3024.0,-32768.0,-2729.0,-12101.0,115523.0
737,3608.0,-19356.0,1044.0,-3056.0,-32768.0,-2122.0,-12215.0,115529.0
738,3356.0,-20640.0,1480.0,-3056.0,-32768.0,-1391.0,-12495.0,115535.0
739,3456.0,-21824.0,1924.0,-3040.0,-32768.0,-565.0,-12725.0,115542.0
740,3676.0,-23368.0,2208.0,-3056.0,-32768.0,205.0,-13191.0,115548.0
741,3432.0,-24696.0,2708.0,-3072.0,-32768.0,704.0,-13638.0,115554.0
742,2752.0,-25776.0,3612.0,-3072.0,-32768.0,850.0,-13989.0,115561.0
743,1292.0,-26828.0,4340.0,-3072.0,-32768.0,291.0,-14374.0,115567.0
744,-1104.0,-28160.0,5260.0,-3072.0,-32768.0,-982.0,-14719.0,115573.0
745,-2816.0,-29424.0,6220.0,-3056.0,-32768.0,-2952.0,-15198.0,115579.0
746,-4388.0,-30580.0,7428.0,-3056.0,-32768.0,-5484.0,-15563.0,115586.0
747,-5252.0,-31588.0,8900.0,-3056.0,-32768.0,-8175.0,-15898.0,115593.0
748,-4912.0,-32140.0,10220.0,-3056.0,-32768.0,-10690.0,-16204.0,115599.0
749,-2728.0,-32260.0,11344.0,-3072.0,-32768.0,-12144.0,-16426.0,115605.0
750,644.0,-32392.0,11908.0,-3040.0,-32768.0,-12570.0,-16216.0,115612.0
751,2680.0,-32768.0,12672.0,-3008.0,-32539.0,-11894.0,-15445.0,115618.0
752,3856.0,-32768.0,14072.0,-3040.0,-30955.0,-10562.0,-14245.0,115624.0
753,4028.0,-32768.0,15600.0,-3056.0,-29084.0,-8997.0,-12662.0,115632.0
754,3736.0,-32768.0,17444.0,-3056.0,-27102.0,-7764.0,-11303.0,115638.0
755,3852.0,-32356.0,19244.0,-3056.0,-24975.0,-6658.0,-10203.0,115644.0
756,4288.0,-31016.0,21960.0,-3008.0,-22992.0,-5579.0,-9202.0,115651.0
757,6272.0,-32768.0,24176.0,-3072.0,-20163.0,-4090.0,-11067.0,115657.0
758,7608.0,-30628.0,26016.0,-3072.0,-18743.0,-1934.0,-5446.0,115663.0
759,10120.0,-30812.0,26772.0,-3056.0,-15948.0,1953.0,-8318.0,115671.0
760,1384.0,-29708.0,28916.0,-3040.0,-13083.0,5187.0,-8613.0,115677.0
761,-2320.0,-28184.0,30352.0,-3056.0,-10065.0,6889.0,-6928.0,115683.0
762,-6096.0,-27716.0,30956.0,-3040.0,-6758.0,7767.0,-4952.0,115689.0
763,-10220.0,-26228.0,30824.0,-3056.0,-3493.0,7741.0,-2558.0,115695.0
764,-12580.0,-25244.0,30620.0,-3072.0,-288.0,6976.0,-283.0,115702.0
765,-12928.0,-25692.0,32040.0,-3072.0,3037.0,5655.0,1270.0,115708.0
766,-15960.0,-25016.0,30068.0,-3088.0,5809.0,3383.0,2910.0,115715.0
767,-15256.0,-24712.0,29180.0,-3008.0,8758.0,414.0,3705.0,115721.0
768,-14552.0,-23916.0,28124.0,-3056.0,11300.0,-2455.0,3995.0,115727.0
769,-13564.0,-23416.0,26144.0,-3072.0,13636.0,-5238.0,4177.0,115733.0
770,-11492.0,-22656.0,21688.0,-3024.0,15279.0,-7760.0,4192.0,115739.0
771,-5364.0,-14424.0,6468.0,-3072.0,14556.0,-9447.0,2826.0,115745.0
772,25796.0,5384.0,-32768.0,-3040.0,-496.0,-8638.0,-6608.0,115751.0
773,32767.0,-32608.0,-32768.0,-3040.0,-8677.0,-17694.0,-30673.0,115758.0
774,32767.0,-32768.0,-23368.0,-3056.0,14179.0,-23471.0,-3604.0,115765.0
775,5736.0,-32484.0,4032.0,-3072.0,17762.0,7284.0,23609.0,115771.0
776,-27128.0,-22844.0,25456.0,-3040.0,16702.0,28685.0,20351.0,115777.0
777,-32768.0,-27068.0,32767.0,-3056.0,17317.0,17973.0,8995.0,115784.0
778,-32768.0,-32768.0,24240.0,-3072.0,18690.0,-4188.0,858.0,115790.0
779,-22680.0,-22284.0,-3056.0,-3024.0,16690.0,-17083.0,1734.0,115796.0
780,4504.0,-3172.0,-16396.0,-3056.0,13167.0,-18195.0,1793.0,115803.0
781,20656.0,4180.0,-11664.0,-3056.0,10352.0,-16337.0,-2481.0,115809.0
782,20116.0,-3448.0,-1140.0,-3056.0,10258.0,-13133.0,-2802.0,115816.0
783,12576.0,-14024.0,6224.0,-3072.0,10598.0,-6432.0,-596.0,115822.0
784,6368.0,-18000.0,6156.0,-3072.0,10125.0,-100.0,-126.0,115828.0
785,5548.0,-18736.0,2512.0,-3040.0,9618.0,773.0,-975.0,115834.0
786,8396.0,-21024.0,556.0,-3056.0,9796.0,-1570.0,-1395.0,115841.0
787,8984.0,-24808.0,1364.0,-3008.0,11173.0,-1746.0,-356.0,115847.0
788,6084.0,-24796.0,1696.0,-3056.0,12789.0,462.0,941.0,115853.0
789,3076.0,-20672.0,308.0,-3056.0,13459.0,1272.0,1472.0,115859.0
790,2864.0,-17228.0,140.0,-3024.0,13047.0,234.0,1521.0,115865.0
791,3864.0,-16716.0,932.0,-3056.0,12556.0,-380.0,1644.0,115870.0
792,4240.0,-16912.0,1492.0,-3072.0,12166.0,758.0,1967.0,115876.0
793,3720.0,-16144.0,820.0,-3056.0,11605.0,2821.0,1969.0,115883.0
794,2504.0,-15468.0,-468.0,-3072.0,11020.0,4692.0,1427.0,115889.0
795,1088.0,-15960.0,-644.0,-3088.0,10819.0,6076.0,786.0,115895.0
796,-8.0,-16624.0,-900.0,-3072.0,10719.0,6825.0,161.0,115901.0
797,-1248.0,-16848.0,-120.0,-3072.0,10435.0,7049.0,-418.0,115907.0
798,-1676.0,-16472.0,480.0,-3056.0,9946.0,6363.0,-1009.0,115913.0
799,-132.0,-15908.0,-272.0,-3056.0,9513.0,4583.0,-1662.0,115919.0
800,3016.0,-14860.0,-1168.0,-3040.0,9217.0,2245.0,-1813.0,115926.0
801,5100.0,-13836.0,-820.0,-3056.0,8811.0,1154.0,-1633.0,115932.0
802,6176.0,-13868.0,-216.0,-3072.0,8263.0,1062.0,-1344.0,115938.0
803,6988.0,-14172.0,116.0,-3056.0,7779.0,1609.0,-924.0,115944.0
804,7212.0,-14712.0,-140.0,-3056.0,7362.0,2682.0,-585.0,115949.0
805,6824.0,-15176.0,-452.0,-3040.0,7042.0,3897.0,-248.0,115955.0
806,6044.0,-15464.0,-120.0,-3072.0,6763.0,4717.0,124.0,115961.0
807,4828.0,-15712.0,268.0,-3040.0,6462.0,5401.0,365.0,115968.0
808,3592.0,-15972.0,308.0,-3088.0,6253.0,5692.0,441.0,115974.0
809,2468.0,-16100.0,156.0,-3056.0,6088.0,5581.0,352.0,115980.0
810,1808.0,-15812.0,148.0,-3056.0,5927.0,4970.0,189.0,115986.0
811,1752.0,-16300.0,248.0,-3040.0,5837.0,4044.0,-44.0,115992.0
812,2624.0,-15536.0,76.0,-3088.0,5657.0,3323.0,-86.0,115997.0
813,3568.0,-15828.0,120.0,-3056.0,5538.0,2923.0,-258.0,116003.0
814,4144.0,-15928.0,292.0,-3056.0,5406.0,2742.0,-255.0,116009.0
815,4568.0,-15916.0,432.0,-3056.0,5259.0,2735.0,-132.0,116016.0
816,4492.0,-15940.0,376.0,-3056.0,5159.0,2987.0,-41.0,116022.0
817,4336.0,-15828.0,104.0,-3120.0,5037.0,3156.0,40.0,116028.0
818,4244.0,-15920.0,20.0,-3056.0,4964.0,3268.0,100.0,116033.0
819,4352.0,-16032.0,36.0,-3072.0,4862.0,3425.0,235.0,116039.0
820,4292.0,-16236.0,0.0,-3088.0,4817.0,3524.0,258.0,116045.0
821,4292.0,-16288.0,-60.0,-3088.0,4783.0,3683.0,322.0,116051.0
822,4200.0,-16404.0,88.0,-3072.0,4733.0,3770.0,378.0,116057.0
823,3880.0,-16280.0,244.0,-3040.0,4690.0,3645.0,425.0,116063.0
824,3636.0,-16184.0,520.0,-3072.0,4655.0,3386.0,436.0,116069.0
825,3664.0,-15976.0,460.0,-3040.0,4633.0,3071.0,413.0,116075.0
826,3880.0,-15932.0,708.0,-3072.0,4627.0,2776.0,377.0,116081.0
827,4072.0,-15980.0,876.0,-3104.0,4596.0,2588.0,436.0,116086.0
828,4224.0,-16112.0,900.0,-3072.0,4554.0,2635.0,476.0,116092.0
829,4284.0,-16168.0,800.0,-3040.0,4562.0,2694.0,461.0,116099.0
830,4264.0,-16152.0,1132.0,-3072.0,4506.0,2600.0,514.0,116105.0
831,4188.0,-16256.0,1240.0,-3072.0,4508.0,2605.0,552.0,116111.0
832,4124.0,-16092.0,1348.0,-3056.0,4498.0,2604.0,548.0,116117.0
833,4244.0,-16148.0,1396.0,-3056.0,4509.0,2640.0,556.0,116123.0
834,4256.0,-16152.0,1328.0,-3056.0,4556.0,2749.0,565.0,116128.0
835,4076.0,-16208.0,1308.0,-3072.0,4618.0,2974.0,618.0,116134.0
836,4176.0,-16460.0,1260.0,-3072.0,4715.0,3146.0,617.0,116141.0
837,4040.0,-16480.0,1396.0,-3056.0,4819.0,3250.0,734.0,116147.0
838,4212.0,-16664.0,1464.0,-3056.0,4916.0,3289.0,778.0,116153.0
839,4400.0,-16604.0,1368.0,-3056.0,5026.0,3312.0,843.0,116159.0
840,5628.0,-17752.0,1364.0,-3040.0,5132.0,3558.0,623.0,116165.0
841,6572.0,-16028.0,720.0,-3040.0,5111.0,3581.0,471.0,116171.0
842,5856.0,-17148.0,1504.0,-3072.0,5236.0,3972.0,1012.0,116176.0
843,5524.0,-16868.0,1728.0,-3088.0,5274.0,4563.0,765.0,116183.0
844,5500.0,-16648.0,1612.0,-3056.0,5402.0,4784.0,899.0,116189.0
845,5280.0,-16520.0,1748.0,-3088.0,5454.0,5162.0,924.0,116195.0
846,4856.0,-16716.0,1724.0,-3072.0,5595.0,5524.0,1042.0,116201.0
847,4144.0,-16824.0,1824.0,-3056.0,5738.0,5778.0,1163.0,116207.0
848,3320.0,-16840.0,1908.0,-3040.0,5939.0,5836.0,1341.0,116213.0
849,2612.0,-16916.0,1756.0,-3040.0,6143.0,5745.0,1477.0,116219.0
850,1980.0,-17236.0,1844.0,-3056.0,6479.0,5542.0,1579.0,116226.0
851,1468.0,-17384.0,1676.0,-3072.0,6849.0,5016.0,1753.0,116232.0
852,1264.0,-17552.0,1976.0,-3088.0,7194.0,4441.0,1937.0,116238.0
853,1040.0,-17700.0,2080.0,-3040.0,7557.0,3922.0,2107.0,116244.0
854,1048.0,-17796.0,2128.0,-3056.0,7931.0,3365.0,2333.0,116250.0
855,1060.0,-18072.0,2304.0,-3056.0,8269.0,2923.0,2606.0,116255.0
856,1252.0,-18252.0,2232.0,-3088.0,8624.0,2447.0,2818.0,116261.0
857,1648.0,-18200.0,2656.0,-3024.0,8941.0,2014.0,3105.0,116268.0
858,720.0,-18952.0,2920.0,-3072.0,9299.0,1784.0,3531.0,116274.0
859,3228.0,-17880.0,2796.0,-3056.0,9601.0,1748.0,3611.0,116280.0
860,808.0,-18860.0,2832.0,-3072.0,9926.0,1351.0,4096.0,116286.0
861,1604.0,-19056.0,2916.0,-3072.0,10252.0,692.0,4303.0,116292.0
862,1496.0,-19128.0,3084.0,-3056.0,10563.0,321.0,4566.0,116298.0
863,1744.0,-19228.0,3168.0,-3072.0,10901.0,54.0,4845.0,116304.0
864,1576.0,-19432.0,3124.0,-3072.0,11243.0,-38.0,5231.0,116311.0
865,1464.0,-19572.0,3168.0,-3056.0,11576.0,-197.0,5564.0,116317.0
866,1612.0,-19892.0,3116.0,-3088.0,11917.0,-379.0,5916.0,116323.0
867,2244.0,-20052.0,3116.0,-3072.0,12235.0,-485.0,6287.0,116329.0
868,2864.0,-20160.0,3052.0,-3056.0,12605.0,-478.0,6601.0,116334.0
869,3372.0,-20164.0,3016.0,-3040.0,12978.0,-356.0,6903.0,116340.0
870,4016.0,-20176.0,2936.0,-3056.0,13392.0,-122.0,7199.0,116346.0
871,4532.0,-20424.0,3068.0,-3072.0,13731.0,220.0,7465.0,116353.0
872,5120.0,-20652.0,2984.0,-3056.0,14112.0,632.0,7751.0,116359.0
873,5584.0,-21064.0,2984.0,-3072.0,14513.0,1106.0,7989.0,116365.0
874,5948.0,-21668.0,2800.0,-3056.0,14940.0,1704.0,8268.0,116371.0
875,4616.0,-22544.0,3148.0,-3040.0,15301.0,2467.0,8795.0,116377.0
876,2996.0,-24148.0,4148.0,-3072.0,15495.0,2741.0,9715.0,116383.0
877,3448.0,-26964.0,4284.0,-3056.0,15685.0,2232.0,10513.0,116389.0
878,5208.0,-28540.0,2552.0,-3072.0,15994.0,2256.0,10810.0,116396.0
879,6888.0,-28612.0,3004.0,-3040.0,16669.0,2730.0,10914.0,116402.0
880,7640.0,-28180.0,2580.0,-3056.0,17106.0,3780.0,11240.0,116408.0
881,8912.0,-29832.0,2184.0,-3056.0,17613.0,5481.0,11404.0,116414.0
882,9916.0,-31424.0,1292.0,-3088.0,18065.0,7559.0,11512.0,116420.0
883,11664.0,-32420.0,-720.0,-3056.0,18481.0,9837.0,11483.0,116426.0
884,12772.0,-32768.0,-4136.0,-3040.0,18843.0,12127.0,10862.0,116432.0
885,12164.0,-32768.0,-10160.0,-3088.0,19109.0,14365.0,10428.0,116440.0
886,10920.0,-32768.0,-13908.0,-3040.0,19362.0,15406.0,10755.0,116446.0
887,9576.0,-32768.0,-15680.0,-3024.0,19167.0,15276.0,11576.0,116452.0
888,8416.0,-31780.0,-16804.0,-3040.0,18501.0,15732.0,12415.0,116458.0
889,6892.0,-29988.0,-16840.0,-3056.0,17734.0,15522.0,12617.0,116464.0
890,3992.0,-27732.0,-13940.0,-3056.0,17047.0,13786.0,12653.0,116470.0
891,720.0,-24716.0,-7360.0,-3056.0,16467.0,10683.0,12584.0,116477.0
892,-1564.0,-23956.0,2012.0,-3088.0,16646.0,6802.0,12550.0,116484.0
893,-3152.0,-23676.0,9460.0,-3024.0,17234.0,2334.0,12558.0,116490.0
894,-4764.0,-23212.0,8264.0,-3024.0,16575.0,-2192.0,11945.0,116496.0
895,-4572.0,-24496.0,7340.0,-3056.0,15650.0,-6921.0,10530.0,116502.0
896,-2684.0,-25180.0,6652.0,-3088.0,15441.0,-11626.0,8911.0,116508.0
897,568.0,-24764.0,6796.0,-3056.0,15982.0,-14709.0,7666.0,116514.0
898,3360.0,-23980.0,7044.0,-3072.0,17067.0,-15621.0,7226.0,116520.0
899,5264.0,-22088.0,5388.0,-3040.0,17557.0,-14222.0,7301.0,116527.0
900,7140.0,-17888.0,440.0,-3040.0,16391.0,-11113.0,7318.0,116533.0
901,9824.0,-14900.0,-1528.0,-3072.0,14890.0,-6999.0,6964.0,116539.0
902,11348.0,-10812.0,-3636.0,-3056.0,12867.0,-3755.0,6094.0,116545.0
903,12028.0,-7972.0,-3328.0,-3056.0,10854.0,-1593.0,5091.0,116551.0
904,11964.0,-7624.0,-3544.0,-3056.0,9082.0,1097.0,4500.0,116557.0
905,11012.0,-7044.0,-5288.0,-3040.0,7181.0,4034.0,4320.0,116563.0
906,9160.0,-5840.0,-6796.0,-3056.0,5004.0,6513.0,4176.0,116570.0
907,6740.0,-4552.0,-6748.0,-3040.0,2881.0,8313.0,4159.0,116576.0
908,5108.0,-3800.0,-6108.0,-3024.0,1081.0,9178.0,4093.0,116582.0
909,4220.0,-3428.0,-5208.0,-3056.0,-416.0,9366.0,3621.0,116588.0
910,3340.0,-2944.0,-4556.0,-3072.0,-1859.0,9334.0,2881.0,116594.0
911,2104.0,-2364.0,-4360.0,-3088.0,-3321.0,9363.0,2078.0,116600.0
912,1256.0,-1468.0,-4636.0,-3072.0,-4922.0,9343.0,1093.0,116606.0
913,892.0,-356.0,-5196.0,-3056.0,-6662.0,8837.0,9.0,116613.0
914,840.0,260.0,-5688.0,-3088.0,-8336.0,7984.0,-1055.0,116618.0
915,700.0,356.0,-5468.0,-3088.0,-9963.0,6817.0,-2050.0,116624.0
916,-128.0,-328.0,-4576.0,-3088.0,-11358.0,5518.0,-2721.0,116630.0
917,-664.0,-864.0,-3892.0,-3024.0,-12608.0,4376.0,-3266.0,116636.0
918,-1020.0,-904.0,-3760.0,-3104.0,-14019.0,3273.0,-3966.0,116642.0
919,-892.0,-1056.0,-4272.0,-3088.0,-15595.0,2299.0,-4660.0,116648.0
920,-812.0,-1392.0,-4884.0,-3072.0,-17156.0,1307.0,-5239.0,116655.0
921,-492.0,-1636.0,-5000.0,-3056.0,-18647.0,336.0,-5824.0,116661.0
922,-340.0,-2064.0,-5024.0,-3024.0,-20052.0,-735.0,-6356.0,116667.0
923,-492.0,-2848.0,-5080.0,-3072.0,-21358.0,-1934.0,-6901.0,116673.0
924,-488.0,-3776.0,-4644.0,-3088.0,-22526.0,-3020.0,-7326.0,116678.0
925,-560.0,-4700.0,-3964.0,-3040.0,-23536.0,-4116.0,-7846.0,116684.0
926,-644.0,-5204.0,-3276.0,-3056.0,-24619.0,-5222.0,-8337.0,116690.0
927,-356.0,-5576.0,-3040.0,-3072.0,-25794.0,-6291.0,-8858.0,116697.0
928,388.0,-5920.0,-3184.0,-3056.0,-27092.0,-7233.0,-9410.0,116703.0
929,1232.0,-6788.0,-2948.0,-3072.0,-28307.0,-7986.0,-9921.0,116709.0
930,2324.0,-8052.0,-2796.0,-3024.0,-29384.0,-8324.0,-10321.0,116715.0
931,3592.0,-9176.0,-2612.0,-3056.0,-30406.0,-8223.0,-10660.0,116721.0
932,4936.0,-10428.0,-1864.0,-3056.0,-31310.0,-7668.0,-10961.0,116727.0
933,5484.0,-11472.0,-1612.0,-3056.0,-32040.0,-6754.0,-11173.0,116733.0
934,5628.0,-12432.0,-1184.0,-3056.0,-32624.0,-5792.0,-11342.0,116740.0
935,5100.0,-13132.0,-736.0,-3056.0,-32768.0,-4997.0,-11472.0,116747.0
936,4832.0,-14108.0,-416.0,-3056.0,-32768.0,-4494.0,-11683.0,116753.0
937,4732.0,-15260.0,-192.0,-3056.0,-32768.0,-3941.0,-11864.0,116759.0
938,4728.0,-16600.0,132.0,-3040.0,-32768.0,-3293.0,-12095.0,116765.0
939,5024.0,-17740.0,384.0,-3024.0,-32768.0,-2497.0,-12429.0,116771.0
940,4908.0,-19056.0,804.0,-3040.0,-32768.0,-1775.0,-12784.0,116777.0
941,4560.0,-20200.0,1256.0,-3072.0,-32768.0,-1251.0,-12994.0,116784.0
942,4368.0,-21104.0,1920.0,-3088.0,-32768.0,-992.0,-13372.0,116790.0
943,4064.0,-22500.0,2664.0,-3072.0,-32768.0,-711.0,-13790.0,116797.0
944,3868.0,-23360.0,2984.0,-3056.0,-32768.0,-474.0,-14313.0,116803.0
945,3872.0,-24224.0,3048.0,-3056.0,-32768.0,-404.0,-14909.0,116809.0
946,3784.0,-25224.0,3164.0,-3072.0,-32768.0,-584.0,-15540.0,116815.0
947,3712.0,-26204.0,3416.0,-3072.0,-32768.0,-985.0,-16125.0,116822.0
948,3328.0,-27144.0,4084.0,-3056.0,-32768.0,-1491.0,-16497.0,116828.0
949,2176.0,-28232.0,5124.0,-3040.0,-32768.0,-2294.0,-16822.0,116834.0
950,1160.0,-29040.0,6188.0,-3056.0,-32768.0,-3198.0,-17033.0,116841.0
951,52.0,-29564.0,7132.0,-3072.0,-32768.0,-4121.0,-17222.0,116847.0
952,-176.0,-29916.0,7808.0,-3040.0,-32768.0,-4916.0,-17313.0,116853.0
953,156.0,-30312.0,8204.0,-3072.0,-32768.0,-5350.0,-17245.0,116859.0
954,1368.0,-30808.0,8572.0,-3040.0,-32768.0,-5368.0,-16881.0,116866.0
955,2224.0,-31516.0,9308.0,-3056.0,-32768.0,-5179.0,-16339.0,116873.0
956,2576.0,-32124.0,10588.0,-3056.0,-31943.0,-4943.0,-15643.0,116879.0
957,2788.0,-32768.0,12088.0,-3088.0,-30675.0,-4702.0,-14910.0,116885.0
958,3136.0,-32768.0,13696.0,-3072.0,-29319.0,-4127.0,-14224.0,116891.0
959,3676.0,-32768.0,16124.0,-3104.0,-27805.0,-3104.0,-13544.0,116898.0
960,3832.0,-32768.0,18036.0,-3072.0,-26083.0,-1569.0,-12971.0,116904.0
961,3692.0,-32768.0,21052.0,-3072.0,-24156.0,211.0,-12674.0,116911.0
962,3384.0,-32768.0,22900.0,-3056.0,-22081.0,2069.0,-12534.0,116917.0
963,2296.0,-32684.0,24964.0,-3072.0,-19753.0,3996.0,-12283.0,116924.0
964,292.0,-32040.0,26384.0,-3088.0,-17018.0,5814.0,-11182.0,116930.0
965,-2820.0,-30912.0,28000.0,-3072.0,-13982.0,7492.0,-9223.0,116936.0
966,-8032.0,-30248.0,28596.0,-3056.0,-10607.0,8509.0,-8656.0,116942.0
967,-8636.0,-27260.0,29968.0,-3040.0,-7927.0,8739.0,-1928.0,116950.0
968,-10796.0,-27616.0,28848.0,-3056.0,-4095.0,9099.0,-3594.0,116956.0
969,-15260.0,-25920.0,30404.0,-3040.0,-858.0,7608.0,-2391.0,116962.0
970,-17896.0,-25092.0,31084.0,-3024.0,2409.0,3906.0,-710.0,116968.0
971,-13404.0,-25504.0,29612.0,-3072.0,5726.0,805.0,612.0,116974.0
972,-15188.0,-25668.0,28136.0,-3056.0,8973.0,-1632.0,1531.0,116980.0
973,-12884.0,-24000.0,26420.0,-3072.0,11820.0,-3718.0,3278.0,116986.0
974,-13708.0,-23764.0,24692.0,-3056.0,14238.0,-5210.0,4448.0,116993.0
975,-13876.0,-23428.0,22264.0,-3072.0,16336.0,-7125.0,4904.0,117000.0
976,-13908.0,-23040.0,19188.0,-3056.0,18114.0,-9747.0,5438.0,117006.0
977,-12264.0,-15780.0,9008.0,-3040.0,18329.0,-12928.0,5802.0,117012.0
978,12240.0,7632.0,-32768.0,-3040.0,6708.0,-12514.0,632.0,117018.0
979,32767.0,-10248.0,-32768.0,-3056.0,-14989.0,-16018.0,-29718.0,117024.0
980,32767.0,-32768.0,-32488.0,-3056.0,12107.0,-30430.0,-15839.0,117031.0
981,11968.0,-32768.0,-3120.0,-3040.0,18789.0,-580.0,28981.0,117038.0
982,-31800.0,-18600.0,30172.0,-3088.0,15785.0,30300.0,23745.0,117044.0
983,-32768.0,-29176.0,32767.0,-3056.0,17130.0,14528.0,8839.0,117051.0
984,-32768.0,-32768.0,32767.0,-3056.0,19861.0,-7170.0,1067.0,117057.0
985,-32768.0,-26416.0,-3304.0,-3056.0,16434.0,-19313.0,1080.0,117063.0
986,-2908.0,-5428.0,-20604.0,-3056.0,11567.0,-20578.0,-1305.0,117069.0
987,23776.0,832.0,-16396.0,-3056.0,10196.0,-21194.0,-5506.0,117076.0
988,27476.0,-6616.0,-200.0,-3056.0,11639.0,-18153.0,-4698.0,117083.0
989,20512.0,-17416.0,10900.0,-3040.0,12586.0,-8837.0,-1817.0,117089.0
990,11648.0,-19116.0,9304.0,-3056.0,11823.0,-933.0,-1324.0,117095.0
991,10216.0,-17252.0,3512.0,-3088.0,10768.0,-982.0,-1202.0,117101.0
992,10716.0,-17916.0,-12.0,-3056.0,10614.0,-3710.0,-1276.0,117107.0
993,7136.0,-20052.0,104.0,-3056.0,11110.0,-2643.0,426.0,117113.0
994,3732.0,-19148.0,56.0,-3024.0,11754.0,-316.0,1215.0,117120.0
995,2736.0,-16432.0,-216.0,-3072.0,11830.0,-510.0,1194.0,117126.0
996,5824.0,-15224.0,-1344.0,-3056.0,11345.0,-1901.0,1156.0,117132.0
997,8924.0,-16140.0,-500.0,-3072.0,11166.0,-1679.0,1526.0,117138.0
998,9312.0,-17732.0,592.0,-3088.0,11485.0,249.0,2126.0,117144.0
999,7604.0,-17140.0,700.0,-3104.0,11382.0,2840.0,2481.0,117150.0
1000,3956.0,-16096.0,400.0,-3056.0,10747.0,5481.0,2510.0,117156.0
1001,-516.0,-15752.0,-440.0,-3040.0,9969.0,7238.0,2106.0,117163.0
1002,-3008.0,-17400.0,-76.0,-3088.0,9745.0,7685.0,1345.0,117169.0
1003,-3744.0,-18304.0,-84.0,-3088.0,9754.0,7312.0,330.0,117175.0
1004,-3344.0,-17184.0,64.0,-3056.0,9495.0,5746.0,-939.0,117181.0
1005,-1752.0,-15396.0,456.0,-3088.0,8732.0,3026.0,-1890.0,117186.0
1006,1128.0,-15068.0,184.0,-3040.0,8185.0,632.0,-2241.0,117192.0
1007,4492.0,-15780.0,-516.0,-3040.0,8059.0,-746.0,-2273.0,117198.0
1008,6948.0,-15680.0,-1004.0,-3056.0,7995.0,-906.0,-2003.0,117204.0
1009,8356.0,-14796.0,-896.0,-3040.0,7728.0,-53.0,-1654.0,117211.0
1010,8776.0,-14044.0,-244.0,-3040.0,7232.0,1182.0,-1226.0,117217.0
1011,8700.0,-14064.0,-180.0,-3072.0,6645.0,2946.0,-675.0,117223.0
1012,7792.0,-14776.0,-492.0,-3056.0,6231.0,4725.0,-254.0,117229.0
1013,6544.0,-15020.0,-464.0,-3056.0,5982.0,5802.0,52.0,117235.0
1014,5404.0,-15080.0,-208.0,-3056.0,5608.0,6332.0,219.0,117240.0
1015,4344.0,-15140.0,-216.0,-3056.0,5337.0,6487.0,258.0,117246.0
1016,3680.0,-15764.0,-12.0,-3072.0,5165.0,6375.0,193.0,117253.0
1017,2920.0,-16072.0,-112.0,-3072.0,5069.0,5927.0,73.0,117259.0
1018,2880.0,-16116.0,-684.0,-3056.0,5014.0,5170.0,-103.0,117265.0
1019,3644.0,-16004.0,-764.0,-3008.0,4963.0,4215.0,-218.0,117271.0
1020,4376.0,-15912.0,-800.0,-3072.0,4915.0,3440.0,-244.0,117277.0
1021,4928.0,-15976.0,-508.0,-3088.0,4851.0,3133.0,-83.0,117282.0
1022,5516.0,-15732.0,-432.0,-3056.0,4767.0,3186.0,126.0,117288.0
1023,6164.0,-15380.0,-612.0,-3056.0,4648.0,3407.0,468.0,117295.0
1024,6568.0,-15736.0,-600.0,-3088.0,4652.0,3824.0,598.0,117301.0
1025,6308.0,-15624.0,-656.0,-3088.0,4606.0,4336.0,837.0,117307.0
1026,6024.0,-15808.0,-460.0,-3072.0,4629.0,4801.0,992.0,117313.0
1027,5488.0,-15704.0,-572.0,-3088.0,4673.0,5049.0,1116.0,117319.0
1028,5136.0,-15856.0,-692.0,-3088.0,4750.0,5080.0,1180.0,117325.0
1029,4776.0,-16040.0,-508.0,-3040.0,4863.0,4854.0,1243.0,117331.0
1030,4472.0,-16248.0,-336.0,-3072.0,4943.0,4507.0,1302.0,117337.0
1031,4312.0,-16164.0,40.0,-3056.0,5007.0,4140.0,1357.0,117343.0
1032,4208.0,-16224.0,64.0,-3056.0,5100.0,3743.0,1367.0,117349.0
1033,4348.0,-16108.0,264.0,-3056.0,5171.0,3395.0,1396.0,117355.0
1034,4636.0,-16160.0,436.0,-3056.0,5228.0,3216.0,1464.0,117361.0
1035,4872.0,-16236.0,596.0,-3072.0,5242.0,3095.0,1521.0,117367.0
1036,4744.0,-16148.0,780.0,-3072.0,5271.0,3041.0,1653.0,117373.0
1037,4576.0,-16244.0,908.0,-3056.0,5290.0,3087.0,1686.0,117380.0
1038,4396.0,-16304.0,876.0,-3088.0,5307.0,3062.0,1724.0,117385.0
1039,4520.0,-16488.0,940.0,-3056.0,5358.0,2997.0,1748.0,117391.0
1040,4588.0,-16500.0,916.0,-3072.0,5406.0,2998.0,1759.0,117397.0
1041,4568.0,-16424.0,1020.0,-3040.0,5443.0,3089.0,1787.0,117403.0
1042,4380.0,-16544.0,1256.0,-3056.0,5505.0,3183.0,1853.0,117409.0
1043,4016.0,-16396.0,1388.0,-3088.0,5564.0,3283.0,1922.0,117415.0
1044,3652.0,-16356.0,1428.0,-3072.0,5653.0,3276.0,1939.0,117422.0
1045,4032.0,-16420.0,1252.0,-3088.0,5749.0,3164.0,1855.0,117428.0
1046,4456.0,-16464.0,1356.0,-3072.0,5845.0,3065.0,1908.0,117434.0
1047,4428.0,-16612.0,1276.0,-3088.0,5894.0,3068.0,1981.0,117440.0
1048,4648.0,-16716.0,1612.0,-3072.0,5953.0,3186.0,1941.0,117446.0
1049,4672.0,-16804.0,1732.0,-3056.0,5976.0,3326.0,1979.0,117452.0
1050,7752.0,-18092.0,1920.0,-3072.0,5988.0,3972.0,1160.0,117457.0
1051,8968.0,-15312.0,652.0,-3072.0,5872.0,3826.0,945.0,117464.0
1052,7096.0,-16384.0,1976.0,-3072.0,5868.0,4791.0,1950.0,117470.0
1053,5544.0,-16096.0,2400.0,-3056.0,5796.0,5718.0,1333.0,117476.0
1054,3836.0,-16176.0,2784.0,-3040.0,5865.0,5853.0,1810.0,117482.0
1055,3012.0,-16492.0,2520.0,-3088.0,5911.0,5859.0,1821.0,117488.0
1056,2424.0,-16764.0,2488.0,-3040.0,6008.0,5815.0,1947.0,117494.0
1057,2080.0,-17148.0,2424.0,-3056.0,6121.0,5634.0,1982.0,117500.0
1058,1892.0,-17472.0,2352.0,-3056.0,6308.0,5310.0,2107.0,117507.0
1059,1756.0,-17644.0,2112.0,-3072.0,6572.0,5010.0,2077.0,117513.0
1060,1344.0,-17780.0,2168.0,-3056.0,6869.0,4548.0,2143.0,117519.0
1061,1116.0,-17892.0,2116.0,-3072.0,7194.0,4107.0,2252.0,117525.0
1062,1176.0,-18080.0,2232.0,-3056.0,7538.0,3679.0,2408.0,117531.0
1063,1260.0,-17964.0,2212.0,-3024.0,7888.0,3244.0,2635.0,117537.0
1064,1456.0,-18020.0,2492.0,-3056.0,8222.0,2852.0,2853.0,117542.0
1065,1596.0,-18096.0,2600.0,-3088.0,8565.0,2451.0,3113.0,117549.0
1066,1780.0,-18148.0,2512.0,-3072.0,8917.0,2061.0,3429.0,117555.0
1067,1036.0,-19564.0,2272.0,-3088.0,9304.0,1570.0,4280.0,117561.0
1068,3028.0,-17832.0,3156.0,-3072.0,9501.0,1769.0,3717.0,117567.0
1069,1716.0,-18780.0,2940.0,-3088.0,9763.0,1266.0,4343.0,117573.0
1070,2836.0,-19316.0,3020.0,-3040.0,10106.0,944.0,4771.0,117579.0
1071,3004.0,-19088.0,2860.0,-3072.0,10408.0,1122.0,5060.0,117585.0
1072,2600.0,-19208.0,2816.0,-3056.0,10789.0,1026.0,5188.0,117592.0
1073,1784.0,-19484.0,2880.0,-3056.0,11143.0,878.0,5396.0,117598.0
1074,1552.0,-19840.0,3104.0,-3040.0,11539.0,676.0,5743.0,117604.0
1075,1480.0,-20236.0,3164.0,-3056.0,11920.0,543.0,6118.0,117610.0
1076,1668.0,-20768.0,2964.0,-3056.0,12347.0,411.0,6555.0,117616.0
1077,2180.0,-21052.0,2864.0,-3040.0,12796.0,244.0,6867.0,117622.0
1078,2872.0,-21088.0,2764.0,-3056.0,13289.0,164.0,7162.0,117628.0
1079,3808.0,-21296.0,2520.0,-3040.0,13689.0,288.0,7470.0,117635.0
1080,4824.0,-21544.0,2528.0,-3056.0,14091.0,513.0,7714.0,117641.0
1081,5492.0,-21924.0,2532.0,-3088.0,14523.0,964.0,7972.0,117647.0
1082,6316.0,-22456.0,2516.0,-3040.0,14958.0,1570.0,8121.0,117652.0
1083,6640.0,-22904.0,2484.0,-3072.0,15424.0,2332.0,8377.0,117658.0
1084,6304.0,-23540.0,2136.0,-3024.0,15888.0,3231.0,8710.0,117664.0
1085,4020.0,-24008.0,2708.0,-3072.0,16261.0,4285.0,9503.0,117670.0
1086,2252.0,-26004.0,3380.0,-3056.0,16405.0,4347.0,10496.0,117677.0
1087,2676.0,-28556.0,3112.0,-3056.0,16669.0,3912.0,11366.0,117683.0
1088,5140.0,-29052.0,1484.0,-3056.0,17180.0,3887.0,11601.0,117689.0
1089,7404.0,-28500.0,28.0,-3072.0,17670.0,4277.0,11475.0,117695.0
1090,9236.0,-29280.0,-712.0,-3056.0,18168.0,5270.0,11423.0,117701.0
1091,10736.0,-31328.0,-1740.0,-3056.0,18557.0,7038.0,11322.0,117707.0
1092,11724.0,-32768.0,-3412.0,-3056.0,18905.0,9248.0,11231.0,117714.0
1093,11656.0,-32768.0,-5556.0,-3088.0,19171.0,11008.0,10928.0,117721.0
1094,10544.0,-32768.0,-9148.0,-3072.0,19156.0,12780.0,10671.0,117727.0
1095,10312.0,-32768.0,-13740.0,-3120.0,19080.0,14232.0,10736.0,117733.0
1096,9636.0,-32768.0,-17560.0,-3072.0,18766.0,15480.0,11423.0,117739.0
1097,8344.0,-30632.0,-18988.0,-3072.0,18100.0,16003.0,12004.0,117745.0
1098,6616.0,-27644.0,-17684.0,-3056.0,17364.0,16006.0,12512.0,117752.0
1099,3744.0,-24372.0,-11240.0,-3072.0,16718.0,14883.0,13075.0,117758.0
1100,-396.0,-23824.0,-476.0,-3056.0,16715.0,12302.0,13639.0,117765.0
1101,-4728.0,-24964.0,9652.0,-3072.0,17164.0,8395.0,14203.0,117771.0
1102,-7272.0,-25396.0,11236.0,-3056.0,16991.0,3153.0,13906.0,117777.0
1103,-6544.0,-24828.0,6304.0,-3024.0,15670.0,-3869.0,12268.0,117783.0
1104,-2724.0,-23388.0,1452.0,-3024.0,13941.0,-10258.0,10165.0,117789.0
1105,1660.0,-23260.0,2324.0,-3056.0,13574.0,-14544.0,7933.0,117795.0
1106,4712.0,-23336.0,3892.0,-3056.0,14990.0,-16694.0,6809.0,117801.0
1107,6456.0,-22736.0,4788.0,-3056.0,16540.0,-15794.0,6816.0,117808.0
1108,8196.0,-19952.0,3536.0,-3056.0,17036.0,-11906.0,7260.0,117815.0
1109,10048.0,-14488.0,456.0,-3056.0,15856.0,-7643.0,7396.0,117821.0
1110,11276.0,-8924.0,-2096.0,-3056.0,13703.0,-4864.0,6895.0,117827.0
1111,11964.0,-5556.0,-3416.0,-3056.0,10990.0,-3450.0,5988.0,117833.0
1112,12660.0,-4580.0,-3112.0,-3072.0,8752.0,-1599.0,4774.0,117839.0
1113,12708.0,-4832.0,-3112.0,-3056.0,6640.0,1803.0,3812.0,117846.0
1114,11844.0,-5072.0,-4136.0,-3056.0,4593.0,5797.0,3226.0,117852.0
1115,10252.0,-4828.0,-5804.0,-3056.0,2702.0,8875.0,2965.0,117858.0
1116,8464.0,-3768.0,-7792.0,-3056.0,868.0,11156.0,2843.0,117864.0
1117,6700.0,-2776.0,-8232.0,-3072.0,-824.0,12595.0,2640.0,117870.0
1118,5012.0,-2208.0,-7876.0,-3056.0,-2270.0,13399.0,2213.0,117875.0
1119,3540.0,-1068.0,-7176.0,-3040.0,-3786.0,13634.0,1848.0,117881.0
1120,2240.0,-332.0,-6616.0,-3024.0,-5449.0,13524.0,1549.0,117888.0
1121,796.0,-44.0,-6016.0,-3072.0,-7102.0,13168.0,1142.0,117894.0
1122,-980.0,192.0,-5800.0,-3040.0,-8737.0,12422.0,589.0,117900.0
1123,-2444.0,-140.0,-5392.0,-3072.0,-10236.0,11150.0,-202.0,117906.0
1124,-3804.0,-264.0,-4920.0,-3056.0,-11730.0,9380.0,-1064.0,117912.0
1125,-4452.0,-368.0,-4628.0,-3024.0,-13200.0,7345.0,-1911.0,117918.0
1126,-4784.0,-1096.0,-3844.0,-3088.0,-14683.0,4907.0,-2810.0,117924.0
1127,-4724.0,-1760.0,-3744.0,-3072.0,-16077.0,2555.0,-3608.0,117931.0
1128,-4208.0,-2136.0,-3856.0,-3088.0,-17542.0,513.0,-4569.0,117937.0
1129,-3640.0,-2756.0,-4280.0,-3072.0,-19028.0,-1140.0,-5453.0,117943.0
1130,-2844.0,-3264.0,-4420.0,-3040.0,-20463.0,-2794.0,-6288.0,117949.0
1131,-1988.0,-3688.0,-4528.0,-3056.0,-21827.0,-4184.0,-7039.0,117955.0
1132,-1020.0,-4180.0,-4572.0,-3056.0,-23161.0,-5410.0,-7756.0,117961.0
1133,-548.0,-4612.0,-4284.0,-3072.0,-24386.0,-6410.0,-8359.0,117967.0
1134,-12.0,-5304.0,-4052.0,-3056.0,-25594.0,-7294.0,-8850.0,117974.0
1135,412.0,-6140.0,-3452.0,-3040.0,-26702.0,-7981.0,-9286.0,117980.0
1136,976.0,-6888.0,-3008.0,-3104.0,-27786.0,-8465.0,-9784.0,117986.0
1137,1528.0,-7580.0,-2600.0,-3088.0,-28962.0,-8775.0,-10301.0,117992.0
1138,2264.0,-8428.0,-2652.0,-3056.0,-30139.0,-8868.0,-10827.0,117998.0
1139,3272.0,-9704.0,-2424.0,-3056.0,-31251.0,-8729.0,-11224.0,118004.0
1140,4088.0,-11072.0,-2296.0,-3024.0,-32165.0,-8284.0,-11500.0,118010.0
1141,4632.0,-12256.0,-1824.0,-3056.0,-32768.0,-7595.0,-11718.0,118017.0
1142,5000.0,-13476.0,-1268.0,-3056.0,-32768.0,-6580.0,-11919.0,118023.0
1143,5352.0,-14844.0,-236.0,-3056.0,-32768.0,-5319.0,-12024.0,118029.0
1144,5096.0,-16196.0,168.0,-3072.0,-32768.0,-4069.0,-12117.0,118035.0
1145,4504.0,-17208.0,392.0,-3056.0,-32768.0,-3117.0,-12124.0,118041.0
1146,3836.0,-18260.0,972.0,-3040.0,-32768.0,-2507.0,-12178.0,118048.0
1147,3256.0,-19460.0,1176.0,-3072.0,-32768.0,-2141.0,-12391.0,118054.0
1148,2932.0,-20460.0,1500.0,-3056.0,-32768.0,-1815.0,-12536.0,118061.0
1149,2764.0,-21728.0,1752.0,-3088.0,-32768.0,-1473.0,-12747.0,118067.0
1150,2876.0,-22928.0,1744.0,-3040.0,-32768.0,-1188.0,-13198.0,118073.0
1151,3084.0,-24200.0,2272.0,-3088.0,-32768.0,-1115.0,-13671.0,118080.0
1152,3288.0,-25304.0,2840.0,-3072.0,-32768.0,-1143.0,-14101.0,118086.0
1153,3492.0,-26380.0,3416.0,-3056.0,-32768.0,-1185.0,-14578.0,118092.0
1154,3016.0,-27292.0,4032.0,-3056.0,-32768.0,-1387.0,-15003.0,118098.0
1155,2100.0,-27948.0,4740.0,-3072.0,-32768.0,-1915.0,-15492.0,118105.0
1156,600.0,-28860.0,5268.0,-3056.0,-32768.0,-3052.0,-16050.0,118112.0
1157,-444.0,-29716.0,6032.0,-3072.0,-32768.0,-4632.0,-16561.0,118118.0
1158,-1304.0,-30976.0,6816.0,-3088.0,-32768.0,-6390.0,-16946.0,118124.0
1159,-1048.0,-31888.0,8008.0,-3056.0,-32768.0,-7714.0,-17171.0,118130.0
1160,280.0,-32264.0,8552.0,-3056.0,-32768.0,-8244.0,-17148.0,118137.0
1161,1552.0,-32768.0,9612.0,-3056.0,-32768.0,-8223.0,-16749.0,118144.0
1162,2588.0,-32768.0,11200.0,-3088.0,-32768.0,-7870.0,-16132.0,118150.0
1163,3716.0,-32768.0,13064.0,-3088.0,-31909.0,-7337.0,-15202.0,118156.0
1164,4592.0,-32768.0,14504.0,-3072.0,-30337.0,-6760.0,-14090.0,118163.0
1165,5556.0,-32768.0,15864.0,-3072.0,-28642.0,-5682.0,-12836.0,118169.0
1166,6776.0,-32768.0,16728.0,-3072.0,-26786.0,-4226.0,-11947.0,118175.0
1167,7792.0,-32636.0,18816.0,-3040.0,-24785.0,-2491.0,-11513.0,118182.0
1168,8524.0,-31640.0,20788.0,-3072.0,-22712.0,-178.0,-11479.0,118189.0
1169,8596.0,-30936.0,22680.0,-3088.0,-20685.0,2580.0,-11791.0,118195.0
1170,6876.0,-30764.0,24648.0,-3088.0,-18358.0,5775.0,-11791.0,118201.0
1171,3480.0,-30280.0,26280.0,-3072.0,-15762.0,8720.0,-11088.0,118208.0
1172,-2564.0,-28868.0,27452.0,-3088.0,-12816.0,10986.0,-9233.0,118214.0
1173,-7460.0,-29600.0,28788.0,-3088.0,-9100.0,11908.0,-8684.0,118220.0
1174,-11460.0,-25192.0,29644.0,-3040.0,-6408.0,11465.0,59.0,118226.0
1175,-13740.0,-26500.0,30868.0,-3040.0,-2395.0,11262.0,-1090.0,118233.0
1176,-21224.0,-22872.0,30720.0,-3072.0,564.0,9219.0,506.0,118240.0
1177,-17916.0,-25536.0,29352.0,-3056.0,4141.0,5942.0,621.0,118246.0
1178,-16772.0,-24328.0,28940.0,-3056.0,7020.0,1926.0,2086.0,118252.0
1179,-14208.0,-24716.0,26460.0,-3056.0,9957.0,-1310.0,2054.0,118258.0
1180,-12376.0,-23416.0,24480.0,-3088.0,12445.0,-3883.0,3447.0,118264.0
1181,-11092.0,-21888.0,21788.0,-3056.0,14174.0,-5583.0,3605.0,118270.0
1182,-12192.0,-18132.0,13584.0,-3056.0,14983.0,-8160.0,3573.0,118277.0
1183,-6620.0,-4884.0,-21276.0,-3040.0,8784.0,-10866.0,1685.0,118283.0
1184,32767.0,-1468.0,-32768.0,-3104.0,-9091.0,-13044.0,-13907.0,118290.0
1185,32767.0,-32768.0,-32768.0,-3088.0,-2316.0,-23935.0,-22308.0,118296.0
1186,13524.0,-32768.0,-7840.0,-3072.0,15537.0,-24218.0,6795.0,118302.0
1187,-6040.0,-32768.0,19484.0,-3056.0,17887.0,4149.0,16384.0,118309.0
1188,-30340.0,-32768.0,32767.0,-3072.0,18663.0,18199.0,14537.0,118316.0
1189,-25952.0,-32768.0,32767.0,-3072.0,19065.0,8444.0,4543.0,118322.0
1190,-19944.0,-32592.0,8988.0,-3056.0,17846.0,-10767.0,-3978.0,118328.0
1191,-1188.0,-19660.0,-13148.0,-3072.0,16610.0,-21623.0,-3419.0,118335.0
1192,18904.0,-11592.0,-9388.0,-3056.0,17581.0,-22844.0,-141.0,118341.0
1193,25696.0,-3264.0,6080.0,-3104.0,16174.0,-14037.0,-1950.0,118347.0
1194,9568.0,-7432.0,8212.0,-3056.0,13364.0,-4764.0,163.0,118353.0
1195,3244.0,-12100.0,2936.0,-3040.0,11641.0,-2632.0,1796.0,118360.0
1196,6656.0,-13880.0,-1400.0,-3056.0,11147.0,-6321.0,-536.0,118366.0
1197,9764.0,-17060.0,-668.0,-3056.0,11474.0,-8932.0,-1299.0,118372.0
1198,9608.0,-20636.0,248.0,-3072.0,12246.0,-5627.0,1056.0,118378.0
1199,8736.0,-20868.0,-584.0,-3088.0,12663.0,362.0,2735.0,118384.0
1200,6784.0,-20228.0,-1320.0,-3072.0,12963.0,4458.0,2803.0,118390.0
1201,3352.0,-19064.0,-1080.0,-3056.0,13191.0,6372.0,2228.0,118396.0
1202,52.0,-16980.0,-492.0,-3056.0,12504.0,6995.0,1404.0,118403.0
1203,-524.0,-14704.0,-340.0,-3056.0,11299.0,5570.0,629.0,118409.0
1204,472.0,-13868.0,-552.0,-3056.0,10247.0,4383.0,326.0,118415.0
1205,1768.0,-14744.0,-480.0,-3072.0,9736.0,4223.0,261.0,118421.0
1206,1844.0,-14828.0,-428.0,-3088.0,9248.0,4148.0,-75.0,118427.0
1207,1928.0,-14264.0,-724.0,-3056.0,8591.0,3835.0,-533.0,118433.0
1208,1968.0,-14520.0,-472.0,-3056.0,8058.0,3653.0,-1037.0,118438.0
1209,1680.0,-15380.0,276.0,-3072.0,7588.0,3441.0,-1380.0,118445.0
1210,1352.0,-16324.0,-24.0,-3088.0,7162.0,2874.0,-1532.0,118451.0
1211,1896.0,-16800.0,-552.0,-3056.0,6988.0,2145.0,-1663.0,118457.0
1212,2640.0,-16476.0,-1036.0,-3040.0,6988.0,1436.0,-1961.0,118463.0
1213,3776.0,-15724.0,-1044.0,-3088.0,6932.0,896.0,-2180.0,118469.0
1214,4948.0,-15100.0,-800.0,-3072.0,6738.0,841.0,-2226.0,118475.0
1215,5968.0,-14960.0,-680.0,-3072.0,6496.0,1722.0,-2114.0,118481.0
1216,6500.0,-14960.0,-752.0,-3056.0,6210.0,2948.0,-1887.0,118488.0
1217,6336.0,-14904.0,-808.0,-3056.0,5936.0,3881.0,-1603.0,118494.0
1218,5836.0,-14996.0,-1124.0,-3088.0,5639.0,4361.0,-1274.0,118500.0
1219,5428.0,-14764.0,-964.0,-3072.0,5309.0,4311.0,-932.0,118506.0
1220,5224.0,-14664.0,-552.0,-3088.0,4887.0,4035.0,-736.0,118512.0
1221,5108.0,-14972.0,-404.0,-3056.0,4508.0,3582.0,-579.0,118517.0
1222,5324.0,-15272.0,-524.0,-3056.0,4198.0,3030.0,-363.0,118523.0
1223,5896.0,-15344.0,-680.0,-3072.0,3885.0,2615.0,-67.0,118530.0
1224,6060.0,-15376.0,-728.0,-3040.0,3628.0,2628.0,221.0,118536.0
1225,5964.0,-15552.0,-764.0,-3072.0,3435.0,3046.0,467.0,118542.0
1226,5128.0,-15824.0,-792.0,-3056.0,3333.0,3570.0,657.0,118548.0
1227,4184.0,-16208.0,-808.0,-3056.0,3335.0,3807.0,656.0,118554.0
1228,3328.0,-16568.0,-796.0,-3072.0,3410.0,3660.0,536.0,118560.0
1229,3064.0,-16844.0,-912.0,-3040.0,3560.0,3168.0,329.0,118566.0
1230,3244.0,-16844.0,-1004.0,-3088.0,3687.0,2726.0,252.0,118572.0
1231,3704.0,-16804.0,-1060.0,-3088.0,3841.0,2519.0,179.0,118578.0
1232,3988.0,-16700.0,-776.0,-3072.0,4006.0,2536.0,170.0,118584.0
1233,4272.0,-16348.0,-788.0,-3072.0,4148.0,2545.0,209.0,118590.0
1234,4552.0,-16164.0,-752.0,-3088.0,4290.0,2556.0,296.0,118596.0
1235,4868.0,-16020.0,-828.0,-3056.0,4438.0,2448.0,372.0,118602.0
1236,5228.0,-15720.0,-812.0,-3088.0,4573.0,2187.0,501.0,118608.0
1237,5416.0,-15768.0,-548.0,-3056.0,4710.0,1992.0,629.0,118615.0
1238,5772.0,-15688.0,-376.0,-3056.0,4830.0,1945.0,827.0,118620.0
1239,5748.0,-15764.0,-80.0,-3072.0,4901.0,1997.0,982.0,118626.0
1240,5688.0,-15980.0,-104.0,-3056.0,4988.0,2149.0,1165.0,118632.0
1241,5516.0,-15748.0,84.0,-3040.0,5043.0,2228.0,1319.0,118638.0
1242,5308.0,-15792.0,272.0,-3040.0,5072.0,2256.0,1432.0,118644.0
1243,5124.0,-15948.0,312.0,-3040.0,5133.0,2290.0,1501.0,118650.0
1244,4732.0,-16088.0,548.0,-3104.0,5178.0,2245.0,1583.0,118657.0
1245,4252.0,-16136.0,496.0,-3088.0,5195.0,2258.0,1558.0,118662.0
1246,3968.0,-16224.0,544.0,-3056.0,5245.0,2236.0,1585.0,118668.0
1247,3852.0,-16288.0,692.0,-3024.0,5264.0,2153.0,1553.0,118674.0
1248,3628.0,-16272.0,884.0,-3104.0,5271.0,2051.0,1533.0,118680.0
1249,3812.0,-16232.0,1168.0,-3072.0,5287.0,1964.0,1487.0,118686.0
1250,3780.0,-16148.0,1260.0,-3088.0,5263.0,1904.0,1449.0,118692.0
1251,3960.0,-16108.0,1172.0,-3104.0,5259.0,1888.0,1400.0,118699.0
1252,3940.0,-16152.0,1376.0,-3024.0,5236.0,1891.0,1359.0,118705.0
1253,4084.0,-16020.0,1544.0,-3056.0,5209.0,1967.0,1358.0,118711.0
1254,4040.0,-15956.0,1752.0,-3040.0,5184.0,2075.0,1373.0,118717.0
1255,4228.0,-15908.0,1660.0,-3088.0,5133.0,2216.0,1297.0,118723.0
1256,4016.0,-15812.0,1700.0,-3072.0,5194.0,2286.0,1280.0,118728.0
1257,3980.0,-15980.0,1804.0,-3088.0,5150.0,2381.0,1289.0,118734.0
1258,4052.0,-16244.0,1768.0,-3072.0,5190.0,2451.0,1257.0,118740.0
1259,4148.0,-16472.0,1720.0,-3056.0,5236.0,2649.0,1303.0,118747.0
1260,4276.0,-16672.0,1544.0,-3088.0,5380.0,2838.0,1354.0,118753.0
1261,4280.0,-16584.0,1232.0,-3104.0,5570.0,2888.0,1429.0,118759.0
1262,5288.0,-17592.0,1288.0,-3088.0,5844.0,3128.0,1258.0,118765.0
1263,6184.0,-15636.0,172.0,-3056.0,6082.0,3078.0,1212.0,118771.0
1264,4644.0,-16264.0,944.0,-3072.0,6389.0,3104.0,1995.0,118777.0
1265,4148.0,-16568.0,2024.0,-3056.0,6645.0,3323.0,1970.0,118784.0
1266,2780.0,-17132.0,1736.0,-3056.0,6831.0,3143.0,2279.0,118790.0
1267,5704.0,-16328.0,1708.0,-3072.0,7138.0,2609.0,2577.0,118796.0
1268,4316.0,-16628.0,1912.0,-3056.0,7256.0,2750.0,2543.0,118802.0
1269,5080.0,-17108.0,1940.0,-3072.0,7448.0,2316.0,2966.0,118808.0
1270,4952.0,-16976.0,2148.0,-3088.0,7611.0,2260.0,3122.0,118813.0
1271,4532.0,-16816.0,2252.0,-3072.0,7735.0,2250.0,3152.0,118819.0
1272,3812.0,-16872.0,2620.0,-3056.0,7884.0,2118.0,3280.0,118825.0
1273,3552.0,-16984.0,2856.0,-3056.0,7992.0,1998.0,3532.0,118832.0
1274,3056.0,-17228.0,2956.0,-3072.0,8132.0,2006.0,3800.0,118838.0
1275,2612.0,-17388.0,3036.0,-3088.0,8261.0,1938.0,4134.0,118844.0
1276,2404.0,-17644.0,3184.0,-3072.0,8415.0,1855.0,4315.0,118850.0
1277,2476.0,-17936.0,3276.0,-3088.0,8580.0,1668.0,4421.0,118856.0
1278,2584.0,-18048.0,3240.0,-3072.0,8773.0,1377.0,4492.0,118862.0
1279,3040.0,-18412.0,3348.0,-3072.0,8949.0,1185.0,4602.0,118868.0
1280,3584.0,-18828.0,3236.0,-3088.0,9122.0,1087.0,4795.0,118875.0
1281,4148.0,-19172.0,3168.0,-3040.0,9335.0,1209.0,5031.0,118881.0
1282,4504.0,-19472.0,3340.0,-3088.0,9481.0,1407.0,5291.0,118887.0
1283,4580.0,-19760.0,3076.0,-3088.0,9658.0,1646.0,5530.0,118893.0
1284,4064.0,-20392.0,3680.0,-3088.0,9802.0,1891.0,5931.0,118899.0
1285,3580.0,-21232.0,4092.0,-3104.0,9897.0,1977.0,6437.0,118905.0
1286,3720.0,-22172.0,4224.0,-3040.0,10029.0,1662.0,6830.0,118910.0
1287,4620.0,-22452.0,3252.0,-3072.0,10204.0,1546.0,6923.0,118917.0
1288,5560.0,-21912.0,2760.0,-3056.0,10462.0,1780.0,6909.0,118923.0
1289,5800.0,-22008.0,2728.0,-3072.0,10715.0,2316.0,6921.0,118929.0
1290,5304.0,-22532.0,3288.0,-3088.0,10986.0,3024.0,6972.0,118935.0
1291,4020.0,-22812.0,2840.0,-3088.0,11248.0,3707.0,7193.0,118941.0
1292,2716.0,-23032.0,2740.0,-3072.0,11593.0,4170.0,7467.0,118947.0
1293,1360.0,-23128.0,2704.0,-3088.0,11897.0,4343.0,7877.0,118953.0
1294,516.0,-23680.0,2532.0,-3040.0,12224.0,4226.0,8198.0,118960.0
1295,720.0,-23736.0,2160.0,-3088.0,12560.0,3916.0,8506.0,118966.0
1296,1404.0,-23716.0,1376.0,-3040.0,12917.0,3700.0,8689.0,118972.0
1297,2504.0,-23640.0,976.0,-3056.0,13410.0,3646.0,8862.0,118978.0
1298,4012.0,-23660.0,804.0,-3040.0,13608.0,3802.0,8795.0,118984.0
1299,5792.0,-23984.0,1128.0,-3056.0,14141.0,3998.0,8578.0,118990.0
1300,7416.0,-24412.0,604.0,-3072.0,14456.0,4367.0,8150.0,118996.0
1301,9696.0,-25328.0,1972.0,-3056.0,15011.0,5300.0,7595.0,119003.0
1302,10276.0,-25924.0,-340.0,-3040.0,15259.0,6691.0,7568.0,119009.0
1303,10996.0,-26192.0,-3032.0,-3040.0,15453.0,8623.0,7496.0,119015.0
1304,10464.0,-25292.0,-5284.0,-3088.0,15593.0,10197.0,7641.0,119021.0
1305,9264.0,-23304.0,-7512.0,-3072.0,15505.0,11411.0,7828.0,119027.0
1306,7912.0,-21760.0,-8400.0,-3072.0,15165.0,12190.0,7891.0,119033.0
1307,6520.0,-20628.0,-8756.0,-3056.0,14801.0,12477.0,7711.0,119040.0
1308,5656.0,-19208.0,-8404.0,-3056.0,14247.0,12321.0,7491.0,119046.0
1309,4596.0,-17452.0,-7728.0,-3056.0,13540.0,11968.0,7183.0,119052.0
1310,3692.0,-15860.0,-6748.0,-3088.0,12589.0,11284.0,6847.0,119058.0
1311,2760.0,-14572.0,-3972.0,-3088.0,11725.0,10221.0,6451.0,119065.0
1312,2620.0,-13992.0,428.0,-3088.0,11213.0,9216.0,6151.0,119071.0
1313,2252.0,-14436.0,6612.0,-3072.0,11123.0,8332.0,6088.0,119077.0
1314,1580.0,-15836.0,10644.0,-3104.0,11373.0,7456.0,5983.0,119084.0
1315,212.0,-17216.0,11924.0,-3056.0,11596.0,6846.0,5721.0,119090.0
1316,-1056.0,-17624.0,10644.0,-3072.0,11562.0,5779.0,5005.0,119096.0
1317,-932.0,-16660.0,9100.0,-3072.0,11262.0,3572.0,4018.0,119102.0
1318,208.0,-16044.0,8160.0,-3056.0,11213.0,1601.0,3182.0,119108.0
1319,2384.0,-15104.0,6464.0,-3072.0,11261.0,1095.0,2632.0,119114.0
1320,3392.0,-12808.0,3284.0,-3056.0,10871.0,1564.0,2185.0,119120.0
1321,4676.0,-9448.0,1040.0,-3056.0,9849.0,2330.0,1705.0,119126.0
1322,6784.0,-7488.0,1528.0,-3056.0,9297.0,3716.0,1073.0,119132.0
1323,9688.0,-2992.0,-3432.0,-3040.0,7190.0,6608.0,659.0,119138.0
1324,10256.0,-1616.0,-5068.0,-3072.0,4524.0,10528.0,-299.0,119144.0
1325,7740.0,-2552.0,-6188.0,-3088.0,2154.0,13980.0,-737.0,119150.0
1326,5380.0,-2864.0,-7108.0,-3056.0,311.0,15771.0,-844.0,119156.0
1327,3292.0,-2368.0,-7404.0,-3040.0,-1456.0,16408.0,-983.0,119162.0
1328,1488.0,-2368.0,-7048.0,-3024.0,-3082.0,16016.0,-1052.0,119169.0
1329,-608.0,-3272.0,-5756.0,-3072.0,-4299.0,15322.0,-986.0,119175.0
1330,-2152.0,-4224.0,-5160.0,-3056.0,-5415.0,14599.0,-1037.0,119181.0
1331,-3280.0,-4396.0,-5004.0,-3072.0,-6627.0,13661.0,-1394.0,119187.0
1332,-4024.0,-4200.0,-4856.0,-3056.0,-7888.0,12319.0,-2036.0,119193.0
1333,-3796.0,-3748.0,-4840.0,-3056.0,-9215.0,10401.0,-3033.0,119199.0
1334,-3600.0,-3172.0,-4672.0,-3072.0,-10614.0,8041.0,-4205.0,119205.0
1335,-3084.0,-3312.0,-4064.0,-3056.0,-11967.0,5630.0,-5251.0,119212.0
1336,-2300.0,-3848.0,-2920.0,-3056.0,-13199.0,3542.0,-6127.0,119218.0
1337,-1628.0,-4388.0,-2456.0,-3040.0,-14359.0,2085.0,-6891.0,119224.0
1338,-816.0,-4808.0,-2256.0,-3072.0,-15589.0,1222.0,-7649.0,119230.0
1339,4.0,-5236.0,-2548.0,-3088.0,-16900.0,734.0,-8440.0,119236.0
1340,564.0,-5332.0,-2820.0,-3040.0,-18414.0,458.0,-8858.0,119241.0
1341,2304.0,-6348.0,-3268.0,-3056.0,-19666.0,531.0,-9891.0,119247.0
1342,760.0,-7260.0,-3120.0,-3072.0,-20575.0,-161.0,-11659.0,119254.0
1343,196.0,-7928.0,-2644.0,-3056.0,-21569.0,-915.0,-11577.0,119260.0
1344,1072.0,-8344.0,-2360.0,-3056.0,-22661.0,-1419.0,-11683.0,119266.0
1345,2216.0,-9284.0,-2096.0,-3056.0,-23792.0,-1703.0,-12174.0,119272.0
1346,2764.0,-10364.0,-1900.0,-3056.0,-24770.0,-1669.0,-12743.0,119278.0
1347,3376.0,-11404.0,-2100.0,-3088.0,-25741.0,-1348.0,-13345.0,119284.0
1348,3944.0,-12436.0,-1952.0,-3088.0,-26665.0,-835.0,-13883.0,119290.0
1349,4128.0,-14116.0,-1420.0,-3088.0,-27383.0,-192.0,-14199.0,119297.0
1350,4020.0,-15292.0,-1172.0,-3056.0,-27927.0,694.0,-14310.0,119303.0
1351,3052.0,-16460.0,-572.0,-3072.0,-28280.0,1505.0,-14482.0,119309.0
1352,1932.0,-17528.0,432.0,-3072.0,-28464.0,1912.0,-14642.0,119316.0
1353,232.0,-18288.0,1308.0,-3072.0,-28591.0,1820.0,-14868.0,119322.0
1354,-844.0,-18936.0,1780.0,-3104.0,-28673.0,1193.0,-15089.0,119328.0
1355,-1332.0,-19564.0,1976.0,-3056.0,-28821.0,211.0,-15326.0,119334.0
1356,-1132.0,-20428.0,2000.0,-3088.0,-29017.0,-969.0,-15631.0,119341.0
1357,-396.0,-21808.0,2316.0,-3072.0,-29166.0,-2171.0,-16153.0,119347.0
1358,-56.0,-22896.0,2964.0,-3056.0,-29357.0,-3230.0,-16703.0,119353.0
1359,564.0,-24020.0,3456.0,-3040.0,-29464.0,-4145.0,-17312.0,119359.0
1360,1232.0,-24912.0,4440.0,-3056.0,-29610.0,-4816.0,-18133.0,119365.0
1361,1488.0,-25864.0,5496.0,-3040.0,-29574.0,-5354.0,-18982.0,119372.0
1362,1560.0,-26696.0,6240.0,-3056.0,-29427.0,-5939.0,-19806.0,119378.0
1363,1976.0,-27416.0,7384.0,-3072.0,-29135.0,-6517.0,-20499.0,119385.0
1364,2316.0,-28344.0,8280.0,-3072.0,-28637.0,-6918.0,-20952.0,119391.0
1365,3640.0,-28972.0,9172.0,-3056.0,-27989.0,-6708.0,-21172.0,119398.0
1366,6128.0,-28760.0,8768.0,-3040.0,-27543.0,-5172.0,-20995.0,119404.0
1367,8488.0,-28920.0,8576.0,-3056.0,-26892.0,-2648.0,-20124.0,119410.0
1368,10588.0,-28960.0,9096.0,-3056.0,-25984.0,814.0,-18673.0,119416.0
1369,11380.0,-29084.0,10492.0,-3056.0,-24859.0,4874.0,-16926.0,119422.0
1370,7876.0,-28916.0,10604.0,-3088.0,-23826.0,8893.0,-15035.0,119430.0
1371,15476.0,-26884.0,11300.0,-3088.0,-23076.0,15142.0,-10273.0,119436.0
1372,11928.0,-27472.0,12428.0,-3056.0,-21576.0,22279.0,-12625.0,119442.0
1373,7328.0,-27216.0,13556.0,-3072.0,-19895.0,28486.0,-11329.0,119449.0
1374,5068.0,-25568.0,14220.0,-3072.0,-18397.0,32767.0,-10659.0,119455.0
1375,3040.0,-25560.0,15036.0,-3040.0,-16696.0,32767.0,-10379.0,119461.0
1376,-352.0,-26324.0,15436.0,-3072.0,-14429.0,32767.0,-10616.0,119469.0
1377,-4628.0,-26548.0,16004.0,-3072.0,-11813.0,32767.0,-10291.0,119475.0
1378,-9000.0,-26620.0,17748.0,-3104.0,-8861.0,32767.0,-8908.0,119481.0
1379,-12432.0,-26640.0,19748.0,-3072.0,-5372.0,32767.0,-6891.0,119487.0
1380,-17808.0,-26576.0,19944.0,-3072.0,-1859.0,32767.0,-4033.0,119494.0
1381,-22632.0,-25244.0,15860.0,-3072.0,842.0,32767.0,-396.0,119500.0
1382,-28148.0,-23548.0,12836.0,-3088.0,3100.0,32767.0,2859.0,119506.0
1383,-32768.0,-21676.0,9764.0,-3072.0,4937.0,32767.0,6440.0,119513.0
1384,-32768.0,-22808.0,8072.0,-3040.0,5980.0,29575.0,9443.0,119519.0
1385,-32768.0,-26232.0,5268.0,-3040.0,6412.0,21444.0,10284.0,119525.0
1386,-32768.0,-30868.0,-1756.0,-3056.0,6219.0,11195.0,7240.0,119532.0
1387,-25164.0,-32768.0,-11732.0,-3088.0,6140.0,-2121.0,-300.0,119538.0
1388,-8556.0,-32768.0,-16940.0,-3072.0,7271.0,-15847.0,-4793.0,119544.0
1389,-2532.0,-32768.0,-9624.0,-3104.0,10061.0,-26800.0,-1700.0,119550.0
1390,-264.0,-29060.0,-1684.0,-3104.0,11583.0,-31283.0,2455.0,119558.0
1391,3012.0,-14492.0,2236.0,-3056.0,10210.0,-28438.0,2931.0,119564.0
1392,7356.0,-9396.0,3064.0,-3056.0,8299.0,-23361.0,1263.0,119570.0
1393,12492.0,-9028.0,2272.0,-3072.0,7199.0,-20414.0,-326.0,119576.0
