id,AcX,AcY,AcZ,Tmp,GyX,GyY,GyZ,Timer
0,-9600.0,-19528.0,7632.0,-2832.0,-3336.0,744.0,-729.0,49703.0
1,-8996.0,-19576.0,8156.0,-2816.0,-2149.0,-1198.0,-234.0,49710.0
2,-7980.0,-19632.0,8536.0,-2864.0,-962.0,-2937.0,222.0,49716.0
3,-6512.0,-19376.0,8548.0,-2832.0,136.0,-4267.0,646.0,49721.0
4,-4872.0,-19204.0,8584.0,-2832.0,1182.0,-4989.0,1072.0,49727.0
5,-3832.0,-19212.0,8860.0,-2832.0,2177.0,-5264.0,1499.0,49733.0
6,-2852.0,-19264.0,9328.0,-2848.0,3136.0,-5186.0,1946.0,49739.0
7,-2080.0,-19376.0,9600.0,-2864.0,4125.0,-4970.0,2440.0,49745.0
8,-1536.0,-19548.0,9752.0,-2848.0,5197.0,-4790.0,2975.0,49752.0
9,-720.0,-19732.0,9980.0,-2864.0,6289.0,-4632.0,3566.0,49758.0
10,-120.0,-19804.0,10140.0,-2832.0,7429.0,-4353.0,4179.0,49764.0
11,1288.0,-20144.0,9416.0,-2848.0,8310.0,-3869.0,4501.0,49770.0
12,7528.0,-18548.0,9364.0,-2832.0,9047.0,-2727.0,3530.0,49776.0
13,23444.0,-13520.0,-652.0,-2816.0,7760.0,-1785.0,-287.0,49782.0
14,32767.0,-8396.0,-27220.0,-2816.0,2162.0,-1132.0,-7657.0,49787.0
15,32767.0,-18068.0,-32768.0,-2800.0,-746.0,-2085.0,-11561.0,49794.0
16,29808.0,-32768.0,-24712.0,-2864.0,3864.0,2347.0,-811.0,49800.0
17,-80.0,-30580.0,-5576.0,-2816.0,7609.0,15867.0,9480.0,49806.0
18,-25012.0,-26360.0,4788.0,-2832.0,8439.0,25805.0,9136.0,49812.0
19,-26220.0,-25512.0,11680.0,-2848.0,7920.0,19988.0,7426.0,49818.0
20,-13012.0,-31396.0,11792.0,-2816.0,9919.0,3327.0,1785.0,49824.0
21,-744.0,-31652.0,8260.0,-2848.0,12196.0,-9112.0,-325.0,49830.0
22,7564.0,-23380.0,2460.0,-2816.0,12914.0,-10601.0,1085.0,49837.0
23,10328.0,-13692.0,-2088.0,-2848.0,11814.0,-6271.0,1728.0,49843.0
24,8068.0,-11388.0,-3392.0,-2832.0,10901.0,-3513.0,64.0,49849.0
25,5092.0,-12564.0,-1264.0,-2832.0,10267.0,-3232.0,-404.0,49855.0
26,4900.0,-16724.0,608.0,-2832.0,9990.0,-2679.0,471.0,49861.0
27,7280.0,-19016.0,432.0,-2864.0,10302.0,-1866.0,925.0,49867.0
28,8788.0,-19720.0,-500.0,-2864.0,10486.0,-1555.0,2551.0,49873.0
29,11124.0,-19328.0,-2256.0,-2848.0,10833.0,-330.0,2088.0,49880.0
30,8220.0,-18456.0,-2544.0,-2832.0,11023.0,1349.0,2203.0,49886.0
31,4908.0,-16716.0,-1444.0,-2848.0,10818.0,3261.0,2650.0,49892.0
32,1276.0,-14488.0,-84.0,-2864.0,10068.0,5169.0,2588.0,49898.0
33,-1372.0,-14036.0,-28.0,-2816.0,9155.0,5980.0,2261.0,49904.0
34,-708.0,-14520.0,-936.0,-2848.0,8404.0,5501.0,1807.0,49909.0
35,216.0,-15564.0,-1660.0,-2816.0,7991.0,4343.0,636.0,49915.0
36,608.0,-16308.0,-2288.0,-2816.0,7801.0,3266.0,-218.0,49922.0
37,460.0,-16264.0,-2916.0,-2880.0,7746.0,2332.0,-942.0,49928.0
38,-160.0,-15980.0,-2668.0,-2848.0,7690.0,1168.0,-1493.0,49934.0
39,-192.0,-15728.0,-2304.0,-2848.0,7564.0,-250.0,-1808.0,49940.0
40,1296.0,-15392.0,-2360.0,-2848.0,7339.0,-1520.0,-1836.0,49945.0
41,4244.0,-15364.0,-2540.0,-2832.0,7076.0,-2117.0,-1752.0,49951.0
42,6716.0,-16356.0,-2712.0,-2848.0,7100.0,-1911.0,-1692.0,49957.0
43,7648.0,-16536.0,-2764.0,-2832.0,7237.0,-897.0,-1369.0,49964.0
44,7984.0,-15992.0,-2664.0,-2864.0,7288.0,379.0,-1004.0,49970.0
45,7680.0,-15524.0,-2496.0,-2848.0,7231.0,1665.0,-582.0,49976.0
46,7136.0,-15260.0,-2176.0,-2848.0,7168.0,2722.0,-207.0,49982.0
47,5928.0,-15420.0,-1584.0,-2800.0,7099.0,3460.0,37.0,49988.0
48,4812.0,-15772.0,-1096.0,-2864.0,7035.0,3792.0,144.0,49994.0
49,4000.0,-16092.0,-1264.0,-2832.0,6998.0,3813.0,80.0,49999.0
50,3604.0,-15988.0,-1588.0,-2832.0,7002.0,3629.0,-60.0,50006.0
51,3844.0,-15768.0,-1704.0,-2832.0,6942.0,3207.0,-221.0,50012.0
52,4088.0,-16128.0,-1320.0,-2848.0,6954.0,2813.0,-241.0,50018.0
53,4428.0,-17280.0,-996.0,-2816.0,7299.0,2914.0,-123.0,50024.0
54,5060.0,-17680.0,-2036.0,-2848.0,7757.0,3274.0,-36.0,50030.0
55,6108.0,-16704.0,-2328.0,-2848.0,8115.0,3412.0,57.0,50035.0
56,6736.0,-15188.0,-1868.0,-2848.0,8013.0,3637.0,294.0,50041.0
57,6268.0,-14524.0,-1144.0,-2816.0,7698.0,4250.0,410.0,50048.0
58,5336.0,-15292.0,-172.0,-2800.0,7545.0,5045.0,519.0,50054.0
59,4932.0,-16580.0,-716.0,-2864.0,7652.0,5565.0,540.0,50060.0
60,5068.0,-16664.0,-1592.0,-2880.0,7848.0,5696.0,574.0,50066.0
61,5384.0,-15456.0,-1196.0,-2832.0,7679.0,5571.0,634.0,50072.0
62,5172.0,-15176.0,-316.0,-2832.0,7308.0,5782.0,698.0,50077.0
63,4564.0,-15792.0,-304.0,-2832.0,7137.0,6137.0,724.0,50083.0
64,4208.0,-16260.0,-892.0,-2848.0,7125.0,6049.0,771.0,50089.0
65,4108.0,-15740.0,-1180.0,-2816.0,7081.0,5555.0,845.0,50096.0
66,4544.0,-14996.0,-636.0,-2848.0,6826.0,5205.0,858.0,50102.0
67,4248.0,-15048.0,120.0,-2848.0,6559.0,4865.0,896.0,50107.0
68,4092.0,-15404.0,300.0,-2848.0,6379.0,4556.0,937.0,50113.0
69,4172.0,-15680.0,196.0,-2832.0,6251.0,4388.0,956.0,50119.0
70,4344.0,-15784.0,380.0,-2864.0,6120.0,4078.0,954.0,50125.0
71,4756.0,-15652.0,568.0,-2816.0,5973.0,3988.0,936.0,50131.0
72,4964.0,-15724.0,612.0,-2848.0,5901.0,4023.0,1034.0,50137.0
73,4920.0,-15664.0,504.0,-2880.0,5783.0,4174.0,1130.0,50143.0
74,4584.0,-15528.0,660.0,-2816.0,5644.0,4358.0,1250.0,50149.0
75,4672.0,-15296.0,808.0,-2848.0,5502.0,4473.0,1392.0,50155.0
76,4392.0,-15888.0,860.0,-2816.0,5434.0,4596.0,1363.0,50161.0
77,4296.0,-15888.0,852.0,-2880.0,5304.0,4524.0,1330.0,50166.0
78,4436.0,-16092.0,612.0,-2848.0,5255.0,4386.0,1343.0,50172.0
79,4652.0,-15992.0,660.0,-2816.0,5156.0,4305.0,1437.0,50179.0
80,4784.0,-15952.0,636.0,-2848.0,5110.0,4418.0,1425.0,50185.0
81,4600.0,-16096.0,656.0,-2832.0,5024.0,4580.0,1485.0,50191.0
82,4224.0,-16020.0,916.0,-2832.0,4959.0,4696.0,1602.0,50197.0
83,3984.0,-16196.0,1344.0,-2832.0,4922.0,4596.0,1594.0,50203.0
84,4100.0,-16268.0,1100.0,-2832.0,4838.0,4380.0,1528.0,50208.0
85,4136.0,-16024.0,1052.0,-2848.0,4776.0,4090.0,1463.0,50214.0
86,4464.0,-16164.0,1196.0,-2848.0,4755.0,3897.0,1465.0,50221.0
87,4472.0,-16144.0,1184.0,-2816.0,4736.0,3839.0,1438.0,50227.0
88,4656.0,-16344.0,1368.0,-2864.0,4742.0,3803.0,1458.0,50233.0
89,4600.0,-16336.0,1296.0,-2832.0,4771.0,3871.0,1517.0,50239.0
90,4456.0,-16400.0,1404.0,-2848.0,4794.0,3999.0,1579.0,50245.0
91,4524.0,-16768.0,1480.0,-2848.0,4883.0,4171.0,1553.0,50251.0
92,4280.0,-16884.0,1300.0,-2848.0,4972.0,4234.0,1556.0,50256.0
93,4376.0,-16836.0,1412.0,-2832.0,5065.0,4286.0,1584.0,50263.0
94,3940.0,-16984.0,1204.0,-2832.0,5177.0,4363.0,1573.0,50269.0
95,4072.0,-17292.0,1404.0,-2832.0,5311.0,4451.0,1507.0,50275.0
96,7664.0,-19420.0,2404.0,-2848.0,5530.0,4853.0,849.0,50281.0
97,7704.0,-16324.0,504.0,-2848.0,5511.0,4631.0,568.0,50287.0
98,6584.0,-16520.0,940.0,-2848.0,5609.0,5447.0,1363.0,50293.0
99,4624.0,-16468.0,1772.0,-2848.0,5658.0,6030.0,1151.0,50298.0
100,3380.0,-16652.0,2512.0,-2848.0,5787.0,6143.0,1552.0,50305.0
101,2852.0,-16640.0,2340.0,-2864.0,5937.0,5946.0,1566.0,50311.0
102,2504.0,-16748.0,2304.0,-2832.0,6112.0,5905.0,1729.0,50317.0
103,2052.0,-16928.0,2372.0,-2832.0,6283.0,5660.0,1726.0,50323.0
104,1888.0,-17308.0,2176.0,-2848.0,6506.0,5305.0,1836.0,50329.0
105,1432.0,-17256.0,2136.0,-2848.0,6762.0,4899.0,1887.0,50335.0
106,848.0,-17532.0,2468.0,-2832.0,6981.0,4306.0,1992.0,50340.0
107,700.0,-17932.0,2604.0,-2864.0,7214.0,3798.0,2130.0,50347.0
108,724.0,-18048.0,2700.0,-2832.0,7462.0,3363.0,2227.0,50353.0
109,964.0,-17880.0,2720.0,-2800.0,7702.0,2991.0,2397.0,50359.0
110,1076.0,-17944.0,2500.0,-2864.0,7996.0,2657.0,2634.0,50365.0
111,1188.0,-18108.0,2712.0,-2800.0,8280.0,2343.0,2864.0,50371.0
112,1508.0,-18276.0,3076.0,-2832.0,8499.0,1940.0,3085.0,50377.0
113,1588.0,-18672.0,2920.0,-2848.0,8793.0,1674.0,3301.0,50382.0
114,1472.0,-18844.0,2976.0,-2848.0,9100.0,1402.0,3465.0,50388.0
115,1584.0,-18900.0,3084.0,-2864.0,9364.0,1087.0,3718.0,50395.0
116,1896.0,-18844.0,3340.0,-2864.0,9618.0,896.0,3935.0,50401.0
117,2076.0,-19084.0,3436.0,-2832.0,9847.0,804.0,4196.0,50407.0
118,2260.0,-19176.0,3340.0,-2864.0,10107.0,754.0,4459.0,50413.0
119,2360.0,-19140.0,3424.0,-2832.0,10359.0,732.0,4722.0,50419.0
120,2484.0,-19308.0,3260.0,-2880.0,10652.0,752.0,4986.0,50424.0
121,2540.0,-19288.0,3344.0,-2880.0,10904.0,741.0,5267.0,50430.0
122,2180.0,-19456.0,3552.0,-2832.0,11186.0,787.0,5511.0,50437.0
123,1908.0,-19568.0,3340.0,-2864.0,11481.0,752.0,5824.0,50443.0
124,1880.0,-19484.0,3460.0,-2832.0,11769.0,640.0,6098.0,50449.0
125,2100.0,-19716.0,3196.0,-2864.0,12088.0,519.0,6404.0,50455.0
126,2560.0,-20032.0,3188.0,-2848.0,12477.0,425.0,6709.0,50461.0
127,3104.0,-20332.0,2980.0,-2848.0,12821.0,427.0,6991.0,50467.0
128,3948.0,-20324.0,2896.0,-2832.0,13124.0,483.0,7270.0,50472.0
129,4444.0,-20668.0,2752.0,-2864.0,13615.0,766.0,7513.0,50479.0
130,5400.0,-20992.0,2960.0,-2848.0,13969.0,1069.0,7729.0,50485.0
131,5856.0,-21276.0,2748.0,-2848.0,14259.0,1561.0,7951.0,50491.0
132,5472.0,-21880.0,2612.0,-2832.0,14598.0,2297.0,8262.0,50497.0
133,3456.0,-22108.0,3368.0,-2848.0,14764.0,3044.0,9009.0,50503.0
134,2636.0,-24276.0,3912.0,-2832.0,14790.0,2702.0,9777.0,50509.0
135,3736.0,-26316.0,3268.0,-2816.0,15000.0,2239.0,10343.0,50515.0
136,5576.0,-26192.0,2768.0,-2832.0,15425.0,2409.0,10465.0,50522.0
137,7188.0,-25700.0,1552.0,-2848.0,15797.0,3062.0,10482.0,50528.0
138,8244.0,-27300.0,620.0,-2864.0,16184.0,4149.0,10536.0,50534.0
139,8924.0,-29016.0,-644.0,-2848.0,16614.0,5620.0,10681.0,50540.0
140,9308.0,-30236.0,-2104.0,-2864.0,17087.0,7209.0,10830.0,50546.0
141,9032.0,-31004.0,-3648.0,-2864.0,17465.0,8665.0,10840.0,50552.0
142,8532.0,-31316.0,-5336.0,-2848.0,17834.0,9394.0,10595.0,50558.0
143,7612.0,-31088.0,-8188.0,-2832.0,17970.0,9877.0,10364.0,50565.0
144,7120.0,-30648.0,-11864.0,-2864.0,17945.0,10491.0,10342.0,50571.0
145,7024.0,-29872.0,-14348.0,-2864.0,17700.0,11246.0,10756.0,50577.0
146,5892.0,-28436.0,-15308.0,-2848.0,17271.0,11679.0,11061.0,50583.0
147,3260.0,-27016.0,-14020.0,-2864.0,16906.0,11315.0,11649.0,50589.0
148,-364.0,-25356.0,-8636.0,-2816.0,16709.0,9944.0,12309.0,50595.0
149,-3388.0,-24440.0,-1620.0,-2864.0,16690.0,7431.0,12777.0,50601.0
150,-6016.0,-24932.0,6800.0,-2832.0,17157.0,3287.0,13191.0,50608.0
151,-6732.0,-24940.0,10700.0,-2848.0,17275.0,-1489.0,13120.0,50614.0
152,-5676.0,-23888.0,6788.0,-2816.0,16032.0,-7506.0,11894.0,50620.0
153,-1872.0,-22524.0,2380.0,-2848.0,14700.0,-13752.0,10253.0,50626.0
154,2216.0,-20340.0,-1852.0,-2848.0,12920.0,-18209.0,8393.0,50632.0
155,5612.0,-18988.0,-4088.0,-2832.0,11262.0,-20374.0,6761.0,50638.0
156,7208.0,-20492.0,-608.0,-2800.0,11060.0,-20696.0,5858.0,50644.0
157,7848.0,-21344.0,2348.0,-2832.0,12113.0,-18527.0,6562.0,50651.0
158,7848.0,-19088.0,1936.0,-2832.0,13077.0,-14825.0,7477.0,50657.0
159,8676.0,-15648.0,1184.0,-2864.0,13475.0,-10830.0,8005.0,50663.0
160,9044.0,-12636.0,1256.0,-2848.0,12768.0,-7038.0,7848.0,50669.0
161,8316.0,-9956.0,684.0,-2864.0,11268.0,-4216.0,7715.0,50675.0
162,6472.0,-9396.0,1080.0,-2880.0,9912.0,-2655.0,7438.0,50681.0
163,6316.0,-9608.0,2020.0,-2816.0,8659.0,-2032.0,6807.0,50688.0
164,6616.0,-10252.0,2112.0,-2848.0,7706.0,-947.0,6282.0,50694.0
165,6772.0,-9660.0,684.0,-2848.0,6480.0,674.0,6007.0,50700.0
166,6420.0,-8324.0,-2048.0,-2848.0,4967.0,2085.0,5816.0,50706.0
167,5984.0,-7176.0,-4188.0,-2848.0,3417.0,2593.0,5472.0,50711.0
168,5712.0,-5444.0,-5740.0,-2848.0,1788.0,2122.0,4961.0,50717.0
169,5540.0,-3724.0,-6368.0,-2848.0,125.0,1497.0,4249.0,50723.0
170,4748.0,-2004.0,-6760.0,-2848.0,-1688.0,938.0,3544.0,50729.0
171,4148.0,-540.0,-6708.0,-2848.0,-3589.0,415.0,2949.0,50736.0
172,3788.0,560.0,-6884.0,-2864.0,-5606.0,24.0,2363.0,50741.0
173,3604.0,592.0,-6380.0,-2848.0,-7500.0,-104.0,1862.0,50747.0
174,3136.0,8.0,-5628.0,-2832.0,-9159.0,-105.0,1407.0,50753.0
175,2724.0,-552.0,-4836.0,-2848.0,-10692.0,-151.0,1006.0,50759.0
176,2264.0,-1164.0,-4136.0,-2864.0,-12161.0,-319.0,606.0,50764.0
177,1984.0,-1676.0,-4028.0,-2832.0,-13692.0,-532.0,123.0,50770.0
178,1700.0,-1996.0,-3816.0,-2832.0,-15225.0,-815.0,-425.0,50777.0
179,1508.0,-1880.0,-4032.0,-2864.0,-16883.0,-1144.0,-932.0,50783.0
180,876.0,-1400.0,-5096.0,-2832.0,-18202.0,-1876.0,-1476.0,50789.0
181,28.0,-3240.0,-4476.0,-2848.0,-19786.0,-2661.0,-1873.0,50795.0
182,-476.0,-3712.0,-4644.0,-2848.0,-21263.0,-3534.0,-2267.0,50800.0
183,-916.0,-4412.0,-4432.0,-2832.0,-22632.0,-4525.0,-2711.0,50806.0
184,-696.0,-5224.0,-4480.0,-2832.0,-23975.0,-5566.0,-3029.0,50812.0
185,-84.0,-5968.0,-4344.0,-2848.0,-25263.0,-6313.0,-3373.0,50819.0
186,540.0,-6752.0,-3924.0,-2848.0,-26538.0,-6888.0,-3700.0,50825.0
187,1300.0,-7480.0,-3512.0,-2848.0,-27719.0,-7399.0,-4085.0,50831.0
188,2128.0,-8132.0,-3160.0,-2864.0,-28904.0,-7774.0,-4545.0,50837.0
189,2856.0,-8672.0,-3052.0,-2848.0,-30067.0,-7831.0,-5028.0,50843.0
190,3468.0,-9588.0,-2808.0,-2864.0,-31193.0,-7714.0,-5477.0,50849.0
191,3992.0,-10624.0,-2764.0,-2848.0,-32278.0,-7430.0,-5800.0,50855.0
192,4764.0,-11648.0,-2788.0,-2848.0,-32768.0,-7116.0,-6652.0,50862.0
193,4092.0,-12828.0,-2576.0,-2832.0,-32768.0,-6891.0,-5721.0,50868.0
194,6088.0,-13596.0,-2584.0,-2816.0,-32768.0,-6006.0,-6576.0,50874.0
195,4224.0,-14612.0,-2052.0,-2848.0,-32768.0,-5584.0,-7332.0,50880.0
196,3380.0,-15896.0,-1784.0,-2864.0,-32768.0,-5479.0,-7122.0,50886.0
197,3432.0,-16852.0,-1316.0,-2880.0,-32768.0,-5342.0,-7260.0,50892.0
198,3652.0,-17988.0,-1476.0,-2848.0,-32768.0,-5017.0,-7578.0,50898.0
199,4056.0,-18936.0,-1344.0,-2864.0,-32768.0,-4528.0,-8033.0,50905.0
200,4728.0,-19912.0,-1656.0,-2848.0,-32768.0,-3796.0,-8635.0,50911.0
201,5744.0,-20916.0,-1868.0,-2848.0,-32768.0,-2762.0,-9215.0,50917.0
202,6780.0,-22160.0,-2104.0,-2832.0,-32768.0,-1505.0,-9759.0,50923.0
203,8052.0,-23464.0,-2248.0,-2864.0,-32768.0,76.0,-10306.0,50929.0
204,8480.0,-24920.0,-2040.0,-2864.0,-32768.0,1737.0,-10875.0,50935.0
205,8748.0,-26216.0,-1816.0,-2832.0,-32768.0,3511.0,-11404.0,50941.0
206,8880.0,-27524.0,-1300.0,-2832.0,-32768.0,5223.0,-12029.0,50948.0
207,8616.0,-28972.0,-1044.0,-2864.0,-32768.0,6993.0,-12761.0,50954.0
208,7820.0,-30836.0,84.0,-2848.0,-32768.0,8733.0,-13297.0,50960.0
209,6308.0,-32380.0,1432.0,-2864.0,-32768.0,10100.0,-13727.0,50966.0
210,3892.0,-32768.0,3440.0,-2800.0,-32768.0,10937.0,-14017.0,50972.0
211,1700.0,-32768.0,5096.0,-2864.0,-32768.0,11398.0,-14309.0,50978.0
212,-28.0,-32768.0,6352.0,-2848.0,-32768.0,11549.0,-15642.0,50984.0
213,-2592.0,-32768.0,8140.0,-2848.0,-32768.0,10921.0,-12895.0,50991.0
214,404.0,-32768.0,8828.0,-2800.0,-32768.0,11453.0,-13818.0,50998.0
215,-1900.0,-32768.0,10076.0,-2832.0,-32768.0,11358.0,-13613.0,51004.0
216,-2316.0,-32768.0,12284.0,-2864.0,-32768.0,11117.0,-12172.0,51010.0
217,-2512.0,-32768.0,15840.0,-2864.0,-32768.0,11178.0,-10999.0,51016.0
218,-4556.0,-32768.0,18960.0,-2896.0,-31155.0,11341.0,-10552.0,51023.0
219,-7860.0,-32768.0,21996.0,-2864.0,-28558.0,10937.0,-10406.0,51030.0
220,-10840.0,-32768.0,24596.0,-2832.0,-25661.0,9625.0,-10216.0,51036.0
221,-14372.0,-32768.0,27740.0,-2832.0,-22319.0,7208.0,-9753.0,51042.0
222,-14804.0,-32768.0,29848.0,-2848.0,-18847.0,4386.0,-8567.0,51049.0
223,-15160.0,-32768.0,32767.0,-2832.0,-15072.0,2083.0,-7246.0,51055.0
224,-14384.0,-31852.0,32767.0,-2832.0,-10857.0,532.0,-5430.0,51061.0
225,-13992.0,-30016.0,32767.0,-2864.0,-6989.0,-279.0,-3416.0,51067.0
226,-13448.0,-28888.0,32767.0,-2832.0,-3001.0,-387.0,-1358.0,51074.0
227,-13180.0,-27400.0,32767.0,-2816.0,1004.0,-1202.0,643.0,51081.0
228,-12756.0,-25988.0,32767.0,-2832.0,4591.0,-3034.0,2305.0,51087.0
229,-12420.0,-24948.0,31900.0,-2800.0,7874.0,-5308.0,3680.0,51093.0
230,-11780.0,-24268.0,29768.0,-2864.0,10730.0,-7422.0,4706.0,51099.0
231,-10672.0,-23596.0,26296.0,-2848.0,12925.0,-9424.0,5219.0,51105.0
232,-7228.0,-23688.0,22800.0,-2880.0,14506.0,-11034.0,4756.0,51111.0
233,2376.0,-16164.0,13428.0,-2864.0,13874.0,-12403.0,2468.0,51118.0
234,32767.0,-308.0,-32768.0,-2832.0,3053.0,-14396.0,-6988.0,51124.0
235,32767.0,-20548.0,-32768.0,-2864.0,-2352.0,-19854.0,-19668.0,51130.0
236,32767.0,-32768.0,-25028.0,-2832.0,10219.0,-19875.0,-7026.0,51137.0
237,5844.0,-32768.0,-1124.0,-2832.0,17762.0,1286.0,12364.0,51143.0
238,-18304.0,-23604.0,12704.0,-2832.0,16440.0,23153.0,11483.0,51149.0
239,-27912.0,-25532.0,23648.0,-2832.0,16201.0,21104.0,9137.0,51155.0
240,-15340.0,-32768.0,26308.0,-2848.0,18417.0,4450.0,3712.0,51162.0
241,-7688.0,-32496.0,12320.0,-2848.0,19293.0,-10329.0,404.0,51168.0
242,3568.0,-20532.0,-3900.0,-2848.0,17855.0,-15200.0,1037.0,51174.0
243,14080.0,-12252.0,-7064.0,-2864.0,16451.0,-14360.0,1643.0,51180.0
244,14488.0,-9468.0,1072.0,-2880.0,15746.0,-9690.0,1902.0,51187.0
245,4360.0,-10300.0,5712.0,-2848.0,14497.0,-3365.0,1967.0,51193.0
246,-2660.0,-12452.0,4196.0,-2864.0,13028.0,-589.0,1962.0,51200.0
247,-1012.0,-14728.0,1304.0,-2848.0,11827.0,-2071.0,1308.0,51205.0
248,2968.0,-18100.0,348.0,-2832.0,11494.0,-3505.0,636.0,51211.0
249,4536.0,-21124.0,-592.0,-2864.0,11934.0,-1868.0,1185.0,51217.0
250,5016.0,-21224.0,-1432.0,-2832.0,12498.0,1281.0,1851.0,51223.0
251,4800.0,-19588.0,-1712.0,-2864.0,13012.0,3648.0,1602.0,51229.0
252,2748.0,-17756.0,-1768.0,-2848.0,13224.0,4392.0,1048.0,51235.0
253,232.0,-15796.0,-740.0,-2832.0,12574.0,4805.0,757.0,51241.0
254,-144.0,-14556.0,88.0,-2832.0,11531.0,4684.0,521.0,51248.0
255,1360.0,-14068.0,-648.0,-2880.0,10688.0,4077.0,231.0,51254.0
256,3000.0,-14160.0,-1572.0,-2864.0,10251.0,3586.0,-43.0,51260.0
257,4256.0,-13988.0,-1344.0,-2864.0,9952.0,3407.0,-247.0,51265.0
258,4528.0,-14248.0,-1124.0,-2864.0,9545.0,3710.0,-367.0,51271.0
259,3740.0,-15088.0,-744.0,-2880.0,9090.0,4543.0,-493.0,51277.0
260,2468.0,-15776.0,-1040.0,-2880.0,8788.0,4999.0,-701.0,51283.0
261,2104.0,-15512.0,-1004.0,-2880.0,8504.0,4364.0,-769.0,51290.0
262,2492.0,-15316.0,-1036.0,-2848.0,8253.0,3323.0,-852.0,51296.0
263,3384.0,-14864.0,-848.0,-2864.0,7967.0,2343.0,-947.0,51302.0
264,4588.0,-14856.0,-492.0,-2832.0,7742.0,1561.0,-1006.0,51307.0
265,5908.0,-14972.0,-928.0,-2864.0,7651.0,1264.0,-835.0,51313.0
266,6976.0,-14764.0,-860.0,-2864.0,7550.0,1480.0,-471.0,51319.0
267,7148.0,-14892.0,-504.0,-2896.0,7441.0,2244.0,-91.0,51325.0
268,6328.0,-15244.0,-564.0,-2864.0,7416.0,3176.0,236.0,51332.0
269,5144.0,-15484.0,-696.0,-2864.0,7347.0,3806.0,437.0,51338.0
270,4308.0,-15656.0,-484.0,-2864.0,7214.0,4166.0,589.0,51343.0
271,3628.0,-15984.0,-796.0,-2880.0,7079.0,4305.0,567.0,51349.0
272,3128.0,-16228.0,-1088.0,-2880.0,6868.0,4105.0,545.0,51355.0
273,3064.0,-16524.0,-848.0,-2864.0,6669.0,3751.0,627.0,51361.0
274,2916.0,-16504.0,-744.0,-2864.0,6534.0,3377.0,678.0,51367.0
275,2824.0,-16416.0,-672.0,-2896.0,6397.0,3192.0,679.0,51374.0
276,2904.0,-16316.0,-412.0,-2848.0,6276.0,2931.0,558.0,51379.0
277,3124.0,-16488.0,-208.0,-2880.0,6146.0,2627.0,500.0,51385.0
278,3464.0,-16292.0,-56.0,-2880.0,6018.0,2399.0,630.0,51391.0
279,3752.0,-16128.0,384.0,-2864.0,5911.0,2303.0,524.0,51397.0
280,3760.0,-16100.0,-4.0,-2864.0,5842.0,2188.0,486.0,51403.0
281,3888.0,-16076.0,28.0,-2864.0,5802.0,2002.0,512.0,51408.0
282,3856.0,-16008.0,260.0,-2832.0,5796.0,1867.0,555.0,51415.0
283,3856.0,-16156.0,152.0,-2880.0,5809.0,1720.0,619.0,51421.0
284,4024.0,-16220.0,160.0,-2832.0,5834.0,1468.0,712.0,51426.0
285,4180.0,-16060.0,236.0,-2864.0,5863.0,1368.0,785.0,51432.0
286,4344.0,-15884.0,400.0,-2880.0,5867.0,1315.0,900.0,51438.0
287,4148.0,-15820.0,576.0,-2848.0,5801.0,1318.0,926.0,51444.0
288,3772.0,-16268.0,1028.0,-2864.0,5768.0,1276.0,944.0,51450.0
289,3808.0,-16432.0,1144.0,-2896.0,5722.0,1081.0,978.0,51456.0
290,3852.0,-16536.0,1136.0,-2864.0,5701.0,898.0,1003.0,51462.0
291,4068.0,-16384.0,1344.0,-2864.0,5669.0,893.0,1018.0,51468.0
292,4436.0,-16356.0,996.0,-2864.0,5701.0,1079.0,1066.0,51474.0
293,4400.0,-16308.0,1000.0,-2864.0,5728.0,1380.0,1119.0,51480.0
294,4456.0,-16552.0,1280.0,-2880.0,5729.0,1661.0,1134.0,51486.0
295,4172.0,-16652.0,1260.0,-2848.0,5756.0,1920.0,1142.0,51491.0
296,3880.0,-16572.0,1180.0,-2848.0,5792.0,1947.0,1164.0,51497.0
297,3708.0,-16616.0,1224.0,-2864.0,5893.0,1961.0,1143.0,51504.0
298,4208.0,-16512.0,1692.0,-2896.0,5919.0,1968.0,999.0,51510.0
299,4528.0,-16336.0,1576.0,-2864.0,5922.0,2176.0,1117.0,51516.0
300,3444.0,-16548.0,1780.0,-2864.0,5968.0,2367.0,1208.0,51522.0
301,3428.0,-16448.0,2372.0,-2880.0,5975.0,2428.0,1118.0,51528.0
302,4216.0,-16812.0,1960.0,-2848.0,5923.0,2427.0,931.0,51534.0
303,6592.0,-15612.0,1448.0,-2848.0,5951.0,2438.0,400.0,51539.0
304,5228.0,-16268.0,1756.0,-2880.0,5916.0,2797.0,1192.0,51546.0
305,4720.0,-16764.0,2468.0,-2864.0,5862.0,3442.0,1093.0,51552.0
306,3936.0,-16844.0,2500.0,-2832.0,5868.0,3863.0,1074.0,51558.0
307,4032.0,-16988.0,2164.0,-2864.0,5947.0,3839.0,1050.0,51564.0
308,4596.0,-16528.0,1980.0,-2848.0,5971.0,3895.0,945.0,51570.0
309,4756.0,-16724.0,2132.0,-2880.0,6002.0,4097.0,848.0,51576.0
310,4424.0,-15976.0,2936.0,-2848.0,5902.0,4418.0,636.0,51581.0
311,4108.0,-17448.0,2776.0,-2880.0,6225.0,4339.0,1323.0,51588.0
312,3024.0,-17008.0,2928.0,-2848.0,6207.0,4977.0,972.0,51594.0
313,2568.0,-17504.0,2764.0,-2880.0,6355.0,4795.0,1159.0,51600.0
314,2052.0,-17556.0,2824.0,-2896.0,6446.0,4608.0,1205.0,51606.0
315,1352.0,-17716.0,2896.0,-2896.0,6600.0,4381.0,1290.0,51612.0
316,1236.0,-17832.0,2964.0,-2864.0,6809.0,4186.0,1280.0,51618.0
317,776.0,-17956.0,3012.0,-2880.0,7017.0,4065.0,1384.0,51623.0
318,240.0,-17868.0,2800.0,-2848.0,7315.0,3974.0,1672.0,51630.0
319,-508.0,-18028.0,2984.0,-2912.0,7617.0,3704.0,1900.0,51636.0
320,-684.0,-18236.0,2980.0,-2880.0,7985.0,3157.0,2176.0,51642.0
321,-600.0,-18316.0,3112.0,-2848.0,8302.0,2552.0,2487.0,51648.0
322,24.0,-18792.0,2976.0,-2848.0,8675.0,1918.0,2762.0,51654.0
323,740.0,-18868.0,2736.0,-2896.0,9046.0,1392.0,3076.0,51659.0
324,1468.0,-18896.0,2836.0,-2896.0,9417.0,1073.0,3367.0,51665.0
325,2084.0,-19072.0,2964.0,-2864.0,9807.0,789.0,3628.0,51672.0
326,2716.0,-19148.0,2836.0,-2864.0,10196.0,688.0,3942.0,51678.0
327,3224.0,-19092.0,2772.0,-2880.0,10600.0,755.0,4250.0,51684.0
328,3208.0,-19120.0,2612.0,-2848.0,10997.0,911.0,4586.0,51690.0
329,3228.0,-19132.0,2916.0,-2864.0,11336.0,1091.0,4967.0,51696.0
330,3272.0,-19300.0,3068.0,-2864.0,11659.0,1224.0,5429.0,51701.0
331,2940.0,-19692.0,3272.0,-2880.0,12015.0,1356.0,5703.0,51707.0
332,2528.0,-19824.0,3292.0,-2832.0,12361.0,1306.0,6087.0,51714.0
333,2664.0,-19728.0,3268.0,-2864.0,12774.0,1171.0,6371.0,51720.0
334,3352.0,-19852.0,3188.0,-2832.0,13184.0,1105.0,6702.0,51726.0
335,4016.0,-20152.0,3144.0,-2864.0,13546.0,1284.0,7013.0,51732.0
336,4840.0,-20360.0,3092.0,-2848.0,13903.0,1524.0,7289.0,51738.0
337,5632.0,-20776.0,2736.0,-2864.0,14274.0,1863.0,7507.0,51744.0
338,6368.0,-20980.0,2712.0,-2848.0,14713.0,2311.0,7712.0,51750.0
339,7004.0,-21320.0,2680.0,-2864.0,15144.0,2961.0,7898.0,51757.0
340,7296.0,-21636.0,2688.0,-2848.0,15633.0,3686.0,8136.0,51763.0
341,6296.0,-22308.0,3048.0,-2880.0,16062.0,4666.0,8617.0,51769.0
342,4052.0,-23572.0,5692.0,-2896.0,16437.0,5294.0,9636.0,51775.0
343,2464.0,-26468.0,5188.0,-2880.0,16544.0,4943.0,10692.0,51781.0
344,4288.0,-27608.0,3360.0,-2864.0,16917.0,4495.0,11108.0,51787.0
345,6220.0,-26808.0,2244.0,-2864.0,17503.0,4247.0,11154.0,51793.0
346,7636.0,-26276.0,1028.0,-2848.0,17794.0,4707.0,11253.0,51800.0
347,9292.0,-27872.0,-308.0,-2864.0,17900.0,5833.0,11312.0,51806.0
348,11012.0,-29324.0,-1980.0,-2848.0,17818.0,7317.0,11481.0,51811.0
349,13744.0,-31260.0,-4784.0,-2880.0,17736.0,9557.0,11324.0,51817.0
350,14580.0,-32768.0,-8476.0,-2848.0,18105.0,11843.0,10824.0,51824.0
351,13496.0,-32768.0,-11176.0,-2848.0,18476.0,13576.0,10760.0,51830.0
352,11552.0,-32560.0,-13136.0,-2864.0,18375.0,15027.0,11168.0,51836.0
353,9716.0,-30820.0,-14984.0,-2896.0,17842.0,16716.0,11805.0,51843.0
354,7760.0,-29696.0,-16108.0,-2848.0,17125.0,17751.0,12168.0,51849.0
355,4300.0,-27536.0,-15928.0,-2848.0,16206.0,17698.0,12543.0,51855.0
356,-200.0,-24312.0,-12412.0,-2848.0,15140.0,15974.0,12896.0,51861.0
357,-2828.0,-22336.0,-3796.0,-2848.0,14585.0,12760.0,13302.0,51867.0
358,-4444.0,-21764.0,6468.0,-2880.0,14678.0,8562.0,14097.0,51873.0
359,-5500.0,-21876.0,10728.0,-2880.0,14446.0,3829.0,14307.0,51879.0
360,-5700.0,-23184.0,9956.0,-2832.0,13217.0,-1443.0,13404.0,51887.0
361,-4896.0,-25328.0,10456.0,-2896.0,12836.0,-7566.0,11601.0,51893.0
362,-3984.0,-26068.0,7448.0,-2896.0,13301.0,-13908.0,9866.0,51899.0
363,-1684.0,-26388.0,8144.0,-2864.0,14566.0,-18276.0,8999.0,51905.0
364,1084.0,-25496.0,7336.0,-2912.0,16108.0,-20006.0,8670.0,51911.0
365,3940.0,-21504.0,3448.0,-2864.0,16343.0,-19012.0,8446.0,51917.0
366,6528.0,-15528.0,4.0,-2864.0,15653.0,-16611.0,7642.0,51923.0
367,9892.0,-9664.0,-3868.0,-2848.0,13092.0,-13518.0,6830.0,51930.0
368,11956.0,-8048.0,-4208.0,-2864.0,10231.0,-9609.0,5879.0,51936.0
369,10488.0,-9932.0,-4488.0,-2912.0,8359.0,-5696.0,5416.0,51942.0
370,8120.0,-9944.0,-6556.0,-2896.0,6970.0,-3282.0,5464.0,51947.0
371,7072.0,-7584.0,-7736.0,-2864.0,5352.0,-2202.0,5671.0,51953.0
372,6016.0,-6164.0,-7908.0,-2848.0,3620.0,-1598.0,5641.0,51959.0
373,4744.0,-6028.0,-6956.0,-2848.0,2124.0,-1033.0,5679.0,51965.0
374,3788.0,-5976.0,-5400.0,-2864.0,767.0,-370.0,5830.0,51972.0
375,3080.0,-5824.0,-3932.0,-2880.0,-448.0,685.0,5779.0,51978.0
376,2084.0,-5152.0,-3324.0,-2864.0,-1832.0,1738.0,5283.0,51984.0
377,1504.0,-4232.0,-2960.0,-2880.0,-3571.0,2228.0,4328.0,51989.0
378,1360.0,-3060.0,-2916.0,-2880.0,-5329.0,1781.0,3044.0,51995.0
379,1332.0,-2352.0,-3056.0,-2848.0,-7007.0,560.0,1813.0,52001.0
380,1384.0,-1576.0,-3336.0,-2880.0,-8691.0,-824.0,844.0,52007.0
381,1540.0,-1292.0,-3676.0,-2864.0,-10319.0,-1880.0,129.0,52014.0
382,1400.0,-1140.0,-3820.0,-2896.0,-12056.0,-2508.0,-520.0,52020.0
383,1252.0,-1300.0,-4240.0,-2880.0,-13998.0,-2867.0,-1169.0,52025.0
384,1284.0,-1964.0,-4984.0,-2864.0,-15676.0,-3540.0,-2101.0,52031.0
385,1888.0,-2904.0,-4820.0,-2864.0,-17138.0,-4358.0,-2844.0,52037.0
386,2388.0,-3188.0,-5092.0,-2864.0,-18655.0,-5058.0,-3565.0,52043.0
387,2812.0,-3256.0,-5180.0,-2880.0,-20177.0,-5702.0,-4181.0,52049.0
388,2888.0,-3884.0,-4568.0,-2912.0,-21587.0,-6201.0,-4615.0,52056.0
389,2708.0,-4504.0,-3880.0,-2864.0,-22919.0,-6406.0,-4929.0,52062.0
390,2588.0,-5040.0,-3480.0,-2848.0,-24231.0,-6466.0,-5300.0,52068.0
391,2608.0,-5456.0,-3592.0,-2864.0,-25757.0,-6389.0,-5818.0,52074.0
392,2760.0,-6200.0,-3544.0,-2880.0,-27206.0,-6122.0,-6321.0,52080.0
393,2708.0,-7248.0,-3340.0,-2864.0,-28587.0,-5718.0,-6768.0,52086.0
394,2628.0,-8248.0,-3412.0,-2864.0,-29777.0,-5536.0,-7138.0,52092.0
395,2300.0,-9712.0,-3168.0,-2864.0,-30813.0,-5521.0,-7315.0,52099.0
396,1940.0,-10960.0,-2304.0,-2880.0,-31676.0,-5551.0,-7441.0,52105.0
397,1952.0,-11784.0,-1392.0,-2896.0,-32387.0,-5655.0,-7562.0,52111.0
398,2440.0,-12312.0,-1000.0,-2880.0,-32768.0,-5530.0,-7780.0,52117.0
399,2888.0,-12860.0,-1324.0,-2880.0,-32768.0,-5344.0,-8150.0,52123.0
400,3348.0,-13804.0,-1192.0,-2864.0,-32768.0,-5048.0,-8448.0,52129.0
401,3520.0,-14784.0,-1068.0,-2848.0,-32768.0,-4765.0,-8668.0,52135.0
402,3728.0,-15600.0,-1112.0,-2864.0,-32768.0,-4574.0,-8901.0,52142.0
403,3892.0,-16672.0,-1100.0,-2864.0,-32768.0,-4390.0,-9015.0,52148.0
404,4124.0,-17760.0,-1164.0,-2880.0,-32768.0,-4165.0,-9150.0,52154.0
405,4552.0,-18572.0,-1004.0,-2880.0,-32768.0,-3919.0,-9407.0,52160.0
406,4968.0,-19620.0,-816.0,-2864.0,-32768.0,-3587.0,-9750.0,52166.0
407,5488.0,-20748.0,-476.0,-2864.0,-32768.0,-3272.0,-10159.0,52172.0
408,5912.0,-21812.0,124.0,-2896.0,-32768.0,-2931.0,-10589.0,52178.0
409,6256.0,-22804.0,468.0,-2864.0,-32768.0,-2544.0,-11160.0,52185.0
410,6500.0,-23712.0,512.0,-2896.0,-32768.0,-2112.0,-11805.0,52191.0
411,6540.0,-24748.0,588.0,-2864.0,-32768.0,-1919.0,-12534.0,52197.0
412,6248.0,-26196.0,1008.0,-2864.0,-32768.0,-1918.0,-13139.0,52203.0
413,5912.0,-27368.0,1480.0,-2880.0,-32768.0,-1979.0,-13718.0,52209.0
414,4996.0,-28848.0,2088.0,-2912.0,-32768.0,-2016.0,-14129.0,52215.0
415,3844.0,-30440.0,3204.0,-2864.0,-32768.0,-2092.0,-14419.0,52221.0
416,3692.0,-31448.0,3832.0,-2864.0,-32768.0,-1683.0,-14624.0,52228.0
417,3560.0,-32348.0,4276.0,-2912.0,-32768.0,-931.0,-14591.0,52235.0
418,3444.0,-32768.0,5232.0,-2896.0,-32768.0,-28.0,-14409.0,52241.0
419,3308.0,-32768.0,6532.0,-2864.0,-32768.0,696.0,-14171.0,52247.0
420,3264.0,-32768.0,7976.0,-2880.0,-32768.0,1354.0,-13741.0,52253.0
421,3372.0,-32768.0,9744.0,-2848.0,-32768.0,2172.0,-13242.0,52259.0
422,3468.0,-32768.0,11512.0,-2880.0,-32768.0,3096.0,-12712.0,52265.0
423,2808.0,-32768.0,13944.0,-2848.0,-32768.0,3909.0,-12546.0,52272.0
424,1608.0,-32768.0,16172.0,-2832.0,-31431.0,4503.0,-12256.0,52278.0
425,368.0,-32768.0,17888.0,-2880.0,-29283.0,4962.0,-12331.0,52284.0
426,-1084.0,-32768.0,19732.0,-2864.0,-26993.0,5079.0,-12004.0,52290.0
427,-2032.0,-32304.0,22056.0,-2864.0,-24463.0,5235.0,-11365.0,52296.0
428,-6504.0,-32768.0,23136.0,-2880.0,-21839.0,5351.0,-9903.0,52303.0
429,-1168.0,-31036.0,25532.0,-2864.0,-19160.0,6898.0,-6914.0,52310.0
430,-7040.0,-29760.0,28060.0,-2864.0,-16323.0,8823.0,-7530.0,52316.0
431,-10112.0,-29148.0,29104.0,-2880.0,-13267.0,8988.0,-5876.0,52322.0
432,-10324.0,-29156.0,30148.0,-2896.0,-9667.0,7918.0,-4067.0,52328.0
433,-10672.0,-29196.0,30840.0,-2864.0,-5821.0,6710.0,-2199.0,52334.0
434,-10028.0,-28580.0,30752.0,-2880.0,-1886.0,5667.0,-338.0,52341.0
435,-14064.0,-27588.0,30468.0,-2848.0,1695.0,4065.0,361.0,52347.0
436,-11880.0,-25928.0,28420.0,-2864.0,4836.0,1927.0,2352.0,52354.0
437,-13104.0,-24496.0,26548.0,-2864.0,7534.0,-177.0,2681.0,52360.0
438,-14028.0,-23348.0,24108.0,-2880.0,9655.0,-2635.0,3445.0,52366.0
439,-14204.0,-22540.0,21708.0,-2896.0,11494.0,-5524.0,3596.0,52372.0
440,-12720.0,-21772.0,18848.0,-2864.0,12957.0,-8539.0,4055.0,52378.0
441,-9724.0,-20604.0,15512.0,-2848.0,14207.0,-11156.0,4397.0,52384.0
442,-7528.0,-19080.0,12964.0,-2848.0,15043.0,-12949.0,4595.0,52390.0
443,-5640.0,-17432.0,11004.0,-2864.0,15549.0,-14315.0,4744.0,52397.0
444,-3524.0,-15612.0,8580.0,-2864.0,15686.0,-15323.0,4642.0,52403.0
445,-1824.0,-14332.0,6300.0,-2864.0,15568.0,-16152.0,4427.0,52409.0
446,4500.0,-8432.0,140.0,-2864.0,14400.0,-15612.0,2869.0,52415.0
447,28100.0,3024.0,-32768.0,-2880.0,5238.0,-12135.0,-3462.0,52421.0
448,32767.0,-7684.0,-32768.0,-2864.0,-10627.0,-14529.0,-30661.0,52427.0
449,32767.0,-32768.0,-32768.0,-2848.0,7709.0,-24950.0,-18060.0,52434.0
450,1380.0,-32768.0,2316.0,-2896.0,17856.0,6623.0,28765.0,52441.0
451,-32768.0,-29736.0,24536.0,-2864.0,18325.0,32767.0,29194.0,52447.0
452,-32768.0,-24404.0,32767.0,-2880.0,17362.0,30788.0,13463.0,52453.0
453,-32768.0,-22756.0,25132.0,-2864.0,16265.0,4675.0,-517.0,52459.0
454,-19764.0,-13452.0,-5572.0,-2880.0,13170.0,-13490.0,-4017.0,52465.0
455,6712.0,-3436.0,-13496.0,-2912.0,10631.0,-15191.0,-2577.0,52472.0
456,22468.0,156.0,-7712.0,-2896.0,9177.0,-11638.0,-3248.0,52478.0
457,20384.0,-9196.0,1996.0,-2896.0,9489.0,-6660.0,-3067.0,52485.0
458,8112.0,-22728.0,4916.0,-2896.0,10569.0,1001.0,-812.0,52491.0
459,824.0,-23940.0,1484.0,-2864.0,10734.0,6784.0,-9.0,52497.0
460,1060.0,-19192.0,-2092.0,-2896.0,10226.0,6025.0,-671.0,52502.0
461,4860.0,-17524.0,-2344.0,-2912.0,9922.0,3081.0,-847.0,52508.0
462,7880.0,-19148.0,108.0,-2880.0,10466.0,3511.0,-638.0,52514.0
463,8244.0,-19924.0,1820.0,-2848.0,11415.0,4585.0,-997.0,52520.0
464,7364.0,-18684.0,2044.0,-2864.0,12006.0,3642.0,-1061.0,52527.0
465,7484.0,-17392.0,2704.0,-2848.0,12095.0,1788.0,-558.0,52533.0
466,8200.0,-17728.0,2708.0,-2832.0,12190.0,642.0,213.0,52539.0
467,8600.0,-17132.0,1964.0,-2896.0,12113.0,645.0,1112.0,52545.0
468,7400.0,-16780.0,1640.0,-2912.0,11914.0,2043.0,1854.0,52551.0
469,5104.0,-16628.0,632.0,-2864.0,11585.0,3977.0,2257.0,52557.0
470,2352.0,-16744.0,116.0,-2896.0,11241.0,5380.0,2252.0,52562.0
471,16.0,-16360.0,-20.0,-2912.0,10874.0,6049.0,1741.0,52569.0
472,-1144.0,-15632.0,100.0,-2864.0,10148.0,5764.0,898.0,52575.0
473,-1736.0,-14824.0,76.0,-2880.0,9301.0,4492.0,29.0,52581.0
474,-1016.0,-15004.0,-496.0,-2896.0,8776.0,2719.0,-394.0,52587.0
475,812.0,-15632.0,-844.0,-2864.0,8594.0,1276.0,-633.0,52593.0
476,2476.0,-15808.0,-932.0,-2896.0,8477.0,309.0,-896.0,52598.0
477,4504.0,-15396.0,-596.0,-2896.0,8279.0,-136.0,-1009.0,52604.0
478,6156.0,-14864.0,-148.0,-2864.0,7845.0,123.0,-802.0,52611.0
479,7080.0,-14544.0,-40.0,-2880.0,7372.0,899.0,-392.0,52617.0
480,6936.0,-14532.0,-188.0,-2864.0,6933.0,1848.0,196.0,52622.0
481,6296.0,-15036.0,20.0,-2896.0,6596.0,2776.0,516.0,52628.0
482,5184.0,-15000.0,256.0,-2896.0,6213.0,3262.0,765.0,52634.0
483,4928.0,-15132.0,116.0,-2880.0,5863.0,3434.0,922.0,52640.0
484,4768.0,-15496.0,-208.0,-2880.0,5616.0,3702.0,1003.0,52646.0
485,4008.0,-15860.0,-264.0,-2880.0,5450.0,4059.0,1056.0,52652.0
486,2916.0,-16060.0,-52.0,-2880.0,5312.0,4056.0,1046.0,52658.0
487,1756.0,-16224.0,116.0,-2880.0,5263.0,3760.0,887.0,52664.0
488,1356.0,-16272.0,-44.0,-2896.0,5214.0,3049.0,611.0,52670.0
489,1736.0,-15956.0,-12.0,-2880.0,5211.0,2239.0,232.0,52676.0
490,2476.0,-15916.0,-352.0,-2864.0,5291.0,1360.0,-228.0,52681.0
491,3248.0,-15632.0,-444.0,-2896.0,5319.0,620.0,-473.0,52687.0
492,3916.0,-15592.0,-176.0,-2896.0,5351.0,144.0,-601.0,52694.0
493,4604.0,-15672.0,-24.0,-2880.0,5364.0,-82.0,-561.0,52700.0
494,5300.0,-15904.0,-44.0,-2912.0,5366.0,-32.0,-427.0,52705.0
495,5912.0,-16136.0,-364.0,-2896.0,5459.0,369.0,-256.0,52711.0
496,5944.0,-16396.0,-640.0,-2848.0,5566.0,1027.0,-38.0,52717.0
497,5592.0,-16572.0,-396.0,-2880.0,5650.0,1709.0,199.0,52722.0
498,5292.0,-16424.0,-196.0,-2896.0,5762.0,2279.0,329.0,52728.0
499,5168.0,-16496.0,412.0,-2896.0,5763.0,2817.0,572.0,52734.0
500,4780.0,-16588.0,388.0,-2896.0,5774.0,3503.0,750.0,52741.0
501,4104.0,-16324.0,92.0,-2912.0,5863.0,3837.0,775.0,52747.0
502,3484.0,-15924.0,428.0,-2896.0,5912.0,3838.0,701.0,52752.0
503,3004.0,-15756.0,588.0,-2896.0,5941.0,3520.0,511.0,52758.0
504,2704.0,-15848.0,888.0,-2880.0,5922.0,3138.0,351.0,52764.0
505,2968.0,-15984.0,1044.0,-2880.0,5903.0,2856.0,258.0,52770.0
506,3072.0,-15864.0,1100.0,-2896.0,5891.0,2755.0,216.0,52775.0
507,3128.0,-16132.0,1208.0,-2896.0,5858.0,2700.0,212.0,52782.0
508,3696.0,-16056.0,1084.0,-2864.0,5759.0,2622.0,245.0,52788.0
509,4004.0,-16296.0,1020.0,-2864.0,5744.0,2721.0,235.0,52794.0
510,3904.0,-16256.0,1160.0,-2864.0,5632.0,2745.0,251.0,52800.0
511,3668.0,-16320.0,1264.0,-2864.0,5613.0,2718.0,244.0,52806.0
512,3560.0,-16308.0,1372.0,-2896.0,5539.0,2520.0,191.0,52811.0
513,3864.0,-16132.0,1736.0,-2896.0,5408.0,2254.0,125.0,52817.0
514,4112.0,-16068.0,1664.0,-2864.0,5310.0,2173.0,129.0,52824.0
515,3788.0,-16380.0,1564.0,-2896.0,5264.0,2385.0,75.0,52830.0
516,3656.0,-16260.0,1908.0,-2896.0,5233.0,2519.0,-68.0,52836.0
517,3628.0,-16432.0,2008.0,-2880.0,5156.0,2542.0,-159.0,52841.0
518,4140.0,-16444.0,1804.0,-2848.0,5109.0,2552.0,-372.0,52847.0
519,5276.0,-16540.0,1536.0,-2880.0,5093.0,2616.0,-584.0,52853.0
520,5244.0,-16432.0,1488.0,-2864.0,5083.0,2730.0,-487.0,52859.0
521,4928.0,-16680.0,1772.0,-2896.0,5200.0,3112.0,-303.0,52866.0
522,4180.0,-16928.0,1888.0,-2896.0,5302.0,3618.0,-358.0,52872.0
523,3848.0,-17308.0,1888.0,-2864.0,5499.0,3817.0,-332.0,52877.0
524,3848.0,-17736.0,2048.0,-2896.0,5684.0,4000.0,-147.0,52883.0
525,4124.0,-18220.0,1584.0,-2896.0,6004.0,4063.0,-10.0,52889.0
526,4452.0,-18132.0,1112.0,-2896.0,6368.0,4127.0,93.0,52895.0
527,4864.0,-17896.0,1268.0,-2864.0,6728.0,4069.0,275.0,52901.0
528,4860.0,-18428.0,1064.0,-2864.0,7253.0,4184.0,531.0,52908.0
529,6388.0,-17256.0,896.0,-2864.0,7640.0,4329.0,536.0,52913.0
530,5360.0,-17856.0,668.0,-2880.0,8130.0,4627.0,1010.0,52919.0
531,4676.0,-17828.0,1272.0,-2880.0,8586.0,4546.0,1376.0,52925.0
532,3824.0,-17892.0,1928.0,-2848.0,8991.0,4321.0,1565.0,52931.0
533,3836.0,-18092.0,2164.0,-2864.0,9433.0,3845.0,1722.0,52937.0
534,4100.0,-18356.0,1964.0,-2864.0,9858.0,3354.0,2135.0,52943.0
535,4764.0,-18400.0,2396.0,-2864.0,10204.0,3346.0,2553.0,52950.0
536,4428.0,-19136.0,2468.0,-2880.0,10572.0,3682.0,3112.0,52955.0
537,3548.0,-19260.0,2912.0,-2832.0,10894.0,3940.0,3546.0,52961.0
538,2516.0,-19564.0,2920.0,-2912.0,11229.0,3895.0,3968.0,52967.0
539,2064.0,-19900.0,3028.0,-2896.0,11605.0,3633.0,4341.0,52973.0
540,1760.0,-20200.0,3332.0,-2880.0,11975.0,3342.0,4666.0,52979.0
541,1712.0,-20708.0,3504.0,-2864.0,12368.0,3158.0,5094.0,52985.0
542,1412.0,-21304.0,3524.0,-2864.0,12724.0,3186.0,5576.0,52992.0
543,1104.0,-21928.0,3480.0,-2880.0,13277.0,3175.0,6031.0,52998.0
544,996.0,-22240.0,3540.0,-2864.0,13631.0,3007.0,6575.0,53004.0
545,1824.0,-22768.0,2792.0,-2896.0,14251.0,2926.0,6956.0,53010.0
546,3084.0,-23276.0,2632.0,-2880.0,14830.0,2908.0,7398.0,53016.0
547,3996.0,-24132.0,2268.0,-2864.0,15392.0,3207.0,7831.0,53022.0
548,4756.0,-24524.0,2076.0,-2848.0,15973.0,3575.0,8212.0,53028.0
549,5664.0,-24948.0,1984.0,-2864.0,16563.0,4211.0,8606.0,53035.0
550,6364.0,-25548.0,1760.0,-2880.0,17155.0,4987.0,8951.0,53040.0
551,6692.0,-26180.0,1484.0,-2864.0,17761.0,5852.0,9350.0,53046.0
552,6928.0,-26860.0,1464.0,-2880.0,18375.0,6903.0,9784.0,53052.0
553,6888.0,-27688.0,1096.0,-2912.0,18978.0,7983.0,10271.0,53058.0
554,4240.0,-28768.0,2828.0,-2864.0,19634.0,9732.0,11486.0,53064.0
555,1296.0,-31660.0,2744.0,-2896.0,19718.0,10120.0,12963.0,53070.0
556,2068.0,-32768.0,1268.0,-2912.0,20159.0,9479.0,14003.0,53076.0
557,4652.0,-32768.0,-904.0,-2880.0,20866.0,9510.0,14166.0,53083.0
558,7896.0,-32768.0,-3272.0,-2896.0,21400.0,9724.0,13760.0,53089.0
559,11172.0,-32768.0,-6468.0,-2880.0,21638.0,10935.0,13276.0,53095.0
560,13464.0,-32768.0,-10948.0,-2912.0,21609.0,12884.0,12511.0,53101.0
561,13764.0,-32768.0,-16516.0,-2896.0,21768.0,15319.0,12053.0,53107.0
562,11512.0,-32768.0,-20984.0,-2896.0,21895.0,15969.0,12809.0,53114.0
563,8368.0,-32768.0,-24692.0,-2880.0,21101.0,15797.0,13947.0,53121.0
564,7356.0,-31808.0,-26116.0,-2880.0,20031.0,15640.0,14162.0,53127.0
565,5508.0,-27728.0,-23340.0,-2896.0,18844.0,14106.0,14498.0,53133.0
566,2272.0,-24384.0,-14184.0,-2896.0,17887.0,12220.0,15116.0,53139.0
567,-3708.0,-23664.0,-584.0,-2896.0,17461.0,9098.0,15651.0,53145.0
568,-6696.0,-24176.0,10704.0,-2864.0,17654.0,4477.0,16212.0,53151.0
569,-6152.0,-22944.0,10208.0,-2896.0,16510.0,-2496.0,15165.0,53157.0
570,-3960.0,-21864.0,4912.0,-2864.0,14218.0,-10734.0,13040.0,53164.0
571,2116.0,-20176.0,-2440.0,-2832.0,11589.0,-17187.0,10489.0,53170.0
572,6196.0,-20824.0,-1132.0,-2848.0,10261.0,-20540.0,7678.0,53176.0
573,7304.0,-25600.0,4768.0,-2880.0,12741.0,-21685.0,6436.0,53182.0
574,9136.0,-27364.0,6472.0,-2896.0,15642.0,-17424.0,6809.0,53188.0
575,10104.0,-23792.0,4808.0,-2896.0,16885.0,-11029.0,7145.0,53194.0
576,10484.0,-14056.0,2028.0,-2864.0,15539.0,-7336.0,7660.0,53201.0
577,9492.0,-7024.0,-1828.0,-2880.0,12727.0,-6307.0,8078.0,53208.0
578,10160.0,-4480.0,-1932.0,-2896.0,10052.0,-5909.0,7212.0,53213.0
579,10888.0,-4560.0,-2060.0,-2880.0,7604.0,-3508.0,5876.0,53219.0
580,9612.0,-4336.0,-3984.0,-2896.0,5050.0,-158.0,5411.0,53225.0
581,8156.0,-3688.0,-6240.0,-2896.0,2795.0,2034.0,5392.0,53231.0
582,7200.0,-3452.0,-7320.0,-2864.0,930.0,3195.0,4927.0,53237.0
583,5708.0,-2900.0,-7656.0,-2896.0,-678.0,3807.0,4369.0,53243.0
584,4684.0,-1908.0,-7324.0,-2864.0,-2220.0,3899.0,4027.0,53250.0
585,4804.0,-584.0,-6656.0,-2880.0,-3762.0,3646.0,3513.0,53256.0
586,5280.0,452.0,-6224.0,-2864.0,-5338.0,3455.0,2792.0,53261.0
587,5520.0,1424.0,-6352.0,-2864.0,-7132.0,3482.0,1971.0,53267.0
588,5272.0,1932.0,-6700.0,-2864.0,-9183.0,3305.0,1090.0,53273.0
589,4388.0,2232.0,-6760.0,-2864.0,-11221.0,2766.0,99.0,53279.0
590,3312.0,2160.0,-6736.0,-2864.0,-13220.0,1841.0,-767.0,53285.0
591,2424.0,1680.0,-5812.0,-2864.0,-15001.0,859.0,-1421.0,53292.0
592,1724.0,936.0,-5212.0,-2864.0,-16677.0,8.0,-2112.0,53297.0
593,1312.0,236.0,-4356.0,-2880.0,-18220.0,-693.0,-2701.0,53303.0
594,1348.0,-96.0,-4168.0,-2880.0,-19946.0,-870.0,-3235.0,53309.0
595,1492.0,-240.0,-4552.0,-2880.0,-21840.0,-749.0,-3850.0,53315.0
596,1620.0,-596.0,-5384.0,-2880.0,-23803.0,-547.0,-4519.0,53321.0
597,1952.0,-1540.0,-5716.0,-2880.0,-25557.0,-460.0,-5184.0,53326.0
598,1764.0,-2676.0,-5896.0,-2848.0,-26947.0,-751.0,-6040.0,53332.0
599,1604.0,-3820.0,-5588.0,-2832.0,-28070.0,-1509.0,-6778.0,53339.0
600,1464.0,-4640.0,-5388.0,-2880.0,-29221.0,-2523.0,-7291.0,53345.0
601,1732.0,-5452.0,-4932.0,-2864.0,-30324.0,-3663.0,-7849.0,53351.0
602,2084.0,-6444.0,-4492.0,-2896.0,-31470.0,-4499.0,-8416.0,53357.0
603,2516.0,-7896.0,-4056.0,-2880.0,-32554.0,-5172.0,-9034.0,53363.0
604,3128.0,-9440.0,-3292.0,-2896.0,-32768.0,-5571.0,-9596.0,53369.0
605,3844.0,-10648.0,-2660.0,-2880.0,-32768.0,-5557.0,-10253.0,53376.0
606,4760.0,-11896.0,-2324.0,-2912.0,-32768.0,-5074.0,-10879.0,53382.0
607,5228.0,-13264.0,-2008.0,-2880.0,-32768.0,-4292.0,-11309.0,53388.0
608,5648.0,-14716.0,-1296.0,-2896.0,-32768.0,-3336.0,-11649.0,53394.0
609,5256.0,-16348.0,-1088.0,-2896.0,-32768.0,-2245.0,-11828.0,53400.0
610,4740.0,-17640.0,-868.0,-2864.0,-32768.0,-1333.0,-11986.0,53406.0
611,3916.0,-18980.0,-552.0,-2880.0,-32768.0,-708.0,-12083.0,53412.0
612,3396.0,-20104.0,136.0,-2864.0,-32768.0,-279.0,-12266.0,53419.0
613,3048.0,-21336.0,676.0,-2880.0,-32768.0,103.0,-12332.0,53425.0
614,2728.0,-22832.0,1524.0,-2864.0,-32768.0,571.0,-12335.0,53431.0
615,2436.0,-24152.0,2404.0,-2880.0,-32768.0,1013.0,-12441.0,53437.0
616,2532.0,-24824.0,2596.0,-2880.0,-32768.0,1377.0,-12604.0,53443.0
617,2656.0,-25728.0,2964.0,-2864.0,-32768.0,1685.0,-12798.0,53449.0
618,2784.0,-26528.0,3244.0,-2896.0,-32768.0,2053.0,-13167.0,53455.0
619,2852.0,-27356.0,3224.0,-2864.0,-32768.0,2275.0,-13726.0,53462.0
620,1812.0,-28480.0,4196.0,-2880.0,-32768.0,2183.0,-14235.0,53468.0
621,516.0,-29160.0,5012.0,-2880.0,-32768.0,1563.0,-14815.0,53474.0
622,-660.0,-29752.0,5756.0,-2896.0,-32768.0,319.0,-15461.0,53480.0
623,-1564.0,-30344.0,6556.0,-2880.0,-32768.0,-1341.0,-16064.0,53486.0
624,-1692.0,-31076.0,7308.0,-2864.0,-32768.0,-2899.0,-16537.0,53492.0
625,-780.0,-31592.0,8360.0,-2864.0,-32768.0,-3712.0,-16829.0,53498.0
626,1564.0,-31796.0,8848.0,-2880.0,-32768.0,-3493.0,-16864.0,53505.0
627,3040.0,-32668.0,9444.0,-2880.0,-32768.0,-2445.0,-16708.0,53511.0
628,3968.0,-32768.0,10164.0,-2912.0,-32768.0,-1065.0,-16314.0,53517.0
629,4284.0,-32768.0,10964.0,-2880.0,-32768.0,432.0,-15534.0,53523.0
630,4296.0,-32768.0,12408.0,-2896.0,-32768.0,1902.0,-14404.0,53529.0
631,4304.0,-32768.0,14552.0,-2912.0,-31089.0,3365.0,-13086.0,53535.0
632,4488.0,-32768.0,16332.0,-2864.0,-29337.0,4704.0,-12180.0,53541.0
633,5316.0,-32768.0,18392.0,-2864.0,-27454.0,6001.0,-11650.0,53549.0
634,6064.0,-32768.0,20688.0,-2848.0,-25395.0,7742.0,-11431.0,53555.0
635,5656.0,-32440.0,22696.0,-2880.0,-23210.0,9977.0,-11646.0,53561.0
636,3500.0,-32140.0,24388.0,-2864.0,-20639.0,12131.0,-11774.0,53567.0
637,-1020.0,-31748.0,25900.0,-2880.0,-17716.0,13652.0,-11342.0,53573.0
638,-5920.0,-31008.0,27056.0,-2880.0,-14479.0,14397.0,-9936.0,53579.0
639,-14012.0,-32768.0,29548.0,-2864.0,-10720.0,14113.0,-7765.0,53586.0
640,-22324.0,-29552.0,27716.0,-2896.0,-7402.0,11637.0,-5738.0,53593.0
641,-13020.0,-25464.0,29448.0,-2880.0,-4469.0,9764.0,1786.0,53599.0
642,-16800.0,-25036.0,30264.0,-2848.0,-969.0,8634.0,-530.0,53605.0
643,-20712.0,-25744.0,30268.0,-2896.0,2209.0,5939.0,-145.0,53611.0
644,-17628.0,-25276.0,29628.0,-2896.0,5076.0,2338.0,958.0,53617.0
645,-14024.0,-25344.0,28472.0,-2880.0,8141.0,-840.0,1672.0,53623.0
646,-11728.0,-24864.0,26768.0,-2864.0,10931.0,-3197.0,2710.0,53629.0
647,-10704.0,-23824.0,24856.0,-2896.0,13373.0,-4874.0,3339.0,53636.0
648,-12188.0,-23068.0,22496.0,-2864.0,15535.0,-6743.0,3715.0,53642.0
649,-13184.0,-22380.0,20404.0,-2880.0,17270.0,-9304.0,4163.0,53649.0
650,-12316.0,-20940.0,16384.0,-2864.0,18564.0,-12041.0,4672.0,53655.0
651,-11144.0,-13924.0,5088.0,-2880.0,18197.0,-15180.0,4698.0,53661.0
652,13864.0,18796.0,-32768.0,-2912.0,-264.0,-14585.0,-1053.0,53667.0
653,32767.0,-16664.0,-32768.0,-2896.0,-18006.0,-22369.0,-32768.0,53673.0
654,32767.0,-32768.0,-19808.0,-2912.0,16764.0,-32768.0,-14612.0,53681.0
655,5812.0,-32768.0,10652.0,-2896.0,18821.0,-4168.0,26165.0,53687.0
656,-31532.0,-32396.0,32767.0,-2896.0,20927.0,24711.0,24668.0,53693.0
657,-32768.0,-32768.0,32767.0,-2912.0,21687.0,16465.0,10188.0,53699.0
658,-32768.0,-32768.0,19500.0,-2864.0,18354.0,-627.0,-995.0,53706.0
659,-32768.0,-29868.0,-20052.0,-2896.0,14875.0,-14850.0,-3387.0,53712.0
660,11040.0,-13672.0,-16592.0,-2880.0,17590.0,-26129.0,-1855.0,53719.0
661,32767.0,-2036.0,7188.0,-2880.0,19157.0,-24951.0,-4234.0,53725.0
662,22776.0,-5904.0,12740.0,-2896.0,16459.0,-12195.0,-2896.0,53731.0
663,9128.0,-11212.0,-1056.0,-2880.0,13360.0,-4768.0,-122.0,53738.0
664,11532.0,-10380.0,-4172.0,-2864.0,12077.0,-7261.0,-1397.0,53744.0
665,12764.0,-12048.0,-892.0,-2880.0,12466.0,-10712.0,-2677.0,53750.0
666,11184.0,-14824.0,1300.0,-2880.0,12262.0,-7969.0,621.0,53756.0
667,9572.0,-17808.0,-112.0,-2896.0,12348.0,-2258.0,2440.0,53763.0
668,6332.0,-20432.0,-440.0,-2880.0,13177.0,1442.0,2999.0,53769.0
669,3572.0,-22868.0,-220.0,-2896.0,14712.0,2465.0,2752.0,53775.0
670,3232.0,-20852.0,-556.0,-2912.0,15163.0,1664.0,2300.0,53781.0
671,4392.0,-17660.0,452.0,-2880.0,14365.0,1256.0,2228.0,53786.0
672,4336.0,-15192.0,2032.0,-2896.0,12755.0,2696.0,2436.0,53792.0
673,2656.0,-14760.0,2388.0,-2880.0,11252.0,5485.0,2366.0,53798.0
674,540.0,-14624.0,1524.0,-2896.0,10053.0,7239.0,1678.0,53805.0
675,-368.0,-14504.0,-96.0,-2864.0,9394.0,7250.0,727.0,53811.0
676,216.0,-15060.0,-1348.0,-2864.0,9204.0,6453.0,-331.0,53817.0
677,140.0,-15528.0,-960.0,-2896.0,8947.0,5562.0,-955.0,53823.0
678,36.0,-16004.0,364.0,-2912.0,8423.0,4597.0,-994.0,53829.0
679,812.0,-16720.0,224.0,-2896.0,8047.0,3935.0,-1171.0,53834.0
680,1680.0,-16780.0,-964.0,-2864.0,7820.0,3346.0,-1690.0,53840.0
681,2536.0,-15808.0,-796.0,-2880.0,7507.0,2441.0,-2210.0,53847.0
682,4596.0,-15132.0,-652.0,-2880.0,7116.0,1630.0,-2193.0,53853.0
683,7876.0,-14504.0,-736.0,-2896.0,6658.0,1898.0,-1669.0,53859.0
684,9736.0,-14236.0,-684.0,-2896.0,6243.0,3371.0,-1088.0,53865.0
685,9820.0,-14168.0,-204.0,-2896.0,5873.0,5042.0,-500.0,53870.0
686,8912.0,-14216.0,-468.0,-2864.0,5550.0,6332.0,73.0,53876.0
687,7432.0,-14132.0,-280.0,-2928.0,5197.0,7260.0,563.0,53882.0
688,5640.0,-14212.0,-592.0,-2896.0,4842.0,7751.0,706.0,53889.0
689,4032.0,-14956.0,-776.0,-2896.0,4522.0,7643.0,659.0,53895.0
690,3004.0,-15964.0,-964.0,-2896.0,4356.0,6895.0,554.0,53901.0
691,3072.0,-16632.0,-1104.0,-2896.0,4318.0,6155.0,478.0,53906.0
692,3168.0,-16716.0,-988.0,-2896.0,4314.0,5732.0,321.0,53912.0
693,3328.0,-16572.0,-816.0,-2864.0,4329.0,5425.0,193.0,53918.0
694,3280.0,-16516.0,-772.0,-2912.0,4371.0,5058.0,90.0,53924.0
695,3524.0,-16348.0,-952.0,-2896.0,4432.0,4561.0,63.0,53931.0
696,4836.0,-16016.0,-988.0,-2928.0,4430.0,4226.0,246.0,53936.0
697,5484.0,-16216.0,-816.0,-2880.0,4501.0,4085.0,154.0,53942.0
698,6212.0,-15776.0,-848.0,-2880.0,4512.0,4092.0,313.0,53948.0
699,6824.0,-15696.0,-776.0,-2896.0,4526.0,4399.0,530.0,53954.0
700,6988.0,-15756.0,-836.0,-2896.0,4640.0,4896.0,819.0,53959.0
701,6584.0,-15800.0,-792.0,-2880.0,4777.0,5388.0,1044.0,53965.0
702,6204.0,-15852.0,-940.0,-2912.0,4915.0,5601.0,1268.0,53971.0
703,5632.0,-15904.0,-628.0,-2864.0,5109.0,5590.0,1452.0,53978.0
704,5536.0,-15932.0,-600.0,-2864.0,5317.0,5366.0,1498.0,53984.0
705,5064.0,-16040.0,-580.0,-2928.0,5518.0,4997.0,1602.0,53990.0
706,4956.0,-16068.0,-416.0,-2896.0,5677.0,4652.0,1668.0,53995.0
707,4716.0,-15984.0,12.0,-2896.0,5878.0,4338.0,1718.0,54001.0
708,4480.0,-16144.0,-80.0,-2864.0,6074.0,4074.0,1847.0,54007.0
709,4528.0,-16360.0,496.0,-2880.0,6206.0,3888.0,1895.0,54013.0
710,4736.0,-16464.0,356.0,-2880.0,6339.0,3773.0,1876.0,54020.0
711,5120.0,-16588.0,460.0,-2896.0,6495.0,3808.0,1902.0,54026.0
712,5440.0,-16704.0,504.0,-2896.0,6588.0,3935.0,1816.0,54031.0
713,10704.0,-16656.0,-884.0,-2880.0,6536.0,4538.0,527.0,54037.0
714,8060.0,-15096.0,-112.0,-2912.0,6508.0,4270.0,1248.0,54043.0
715,7492.0,-16504.0,2016.0,-2896.0,6436.0,5734.0,1864.0,54049.0
716,5552.0,-16204.0,1928.0,-2896.0,6356.0,6326.0,1098.0,54055.0
717,4848.0,-16196.0,2068.0,-2928.0,6371.0,6207.0,1683.0,54062.0
718,4776.0,-16168.0,2000.0,-2912.0,6300.0,6395.0,1533.0,54068.0
719,4320.0,-16336.0,1876.0,-2912.0,6342.0,6616.0,1537.0,54073.0
720,3620.0,-16344.0,2204.0,-2896.0,6309.0,6684.0,1588.0,54079.0
721,3004.0,-16508.0,2248.0,-2896.0,6316.0,6623.0,1660.0,54085.0
722,2220.0,-16764.0,2188.0,-2896.0,6370.0,6488.0,1698.0,54091.0
723,1696.0,-16968.0,2304.0,-2880.0,6447.0,6179.0,1733.0,54097.0
724,1368.0,-17068.0,2216.0,-2912.0,6529.0,5784.0,1743.0,54104.0
725,1460.0,-17372.0,2220.0,-2880.0,6645.0,5319.0,1793.0,54110.0
726,1668.0,-17360.0,2240.0,-2896.0,6830.0,4968.0,1851.0,54116.0
727,1824.0,-17408.0,2096.0,-2896.0,7011.0,4605.0,1909.0,54121.0
728,2260.0,-17448.0,2284.0,-2896.0,7184.0,4405.0,1998.0,54127.0
729,2492.0,-17604.0,2256.0,-2864.0,7390.0,4228.0,2093.0,54133.0
730,2696.0,-17676.0,2324.0,-2880.0,7647.0,4117.0,2182.0,54139.0
731,2440.0,-17720.0,2212.0,-2880.0,7879.0,4014.0,2346.0,54146.0
732,2188.0,-18008.0,2372.0,-2864.0,8159.0,3919.0,2536.0,54152.0
733,1832.0,-18244.0,2764.0,-2896.0,8413.0,3709.0,2749.0,54158.0
734,596.0,-18588.0,2788.0,-2912.0,8717.0,3470.0,3205.0,54164.0
735,2064.0,-18016.0,2724.0,-2912.0,8983.0,3165.0,3353.0,54169.0
736,936.0,-18316.0,3124.0,-2880.0,9189.0,2879.0,3663.0,54175.0
737,1448.0,-18640.0,3100.0,-2912.0,9501.0,2330.0,4023.0,54181.0
738,1260.0,-18612.0,2876.0,-2912.0,9777.0,2041.0,4244.0,54188.0
739,1144.0,-18468.0,2852.0,-2912.0,10077.0,1536.0,4501.0,54194.0
740,1312.0,-18792.0,2924.0,-2896.0,10497.0,1183.0,4847.0,54200.0
741,1728.0,-19124.0,2808.0,-2944.0,10863.0,870.0,5157.0,54206.0
742,2088.0,-19512.0,3032.0,-2928.0,11208.0,642.0,5498.0,54212.0
743,2436.0,-20272.0,2896.0,-2864.0,11613.0,438.0,5768.0,54217.0
744,2676.0,-20444.0,2824.0,-2864.0,11995.0,358.0,6041.0,54223.0
745,2840.0,-20636.0,3000.0,-2880.0,12396.0,254.0,6308.0,54230.0
746,3156.0,-20740.0,2944.0,-2880.0,12761.0,314.0,6573.0,54236.0
747,3432.0,-20860.0,2964.0,-2848.0,13238.0,501.0,6871.0,54242.0
748,4084.0,-21104.0,2628.0,-2896.0,13593.0,774.0,7167.0,54248.0
749,4696.0,-21244.0,2600.0,-2928.0,14056.0,1156.0,7496.0,54254.0
750,5224.0,-21540.0,2572.0,-2928.0,14489.0,1602.0,7749.0,54260.0
751,6100.0,-21912.0,2492.0,-2896.0,14938.0,2104.0,8053.0,54266.0
752,6776.0,-22224.0,2372.0,-2912.0,15393.0,2707.0,8295.0,54272.0
753,7360.0,-22588.0,2436.0,-2912.0,15851.0,3524.0,8513.0,54278.0
754,7772.0,-23296.0,2744.0,-2864.0,16369.0,4484.0,8746.0,54284.0
755,6992.0,-24276.0,3808.0,-2944.0,16981.0,5606.0,9215.0,54290.0
756,4320.0,-24912.0,3420.0,-2896.0,17222.0,7228.0,10203.0,54296.0
757,3352.0,-27776.0,3224.0,-2912.0,17388.0,7287.0,11070.0,54302.0
758,4088.0,-30124.0,2372.0,-2896.0,17739.0,7253.0,11997.0,54308.0
759,5828.0,-30048.0,364.0,-2864.0,18268.0,7515.0,12133.0,54315.0
760,7696.0,-29944.0,-1288.0,-2912.0,18699.0,7950.0,12027.0,54321.0
761,9252.0,-31448.0,-3348.0,-2896.0,19055.0,8818.0,12025.0,54327.0
762,10808.0,-32768.0,-5580.0,-2880.0,19339.0,10344.0,12039.0,54333.0
763,11608.0,-32768.0,-7836.0,-2880.0,19546.0,11573.0,11701.0,54339.0
764,11340.0,-32768.0,-12092.0,-2896.0,19753.0,13298.0,11421.0,54345.0
765,10580.0,-32768.0,-15848.0,-2896.0,19898.0,15100.0,11478.0,54351.0
766,8508.0,-32768.0,-18200.0,-2880.0,19746.0,16128.0,11910.0,54359.0
767,5052.0,-30608.0,-19368.0,-2912.0,18991.0,16014.0,12561.0,54365.0
768,2596.0,-27512.0,-17764.0,-2896.0,18056.0,15061.0,12990.0,54371.0
769,-508.0,-24940.0,-12252.0,-2896.0,17117.0,12312.0,13504.0,54377.0
770,-5084.0,-25428.0,-1352.0,-2864.0,16820.0,8323.0,14348.0,54383.0
771,-6680.0,-28188.0,12568.0,-2896.0,17643.0,4166.0,14849.0,54389.0
772,-6672.0,-28448.0,14836.0,-2896.0,18106.0,-1657.0,13792.0,54395.0
773,-5084.0,-27796.0,9940.0,-2896.0,17872.0,-8330.0,12343.0,54402.0
774,-584.0,-25740.0,5196.0,-2912.0,17486.0,-13799.0,10757.0,54408.0
775,3656.0,-23588.0,3744.0,-2880.0,17150.0,-17593.0,9299.0,54414.0
776,5784.0,-23852.0,6000.0,-2880.0,18070.0,-19303.0,9360.0,54420.0
777,8172.0,-22420.0,3676.0,-2896.0,18485.0,-17553.0,10004.0,54426.0
778,10784.0,-19684.0,2336.0,-2864.0,17880.0,-13506.0,9712.0,54432.0
779,12248.0,-15356.0,-2068.0,-2864.0,16375.0,-9449.0,8647.0,54438.0
780,15332.0,-8388.0,-6340.0,-2896.0,13361.0,-7027.0,7371.0,54445.0
781,17612.0,-5992.0,-6452.0,-2880.0,10802.0,-3906.0,6026.0,54451.0
782,16820.0,-6256.0,-6800.0,-2896.0,8556.0,864.0,5430.0,54457.0
783,12656.0,-6184.0,-8036.0,-2912.0,6477.0,4944.0,5547.0,54463.0
784,7492.0,-5224.0,-8380.0,-2880.0,4649.0,6939.0,6153.0,54469.0
785,3344.0,-3716.0,-7680.0,-2864.0,2706.0,7352.0,6763.0,54475.0
786,1004.0,-3108.0,-5880.0,-2896.0,942.0,6943.0,6969.0,54481.0
787,-360.0,-3192.0,-4224.0,-2896.0,-584.0,6521.0,6686.0,54488.0
788,-1124.0,-3240.0,-3532.0,-2880.0,-2056.0,6023.0,5812.0,54493.0
789,-1696.0,-2620.0,-3216.0,-2896.0,-3804.0,5037.0,4870.0,54499.0
790,-1368.0,-1592.0,-3596.0,-2896.0,-5610.0,3552.0,3851.0,54505.0
791,-844.0,-588.0,-3812.0,-2912.0,-7478.0,1552.0,2647.0,54511.0
792,-100.0,428.0,-4228.0,-2896.0,-9163.0,-408.0,1539.0,54517.0
793,740.0,876.0,-4640.0,-2880.0,-10873.0,-2069.0,560.0,54523.0
794,1224.0,1124.0,-4968.0,-2912.0,-12590.0,-3381.0,-234.0,54529.0
795,1792.0,544.0,-5084.0,-2880.0,-14231.0,-4313.0,-942.0,54535.0
796,2184.0,-220.0,-4716.0,-2912.0,-15704.0,-4882.0,-1584.0,54541.0
797,2584.0,-1044.0,-4736.0,-2912.0,-17143.0,-5290.0,-2245.0,54547.0
798,2800.0,-1772.0,-4628.0,-2912.0,-18601.0,-5773.0,-2952.0,54553.0
799,3120.0,-2280.0,-4388.0,-2880.0,-19946.0,-6222.0,-3603.0,54559.0
800,3352.0,-2848.0,-3844.0,-2896.0,-21194.0,-6532.0,-4150.0,54565.0
801,2924.0,-3184.0,-4064.0,-2864.0,-22509.0,-6688.0,-4564.0,54572.0
802,2456.0,-3480.0,-4048.0,-2880.0,-23866.0,-6927.0,-4997.0,54578.0
803,1900.0,-4008.0,-3996.0,-2896.0,-25236.0,-7366.0,-5415.0,54584.0
804,1684.0,-4580.0,-4088.0,-2912.0,-26660.0,-7853.0,-5815.0,54590.0
805,1568.0,-5380.0,-3880.0,-2896.0,-28033.0,-8251.0,-6248.0,54595.0
806,1796.0,-6544.0,-3576.0,-2896.0,-29321.0,-8456.0,-6671.0,54601.0
807,1972.0,-7952.0,-3188.0,-2912.0,-30445.0,-8498.0,-7013.0,54607.0
808,2092.0,-9224.0,-2676.0,-2864.0,-31433.0,-8272.0,-7293.0,54614.0
809,2656.0,-10684.0,-1648.0,-2912.0,-32284.0,-7944.0,-7520.0,54620.0
810,2880.0,-11748.0,-884.0,-2896.0,-32768.0,-7450.0,-7684.0,54626.0
811,3288.0,-12632.0,-612.0,-2880.0,-32768.0,-6865.0,-7819.0,54632.0
812,3572.0,-13408.0,-124.0,-2928.0,-32768.0,-6252.0,-7930.0,54638.0
813,3672.0,-14556.0,272.0,-2912.0,-32768.0,-5683.0,-8060.0,54644.0
814,3652.0,-15336.0,556.0,-2896.0,-32768.0,-5260.0,-8250.0,54650.0
815,3700.0,-16268.0,1096.0,-2880.0,-32768.0,-4960.0,-8389.0,54657.0
816,3780.0,-17024.0,1712.0,-2896.0,-32768.0,-4684.0,-8621.0,54663.0
817,4300.0,-18052.0,1772.0,-2864.0,-32768.0,-4200.0,-8882.0,54669.0
818,4904.0,-19044.0,1852.0,-2912.0,-32768.0,-3495.0,-9241.0,54675.0
819,5184.0,-20168.0,1812.0,-2896.0,-32768.0,-2655.0,-9534.0,54681.0
820,5388.0,-21176.0,1804.0,-2912.0,-32768.0,-1855.0,-9843.0,54687.0
821,5176.0,-22068.0,2092.0,-2912.0,-32768.0,-1276.0,-10115.0,54693.0
822,4952.0,-22784.0,2380.0,-2896.0,-32768.0,-1000.0,-10451.0,54700.0
823,4636.0,-23608.0,2780.0,-2896.0,-32768.0,-698.0,-10909.0,54706.0
824,4648.0,-24388.0,2784.0,-2912.0,-32768.0,-298.0,-11438.0,54712.0
825,4904.0,-25224.0,2988.0,-2912.0,-32768.0,178.0,-12136.0,54718.0
826,5172.0,-26192.0,2904.0,-2896.0,-32768.0,619.0,-12665.0,54724.0
827,5412.0,-27112.0,3092.0,-2912.0,-32768.0,906.0,-13311.0,54730.0
828,5500.0,-28132.0,3272.0,-2928.0,-32768.0,1147.0,-13844.0,54736.0
829,5372.0,-29424.0,3564.0,-2896.0,-32768.0,1339.0,-14264.0,54743.0
830,4832.0,-30400.0,4228.0,-2896.0,-32768.0,1510.0,-14701.0,54749.0
831,3968.0,-31368.0,5568.0,-2896.0,-32768.0,1580.0,-15079.0,54755.0
832,3852.0,-31744.0,6628.0,-2912.0,-32768.0,1919.0,-15387.0,54761.0
833,5052.0,-32628.0,7828.0,-2880.0,-32768.0,2678.0,-15687.0,54767.0
834,6128.0,-32768.0,8808.0,-2880.0,-32768.0,4148.0,-15843.0,54773.0
835,7896.0,-32768.0,10348.0,-2896.0,-32768.0,6074.0,-16076.0,54779.0
836,5624.0,-32768.0,9776.0,-2896.0,-32768.0,7998.0,-16756.0,54786.0
837,7552.0,-32768.0,13420.0,-2896.0,-32768.0,10349.0,-11633.0,54792.0
838,7968.0,-32768.0,14912.0,-2896.0,-31043.0,13355.0,-13363.0,54798.0
839,1644.0,-32768.0,17076.0,-2880.0,-28937.0,15404.0,-13583.0,54804.0
840,-3156.0,-32768.0,18764.0,-2960.0,-26379.0,15991.0,-12153.0,54811.0
841,-6284.0,-32768.0,22136.0,-2912.0,-23548.0,16195.0,-11127.0,54817.0
842,-9792.0,-32768.0,24872.0,-2928.0,-20616.0,16124.0,-9625.0,54823.0
843,-14412.0,-32764.0,27748.0,-2864.0,-17285.0,15777.0,-8419.0,54830.0
844,-19092.0,-32020.0,30680.0,-2896.0,-13647.0,14572.0,-7015.0,54837.0
845,-22588.0,-30516.0,32767.0,-2896.0,-9701.0,11762.0,-5376.0,54843.0
846,-23304.0,-29792.0,32767.0,-2880.0,-5569.0,8329.0,-3517.0,54849.0
847,-22060.0,-29324.0,32767.0,-2896.0,-1316.0,4770.0,-1272.0,54855.0
848,-20796.0,-28640.0,32767.0,-2864.0,2744.0,1606.0,797.0,54862.0
849,-19520.0,-27832.0,32232.0,-2864.0,6472.0,-1518.0,2551.0,54868.0
850,-17952.0,-26528.0,30528.0,-2880.0,9657.0,-4670.0,3930.0,54875.0
851,-15836.0,-25116.0,28220.0,-2912.0,12354.0,-7818.0,5028.0,54881.0
852,-13824.0,-24532.0,25568.0,-2880.0,14449.0,-10516.0,5698.0,54887.0
853,-11724.0,-24244.0,22696.0,-2880.0,16354.0,-13088.0,6107.0,54893.0
854,-8740.0,-22864.0,18356.0,-2864.0,17733.0,-15191.0,6322.0,54899.0
855,-2860.0,-14016.0,2540.0,-2880.0,16684.0,-16485.0,5277.0,54905.0
856,29352.0,9272.0,-32768.0,-2928.0,1054.0,-15251.0,-3965.0,54912.0
857,32767.0,-12092.0,-32768.0,-2896.0,-11059.0,-24748.0,-32768.0,54918.0
858,32767.0,-32768.0,-22588.0,-2896.0,15991.0,-32768.0,-9006.0,54925.0
859,4940.0,-28512.0,-128.0,-2896.0,18494.0,-3090.0,23549.0,54931.0
860,-29740.0,-19728.0,25872.0,-2880.0,16007.0,24569.0,18310.0,54937.0
861,-32768.0,-27180.0,32767.0,-2896.0,16444.0,16859.0,10192.0,54943.0
862,-32768.0,-32768.0,32767.0,-2896.0,19090.0,-4468.0,230.0,54950.0
863,-27912.0,-30496.0,1340.0,-2912.0,17409.0,-17340.0,-1052.0,54957.0
864,-4672.0,-12588.0,-17656.0,-2912.0,13731.0,-18239.0,16.0,54963.0
865,22664.0,-1596.0,-12232.0,-2896.0,11774.0,-18661.0,-4047.0,54969.0
866,32644.0,-5868.0,3044.0,-2896.0,12342.0,-18579.0,-6038.0,54975.0
867,20384.0,-19024.0,12032.0,-2896.0,13395.0,-9022.0,-1842.0,54981.0
868,6096.0,-22076.0,6644.0,-2896.0,12928.0,271.0,121.0,54987.0
869,1216.0,-16044.0,-728.0,-2864.0,11288.0,-1424.0,-436.0,54993.0
870,3456.0,-13856.0,-2616.0,-2880.0,10756.0,-7459.0,-1276.0,55000.0
871,6012.0,-15572.0,-424.0,-2896.0,10759.0,-8357.0,-28.0,55006.0
872,6160.0,-16812.0,-636.0,-2896.0,10900.0,-5305.0,620.0,55012.0
873,4720.0,-17516.0,-2044.0,-2880.0,10972.0,-3019.0,803.0,55018.0
874,3756.0,-18500.0,-1944.0,-2896.0,11284.0,-2226.0,827.0,55024.0
875,3784.0,-18684.0,-944.0,-2880.0,11441.0,-1980.0,773.0,55030.0
876,3916.0,-18040.0,-592.0,-2912.0,11133.0,-1463.0,785.0,55036.0
877,4552.0,-17016.0,-208.0,-2896.0,10578.0,-229.0,1163.0,55042.0
878,4536.0,-16488.0,-180.0,-2896.0,10089.0,1531.0,1158.0,55048.0
879,3232.0,-15596.0,412.0,-2912.0,9494.0,3555.0,1021.0,55054.0
880,1388.0,-15336.0,368.0,-2912.0,8933.0,4954.0,536.0,55060.0
881,-428.0,-15672.0,-120.0,-2880.0,8553.0,4861.0,-309.0,55066.0
882,-1440.0,-16340.0,-540.0,-2912.0,8482.0,3397.0,-1223.0,55072.0
883,-1164.0,-17104.0,-964.0,-2880.0,8713.0,1675.0,-1878.0,55078.0
884,400.0,-17100.0,-1160.0,-2896.0,8825.0,40.0,-2192.0,55085.0
885,3116.0,-16872.0,-984.0,-2880.0,8853.0,-1151.0,-2279.0,55090.0
886,5424.0,-16440.0,-1116.0,-2928.0,8797.0,-1783.0,-2122.0,55096.0
887,6868.0,-15872.0,-1044.0,-2896.0,8670.0,-1595.0,-1784.0,55102.0
888,7800.0,-15492.0,-1492.0,-2896.0,8591.0,-652.0,-1502.0,55108.0
889,8528.0,-15100.0,-1436.0,-2928.0,8503.0,409.0,-1183.0,55114.0
890,8516.0,-14468.0,-868.0,-2912.0,8236.0,1705.0,-674.0,55120.0
891,8400.0,-14360.0,-316.0,-2912.0,7868.0,3000.0,-109.0,55127.0
892,7820.0,-14984.0,-356.0,-2912.0,7575.0,4336.0,396.0,55133.0
893,6780.0,-15484.0,-728.0,-2912.0,7417.0,5528.0,710.0,55138.0
894,5320.0,-15188.0,-752.0,-2880.0,7242.0,6099.0,763.0,55144.0
895,3924.0,-15180.0,-576.0,-2912.0,7062.0,6223.0,689.0,55150.0
896,2752.0,-15640.0,-320.0,-2880.0,6974.0,6089.0,549.0,55156.0
897,2216.0,-16468.0,-380.0,-2912.0,7034.0,5845.0,355.0,55162.0
898,2276.0,-16600.0,-1000.0,-2912.0,7018.0,5293.0,53.0,55168.0
899,2844.0,-16172.0,-1228.0,-2880.0,6953.0,4518.0,-100.0,55174.0
900,3936.0,-15964.0,-1408.0,-2912.0,6906.0,3966.0,-202.0,55180.0
901,4568.0,-15752.0,-1360.0,-2880.0,6829.0,3683.0,-120.0,55186.0
902,5092.0,-15588.0,-1052.0,-2896.0,6725.0,3703.0,72.0,55192.0
903,5456.0,-15536.0,-816.0,-2864.0,6643.0,3828.0,221.0,55198.0
904,5660.0,-15724.0,-776.0,-2896.0,6522.0,3921.0,414.0,55204.0
905,5836.0,-15604.0,-560.0,-2896.0,6426.0,4024.0,611.0,55209.0
906,5888.0,-15592.0,-336.0,-2912.0,6306.0,4107.0,790.0,55216.0
907,5780.0,-15836.0,-464.0,-2912.0,6263.0,4139.0,972.0,55222.0
908,5420.0,-15720.0,260.0,-2880.0,6091.0,4213.0,1098.0,55228.0
909,4864.0,-16088.0,256.0,-2912.0,5957.0,4128.0,1126.0,55234.0
910,4360.0,-16112.0,584.0,-2912.0,5876.0,3959.0,1193.0,55239.0
911,4088.0,-15940.0,632.0,-2912.0,5782.0,3852.0,1202.0,55245.0
912,3904.0,-16068.0,692.0,-2912.0,5730.0,3737.0,1143.0,55251.0
913,3744.0,-16172.0,948.0,-2880.0,5664.0,3579.0,1055.0,55258.0
914,3652.0,-16332.0,1112.0,-2912.0,5648.0,3305.0,962.0,55264.0
915,3708.0,-16296.0,984.0,-2880.0,5574.0,3079.0,935.0,55270.0
916,3784.0,-16264.0,1192.0,-2912.0,5546.0,2925.0,887.0,55275.0
917,4000.0,-16420.0,1552.0,-2912.0,5497.0,2888.0,881.0,55281.0
918,4316.0,-16432.0,1524.0,-2880.0,5440.0,2928.0,916.0,55287.0
919,4700.0,-16608.0,1384.0,-2880.0,5408.0,3134.0,918.0,55293.0
920,4748.0,-16820.0,1456.0,-2912.0,5435.0,3409.0,978.0,55300.0
921,4656.0,-16876.0,1564.0,-2912.0,5468.0,3595.0,1027.0,55306.0
922,4740.0,-16928.0,1416.0,-2928.0,5536.0,3679.0,1046.0,55311.0
923,4908.0,-16828.0,1324.0,-2928.0,5613.0,3781.0,1019.0,55317.0
924,5348.0,-16864.0,960.0,-2896.0,5714.0,3851.0,955.0,55323.0
925,6788.0,-17292.0,1076.0,-2864.0,5735.0,4121.0,693.0,55329.0
926,12696.0,-15580.0,-400.0,-2896.0,5719.0,4612.0,-1095.0,55335.0
927,10152.0,-15804.0,-364.0,-2896.0,5881.0,5019.0,309.0,55342.0
928,9176.0,-16568.0,1160.0,-2880.0,5857.0,6673.0,382.0,55348.0
929,6468.0,-16756.0,1544.0,-2912.0,5939.0,8026.0,375.0,55353.0
930,4428.0,-16564.0,1968.0,-2912.0,6040.0,8266.0,786.0,55359.0
931,2908.0,-17108.0,2168.0,-2912.0,6283.0,8144.0,1154.0,55365.0
932,2488.0,-17120.0,2124.0,-2912.0,6492.0,8029.0,1248.0,55371.0
933,2184.0,-17304.0,2076.0,-2896.0,6740.0,7678.0,1331.0,55377.0
934,1972.0,-17432.0,1968.0,-2896.0,7014.0,7277.0,1504.0,55384.0
935,1704.0,-17776.0,1772.0,-2880.0,7305.0,7049.0,1600.0,55390.0
936,472.0,-18296.0,2004.0,-2880.0,7698.0,6596.0,1778.0,55395.0
937,-84.0,-18500.0,2024.0,-2912.0,8113.0,5898.0,1948.0,55401.0
938,-448.0,-18736.0,2284.0,-2912.0,8555.0,5118.0,2137.0,55407.0
939,-144.0,-19532.0,1660.0,-2880.0,9077.0,4312.0,2937.0,55413.0
940,508.0,-19016.0,2584.0,-2880.0,9374.0,4247.0,2666.0,55419.0
941,1004.0,-19400.0,2452.0,-2880.0,9786.0,3640.0,3362.0,55426.0
942,1116.0,-19416.0,2552.0,-2912.0,10163.0,3218.0,3504.0,55431.0
943,1340.0,-19432.0,2488.0,-2896.0,10545.0,2776.0,3760.0,55437.0
944,1648.0,-19428.0,2528.0,-2896.0,10920.0,2357.0,4061.0,55443.0
945,1988.0,-19564.0,2832.0,-2912.0,11286.0,2131.0,4454.0,55449.0
946,2060.0,-19824.0,2788.0,-2896.0,11609.0,2070.0,4748.0,55455.0
947,2176.0,-19960.0,3008.0,-2880.0,11972.0,1916.0,5168.0,55461.0
948,2120.0,-20148.0,3172.0,-2896.0,12313.0,1825.0,5509.0,55468.0
949,2396.0,-20408.0,2824.0,-2944.0,12678.0,1748.0,5864.0,55474.0
950,2668.0,-20796.0,2860.0,-2896.0,13018.0,1737.0,6225.0,55480.0
951,2904.0,-21068.0,2664.0,-2912.0,13531.0,1770.0,6595.0,55486.0
952,3124.0,-21332.0,2544.0,-2880.0,13848.0,1741.0,6850.0,55492.0
953,3640.0,-21360.0,2640.0,-2896.0,14308.0,1735.0,7141.0,55498.0
954,4344.0,-21560.0,2624.0,-2880.0,14739.0,1865.0,7402.0,55504.0
955,5136.0,-21644.0,2360.0,-2896.0,15183.0,2135.0,7620.0,55511.0
956,5832.0,-21836.0,2376.0,-2880.0,15614.0,2512.0,7856.0,55516.0
957,6824.0,-22116.0,2384.0,-2896.0,16053.0,3050.0,8098.0,55522.0
958,7636.0,-22644.0,3148.0,-2880.0,16599.0,3873.0,8309.0,55528.0
959,7636.0,-23176.0,3724.0,-2896.0,17198.0,4781.0,8663.0,55534.0
960,7548.0,-24144.0,2920.0,-2864.0,17646.0,6085.0,9004.0,55540.0
961,5068.0,-24212.0,3120.0,-2880.0,18119.0,7396.0,9908.0,55546.0
962,3924.0,-26096.0,2860.0,-2896.0,18211.0,7309.0,10924.0,55553.0
963,4944.0,-29660.0,1972.0,-2880.0,18476.0,6732.0,11595.0,55559.0
964,7192.0,-29780.0,-368.0,-2912.0,18914.0,6737.0,11697.0,55565.0
965,9716.0,-28364.0,-3032.0,-2928.0,19232.0,6803.0,11408.0,55571.0
966,12012.0,-28948.0,-5532.0,-2912.0,19326.0,7835.0,11146.0,55577.0
967,13720.0,-31304.0,-7324.0,-2912.0,19335.0,9338.0,10921.0,55583.0
968,14936.0,-32768.0,-8556.0,-2928.0,19317.0,11075.0,10854.0,55589.0
969,13860.0,-32768.0,-12512.0,-2912.0,19322.0,13188.0,10768.0,55596.0
970,12244.0,-32768.0,-15888.0,-2896.0,19225.0,15351.0,11045.0,55602.0
971,9756.0,-32768.0,-18324.0,-2896.0,18806.0,16784.0,11510.0,55608.0
972,5428.0,-31356.0,-19456.0,-2880.0,18165.0,16982.0,11982.0,55615.0
973,1880.0,-28996.0,-16048.0,-2912.0,17651.0,15544.0,12204.0,55621.0
974,-1208.0,-26420.0,-8740.0,-2896.0,17260.0,13227.0,12756.0,55627.0
975,-5020.0,-25516.0,3896.0,-2928.0,17324.0,10084.0,13407.0,55633.0
976,-7304.0,-26180.0,11584.0,-2896.0,17357.0,6325.0,13910.0,55640.0
977,-7308.0,-25132.0,9624.0,-2928.0,16309.0,367.0,13067.0,55646.0
978,-4652.0,-23876.0,5792.0,-2880.0,14772.0,-6088.0,11966.0,55652.0
979,104.0,-23236.0,4420.0,-2896.0,13926.0,-11045.0,10368.0,55658.0
980,5124.0,-21804.0,2160.0,-2896.0,13973.0,-13763.0,8537.0,55664.0
981,6528.0,-22524.0,3476.0,-2928.0,14947.0,-14383.0,7685.0,55670.0
982,7500.0,-23380.0,4104.0,-2912.0,16140.0,-12406.0,7795.0,55676.0
983,7744.0,-21968.0,2440.0,-2880.0,16392.0,-9374.0,8285.0,55683.0
984,7912.0,-16688.0,-324.0,-2896.0,15369.0,-6784.0,8593.0,55689.0
985,8376.0,-9616.0,-3684.0,-2928.0,13167.0,-6465.0,7961.0,55695.0
986,11100.0,-5056.0,-3244.0,-2912.0,10457.0,-6617.0,6531.0,55701.0
987,12276.0,-5168.0,-2820.0,-2864.0,8056.0,-3953.0,5236.0,55707.0
988,11280.0,-5876.0,-4312.0,-2912.0,5738.0,170.0,4515.0,55713.0
989,9056.0,-5568.0,-6688.0,-2896.0,3679.0,3094.0,4278.0,55719.0
990,7680.0,-3852.0,-8256.0,-2896.0,1706.0,4629.0,4305.0,55725.0
991,6412.0,-2288.0,-8964.0,-2896.0,-239.0,5421.0,4122.0,55731.0
992,4852.0,-1996.0,-8404.0,-2896.0,-1791.0,5810.0,3462.0,55737.0
993,3316.0,-1364.0,-7436.0,-2896.0,-3308.0,6065.0,3208.0,55743.0
994,2144.0,-764.0,-6520.0,-2896.0,-4990.0,6377.0,3143.0,55749.0
995,1024.0,-544.0,-6076.0,-2896.0,-6800.0,6513.0,2721.0,55755.0
996,-200.0,-304.0,-5716.0,-2928.0,-8645.0,6181.0,2015.0,55760.0
997,-1172.0,-452.0,-4748.0,-2912.0,-10202.0,5106.0,1117.0,55767.0
998,-1820.0,-340.0,-4096.0,-2896.0,-11782.0,3446.0,244.0,55773.0
999,-2204.0,-16.0,-4480.0,-2896.0,-13450.0,1695.0,-609.0,55779.0
1000,-2152.0,144.0,-4492.0,-2880.0,-15169.0,78.0,-1395.0,55785.0
1001,-1744.0,-152.0,-4824.0,-2944.0,-16906.0,-1108.0,-2063.0,55790.0
1002,-1216.0,-608.0,-5276.0,-2880.0,-18712.0,-2017.0,-2682.0,55796.0
1003,-508.0,-1164.0,-5924.0,-2896.0,-20488.0,-2847.0,-3443.0,55802.0
1004,-184.0,-2316.0,-5872.0,-2896.0,-21952.0,-3930.0,-4161.0,55809.0
1005,456.0,-3240.0,-5516.0,-2880.0,-23215.0,-4918.0,-4716.0,55815.0
1006,812.0,-3996.0,-4904.0,-2912.0,-24296.0,-5915.0,-5276.0,55821.0
1007,1048.0,-4460.0,-4476.0,-2896.0,-25430.0,-6814.0,-5841.0,55827.0
1008,1276.0,-4716.0,-4424.0,-2880.0,-26718.0,-7634.0,-6431.0,55833.0
1009,1492.0,-5296.0,-4300.0,-2864.0,-28092.0,-8496.0,-7007.0,55839.0
1010,1980.0,-6308.0,-3940.0,-2912.0,-29417.0,-9099.0,-7582.0,55845.0
1011,2472.0,-7520.0,-3960.0,-2896.0,-30713.0,-9523.0,-8136.0,55852.0
1012,3056.0,-9008.0,-3776.0,-2912.0,-31934.0,-9596.0,-8602.0,55858.0
1013,3612.0,-10636.0,-3396.0,-2896.0,-32768.0,-9204.0,-8880.0,55863.0
1014,4444.0,-12068.0,-2244.0,-2912.0,-32768.0,-8302.0,-9008.0,55869.0
1015,5188.0,-13304.0,-1896.0,-2912.0,-32768.0,-6927.0,-9185.0,55875.0
1016,5668.0,-14448.0,-1436.0,-2896.0,-32768.0,-5456.0,-9323.0,55881.0
1017,4988.0,-15724.0,-1156.0,-2912.0,-32768.0,-4151.0,-9335.0,55887.0
1018,4056.0,-16776.0,-724.0,-2912.0,-32768.0,-3249.0,-9369.0,55894.0
1019,3192.0,-17788.0,180.0,-2896.0,-32768.0,-2901.0,-9326.0,55900.0
1020,2788.0,-18964.0,924.0,-2928.0,-32768.0,-2675.0,-9280.0,55906.0
1021,2816.0,-19960.0,1600.0,-2880.0,-32768.0,-2214.0,-9353.0,55912.0
1022,2984.0,-20992.0,1940.0,-2864.0,-32768.0,-1588.0,-9480.0,55918.0
1023,3184.0,-21704.0,2216.0,-2864.0,-32768.0,-1010.0,-9757.0,55924.0
1024,3604.0,-22748.0,1968.0,-2912.0,-32768.0,-631.0,-10138.0,55930.0
1025,3756.0,-23756.0,2248.0,-2896.0,-32768.0,-348.0,-10458.0,55937.0
1026,3704.0,-24788.0,2660.0,-2912.0,-32768.0,-124.0,-10740.0,55943.0
1027,3468.0,-25632.0,3156.0,-2912.0,-32768.0,82.0,-11155.0,55949.0
1028,3248.0,-26100.0,3628.0,-2880.0,-32768.0,273.0,-11704.0,55955.0
1029,3192.0,-26844.0,3712.0,-2896.0,-32768.0,325.0,-12424.0,55961.0
1030,3060.0,-27604.0,3948.0,-2896.0,-32768.0,142.0,-13144.0,55967.0
1031,2836.0,-28596.0,4328.0,-2928.0,-32768.0,-156.0,-13686.0,55973.0
1032,2192.0,-29744.0,5016.0,-2896.0,-32768.0,-675.0,-14152.0,55980.0
1033,996.0,-30420.0,5872.0,-2912.0,-32768.0,-1441.0,-14507.0,55986.0
1034,-104.0,-30928.0,6720.0,-2912.0,-32768.0,-2481.0,-14762.0,55992.0
1035,-812.0,-31420.0,7504.0,-2896.0,-32768.0,-3527.0,-14987.0,55998.0
1036,-476.0,-31956.0,8448.0,-2896.0,-32768.0,-4276.0,-14947.0,56004.0
1037,1268.0,-32564.0,9196.0,-2944.0,-32768.0,-4465.0,-14637.0,56010.0
1038,2764.0,-32768.0,9968.0,-2880.0,-32768.0,-4036.0,-14206.0,56016.0
1039,4060.0,-32768.0,11180.0,-2896.0,-32729.0,-3109.0,-13677.0,56023.0
1040,5304.0,-32768.0,12840.0,-2912.0,-31357.0,-1919.0,-13192.0,56030.0
1041,6020.0,-32768.0,14508.0,-2896.0,-29742.0,-693.0,-12779.0,56036.0
1042,6196.0,-32768.0,16596.0,-2896.0,-27889.0,391.0,-12497.0,56042.0
1043,6460.0,-32768.0,19156.0,-2912.0,-25715.0,1471.0,-12321.0,56048.0
1044,6072.0,-32728.0,21320.0,-2912.0,-23345.0,2710.0,-12009.0,56054.0
1045,4596.0,-32088.0,22812.0,-2896.0,-20835.0,4414.0,-11333.0,56060.0
1046,5280.0,-28936.0,26020.0,-2896.0,-18492.0,6015.0,-10232.0,56067.0
1047,-6788.0,-29756.0,27216.0,-2912.0,-15489.0,6977.0,-6550.0,56074.0
1048,-408.0,-28676.0,26720.0,-2896.0,-12034.0,9269.0,-4805.0,56080.0
1049,-11020.0,-25612.0,29128.0,-2896.0,-9220.0,11194.0,-5430.0,56086.0
1050,-16052.0,-24856.0,29876.0,-2912.0,-6283.0,10023.0,-3826.0,56092.0
1051,-17032.0,-24812.0,30228.0,-2896.0,-3030.0,7244.0,-1559.0,56098.0
1052,-15768.0,-25248.0,30324.0,-2912.0,625.0,4225.0,393.0,56104.0
1053,-14792.0,-25324.0,29980.0,-2928.0,4079.0,1694.0,2141.0,56111.0
1054,-14152.0,-24476.0,29108.0,-2880.0,7266.0,-527.0,3368.0,56117.0
1055,-15484.0,-23956.0,27720.0,-2896.0,10102.0,-2824.0,4066.0,56123.0
1056,-14620.0,-22376.0,26144.0,-2928.0,12261.0,-5334.0,3613.0,56129.0
1057,-15852.0,-22184.0,23640.0,-2896.0,14163.0,-8756.0,3807.0,56135.0
1058,-13328.0,-21572.0,19724.0,-2912.0,15671.0,-12283.0,4210.0,56142.0
1059,-7528.0,-17172.0,11640.0,-2896.0,16037.0,-14955.0,3588.0,56148.0
1060,24008.0,9452.0,-32768.0,-2912.0,2784.0,-15217.0,-3556.0,56155.0
1061,32767.0,-14452.0,-32768.0,-2912.0,-9686.0,-23252.0,-31973.0,56161.0
1062,32767.0,-32768.0,-18484.0,-2912.0,12013.0,-32314.0,-15179.0,56167.0
1063,5312.0,-32768.0,6248.0,-2896.0,19730.0,-3599.0,20531.0,56174.0
1064,-27192.0,-32732.0,32767.0,-2928.0,20237.0,23802.0,22042.0,56180.0
1065,-32768.0,-32684.0,32767.0,-2912.0,20135.0,18272.0,11309.0,56186.0
1066,-32768.0,-32768.0,20104.0,-2896.0,18865.0,-1217.0,275.0,56193.0
1067,-26368.0,-22740.0,-14712.0,-2896.0,15605.0,-14821.0,-1070.0,56199.0
1068,5788.0,-9432.0,-20288.0,-2896.0,15388.0,-17126.0,1471.0,56206.0
1069,29716.0,-964.0,-3344.0,-2864.0,16455.0,-17985.0,-1675.0,56212.0
1070,32767.0,-2276.0,11160.0,-2896.0,15701.0,-15251.0,-4246.0,56218.0
1071,14724.0,-16200.0,11212.0,-2912.0,13627.0,-5037.0,-1042.0,56224.0
1072,3860.0,-18748.0,2152.0,-2912.0,12254.0,1752.0,970.0,56230.0
1073,2400.0,-16340.0,-1744.0,-2896.0,11879.0,-1376.0,-896.0,56237.0
1074,3044.0,-16364.0,-616.0,-2880.0,11959.0,-6105.0,-1114.0,56243.0
1075,5188.0,-17452.0,-172.0,-2896.0,11914.0,-5870.0,428.0,56249.0
1076,6460.0,-17220.0,-1024.0,-2896.0,11881.0,-3418.0,1213.0,56255.0
1077,5584.0,-18248.0,-1508.0,-2864.0,12329.0,-1921.0,1470.0,56261.0
1078,3828.0,-19456.0,-776.0,-2880.0,13161.0,-1678.0,1610.0,56267.0
1079,3100.0,-18704.0,-40.0,-2896.0,13417.0,-1667.0,1875.0,56273.0
1080,3560.0,-17864.0,56.0,-2896.0,12981.0,-1288.0,1966.0,56279.0
1081,3836.0,-17508.0,128.0,-2928.0,12501.0,-238.0,1988.0,56285.0
1082,2940.0,-16584.0,856.0,-2880.0,11926.0,1508.0,1862.0,56291.0
1083,1604.0,-15352.0,1592.0,-2912.0,11063.0,3633.0,1642.0,56297.0
1084,-208.0,-14736.0,1100.0,-2896.0,10063.0,4922.0,1043.0,56303.0
1085,-1292.0,-15428.0,156.0,-2944.0,9440.0,4579.0,264.0,56309.0
1086,-1536.0,-16684.0,-564.0,-2880.0,9361.0,3423.0,-544.0,56315.0
1087,-952.0,-17320.0,-644.0,-2912.0,9503.0,2510.0,-1241.0,56322.0
1088,304.0,-17268.0,-584.0,-2912.0,9534.0,1403.0,-1698.0,56327.0
1089,1948.0,-16832.0,-228.0,-2880.0,9412.0,4.0,-1772.0,56333.0
1090,3536.0,-16932.0,-444.0,-2928.0,9315.0,-832.0,-1675.0,56339.0
1091,4848.0,-16708.0,-1500.0,-2928.0,9319.0,-942.0,-1684.0,56345.0
1092,5772.0,-15192.0,-1344.0,-2912.0,9105.0,-694.0,-1566.0,56351.0
1093,6524.0,-13840.0,-468.0,-2880.0,8555.0,-240.0,-1381.0,56357.0
1094,7228.0,-13532.0,-188.0,-2912.0,7890.0,526.0,-914.0,56363.0
1095,7940.0,-14040.0,-128.0,-2912.0,7375.0,1739.0,-280.0,56369.0
1096,7740.0,-14432.0,-356.0,-2912.0,6971.0,3300.0,240.0,56375.0
1097,6432.0,-14768.0,-248.0,-2912.0,6650.0,4733.0,552.0,56381.0
1098,5048.0,-15232.0,-188.0,-2880.0,6431.0,5614.0,680.0,56387.0
1099,3452.0,-15992.0,140.0,-2944.0,6413.0,5930.0,511.0,56392.0
1100,2860.0,-16232.0,-312.0,-2912.0,6466.0,6101.0,433.0,56398.0
1101,2576.0,-16276.0,-700.0,-2912.0,6616.0,5892.0,47.0,56404.0
1102,2144.0,-15892.0,-408.0,-2896.0,6664.0,5502.0,-169.0,56411.0
1103,2056.0,-15948.0,-344.0,-2896.0,6633.0,4931.0,-389.0,56417.0
1104,2084.0,-16428.0,-20.0,-2896.0,6525.0,4125.0,-558.0,56423.0
1105,2212.0,-16600.0,-596.0,-2896.0,6426.0,3088.0,-691.0,56428.0
1106,3016.0,-16076.0,-784.0,-2896.0,6369.0,1971.0,-701.0,56434.0
1107,4116.0,-15504.0,-676.0,-2928.0,6268.0,1192.0,-583.0,56440.0
1108,5324.0,-15352.0,-348.0,-2896.0,6121.0,973.0,-382.0,56446.0
1109,6076.0,-15536.0,-4.0,-2912.0,6006.0,1258.0,-185.0,56453.0
1110,6036.0,-15564.0,24.0,-2896.0,5890.0,1934.0,155.0,56458.0
1111,6076.0,-15892.0,192.0,-2912.0,5741.0,2776.0,370.0,56464.0
1112,5012.0,-16168.0,392.0,-2912.0,5687.0,3497.0,496.0,56470.0
1113,4484.0,-16280.0,104.0,-2928.0,5724.0,3715.0,562.0,56476.0
1114,4104.0,-16076.0,520.0,-2928.0,5701.0,3715.0,607.0,56481.0
1115,3948.0,-16264.0,644.0,-2912.0,5683.0,3659.0,558.0,56487.0
1116,3768.0,-16312.0,440.0,-2880.0,5751.0,3470.0,519.0,56494.0
1117,3508.0,-16296.0,580.0,-2896.0,5831.0,3258.0,521.0,56500.0
1118,3472.0,-16204.0,592.0,-2928.0,5859.0,2935.0,424.0,56505.0
1119,3512.0,-16292.0,948.0,-2864.0,5866.0,2681.0,412.0,56511.0
1120,3600.0,-16488.0,1188.0,-2912.0,5894.0,2564.0,385.0,56517.0
1121,3996.0,-16472.0,1080.0,-2912.0,5887.0,2506.0,377.0,56523.0
1122,4356.0,-16212.0,1348.0,-2880.0,5881.0,2554.0,410.0,56529.0
1123,4416.0,-16420.0,1568.0,-2880.0,5864.0,2705.0,477.0,56535.0
1124,4628.0,-16436.0,1544.0,-2912.0,5870.0,2907.0,494.0,56541.0
1125,4680.0,-16452.0,1512.0,-2912.0,5860.0,3105.0,534.0,56547.0
1126,4712.0,-16384.0,1596.0,-2880.0,5904.0,3271.0,547.0,56553.0
1127,4672.0,-16588.0,1632.0,-2928.0,5910.0,3455.0,611.0,56559.0
1128,4672.0,-16828.0,1648.0,-2896.0,6009.0,3681.0,615.0,56565.0
1129,4424.0,-16680.0,1532.0,-2864.0,6050.0,3845.0,589.0,56570.0
1130,4968.0,-16800.0,1452.0,-2928.0,6212.0,4035.0,424.0,56577.0
1131,5980.0,-18184.0,2124.0,-2896.0,6189.0,4450.0,178.0,56583.0
1132,9144.0,-15240.0,288.0,-2928.0,6207.0,4531.0,-831.0,56589.0
1133,6692.0,-16464.0,1596.0,-2880.0,6413.0,4788.0,514.0,56595.0
1134,5988.0,-16544.0,2320.0,-2912.0,6388.0,6007.0,120.0,56601.0
1135,4528.0,-16776.0,2396.0,-2880.0,6472.0,6396.0,307.0,56606.0
1136,3444.0,-16904.0,2500.0,-2896.0,6652.0,6355.0,669.0,56612.0
1137,2968.0,-17148.0,2508.0,-2896.0,6868.0,6405.0,922.0,56619.0
1138,1520.0,-18236.0,1560.0,-2896.0,7258.0,6124.0,1711.0,56625.0
1139,3168.0,-17060.0,2224.0,-2928.0,7377.0,6290.0,952.0,56631.0
1140,2140.0,-18008.0,2240.0,-2896.0,7738.0,5738.0,1555.0,56637.0
1141,2352.0,-18256.0,1944.0,-2896.0,8081.0,5156.0,1638.0,56642.0
1142,2144.0,-18568.0,1980.0,-2880.0,8489.0,4607.0,1853.0,56648.0
1143,2116.0,-18868.0,2156.0,-2880.0,8933.0,4113.0,2116.0,56654.0
1144,1880.0,-19044.0,2344.0,-2896.0,9343.0,3687.0,2547.0,56660.0
1145,1792.0,-19056.0,2360.0,-2896.0,9777.0,3403.0,2876.0,56667.0
1146,1568.0,-19068.0,2552.0,-2880.0,10214.0,3061.0,3272.0,56673.0
1147,1664.0,-19612.0,2956.0,-2928.0,10594.0,2876.0,3685.0,56679.0
1148,1484.0,-19992.0,2968.0,-2896.0,11001.0,2598.0,4036.0,56685.0
1149,1588.0,-20284.0,2996.0,-2912.0,11352.0,2270.0,4440.0,56691.0
1150,1864.0,-20668.0,3196.0,-2864.0,11706.0,2069.0,4696.0,56697.0
1151,2180.0,-20980.0,3044.0,-2912.0,12078.0,1907.0,5074.0,56704.0
1152,2256.0,-20980.0,3076.0,-2896.0,12440.0,1956.0,5352.0,56709.0
1153,2136.0,-21024.0,3204.0,-2912.0,12866.0,1996.0,5674.0,56715.0
1154,2176.0,-21092.0,3188.0,-2928.0,13280.0,2010.0,5998.0,56721.0
1155,2272.0,-21228.0,3236.0,-2912.0,13672.0,2026.0,6315.0,56727.0
1156,2564.0,-21444.0,2980.0,-2896.0,14037.0,1988.0,6609.0,56733.0
1157,2956.0,-21572.0,3128.0,-2896.0,14493.0,1999.0,6860.0,56739.0
1158,3752.0,-21668.0,2844.0,-2912.0,14895.0,2182.0,7103.0,56745.0
1159,4452.0,-21892.0,2808.0,-2896.0,15313.0,2481.0,7385.0,56752.0
1160,5140.0,-22320.0,2700.0,-2880.0,15752.0,3008.0,7606.0,56758.0
1161,5784.0,-22640.0,2968.0,-2896.0,16215.0,3640.0,7876.0,56764.0
1162,6480.0,-23428.0,5036.0,-2896.0,16893.0,4378.0,8124.0,56770.0
1163,6284.0,-23816.0,4172.0,-2896.0,17384.0,5545.0,8557.0,56776.0
1164,7004.0,-25108.0,3536.0,-2912.0,18018.0,6669.0,8653.0,56782.0
1165,5676.0,-24616.0,3200.0,-2928.0,18585.0,8208.0,9462.0,56788.0
1166,4644.0,-26256.0,2732.0,-2896.0,18664.0,8936.0,10245.0,56795.0
1167,5072.0,-30268.0,1428.0,-2864.0,18803.0,8923.0,10910.0,56800.0
1168,6872.0,-31564.0,-1388.0,-2912.0,18935.0,9338.0,11113.0,56806.0
1169,9320.0,-31096.0,-3768.0,-2896.0,19185.0,9953.0,10821.0,56812.0
1170,12476.0,-31320.0,-6040.0,-2896.0,19166.0,10959.0,10357.0,56818.0
1171,13892.0,-32768.0,-7736.0,-2896.0,19104.0,12766.0,10018.0,56825.0
1172,14072.0,-32768.0,-11460.0,-2896.0,19290.0,14999.0,9934.0,56832.0
1173,13872.0,-32768.0,-14200.0,-2928.0,19382.0,17874.0,10395.0,56838.0
1174,11060.0,-32768.0,-17188.0,-2912.0,19015.0,20883.0,11019.0,56844.0
1175,7736.0,-32768.0,-17620.0,-2896.0,18624.0,22179.0,11393.0,56850.0
1176,2288.0,-30636.0,-15884.0,-2928.0,17836.0,20515.0,12100.0,56856.0
1177,-1416.0,-26744.0,-8340.0,-2880.0,17225.0,17620.0,12406.0,56862.0
1178,-4004.0,-24952.0,2852.0,-2912.0,17753.0,13473.0,12763.0,56868.0
1179,-7024.0,-23904.0,11116.0,-2880.0,18416.0,8603.0,11993.0,56875.0
1180,-8996.0,-24296.0,11456.0,-2896.0,17947.0,1798.0,11798.0,56882.0
1181,-5988.0,-24484.0,7736.0,-2912.0,17308.0,-5165.0,10675.0,56888.0
1182,-1444.0,-22828.0,5136.0,-2928.0,17151.0,-10574.0,9083.0,56894.0
1183,1996.0,-20476.0,2488.0,-2896.0,16927.0,-14737.0,7639.0,56900.0
1184,4276.0,-18588.0,3280.0,-2912.0,16722.0,-17467.0,6673.0,56906.0
1185,6384.0,-18088.0,4152.0,-2912.0,16825.0,-17347.0,6802.0,56912.0
1186,8352.0,-16700.0,720.0,-2944.0,15980.0,-14237.0,7163.0,56919.0
1187,11804.0,-14176.0,-1484.0,-2896.0,14425.0,-10172.0,6514.0,56925.0
1188,14568.0,-9776.0,-4760.0,-2928.0,12171.0,-6645.0,5221.0,56931.0
1189,16000.0,-4560.0,-6364.0,-2912.0,9387.0,-4309.0,3997.0,56937.0
1190,15572.0,-2864.0,-6100.0,-2864.0,7042.0,-589.0,3202.0,56943.0
1191,13980.0,-3220.0,-5616.0,-2928.0,4971.0,4138.0,2807.0,56949.0
1192,11232.0,-3824.0,-6352.0,-2896.0,2917.0,8376.0,2860.0,56954.0
1193,8080.0,-3812.0,-7776.0,-2896.0,933.0,11249.0,3354.0,56961.0
1194,5100.0,-3504.0,-8732.0,-2896.0,-849.0,13365.0,3316.0,56967.0
1195,1116.0,-3384.0,-7556.0,-2880.0,-2605.0,14578.0,4478.0,56973.0
1196,1048.0,-3400.0,-6680.0,-2912.0,-3591.0,14856.0,4512.0,56979.0
1197,-1352.0,-2152.0,-5528.0,-2928.0,-4929.0,13805.0,2547.0,56985.0
1198,-3460.0,-1724.0,-5144.0,-2880.0,-6288.0,11131.0,2249.0,56991.0
1199,-3608.0,-1336.0,-4748.0,-2896.0,-7653.0,8675.0,1623.0,56997.0
1200,-3764.0,-800.0,-4312.0,-2896.0,-9084.0,6694.0,817.0,57004.0
1201,-3592.0,-148.0,-4520.0,-2864.0,-10653.0,4986.0,-92.0,57009.0
1202,-3304.0,400.0,-4696.0,-2896.0,-12415.0,3211.0,-1244.0,57015.0
1203,-2640.0,432.0,-5060.0,-2896.0,-14108.0,1304.0,-2353.0,57021.0
1204,-1804.0,-124.0,-5004.0,-2880.0,-15745.0,-579.0,-3311.0,57027.0
1205,-972.0,-1048.0,-4760.0,-2912.0,-17175.0,-2339.0,-4156.0,57033.0
1206,-268.0,-1968.0,-4496.0,-2864.0,-18465.0,-3777.0,-5088.0,57039.0
1207,184.0,-2600.0,-4164.0,-2896.0,-19737.0,-4735.0,-5769.0,57046.0
1208,996.0,-2916.0,-4320.0,-2928.0,-21111.0,-5285.0,-6293.0,57052.0
1209,1944.0,-3296.0,-4568.0,-2912.0,-22531.0,-5593.0,-6833.0,57057.0
1210,2536.0,-3812.0,-4772.0,-2896.0,-23916.0,-5767.0,-7405.0,57063.0
1211,2652.0,-4500.0,-4444.0,-2912.0,-25208.0,-5971.0,-8064.0,57069.0
1212,2272.0,-5520.0,-4120.0,-2928.0,-26411.0,-6302.0,-8602.0,57075.0
1213,1832.0,-6544.0,-3588.0,-2912.0,-27500.0,-6707.0,-9098.0,57081.0
1214,1492.0,-7732.0,-3072.0,-2928.0,-28538.0,-7037.0,-9542.0,57088.0
1215,1572.0,-8932.0,-2564.0,-2912.0,-29521.0,-7177.0,-9943.0,57094.0
1216,2112.0,-9980.0,-2364.0,-2928.0,-30493.0,-7128.0,-10307.0,57100.0
1217,2876.0,-11124.0,-2244.0,-2880.0,-31406.0,-6743.0,-10620.0,57106.0
1218,3528.0,-12120.0,-2216.0,-2944.0,-32341.0,-5993.0,-10939.0,57112.0
1219,3944.0,-13408.0,-1980.0,-2880.0,-32768.0,-5079.0,-11084.0,57118.0
1220,3980.0,-14788.0,-1520.0,-2896.0,-32768.0,-4084.0,-11144.0,57124.0
1221,3468.0,-16172.0,-748.0,-2896.0,-32768.0,-3082.0,-11118.0,57131.0
1222,2912.0,-17392.0,176.0,-2912.0,-32768.0,-2248.0,-11037.0,57137.0
1223,2548.0,-18396.0,1184.0,-2928.0,-32768.0,-1603.0,-10995.0,57143.0
1224,2532.0,-19428.0,1744.0,-2928.0,-32768.0,-1121.0,-11080.0,57149.0
1225,2340.0,-20472.0,2344.0,-2864.0,-32768.0,-637.0,-11168.0,57155.0
1226,2696.0,-21332.0,2480.0,-2880.0,-32768.0,-178.0,-11354.0,57161.0
1227,3132.0,-22252.0,2700.0,-2928.0,-32768.0,374.0,-11633.0,57167.0
1228,3428.0,-23168.0,2772.0,-2880.0,-32768.0,877.0,-12035.0,57174.0
1229,3536.0,-24200.0,2804.0,-2864.0,-32768.0,1256.0,-12448.0,57180.0
1230,3232.0,-25200.0,3076.0,-2896.0,-32768.0,1416.0,-12768.0,57186.0
1231,2720.0,-26084.0,3336.0,-2928.0,-32768.0,1340.0,-13283.0,57192.0
1232,2112.0,-26592.0,3792.0,-2880.0,-32768.0,1113.0,-13825.0,57198.0
1233,1632.0,-27376.0,4352.0,-2912.0,-32768.0,775.0,-14349.0,57204.0
1234,1232.0,-28188.0,4896.0,-2928.0,-32768.0,293.0,-14842.0,57210.0
1235,776.0,-29136.0,5424.0,-2944.0,-32768.0,-434.0,-15259.0,57217.0
1236,144.0,-29852.0,5840.0,-2928.0,-32768.0,-1362.0,-15508.0,57223.0
1237,-580.0,-30300.0,6656.0,-2896.0,-32768.0,-2409.0,-15707.0,57229.0
1238,-764.0,-30468.0,7716.0,-2928.0,-32768.0,-3374.0,-15726.0,57235.0
1239,-12.0,-30500.0,8432.0,-2896.0,-32768.0,-4009.0,-15634.0,57241.0
1240,1396.0,-30616.0,8596.0,-2896.0,-32768.0,-4269.0,-15404.0,57247.0
1241,3000.0,-31096.0,9040.0,-2912.0,-32598.0,-4090.0,-14917.0,57254.0
1242,4712.0,-31884.0,9696.0,-2928.0,-31595.0,-3380.0,-14341.0,57261.0
1243,5832.0,-32116.0,10992.0,-2896.0,-30437.0,-2323.0,-13784.0,57267.0
1244,6232.0,-32004.0,12288.0,-2912.0,-29173.0,-811.0,-13276.0,57273.0
1245,6172.0,-31464.0,13500.0,-2928.0,-27806.0,778.0,-12988.0,57279.0
1246,5688.0,-31036.0,15000.0,-2896.0,-26274.0,2223.0,-12719.0,57285.0
1247,5124.0,-30864.0,16600.0,-2912.0,-24470.0,3585.0,-12602.0,57291.0
1248,4272.0,-30584.0,18596.0,-2944.0,-22495.0,4685.0,-12396.0,57297.0
1249,3312.0,-31248.0,20412.0,-2896.0,-20225.0,5938.0,-12704.0,57305.0
1250,1600.0,-29500.0,21560.0,-2896.0,-18130.0,7327.0,-9436.0,57311.0
1251,-472.0,-28952.0,22492.0,-2896.0,-15627.0,9661.0,-9929.0,57317.0
1252,-7704.0,-27164.0,24136.0,-2896.0,-13154.0,11072.0,-8804.0,57323.0
1253,-11136.0,-26140.0,25452.0,-2912.0,-10676.0,10921.0,-6866.0,57329.0
1254,-12756.0,-24544.0,26484.0,-2880.0,-7925.0,9610.0,-5309.0,57335.0
1255,-14396.0,-23672.0,26852.0,-2928.0,-4961.0,7349.0,-3078.0,57342.0
1256,-13388.0,-23292.0,27108.0,-2880.0,-1979.0,5179.0,-1718.0,57349.0
1257,-13076.0,-23944.0,27176.0,-2944.0,1082.0,3116.0,-674.0,57355.0
1258,-12336.0,-23932.0,26744.0,-2896.0,4125.0,962.0,335.0,57361.0
1259,-11904.0,-23212.0,25984.0,-2880.0,6926.0,-1219.0,1113.0,57367.0
1260,-11976.0,-22340.0,24640.0,-2880.0,9434.0,-3352.0,1709.0,57373.0
1261,-12624.0,-21488.0,23136.0,-2928.0,11538.0,-5561.0,2431.0,57379.0
1262,-12704.0,-20576.0,20684.0,-2928.0,13306.0,-7807.0,3216.0,57385.0
1263,-12216.0,-19416.0,17448.0,-2912.0,14731.0,-10024.0,3842.0,57392.0
1264,-11232.0,-16904.0,10532.0,-2896.0,15323.0,-12432.0,4405.0,57398.0
1265,-476.0,300.0,-32768.0,-2864.0,9078.0,-14572.0,2777.0,57405.0
1266,32767.0,2392.0,-32768.0,-2896.0,-12094.0,-15889.0,-16370.0,57410.0
1267,32767.0,-32768.0,-32768.0,-2880.0,-2521.0,-28807.0,-28586.0,57417.0
1268,11228.0,-32768.0,-3460.0,-2896.0,15986.0,-22848.0,13418.0,57423.0
1269,-13108.0,-32768.0,32767.0,-2912.0,19304.0,11242.0,20715.0,57430.0
1270,-32768.0,-32768.0,32767.0,-2896.0,20546.0,19227.0,15063.0,57436.0
1271,-32768.0,-32768.0,29388.0,-2928.0,18780.0,6695.0,4926.0,57443.0
1272,-29076.0,-27796.0,-11180.0,-2896.0,15024.0,-11356.0,-4499.0,57449.0
1273,1184.0,-15476.0,-20640.0,-2880.0,15489.0,-19806.0,-4494.0,57455.0
1274,30748.0,-3700.0,-3096.0,-2896.0,18431.0,-22472.0,-4633.0,57461.0
1275,32767.0,36.0,14568.0,-2896.0,17253.0,-16247.0,-5608.0,57468.0
1276,16452.0,-13824.0,9124.0,-2928.0,14385.0,-6878.0,-1395.0,57474.0
1277,8460.0,-18356.0,64.0,-2912.0,13279.0,-2035.0,1750.0,57481.0
1278,8108.0,-15576.0,-3624.0,-2896.0,13670.0,-5468.0,-815.0,57486.0
1279,8232.0,-14068.0,-2840.0,-2912.0,14194.0,-10758.0,-891.0,57492.0
1280,10452.0,-16076.0,-444.0,-2896.0,14314.0,-9829.0,1990.0,57498.0
1281,10824.0,-18284.0,796.0,-2912.0,14243.0,-3844.0,3355.0,57504.0
1282,6852.0,-19848.0,2340.0,-2896.0,14249.0,2887.0,3450.0,57510.0
1283,860.0,-20644.0,1632.0,-2912.0,14107.0,6183.0,2657.0,57517.0
1284,-452.0,-19144.0,-280.0,-2864.0,13548.0,4984.0,1839.0,57523.0
1285,1944.0,-16216.0,-1088.0,-2928.0,13133.0,2266.0,1455.0,57529.0
1286,4096.0,-13804.0,124.0,-2896.0,12148.0,1434.0,1826.0,57535.0
1287,4148.0,-13352.0,1068.0,-2928.0,11139.0,2497.0,2382.0,57541.0
1288,2908.0,-14740.0,504.0,-2912.0,10419.0,4253.0,2168.0,57547.0
1289,1480.0,-14856.0,164.0,-2896.0,9834.0,4710.0,1166.0,57553.0
1290,656.0,-14064.0,428.0,-2896.0,8941.0,4177.0,581.0,57560.0
1291,652.0,-14696.0,244.0,-2928.0,8309.0,3712.0,384.0,57565.0
1292,344.0,-15552.0,84.0,-2912.0,7888.0,2914.0,-2.0,57571.0
1293,28.0,-15968.0,-80.0,-2896.0,7575.0,1961.0,-505.0,57577.0
1294,752.0,-16092.0,4.0,-2912.0,7327.0,751.0,-963.0,57582.0
1295,2388.0,-16412.0,224.0,-2912.0,7117.0,4.0,-1268.0,57588.0
1296,3992.0,-16340.0,108.0,-2896.0,6880.0,85.0,-1285.0,57594.0
1297,5572.0,-15800.0,-824.0,-2896.0,6648.0,809.0,-1076.0,57601.0
1298,5940.0,-15380.0,-1236.0,-2896.0,6406.0,1854.0,-753.0,57606.0
1299,5732.0,-15188.0,-1156.0,-2896.0,6179.0,2686.0,-426.0,57612.0
1300,5384.0,-14992.0,-924.0,-2896.0,5908.0,3257.0,-234.0,57618.0
1301,4856.0,-15088.0,-916.0,-2896.0,5610.0,3452.0,-134.0,57624.0
1302,4628.0,-15324.0,-752.0,-2896.0,5321.0,3442.0,-105.0,57630.0
1303,4556.0,-15520.0,-396.0,-2896.0,5004.0,3348.0,-37.0,57636.0
1304,4572.0,-15692.0,-76.0,-2912.0,4756.0,3169.0,37.0,57641.0
1305,4780.0,-15660.0,-248.0,-2928.0,4516.0,3135.0,74.0,57648.0
1306,4728.0,-15628.0,-504.0,-2944.0,4352.0,3086.0,178.0,57654.0
1307,4760.0,-15780.0,-536.0,-2880.0,4209.0,3160.0,266.0,57660.0
1308,4512.0,-15744.0,-544.0,-2912.0,4129.0,3381.0,257.0,57665.0
1309,4144.0,-16204.0,-460.0,-2928.0,4110.0,3541.0,272.0,57671.0
1310,3820.0,-16212.0,-488.0,-2896.0,4116.0,3601.0,283.0,57677.0
1311,3924.0,-16152.0,-272.0,-2928.0,4095.0,3513.0,410.0,57683.0
1312,3736.0,-16188.0,-436.0,-2912.0,4189.0,3258.0,235.0,57689.0
1313,4108.0,-16096.0,-240.0,-2912.0,4189.0,2897.0,386.0,57695.0
1314,4488.0,-16272.0,-344.0,-2912.0,4220.0,2633.0,457.0,57701.0
1315,4812.0,-16128.0,-528.0,-2928.0,4347.0,2446.0,636.0,57707.0
1316,5112.0,-16056.0,-432.0,-2896.0,4474.0,2340.0,711.0,57713.0
1317,5292.0,-15884.0,-292.0,-2896.0,4585.0,2282.0,852.0,57718.0
1318,5248.0,-15864.0,-292.0,-2880.0,4682.0,2306.0,989.0,57724.0
1319,5048.0,-15908.0,-12.0,-2912.0,4777.0,2371.0,1135.0,57731.0
1320,4692.0,-16024.0,196.0,-2896.0,4866.0,2434.0,1197.0,57737.0
1321,4304.0,-15856.0,360.0,-2896.0,4944.0,2338.0,1284.0,57743.0
1322,4112.0,-15988.0,372.0,-2896.0,4990.0,2159.0,1331.0,57748.0
1323,4280.0,-16132.0,392.0,-2928.0,5070.0,1930.0,1394.0,57754.0
1324,4336.0,-15984.0,668.0,-2896.0,5116.0,1845.0,1438.0,57760.0
1325,4436.0,-15936.0,664.0,-2928.0,5164.0,1840.0,1474.0,57766.0
1326,4516.0,-16040.0,596.0,-2896.0,5215.0,1893.0,1567.0,57773.0
1327,4316.0,-15960.0,896.0,-2928.0,5256.0,1965.0,1614.0,57779.0
1328,4112.0,-16112.0,1012.0,-2928.0,5287.0,1976.0,1666.0,57784.0
1329,3948.0,-15980.0,1116.0,-2912.0,5293.0,1833.0,1657.0,57790.0
1330,3956.0,-15988.0,1644.0,-2944.0,5270.0,1695.0,1667.0,57796.0
1331,3824.0,-16032.0,1640.0,-2928.0,5225.0,1572.0,1641.0,57802.0
1332,3724.0,-15900.0,1748.0,-2928.0,5168.0,1472.0,1612.0,57808.0
