id,AcX,AcY,AcZ,Tmp,GyX,GyY,GyZ,Timer
0,21280.0,-32768.0,-16520.0,-2560.0,6936.0,-3117.0,2666.0,23709.0
1,-2236.0,-24148.0,1788.0,-2624.0,10138.0,17349.0,13084.0,23715.0
2,-26924.0,-19864.0,13088.0,-2592.0,8934.0,31075.0,11968.0,23721.0
3,-32560.0,-23904.0,15620.0,-2592.0,8456.0,25899.0,6730.0,23728.0
4,-18972.0,-32768.0,10060.0,-2624.0,10069.0,7990.0,195.0,23734.0
5,-3612.0,-32388.0,2872.0,-2624.0,12357.0,-6858.0,-1283.0,23740.0
6,5708.0,-20488.0,-2248.0,-2608.0,12767.0,-8175.0,72.0,23746.0
7,4988.0,-10796.0,-3860.0,-2624.0,10852.0,-1648.0,48.0,23752.0
8,968.0,-10140.0,-3212.0,-2624.0,9309.0,2613.0,-1423.0,23758.0
9,-72.0,-13660.0,-1620.0,-2640.0,8998.0,1491.0,-3134.0,23764.0
10,3428.0,-16032.0,-1076.0,-2640.0,9171.0,-2355.0,-3704.0,23770.0
11,9584.0,-17512.0,-824.0,-2624.0,9727.0,-6007.0,-2894.0,23776.0
12,14856.0,-18504.0,-1472.0,-2592.0,10428.0,-7191.0,-1475.0,23782.0
13,15784.0,-18940.0,-2232.0,-2608.0,10854.0,-5316.0,94.0,23788.0
14,12248.0,-18624.0,-1520.0,-2624.0,10902.0,-1389.0,1829.0,23794.0
15,8356.0,-16528.0,-548.0,-2624.0,10432.0,2753.0,2835.0,23800.0
16,5184.0,-14168.0,-420.0,-2608.0,9512.0,5623.0,2664.0,23806.0
17,2540.0,-13776.0,-1088.0,-2608.0,8623.0,7230.0,2224.0,23813.0
18,1040.0,-14784.0,-1976.0,-2624.0,8152.0,7735.0,1873.0,23819.0
19,-208.0,-16200.0,-2400.0,-2608.0,8088.0,7198.0,1280.0,23825.0
20,-1684.0,-17008.0,-2692.0,-2608.0,8168.0,6045.0,504.0,23831.0
21,-3172.0,-17496.0,-2952.0,-2624.0,8238.0,4427.0,-179.0,23837.0
22,-3872.0,-17608.0,-3152.0,-2624.0,8295.0,2320.0,-1037.0,23842.0
23,-3160.0,-17260.0,-2804.0,-2608.0,8385.0,-233.0,-1689.0,23848.0
24,-1004.0,-16548.0,-2588.0,-2640.0,8358.0,-2527.0,-1953.0,23855.0
25,2500.0,-15880.0,-2968.0,-2608.0,8197.0,-3872.0,-2072.0,23861.0
26,5460.0,-15512.0,-3056.0,-2608.0,8090.0,-4263.0,-1914.0,23867.0
27,7976.0,-15016.0,-3076.0,-2624.0,8039.0,-3876.0,-1616.0,23873.0
28,9360.0,-15000.0,-2780.0,-2608.0,7975.0,-2845.0,-1139.0,23879.0
29,9716.0,-14652.0,-2584.0,-2624.0,7835.0,-1316.0,-520.0,23885.0
30,9116.0,-14676.0,-2236.0,-2608.0,7734.0,407.0,74.0,23891.0
31,7796.0,-14956.0,-1904.0,-2624.0,7551.0,1916.0,484.0,23898.0
32,6532.0,-14896.0,-2004.0,-2576.0,7308.0,3055.0,763.0,23903.0
33,5264.0,-15192.0,-2208.0,-2640.0,7165.0,3540.0,809.0,23909.0
34,4152.0,-15876.0,-2284.0,-2608.0,7182.0,3598.0,714.0,23915.0
35,3356.0,-15920.0,-2308.0,-2624.0,7192.0,3343.0,636.0,23921.0
36,2456.0,-16360.0,-2152.0,-2592.0,7292.0,3063.0,423.0,23927.0
37,1788.0,-16532.0,-2100.0,-2592.0,7395.0,2668.0,209.0,23933.0
38,1564.0,-16688.0,-2148.0,-2640.0,7580.0,2005.0,-73.0,23940.0
39,1704.0,-16892.0,-1872.0,-2608.0,7819.0,1284.0,-328.0,23945.0
40,2564.0,-16976.0,-1304.0,-2608.0,8085.0,735.0,-519.0,23951.0
41,4176.0,-17460.0,-992.0,-2608.0,8587.0,807.0,-605.0,23957.0
42,5868.0,-17348.0,-2016.0,-2608.0,9043.0,1246.0,-712.0,23963.0
43,6936.0,-16712.0,-1864.0,-2608.0,9400.0,1795.0,-330.0,23969.0
44,7516.0,-15504.0,-1392.0,-2608.0,9293.0,2388.0,130.0,23975.0
45,7112.0,-15140.0,-788.0,-2624.0,9094.0,3413.0,485.0,23982.0
46,6408.0,-15596.0,-644.0,-2624.0,8959.0,4675.0,673.0,23987.0
47,5616.0,-15488.0,-1052.0,-2592.0,8882.0,5317.0,634.0,23993.0
48,5396.0,-15188.0,-972.0,-2624.0,8748.0,5189.0,776.0,23999.0
49,5172.0,-16412.0,-84.0,-2624.0,8675.0,5262.0,615.0,24005.0
50,4336.0,-14836.0,368.0,-2608.0,8202.0,5150.0,1995.0,24011.0
51,5528.0,-15460.0,68.0,-2592.0,8337.0,5581.0,986.0,24017.0
52,2592.0,-15380.0,-132.0,-2608.0,8166.0,5285.0,1022.0,24023.0
53,2900.0,-15292.0,152.0,-2608.0,7955.0,4493.0,977.0,24029.0
54,3364.0,-15448.0,728.0,-2640.0,7800.0,3889.0,971.0,24035.0
55,4056.0,-15632.0,704.0,-2624.0,7659.0,3624.0,914.0,24041.0
56,4508.0,-15748.0,524.0,-2624.0,7549.0,3615.0,932.0,24046.0
57,5180.0,-15416.0,544.0,-2592.0,7320.0,3843.0,946.0,24052.0
58,5408.0,-15568.0,388.0,-2608.0,7180.0,4179.0,1066.0,24058.0
59,5248.0,-15864.0,424.0,-2608.0,7015.0,4708.0,1272.0,24065.0
60,4624.0,-15984.0,732.0,-2608.0,6801.0,5086.0,1306.0,24071.0
61,4136.0,-16056.0,788.0,-2640.0,6603.0,5026.0,1356.0,24076.0
62,3748.0,-15820.0,884.0,-2608.0,6382.0,4819.0,1495.0,24082.0
63,3284.0,-15924.0,920.0,-2640.0,6219.0,4671.0,1365.0,24088.0
64,4380.0,-16120.0,1040.0,-2608.0,6048.0,4488.0,1487.0,24094.0
65,3972.0,-15912.0,1132.0,-2624.0,5833.0,4727.0,1486.0,24100.0
66,4184.0,-16576.0,1104.0,-2624.0,5749.0,4863.0,1447.0,24107.0
67,3484.0,-16412.0,1396.0,-2608.0,5647.0,4696.0,1336.0,24113.0
68,3468.0,-16460.0,1252.0,-2608.0,5558.0,4358.0,1304.0,24118.0
69,3976.0,-17116.0,1184.0,-2608.0,5629.0,4118.0,1145.0,24124.0
70,3880.0,-16596.0,1404.0,-2624.0,5566.0,3941.0,1003.0,24130.0
71,4832.0,-17152.0,1084.0,-2624.0,5582.0,3837.0,957.0,24136.0
72,5408.0,-17660.0,1148.0,-2592.0,5624.0,4180.0,1009.0,24142.0
73,5504.0,-17012.0,1080.0,-2576.0,5670.0,4566.0,916.0,24148.0
74,4836.0,-17140.0,1292.0,-2608.0,5748.0,5023.0,1273.0,24155.0
75,4392.0,-17220.0,1784.0,-2640.0,5782.0,5500.0,1303.0,24160.0
76,3732.0,-17392.0,1652.0,-2592.0,5872.0,5707.0,1275.0,24166.0
77,3520.0,-17528.0,1596.0,-2592.0,6030.0,5716.0,1313.0,24172.0
78,3512.0,-17520.0,1608.0,-2640.0,6133.0,5682.0,1218.0,24178.0
79,4600.0,-17788.0,1892.0,-2640.0,6245.0,5604.0,996.0,24184.0
80,4948.0,-17292.0,1448.0,-2608.0,6323.0,5515.0,817.0,24190.0
81,4656.0,-17312.0,1536.0,-2608.0,6400.0,5658.0,1047.0,24197.0
82,3784.0,-17584.0,2216.0,-2624.0,6499.0,5943.0,1091.0,24203.0
83,3264.0,-17560.0,2416.0,-2592.0,6573.0,5851.0,1074.0,24208.0
84,2928.0,-17580.0,2564.0,-2640.0,6694.0,5601.0,1169.0,24214.0
85,2664.0,-17512.0,2384.0,-2608.0,6863.0,5484.0,1266.0,24220.0
86,2096.0,-17800.0,2384.0,-2640.0,7101.0,5387.0,1460.0,24226.0
87,1328.0,-17960.0,2456.0,-2624.0,7357.0,5390.0,1675.0,24232.0
88,744.0,-18180.0,2436.0,-2592.0,7638.0,5233.0,1848.0,24239.0
89,-32.0,-18588.0,2544.0,-2624.0,7965.0,4849.0,2126.0,24245.0
90,-560.0,-18996.0,2540.0,-2592.0,8395.0,4417.0,2345.0,24250.0
91,-936.0,-19192.0,2340.0,-2624.0,8806.0,3741.0,2557.0,24256.0
92,-1116.0,-19184.0,2180.0,-2624.0,9269.0,2985.0,2874.0,24262.0
93,-1164.0,-19224.0,2200.0,-2592.0,9712.0,2354.0,3186.0,24268.0
94,-900.0,-19372.0,2480.0,-2608.0,10153.0,1604.0,3475.0,24274.0
95,-468.0,-19516.0,2548.0,-2608.0,10561.0,968.0,3830.0,24281.0
96,240.0,-19964.0,2520.0,-2608.0,11063.0,319.0,4145.0,24287.0
97,1216.0,-19680.0,2564.0,-2608.0,11469.0,-185.0,4445.0,24292.0
98,2304.0,-19644.0,2420.0,-2624.0,11871.0,-453.0,4756.0,24298.0
99,3064.0,-19800.0,2596.0,-2640.0,12256.0,-479.0,5125.0,24304.0
100,3580.0,-19872.0,2568.0,-2608.0,12627.0,-292.0,5450.0,24310.0
101,3584.0,-20112.0,2540.0,-2592.0,13002.0,-113.0,5819.0,24316.0
102,3460.0,-20080.0,2640.0,-2656.0,13268.0,21.0,6205.0,24323.0
103,3276.0,-20204.0,2672.0,-2624.0,13582.0,98.0,6534.0,24329.0
104,3248.0,-20144.0,2812.0,-2624.0,13941.0,73.0,6735.0,24334.0
105,3440.0,-20140.0,2812.0,-2624.0,14345.0,-19.0,7037.0,24340.0
106,3824.0,-20172.0,2900.0,-2592.0,14669.0,-10.0,7263.0,24346.0
107,4312.0,-20348.0,2784.0,-2624.0,14998.0,121.0,7518.0,24352.0
108,5044.0,-20444.0,2808.0,-2608.0,15304.0,335.0,7739.0,24358.0
109,5896.0,-20616.0,2720.0,-2640.0,15632.0,603.0,7928.0,24365.0
110,6944.0,-20884.0,2632.0,-2624.0,15946.0,1039.0,8090.0,24371.0
111,7972.0,-21052.0,2916.0,-2608.0,16219.0,1715.0,8246.0,24376.0
112,8824.0,-21676.0,3256.0,-2592.0,16604.0,2605.0,8367.0,24382.0
113,9392.0,-22192.0,3496.0,-2624.0,17013.0,3774.0,8424.0,24388.0
114,9384.0,-22808.0,2564.0,-2640.0,17360.0,5225.0,8511.0,24394.0
115,5564.0,-22640.0,3200.0,-2592.0,17517.0,7051.0,9382.0,24400.0
116,4368.0,-25764.0,3092.0,-2640.0,17299.0,7023.0,10200.0,24407.0
117,5388.0,-28512.0,1912.0,-2624.0,17400.0,6611.0,10936.0,24413.0
118,7336.0,-27836.0,16.0,-2624.0,17647.0,6680.0,10958.0,24419.0
119,8768.0,-26756.0,-1760.0,-2656.0,17831.0,6989.0,10807.0,24425.0
120,9880.0,-27296.0,-4232.0,-2624.0,17788.0,7641.0,10717.0,24431.0
121,10944.0,-28332.0,-6740.0,-2640.0,17436.0,8615.0,11011.0,24437.0
122,13160.0,-29500.0,-9628.0,-2608.0,16799.0,10985.0,11243.0,24443.0
123,14732.0,-31992.0,-12944.0,-2608.0,16228.0,15010.0,11089.0,24450.0
124,13500.0,-32768.0,-15680.0,-2624.0,16249.0,17740.0,10787.0,24456.0
125,8896.0,-32768.0,-15596.0,-2624.0,16279.0,18657.0,11036.0,24462.0
126,4684.0,-30416.0,-11708.0,-2608.0,16220.0,17698.0,11393.0,24469.0
127,1172.0,-29536.0,-3492.0,-2608.0,16587.0,15667.0,11877.0,24475.0
128,-2820.0,-30124.0,5948.0,-2640.0,17353.0,12868.0,12696.0,24481.0
129,-6940.0,-30848.0,10340.0,-2608.0,17731.0,9484.0,12898.0,24487.0
130,-7524.0,-29184.0,6384.0,-2608.0,16970.0,4024.0,12155.0,24494.0
131,-4916.0,-26436.0,1412.0,-2608.0,15788.0,-2023.0,11303.0,24500.0
132,-928.0,-24616.0,752.0,-2624.0,15243.0,-7073.0,9827.0,24506.0
133,2116.0,-22492.0,376.0,-2640.0,15241.0,-10453.0,8447.0,24512.0
134,3520.0,-20112.0,92.0,-2624.0,14950.0,-12468.0,7657.0,24518.0
135,5080.0,-20808.0,1864.0,-2608.0,15212.0,-13006.0,6992.0,24524.0
136,6368.0,-21704.0,4328.0,-2624.0,15927.0,-10756.0,6309.0,24530.0
137,6004.0,-20324.0,2596.0,-2624.0,16094.0,-7590.0,5895.0,24537.0
138,5980.0,-14556.0,-2356.0,-2640.0,14446.0,-7704.0,6103.0,24543.0
139,9440.0,-10896.0,-1904.0,-2656.0,12606.0,-8804.0,5639.0,24549.0
140,11956.0,-10324.0,52.0,-2608.0,11096.0,-6567.0,4718.0,24555.0
141,10648.0,-10772.0,-556.0,-2624.0,9254.0,-2185.0,4528.0,24560.0
142,7940.0,-10244.0,-3072.0,-2640.0,7334.0,1753.0,4614.0,24566.0
143,6312.0,-8512.0,-5308.0,-2640.0,5603.0,4154.0,4295.0,24572.0
144,5676.0,-6624.0,-6132.0,-2608.0,3962.0,5212.0,4048.0,24579.0
145,5180.0,-5616.0,-6732.0,-2624.0,2520.0,5537.0,3597.0,24585.0
146,4364.0,-4192.0,-6428.0,-2656.0,1087.0,5472.0,3317.0,24591.0
147,4228.0,-2964.0,-5896.0,-2624.0,-481.0,5556.0,3255.0,24597.0
148,4100.0,-2292.0,-5528.0,-2624.0,-2154.0,5988.0,2975.0,24602.0
149,3752.0,-1992.0,-4788.0,-2624.0,-3748.0,6740.0,2366.0,24608.0
150,3328.0,-1620.0,-4328.0,-2624.0,-5323.0,7327.0,1453.0,24614.0
151,2620.0,-988.0,-4504.0,-2608.0,-7138.0,7621.0,523.0,24621.0
152,1900.0,-688.0,-4332.0,-2624.0,-8874.0,7410.0,-493.0,24627.0
153,992.0,-856.0,-4036.0,-2624.0,-10546.0,6968.0,-1487.0,24633.0
154,-176.0,-1296.0,-3752.0,-2656.0,-12089.0,6416.0,-2327.0,24638.0
155,-1472.0,-1808.0,-3468.0,-2624.0,-13504.0,5575.0,-3038.0,24644.0
156,-2660.0,-1968.0,-3192.0,-2640.0,-15014.0,4522.0,-3612.0,24650.0
157,-3364.0,-2396.0,-3500.0,-2592.0,-16563.0,3354.0,-4330.0,24656.0
158,-3896.0,-3092.0,-3260.0,-2640.0,-18035.0,1834.0,-4979.0,24663.0
159,-4044.0,-3688.0,-3752.0,-2624.0,-19480.0,224.0,-5469.0,24669.0
160,-3776.0,-4288.0,-3324.0,-2688.0,-20870.0,-1462.0,-5909.0,24675.0
161,-3320.0,-4960.0,-3704.0,-2640.0,-22117.0,-3117.0,-6399.0,24681.0
162,-2816.0,-5968.0,-3124.0,-2624.0,-23267.0,-4593.0,-6847.0,24687.0
163,-2292.0,-6736.0,-2200.0,-2608.0,-24276.0,-5854.0,-7197.0,24693.0
164,-1696.0,-7348.0,-1408.0,-2624.0,-25310.0,-6890.0,-7502.0,24699.0
165,-728.0,-7824.0,-940.0,-2640.0,-26421.0,-7529.0,-7915.0,24706.0
166,156.0,-8204.0,-608.0,-2624.0,-27640.0,-7998.0,-8434.0,24711.0
167,1100.0,-8628.0,-728.0,-2656.0,-28912.0,-8333.0,-8947.0,24717.0
168,2208.0,-9816.0,-996.0,-2640.0,-29991.0,-8624.0,-9392.0,24723.0
169,3008.0,-11156.0,-940.0,-2608.0,-30846.0,-8681.0,-9656.0,24729.0
170,3504.0,-12480.0,-428.0,-2624.0,-31477.0,-8572.0,-9735.0,24735.0
171,3712.0,-13452.0,96.0,-2640.0,-32018.0,-8374.0,-9646.0,24741.0
172,3536.0,-14440.0,832.0,-2640.0,-32411.0,-8030.0,-9533.0,24748.0
173,3044.0,-15188.0,1388.0,-2624.0,-32768.0,-7832.0,-9403.0,24754.0
174,2572.0,-15680.0,1948.0,-2624.0,-32768.0,-7798.0,-9366.0,24760.0
175,2500.0,-16072.0,2044.0,-2608.0,-32768.0,-7713.0,-9492.0,24766.0
176,2708.0,-16700.0,1920.0,-2656.0,-32768.0,-7346.0,-9744.0,24772.0
177,3024.0,-17504.0,1848.0,-2624.0,-32768.0,-6867.0,-10029.0,24778.0
178,3120.0,-18708.0,2240.0,-2640.0,-32768.0,-6605.0,-10291.0,24784.0
179,3164.0,-19716.0,2612.0,-2608.0,-32768.0,-6540.0,-10465.0,24791.0
180,3492.0,-20412.0,3076.0,-2608.0,-32768.0,-6557.0,-10682.0,24797.0
181,4096.0,-21380.0,4416.0,-2640.0,-32768.0,-6381.0,-10822.0,24803.0
182,4528.0,-21992.0,5332.0,-2640.0,-32768.0,-5726.0,-10931.0,24809.0
183,5104.0,-22400.0,5820.0,-2624.0,-32768.0,-4810.0,-11201.0,24815.0
184,4884.0,-22748.0,5680.0,-2624.0,-32768.0,-4063.0,-11531.0,24821.0
185,4740.0,-23312.0,5712.0,-2656.0,-32768.0,-3874.0,-11873.0,24827.0
186,4340.0,-24088.0,5768.0,-2624.0,-32768.0,-4114.0,-12269.0,24834.0
187,4016.0,-24812.0,6008.0,-2640.0,-32768.0,-4605.0,-12557.0,24840.0
188,3616.0,-25604.0,6500.0,-2656.0,-32768.0,-5088.0,-12872.0,24846.0
189,3544.0,-25828.0,7152.0,-2624.0,-32768.0,-5427.0,-13210.0,24853.0
190,3900.0,-25984.0,7124.0,-2640.0,-32768.0,-5496.0,-13640.0,24859.0
191,4372.0,-26220.0,7464.0,-2640.0,-32768.0,-5291.0,-13881.0,24865.0
192,4736.0,-26652.0,7476.0,-2624.0,-32768.0,-4774.0,-13807.0,24871.0
193,5072.0,-26956.0,7580.0,-2640.0,-32768.0,-3946.0,-13527.0,24878.0
194,5304.0,-27340.0,8004.0,-2640.0,-32768.0,-2919.0,-13107.0,24884.0
195,5396.0,-27672.0,8788.0,-2624.0,-32768.0,-1800.0,-12720.0,24890.0
196,5056.0,-28224.0,9804.0,-2640.0,-32187.0,-714.0,-12361.0,24897.0
197,4324.0,-28824.0,10812.0,-2640.0,-31337.0,74.0,-12077.0,24903.0
198,3676.0,-29360.0,12252.0,-2624.0,-30432.0,624.0,-11929.0,24909.0
199,2840.0,-30212.0,13820.0,-2656.0,-29343.0,1289.0,-11911.0,24915.0
200,2160.0,-31436.0,16072.0,-2624.0,-27884.0,1972.0,-11983.0,24922.0
201,2280.0,-31372.0,18268.0,-2640.0,-26101.0,2413.0,-12382.0,24928.0
202,-676.0,-32320.0,17932.0,-2656.0,-24026.0,2210.0,-13082.0,24934.0
203,4716.0,-31064.0,20392.0,-2656.0,-22096.0,2469.0,-9411.0,24940.0
204,2120.0,-31632.0,21860.0,-2624.0,-19269.0,3837.0,-11875.0,24946.0
205,-3708.0,-31064.0,23728.0,-2640.0,-16173.0,4342.0,-11623.0,24953.0
206,-7108.0,-29912.0,25608.0,-2624.0,-13138.0,3955.0,-9811.0,24960.0
207,-10096.0,-28852.0,27116.0,-2640.0,-9891.0,3428.0,-7391.0,24966.0
208,-12936.0,-26960.0,28032.0,-2624.0,-6764.0,2904.0,-5016.0,24972.0
209,-14976.0,-24836.0,29292.0,-2656.0,-3729.0,1947.0,-3015.0,24978.0
210,-15848.0,-24160.0,29996.0,-2640.0,-446.0,171.0,-1486.0,24984.0
211,-14632.0,-24636.0,30320.0,-2624.0,2853.0,-2216.0,-348.0,24990.0
212,-11796.0,-24696.0,29540.0,-2656.0,6170.0,-4742.0,510.0,24996.0
213,-9164.0,-24636.0,27644.0,-2640.0,9200.0,-6665.0,1356.0,25003.0
214,-7204.0,-23796.0,25272.0,-2608.0,11999.0,-7934.0,2092.0,25009.0
215,-8084.0,-22608.0,23696.0,-2608.0,14307.0,-8831.0,2931.0,25015.0
216,-8104.0,-21508.0,21736.0,-2640.0,16365.0,-9756.0,4051.0,25021.0
217,-8596.0,-20220.0,19856.0,-2624.0,17915.0,-10923.0,4272.0,25027.0
218,-7688.0,-16624.0,13060.0,-2640.0,18538.0,-12464.0,4140.0,25034.0
219,3708.0,1568.0,-29836.0,-2624.0,11646.0,-12865.0,2014.0,25040.0
220,32767.0,13728.0,-32768.0,-2640.0,-14927.0,-9720.0,-18985.0,25047.0
221,32767.0,-32768.0,-32768.0,-2608.0,-1536.0,-30588.0,-32768.0,25053.0
222,16280.0,-32768.0,-7884.0,-2624.0,20011.0,-21796.0,14395.0,25059.0
223,-22272.0,-32768.0,32520.0,-2640.0,20582.0,26126.0,27598.0,25066.0
224,-32768.0,-32584.0,32767.0,-2624.0,21416.0,32767.0,20563.0,25072.0
225,-32768.0,-32768.0,32767.0,-2640.0,21491.0,22333.0,5620.0,25078.0
226,-30524.0,-32224.0,3512.0,-2656.0,19417.0,-4217.0,-3714.0,25084.0
227,-6736.0,-19120.0,-13864.0,-2640.0,18027.0,-16928.0,-3805.0,25091.0
228,27812.0,-8964.0,-2620.0,-2640.0,19630.0,-22143.0,-2729.0,25098.0
229,30780.0,-8176.0,10352.0,-2624.0,19492.0,-16107.0,-3543.0,25104.0
230,10664.0,-13344.0,9720.0,-2656.0,16823.0,-5870.0,-461.0,25110.0
231,-372.0,-13836.0,2892.0,-2640.0,14934.0,-1598.0,1892.0,25116.0
232,5220.0,-11508.0,-256.0,-2656.0,13731.0,-6092.0,-190.0,25122.0
233,7484.0,-14432.0,1468.0,-2640.0,13300.0,-9919.0,-1550.0,25128.0
234,7900.0,-17860.0,1568.0,-2656.0,12972.0,-6683.0,1105.0,25135.0
235,7996.0,-20868.0,864.0,-2640.0,13465.0,-1282.0,2650.0,25141.0
236,6692.0,-21432.0,196.0,-2624.0,14227.0,1062.0,2871.0,25147.0
237,4936.0,-20760.0,-1448.0,-2640.0,15136.0,1752.0,2583.0,25153.0
238,3468.0,-18324.0,-1604.0,-2656.0,15488.0,3080.0,1899.0,25159.0
239,2512.0,-16048.0,620.0,-2640.0,14852.0,4899.0,1443.0,25164.0
240,1508.0,-14680.0,2792.0,-2624.0,13435.0,6493.0,1701.0,25170.0
241,988.0,-14116.0,2516.0,-2640.0,11796.0,7611.0,1519.0,25177.0
242,972.0,-14084.0,808.0,-2656.0,10589.0,7558.0,567.0,25183.0
243,2120.0,-14312.0,-804.0,-2624.0,10059.0,6723.0,-139.0,25189.0
244,3468.0,-14540.0,-972.0,-2624.0,9963.0,6015.0,-538.0,25195.0
245,2764.0,-14632.0,196.0,-2656.0,9438.0,5909.0,-570.0,25201.0
246,1592.0,-15148.0,904.0,-2656.0,8660.0,6256.0,-741.0,25207.0
247,1288.0,-15872.0,112.0,-2624.0,8180.0,6339.0,-1150.0,25212.0
248,1196.0,-15752.0,-332.0,-2640.0,7732.0,5809.0,-1647.0,25219.0
249,1216.0,-15412.0,-168.0,-2640.0,7336.0,4899.0,-2169.0,25225.0
250,2812.0,-15140.0,-4.0,-2624.0,6946.0,3423.0,-2260.0,25231.0
251,5952.0,-14776.0,104.0,-2640.0,6555.0,2778.0,-1998.0,25237.0
252,8400.0,-14464.0,-68.0,-2624.0,6129.0,3413.0,-1722.0,25243.0
253,9136.0,-14184.0,-36.0,-2656.0,5768.0,4596.0,-1078.0,25248.0
254,8856.0,-14212.0,164.0,-2624.0,5423.0,5911.0,-468.0,25254.0
255,7020.0,-14380.0,-32.0,-2640.0,5099.0,6966.0,21.0,25261.0
256,5256.0,-14812.0,40.0,-2672.0,4745.0,7481.0,315.0,25267.0
257,3932.0,-15384.0,-60.0,-2656.0,4520.0,7475.0,317.0,25273.0
258,3000.0,-16324.0,-244.0,-2688.0,4411.0,7097.0,190.0,25278.0
259,2828.0,-16660.0,-368.0,-2672.0,4350.0,6450.0,51.0,25284.0
260,2892.0,-16888.0,-480.0,-2640.0,4339.0,5868.0,-118.0,25290.0
261,3152.0,-16736.0,-680.0,-2640.0,4402.0,5318.0,-252.0,25296.0
262,3400.0,-16536.0,-192.0,-2688.0,4398.0,4800.0,-304.0,25302.0
263,3416.0,-16292.0,-112.0,-2624.0,4367.0,4351.0,-281.0,25308.0
264,3924.0,-16456.0,-80.0,-2672.0,4341.0,4131.0,-281.0,25314.0
265,4148.0,-16396.0,16.0,-2640.0,4339.0,3834.0,-353.0,25320.0
266,4740.0,-16216.0,236.0,-2608.0,4337.0,3727.0,-307.0,25326.0
267,5420.0,-16360.0,220.0,-2688.0,4315.0,3759.0,-181.0,25331.0
268,5972.0,-16304.0,36.0,-2656.0,4313.0,4049.0,-38.0,25337.0
269,6356.0,-16132.0,268.0,-2640.0,4343.0,4518.0,119.0,25344.0
270,6152.0,-15996.0,136.0,-2656.0,4397.0,4892.0,244.0,25350.0
271,5864.0,-15888.0,296.0,-2656.0,4416.0,5208.0,420.0,25355.0
272,5488.0,-16084.0,220.0,-2640.0,4442.0,5441.0,394.0,25361.0
273,4864.0,-16272.0,576.0,-2672.0,4506.0,5438.0,485.0,25367.0
274,4504.0,-16348.0,720.0,-2640.0,4568.0,5308.0,523.0,25373.0
275,4420.0,-16324.0,828.0,-2656.0,4653.0,5101.0,458.0,25378.0
276,4348.0,-16336.0,872.0,-2656.0,4700.0,4832.0,550.0,25384.0
277,4636.0,-16616.0,944.0,-2608.0,4798.0,4764.0,524.0,25391.0
278,5124.0,-16504.0,644.0,-2640.0,4891.0,4715.0,499.0,25397.0
279,6676.0,-16964.0,328.0,-2640.0,4933.0,5003.0,312.0,25403.0
280,8120.0,-16200.0,260.0,-2656.0,5051.0,5234.0,-122.0,25408.0
281,6416.0,-16196.0,572.0,-2640.0,5152.0,5580.0,848.0,25414.0
282,5060.0,-16992.0,1428.0,-2640.0,5298.0,6390.0,855.0,25420.0
283,4168.0,-16972.0,1460.0,-2640.0,5485.0,6247.0,717.0,25426.0
284,4276.0,-16764.0,1412.0,-2640.0,5664.0,5864.0,982.0,25432.0
285,4844.0,-16768.0,1312.0,-2640.0,5815.0,5810.0,939.0,25438.0
286,4944.0,-17036.0,1236.0,-2672.0,5945.0,5869.0,990.0,25444.0
287,4912.0,-17000.0,1456.0,-2640.0,6099.0,5990.0,1037.0,25450.0
288,4356.0,-17164.0,1624.0,-2656.0,6281.0,5979.0,1111.0,25456.0
289,3816.0,-17128.0,1528.0,-2640.0,6471.0,5982.0,1322.0,25462.0
290,3008.0,-17328.0,1876.0,-2608.0,6700.0,5864.0,1393.0,25468.0
291,2452.0,-17524.0,2056.0,-2656.0,6934.0,5619.0,1544.0,25475.0
292,2312.0,-17564.0,1920.0,-2624.0,7102.0,5384.0,1655.0,25480.0
293,2200.0,-17644.0,1748.0,-2656.0,7368.0,5134.0,1830.0,25486.0
294,1720.0,-17796.0,2012.0,-2640.0,7624.0,4888.0,1937.0,25492.0
295,1148.0,-18092.0,2276.0,-2640.0,7871.0,4626.0,2048.0,25498.0
296,696.0,-18324.0,2484.0,-2624.0,8160.0,4207.0,2221.0,25504.0
297,268.0,-18268.0,2704.0,-2624.0,8428.0,3735.0,2352.0,25510.0
298,-360.0,-18260.0,2760.0,-2624.0,8706.0,3253.0,2525.0,25517.0
299,-708.0,-18508.0,2968.0,-2624.0,9008.0,2789.0,2696.0,25522.0
300,-808.0,-18716.0,2868.0,-2656.0,9323.0,2295.0,2937.0,25528.0
301,-476.0,-18880.0,2800.0,-2624.0,9669.0,1784.0,3143.0,25534.0
302,104.0,-18992.0,2700.0,-2656.0,10001.0,1312.0,3327.0,25540.0
303,800.0,-18788.0,2520.0,-2656.0,10323.0,792.0,3538.0,25546.0
304,1524.0,-18908.0,2644.0,-2640.0,10662.0,443.0,3698.0,25552.0
305,2012.0,-18884.0,2828.0,-2640.0,10938.0,204.0,3855.0,25558.0
306,2260.0,-18892.0,3092.0,-2640.0,11216.0,106.0,4128.0,25564.0
307,2608.0,-18804.0,3368.0,-2624.0,11408.0,123.0,4385.0,25570.0
308,2852.0,-18920.0,3512.0,-2656.0,11598.0,100.0,4645.0,25576.0
309,3432.0,-19012.0,3392.0,-2656.0,11777.0,219.0,5001.0,25582.0
310,3888.0,-19140.0,3312.0,-2672.0,11965.0,464.0,5265.0,25588.0
311,4256.0,-19628.0,3128.0,-2672.0,12202.0,745.0,5567.0,25594.0
312,4444.0,-19888.0,2856.0,-2608.0,12456.0,1054.0,5828.0,25601.0
313,4392.0,-20092.0,2584.0,-2656.0,12749.0,1412.0,6059.0,25606.0
314,4256.0,-20360.0,2536.0,-2672.0,13110.0,1739.0,6324.0,25612.0
315,3912.0,-20760.0,2588.0,-2656.0,13427.0,1955.0,6622.0,25618.0
316,3804.0,-20972.0,2496.0,-2672.0,13862.0,2029.0,7004.0,25624.0
317,3648.0,-21400.0,2184.0,-2656.0,14265.0,2227.0,7283.0,25630.0
318,3452.0,-21392.0,1984.0,-2640.0,14720.0,2397.0,7552.0,25636.0
319,3600.0,-21760.0,2068.0,-2656.0,15189.0,2479.0,7788.0,25643.0
320,3816.0,-22084.0,2308.0,-2672.0,15714.0,2708.0,8038.0,25649.0
321,4116.0,-22500.0,1904.0,-2672.0,16140.0,3082.0,8332.0,25655.0
322,4980.0,-23212.0,1236.0,-2672.0,16641.0,3636.0,8563.0,25661.0
323,5832.0,-23840.0,1528.0,-2656.0,17165.0,4295.0,8783.0,25667.0
324,6564.0,-24504.0,1076.0,-2624.0,17636.0,5142.0,8957.0,25673.0
325,7248.0,-25668.0,336.0,-2640.0,18174.0,6384.0,9095.0,25679.0
326,5936.0,-26236.0,-120.0,-2656.0,18700.0,7911.0,9782.0,25686.0
327,4260.0,-28356.0,-236.0,-2656.0,18724.0,8412.0,10704.0,25691.0
328,3680.0,-32216.0,-1524.0,-2640.0,18779.0,8157.0,11746.0,25697.0
329,4712.0,-32768.0,-4304.0,-2672.0,18907.0,8340.0,12487.0,25703.0
330,7612.0,-32128.0,-7912.0,-2656.0,18952.0,9010.0,12734.0,25709.0
331,10192.0,-32768.0,-11172.0,-2656.0,18761.0,10710.0,12756.0,25715.0
332,11620.0,-32768.0,-15392.0,-2624.0,18685.0,13160.0,12853.0,25721.0
333,11340.0,-32768.0,-19292.0,-2640.0,18936.0,14672.0,12964.0,25729.0
334,8120.0,-32768.0,-19288.0,-2688.0,19001.0,14596.0,13572.0,25735.0
335,3528.0,-32768.0,-13020.0,-2624.0,19080.0,13574.0,14453.0,25741.0
336,-1208.0,-32768.0,-1652.0,-2640.0,19845.0,11028.0,15029.0,25747.0
337,-7044.0,-32768.0,9044.0,-2640.0,20860.0,6574.0,15441.0,25753.0
338,-7656.0,-32768.0,8260.0,-2656.0,20889.0,813.0,14809.0,25759.0
339,-5492.0,-32768.0,1436.0,-2640.0,19647.0,-7492.0,13249.0,25765.0
340,-912.0,-30952.0,-3704.0,-2672.0,18252.0,-15128.0,12257.0,25772.0
341,3888.0,-26392.0,-6252.0,-2640.0,16743.0,-19766.0,10965.0,25778.0
342,9064.0,-22624.0,-3436.0,-2640.0,16341.0,-21777.0,9661.0,25784.0
343,11568.0,-20476.0,-1520.0,-2656.0,16415.0,-21334.0,8313.0,25790.0
344,11432.0,-20728.0,408.0,-2656.0,16977.0,-20263.0,7695.0,25796.0
345,11956.0,-19744.0,2328.0,-2624.0,16710.0,-16637.0,7545.0,25802.0
346,12656.0,-18092.0,2704.0,-2640.0,16141.0,-12605.0,7544.0,25808.0
347,13044.0,-13628.0,-1772.0,-2656.0,14126.0,-10155.0,7558.0,25815.0
348,14276.0,-10152.0,-1304.0,-2656.0,11651.0,-9327.0,6323.0,25821.0
349,14596.0,-9656.0,1536.0,-2640.0,9830.0,-6793.0,5143.0,25827.0
350,12880.0,-10072.0,1512.0,-2656.0,7977.0,-2144.0,4959.0,25833.0
351,9788.0,-9448.0,-1452.0,-2640.0,5714.0,2099.0,5491.0,25839.0
352,7596.0,-7732.0,-3720.0,-2640.0,3614.0,4736.0,5784.0,25845.0
353,6508.0,-5128.0,-5848.0,-2656.0,1565.0,6402.0,5745.0,25851.0
354,5824.0,-3176.0,-7136.0,-2672.0,-288.0,7524.0,5298.0,25858.0
355,4864.0,-1128.0,-7752.0,-2640.0,-2194.0,8521.0,4970.0,25864.0
356,4096.0,740.0,-8208.0,-2640.0,-4238.0,9249.0,4587.0,25870.0
357,3208.0,2152.0,-8052.0,-2672.0,-6366.0,9232.0,3880.0,25875.0
358,2216.0,2452.0,-7080.0,-2640.0,-8311.0,8226.0,3075.0,25881.0
359,1572.0,2132.0,-5580.0,-2672.0,-9903.0,6712.0,2476.0,25887.0
360,1168.0,1956.0,-4916.0,-2672.0,-11381.0,5457.0,1948.0,25893.0
361,808.0,2192.0,-5276.0,-2624.0,-13272.0,4762.0,1458.0,25900.0
362,596.0,2340.0,-5648.0,-2656.0,-15362.0,4291.0,903.0,25906.0
363,512.0,1604.0,-5864.0,-2656.0,-17392.0,3882.0,113.0,25912.0
364,372.0,760.0,-6120.0,-2656.0,-19269.0,3459.0,-669.0,25917.0
365,172.0,-156.0,-6456.0,-2640.0,-21057.0,3017.0,-1531.0,25923.0
366,-52.0,-1172.0,-6228.0,-2672.0,-22797.0,2374.0,-2290.0,25929.0
367,-156.0,-2484.0,-5820.0,-2672.0,-24302.0,1640.0,-2860.0,25935.0
368,-180.0,-3452.0,-5108.0,-2672.0,-25599.0,1101.0,-3254.0,25942.0
369,-72.0,-4088.0,-4820.0,-2688.0,-26950.0,953.0,-3561.0,25947.0
370,-596.0,-5024.0,-4484.0,-2688.0,-28083.0,665.0,-3842.0,25953.0
371,-1012.0,-5792.0,-4416.0,-2656.0,-29177.0,269.0,-4055.0,25959.0
372,-1924.0,-6644.0,-3980.0,-2656.0,-30276.0,-337.0,-4419.0,25965.0
373,-2640.0,-7760.0,-3280.0,-2672.0,-31342.0,-1154.0,-4714.0,25971.0
374,-3032.0,-8904.0,-2348.0,-2624.0,-32364.0,-2003.0,-5002.0,25977.0
375,-2868.0,-10256.0,-1332.0,-2672.0,-32768.0,-2755.0,-5403.0,25984.0
376,-2144.0,-11564.0,-248.0,-2672.0,-32768.0,-3223.0,-5830.0,25990.0
377,-1256.0,-12680.0,384.0,-2672.0,-32768.0,-3361.0,-6296.0,25996.0
378,-560.0,-13924.0,1180.0,-2640.0,-32768.0,-3394.0,-6729.0,26002.0
379,-400.0,-15164.0,2052.0,-2656.0,-32768.0,-3604.0,-6948.0,26008.0
380,-284.0,-16180.0,2792.0,-2672.0,-32768.0,-3931.0,-7063.0,26014.0
381,-360.0,-17064.0,3760.0,-2656.0,-32768.0,-4395.0,-7127.0,26020.0
382,-32.0,-18120.0,4348.0,-2640.0,-32768.0,-4926.0,-7213.0,26025.0
383,508.0,-18908.0,4740.0,-2640.0,-32768.0,-5433.0,-7246.0,26032.0
384,1276.0,-19492.0,5248.0,-2656.0,-32768.0,-5842.0,-7297.0,26038.0
385,1892.0,-19764.0,5176.0,-2640.0,-32768.0,-6235.0,-7415.0,26044.0
386,2728.0,-20160.0,5544.0,-2672.0,-32768.0,-6594.0,-7609.0,26050.0
387,3512.0,-20452.0,5884.0,-2656.0,-32768.0,-6752.0,-7842.0,26056.0
388,4248.0,-20896.0,6244.0,-2672.0,-32768.0,-6579.0,-8151.0,26062.0
389,4896.0,-21364.0,6236.0,-2688.0,-32768.0,-6243.0,-8514.0,26068.0
390,5240.0,-21860.0,6392.0,-2656.0,-32768.0,-5931.0,-8929.0,26075.0
391,5024.0,-22352.0,6624.0,-2640.0,-32768.0,-5997.0,-9381.0,26081.0
392,4472.0,-22820.0,7276.0,-2656.0,-32768.0,-6455.0,-9818.0,26087.0
393,3988.0,-23256.0,8132.0,-2672.0,-32768.0,-7202.0,-10242.0,26093.0
394,3548.0,-23488.0,8760.0,-2672.0,-32768.0,-7977.0,-10739.0,26099.0
395,3624.0,-23612.0,8780.0,-2672.0,-32768.0,-8655.0,-11287.0,26105.0
396,3872.0,-24220.0,8724.0,-2624.0,-32768.0,-9312.0,-11894.0,26112.0
397,4100.0,-24848.0,8736.0,-2656.0,-32768.0,-10058.0,-12326.0,26118.0
398,4412.0,-25252.0,8848.0,-2656.0,-32768.0,-10916.0,-12808.0,26124.0
399,5116.0,-26032.0,9384.0,-2672.0,-32768.0,-11718.0,-13273.0,26130.0
400,6344.0,-26516.0,10052.0,-2672.0,-32768.0,-12022.0,-13584.0,26137.0
401,7488.0,-26684.0,11196.0,-2640.0,-32527.0,-11709.0,-13949.0,26143.0
402,10056.0,-26328.0,11112.0,-2640.0,-32208.0,-10441.0,-14188.0,26149.0
403,12972.0,-26672.0,10876.0,-2640.0,-32016.0,-7364.0,-14065.0,26157.0
404,13736.0,-28456.0,11488.0,-2672.0,-31139.0,-3288.0,-13569.0,26163.0
405,11688.0,-28696.0,12976.0,-2640.0,-30008.0,652.0,-13056.0,26169.0
406,9376.0,-28824.0,14020.0,-2640.0,-28936.0,3713.0,-12505.0,26175.0
407,7244.0,-30272.0,16352.0,-2656.0,-27354.0,5658.0,-11955.0,26182.0
408,5660.0,-30760.0,18688.0,-2640.0,-25307.0,6909.0,-11284.0,26188.0
409,4688.0,-30268.0,20468.0,-2640.0,-23375.0,8292.0,-10746.0,26194.0
410,3496.0,-30444.0,22276.0,-2656.0,-21279.0,9891.0,-10429.0,26201.0
411,1788.0,-31204.0,23968.0,-2672.0,-18580.0,11450.0,-10094.0,26207.0
412,-1980.0,-31324.0,26684.0,-2656.0,-15341.0,12455.0,-9381.0,26213.0
413,-4848.0,-29472.0,28960.0,-2656.0,-11708.0,13017.0,-8387.0,26220.0
414,-12664.0,-31260.0,30044.0,-2640.0,-7527.0,12442.0,-7190.0,26226.0
415,-10016.0,-27516.0,32264.0,-2656.0,-4227.0,12049.0,-598.0,26232.0
416,-14300.0,-25596.0,32380.0,-2672.0,-599.0,12068.0,-2286.0,26238.0
417,-19124.0,-23904.0,32440.0,-2640.0,2751.0,9889.0,-1468.0,26245.0
418,-20076.0,-24028.0,31748.0,-2672.0,6095.0,6002.0,1334.0,26251.0
419,-15048.0,-24268.0,30200.0,-2672.0,9537.0,2294.0,3051.0,26257.0
420,-12940.0,-23860.0,28348.0,-2672.0,12523.0,-875.0,3590.0,26263.0
421,-11288.0,-23712.0,26320.0,-2688.0,15040.0,-3654.0,4390.0,26269.0
422,-9916.0,-23060.0,22684.0,-2688.0,17074.0,-6335.0,4721.0,26276.0
423,-7896.0,-17816.0,13044.0,-2688.0,17717.0,-8827.0,4639.0,26283.0
424,11012.0,17712.0,-32768.0,-2688.0,1730.0,-8886.0,6.0,26289.0
425,32767.0,-5844.0,-32768.0,-2672.0,-20300.0,-12821.0,-32768.0,26295.0
426,32767.0,-32768.0,-16232.0,-2688.0,14054.0,-32768.0,-24547.0,26301.0
427,6892.0,-32768.0,10180.0,-2672.0,22735.0,-10118.0,24639.0,26307.0
428,-32768.0,-28616.0,32767.0,-2640.0,22711.0,28885.0,26373.0,26313.0
429,-32768.0,-32768.0,32767.0,-2672.0,21855.0,28821.0,10809.0,26320.0
430,-32768.0,-32768.0,20580.0,-2656.0,18239.0,4821.0,-2959.0,26327.0
431,-30488.0,-27776.0,-27736.0,-2640.0,15826.0,-12906.0,-1562.0,26333.0
432,12552.0,-15028.0,-14468.0,-2640.0,20403.0,-21427.0,694.0,26339.0
433,32767.0,2324.0,12184.0,-2656.0,20929.0,-22083.0,-7332.0,26345.0
434,24420.0,-6384.0,16200.0,-2688.0,16937.0,-11585.0,-6640.0,26352.0
435,4652.0,-18136.0,5744.0,-2672.0,14619.0,-1296.0,-1143.0,26358.0
436,3316.0,-14468.0,-296.0,-2688.0,13352.0,-4444.0,-2707.0,26364.0
437,5580.0,-12988.0,-544.0,-2640.0,12820.0,-12899.0,-3950.0,26371.0
438,9088.0,-15004.0,-988.0,-2672.0,12607.0,-13286.0,-267.0,26377.0
439,13260.0,-18804.0,-3932.0,-2656.0,13802.0,-8892.0,2651.0,26383.0
440,13884.0,-21728.0,-1568.0,-2656.0,15637.0,-3645.0,3940.0,26389.0
441,9444.0,-21336.0,1336.0,-2656.0,16379.0,829.0,4669.0,26395.0
442,5412.0,-18788.0,916.0,-2640.0,15735.0,2260.0,4739.0,26401.0
443,4968.0,-16888.0,572.0,-2672.0,14748.0,2086.0,4636.0,26407.0
444,3496.0,-16736.0,1580.0,-2672.0,14099.0,4011.0,4635.0,26414.0
445,-1212.0,-15300.0,1928.0,-2656.0,13000.0,8435.0,4244.0,26420.0
446,-5476.0,-14168.0,1428.0,-2640.0,11905.0,10944.0,2692.0,26425.0
447,-7172.0,-14944.0,-596.0,-2656.0,11391.0,9670.0,372.0,26431.0
448,-5564.0,-15560.0,-1416.0,-2672.0,11114.0,6710.0,-1338.0,26437.0
449,-1368.0,-15416.0,-544.0,-2688.0,10547.0,3671.0,-1912.0,26443.0
450,1432.0,-15040.0,608.0,-2672.0,9512.0,1963.0,-1924.0,26449.0
451,2364.0,-15600.0,-620.0,-2704.0,8980.0,1552.0,-1914.0,26456.0
452,3632.0,-15232.0,-1396.0,-2640.0,8678.0,1070.0,-2095.0,26462.0
453,4952.0,-13952.0,-620.0,-2656.0,8138.0,818.0,-2180.0,26468.0
454,6784.0,-14076.0,-444.0,-2656.0,7624.0,1126.0,-1804.0,26474.0
455,9724.0,-14768.0,-740.0,-2640.0,7227.0,2256.0,-1030.0,26480.0
456,10232.0,-14700.0,-1084.0,-2656.0,6994.0,4320.0,-518.0,26486.0
457,8592.0,-14324.0,-836.0,-2656.0,6685.0,6180.0,61.0,26491.0
458,6404.0,-14604.0,-496.0,-2656.0,6368.0,7373.0,486.0,26498.0
459,4052.0,-15120.0,-120.0,-2656.0,6161.0,8051.0,595.0,26504.0
460,2216.0,-15688.0,12.0,-2656.0,6110.0,8062.0,372.0,26510.0
461,1108.0,-15952.0,152.0,-2672.0,6145.0,7502.0,70.0,26516.0
462,996.0,-16408.0,-124.0,-2640.0,6229.0,6560.0,-313.0,26521.0
463,1612.0,-16436.0,-388.0,-2672.0,6339.0,5503.0,-660.0,26527.0
464,2480.0,-16172.0,-892.0,-2640.0,6399.0,4444.0,-927.0,26533.0
465,3436.0,-16032.0,-904.0,-2640.0,6409.0,3403.0,-909.0,26540.0
466,3928.0,-16124.0,-956.0,-2672.0,6374.0,2703.0,-759.0,26546.0
467,4108.0,-15968.0,-856.0,-2672.0,6365.0,2218.0,-592.0,26552.0
468,4232.0,-15904.0,-796.0,-2672.0,6338.0,1916.0,-417.0,26557.0
469,3980.0,-16312.0,-292.0,-2672.0,6347.0,1540.0,-297.0,26563.0
470,4100.0,-16380.0,124.0,-2672.0,6315.0,1298.0,-93.0,26569.0
471,4400.0,-16432.0,-48.0,-2688.0,6338.0,1292.0,-20.0,26575.0
472,4704.0,-16608.0,60.0,-2672.0,6364.0,1535.0,95.0,26580.0
473,5024.0,-16564.0,-148.0,-2656.0,6432.0,1797.0,259.0,26587.0
474,5284.0,-16352.0,-172.0,-2624.0,6527.0,1925.0,402.0,26593.0
475,5388.0,-16152.0,120.0,-2672.0,6529.0,2250.0,556.0,26599.0
476,5088.0,-15984.0,552.0,-2672.0,6547.0,2598.0,653.0,26604.0
477,4340.0,-16264.0,636.0,-2656.0,6584.0,2824.0,735.0,26610.0
478,3972.0,-16412.0,960.0,-2656.0,6599.0,2889.0,773.0,26616.0
479,3760.0,-16200.0,956.0,-2672.0,6599.0,2747.0,793.0,26622.0
480,3724.0,-16500.0,1048.0,-2672.0,6611.0,2492.0,796.0,26629.0
481,4172.0,-16564.0,980.0,-2672.0,6671.0,2264.0,776.0,26634.0
482,4564.0,-16584.0,1136.0,-2704.0,6710.0,2130.0,760.0,26640.0
483,4804.0,-16464.0,1120.0,-2672.0,6766.0,2227.0,751.0,26646.0
484,4752.0,-16528.0,1372.0,-2672.0,6889.0,2453.0,808.0,26652.0
485,3408.0,-18116.0,372.0,-2672.0,7052.0,2710.0,583.0,26658.0
486,10092.0,-17236.0,904.0,-2688.0,6759.0,4622.0,2535.0,26663.0
487,2256.0,-16596.0,1576.0,-2672.0,7047.0,5260.0,-165.0,26670.0
488,3928.0,-16444.0,920.0,-2672.0,6970.0,3563.0,-814.0,26676.0
489,2076.0,-16840.0,1312.0,-2672.0,7146.0,2002.0,-1718.0,26682.0
490,3332.0,-17644.0,1928.0,-2672.0,7160.0,1153.0,-974.0,26688.0
491,6028.0,-17436.0,2848.0,-2672.0,7034.0,2298.0,259.0,26694.0
492,6944.0,-18356.0,2008.0,-2672.0,7374.0,3529.0,30.0,26699.0
493,5752.0,-17220.0,1724.0,-2672.0,7386.0,4242.0,339.0,26705.0
494,5100.0,-18088.0,1860.0,-2704.0,7493.0,4743.0,827.0,26712.0
495,6576.0,-17108.0,1820.0,-2672.0,7635.0,5777.0,1576.0,26718.0
496,4676.0,-16672.0,2304.0,-2688.0,7708.0,6954.0,1407.0,26724.0
497,2948.0,-16964.0,2320.0,-2656.0,7850.0,6977.0,1242.0,26730.0
498,1396.0,-17376.0,2160.0,-2672.0,8089.0,6208.0,990.0,26736.0
499,596.0,-17624.0,2492.0,-2672.0,8403.0,5205.0,932.0,26741.0
500,48.0,-18192.0,2348.0,-2688.0,8777.0,4357.0,1218.0,26747.0
501,188.0,-18208.0,2496.0,-2656.0,9150.0,3777.0,1548.0,26754.0
502,264.0,-18260.0,2588.0,-2688.0,9536.0,3268.0,1788.0,26760.0
503,728.0,-18704.0,2900.0,-2688.0,9860.0,2834.0,2224.0,26766.0
504,1972.0,-19164.0,3152.0,-2656.0,10207.0,2783.0,2814.0,26771.0
505,2588.0,-19164.0,2896.0,-2656.0,10505.0,2890.0,3085.0,26777.0
506,2660.0,-19404.0,2936.0,-2640.0,10841.0,2802.0,3230.0,26783.0
507,3172.0,-19248.0,3088.0,-2656.0,11186.0,2685.0,3320.0,26789.0
508,2948.0,-19224.0,2824.0,-2640.0,11541.0,2615.0,3514.0,26796.0
509,2964.0,-19384.0,3148.0,-2688.0,11866.0,2555.0,3646.0,26802.0
510,3228.0,-19628.0,3304.0,-2672.0,12211.0,2599.0,3841.0,26808.0
511,2928.0,-19796.0,3572.0,-2688.0,12524.0,2633.0,4006.0,26814.0
512,3076.0,-19880.0,3472.0,-2672.0,12848.0,2681.0,4188.0,26820.0
513,3128.0,-19780.0,3724.0,-2672.0,13075.0,2747.0,4413.0,26826.0
514,3500.0,-20084.0,3820.0,-2656.0,13285.0,3077.0,4672.0,26832.0
515,3016.0,-20404.0,3616.0,-2672.0,13583.0,3621.0,4900.0,26839.0
516,2560.0,-20692.0,3676.0,-2656.0,14026.0,3870.0,5271.0,26845.0
517,1932.0,-21224.0,3584.0,-2672.0,14347.0,4087.0,5689.0,26851.0
518,1840.0,-21876.0,3460.0,-2656.0,14777.0,3989.0,6107.0,26856.0
519,2248.0,-22384.0,3280.0,-2704.0,15293.0,3742.0,6433.0,26862.0
520,3404.0,-22608.0,3416.0,-2688.0,15835.0,3527.0,6612.0,26868.0
521,4780.0,-23256.0,4268.0,-2672.0,16519.0,3593.0,6758.0,26874.0
522,5944.0,-23684.0,3160.0,-2688.0,17049.0,4205.0,7060.0,26881.0
523,6596.0,-24736.0,2908.0,-2672.0,17676.0,5042.0,7281.0,26887.0
524,4576.0,-25144.0,3056.0,-2672.0,18023.0,6098.0,8460.0,26893.0
525,4416.0,-28936.0,2992.0,-2688.0,18150.0,5817.0,9358.0,26899.0
526,5756.0,-32224.0,1724.0,-2704.0,18427.0,5674.0,10102.0,26905.0
527,8592.0,-32768.0,-1088.0,-2656.0,18880.0,5868.0,10167.0,26911.0
528,10856.0,-32768.0,-3308.0,-2688.0,19256.0,6260.0,10127.0,26917.0
529,12912.0,-32768.0,-5636.0,-2656.0,19464.0,7390.0,10047.0,26924.0
530,15252.0,-32768.0,-8472.0,-2688.0,19463.0,8833.0,9887.0,26930.0
531,17712.0,-32768.0,-11388.0,-2672.0,19330.0,11475.0,9586.0,26936.0
532,19244.0,-32768.0,-15560.0,-2672.0,19268.0,15998.0,9012.0,26942.0
533,16768.0,-32768.0,-18672.0,-2656.0,19469.0,19710.0,9157.0,26948.0
534,13128.0,-32768.0,-18696.0,-2688.0,19321.0,21351.0,9702.0,26954.0
535,8888.0,-32768.0,-13448.0,-2688.0,19296.0,21708.0,10087.0,26960.0
536,3900.0,-32768.0,-4156.0,-2672.0,19933.0,20219.0,10612.0,26968.0
537,-1660.0,-31656.0,6496.0,-2672.0,20966.0,17692.0,11311.0,26974.0
538,-5392.0,-30292.0,9176.0,-2704.0,21135.0,13146.0,10869.0,26980.0
539,-7540.0,-29496.0,3864.0,-2672.0,20036.0,6496.0,10052.0,26986.0
540,-5188.0,-27480.0,248.0,-2720.0,18588.0,491.0,9382.0,26992.0
541,-1492.0,-25584.0,2088.0,-2672.0,18455.0,-4622.0,7882.0,26998.0
542,1424.0,-21960.0,2504.0,-2656.0,18687.0,-8092.0,6645.0,27004.0
543,3028.0,-20092.0,3440.0,-2704.0,18729.0,-9891.0,6201.0,27011.0
544,4420.0,-21704.0,8884.0,-2688.0,19835.0,-10114.0,6655.0,27017.0
545,5536.0,-23100.0,8188.0,-2672.0,20962.0,-7646.0,7694.0,27023.0
546,9408.0,-16204.0,-112.0,-2672.0,19478.0,-5380.0,6871.0,27028.0
547,14056.0,-10300.0,-1456.0,-2672.0,16909.0,-4435.0,4352.0,27034.0
548,15056.0,-8672.0,-544.0,-2640.0,14623.0,-509.0,2800.0,27040.0
549,11348.0,-8548.0,-1920.0,-2672.0,12436.0,4791.0,2921.0,27046.0
550,6268.0,-7236.0,-4568.0,-2688.0,10043.0,7658.0,3709.0,27053.0
551,2932.0,-6028.0,-6164.0,-2672.0,7971.0,8194.0,4235.0,27059.0
552,1752.0,-5532.0,-5384.0,-2704.0,6515.0,8270.0,4212.0,27065.0
553,1284.0,-5044.0,-3736.0,-2672.0,5391.0,8733.0,4261.0,27071.0
554,980.0,-4504.0,-2364.0,-2656.0,4240.0,9686.0,3589.0,27077.0
555,72.0,-3336.0,-2232.0,-2672.0,2707.0,10643.0,4429.0,27082.0
556,892.0,-2080.0,-3276.0,-2704.0,1115.0,11545.0,3150.0,27088.0
557,-1096.0,-1244.0,-3580.0,-2640.0,-524.0,11292.0,1606.0,27095.0
558,-1952.0,-176.0,-3564.0,-2672.0,-2161.0,10143.0,2009.0,27101.0
559,-792.0,708.0,-3448.0,-2688.0,-3724.0,9008.0,1547.0,27107.0
560,-980.0,956.0,-3404.0,-2704.0,-5050.0,7902.0,-217.0,27113.0
561,-2384.0,1512.0,-3640.0,-2672.0,-6563.0,6800.0,-1581.0,27118.0
562,-3020.0,2152.0,-4064.0,-2704.0,-8220.0,5562.0,-2268.0,27124.0
563,-2880.0,2164.0,-4396.0,-2672.0,-9881.0,4441.0,-2816.0,27130.0
564,-2492.0,1732.0,-4644.0,-2656.0,-11504.0,3295.0,-3489.0,27137.0
565,-2276.0,1300.0,-4828.0,-2704.0,-12989.0,1852.0,-4132.0,27143.0
566,-2164.0,764.0,-4560.0,-2640.0,-14273.0,291.0,-4745.0,27149.0
567,-1884.0,360.0,-4408.0,-2672.0,-15496.0,-1140.0,-5250.0,27155.0
568,-1648.0,472.0,-4888.0,-2688.0,-16927.0,-2325.0,-5746.0,27160.0
569,-1328.0,244.0,-5124.0,-2672.0,-18487.0,-3186.0,-6150.0,27166.0
570,-1208.0,-412.0,-5356.0,-2672.0,-19986.0,-3845.0,-6518.0,27172.0
571,-1276.0,-1208.0,-5204.0,-2688.0,-21405.0,-4588.0,-6840.0,27179.0
572,-1060.0,-2004.0,-4828.0,-2672.0,-22754.0,-5408.0,-7209.0,27185.0
573,-796.0,-2740.0,-4796.0,-2688.0,-24062.0,-6242.0,-7613.0,27191.0
574,-300.0,-3196.0,-4412.0,-2688.0,-25392.0,-6925.0,-7976.0,27197.0
575,552.0,-3484.0,-4288.0,-2704.0,-26798.0,-7416.0,-8307.0,27203.0
576,1736.0,-4072.0,-4264.0,-2656.0,-28223.0,-7613.0,-8547.0,27209.0
577,2876.0,-5124.0,-4272.0,-2704.0,-29587.0,-7442.0,-8752.0,27215.0
578,3556.0,-6468.0,-4180.0,-2672.0,-30809.0,-7020.0,-8929.0,27222.0
579,4196.0,-8244.0,-3672.0,-2704.0,-31865.0,-6373.0,-9120.0,27228.0
580,4244.0,-9668.0,-3008.0,-2688.0,-32706.0,-5768.0,-9253.0,27234.0
581,4048.0,-10684.0,-2788.0,-2720.0,-32768.0,-5272.0,-9333.0,27239.0
582,3900.0,-11644.0,-2012.0,-2688.0,-32768.0,-4942.0,-9393.0,27245.0
583,3844.0,-12664.0,-1472.0,-2672.0,-32768.0,-4573.0,-9531.0,27251.0
584,3744.0,-13528.0,-980.0,-2688.0,-32768.0,-4183.0,-9777.0,27257.0
585,3976.0,-14520.0,-380.0,-2672.0,-32768.0,-3864.0,-10041.0,27264.0
586,4240.0,-15660.0,-272.0,-2640.0,-32768.0,-3534.0,-10467.0,27270.0
587,4208.0,-17004.0,100.0,-2688.0,-32768.0,-3124.0,-10926.0,27276.0
588,3772.0,-18380.0,532.0,-2704.0,-32768.0,-2838.0,-11281.0,27282.0
589,3132.0,-19580.0,1080.0,-2656.0,-32768.0,-2833.0,-11661.0,27288.0
590,2696.0,-20484.0,1640.0,-2688.0,-32768.0,-3044.0,-12149.0,27294.0
591,2716.0,-21544.0,1952.0,-2640.0,-32768.0,-3229.0,-12589.0,27300.0
592,2740.0,-22988.0,2472.0,-2672.0,-32768.0,-3348.0,-13032.0,27307.0
593,2736.0,-23968.0,3056.0,-2704.0,-32768.0,-3385.0,-13420.0,27313.0
594,2736.0,-24880.0,3540.0,-2720.0,-32768.0,-3530.0,-13856.0,27320.0
595,2452.0,-25800.0,3812.0,-2704.0,-32768.0,-3991.0,-14253.0,27326.0
596,2384.0,-26424.0,4004.0,-2672.0,-32768.0,-4557.0,-14654.0,27332.0
597,2548.0,-27444.0,4208.0,-2656.0,-32768.0,-5179.0,-15090.0,27338.0
598,2020.0,-28472.0,4852.0,-2688.0,-32768.0,-5881.0,-15362.0,27344.0
599,1624.0,-29172.0,5776.0,-2640.0,-32768.0,-6471.0,-15506.0,27351.0
600,1344.0,-29332.0,6004.0,-2688.0,-32768.0,-6724.0,-15723.0,27357.0
601,1964.0,-30124.0,6480.0,-2688.0,-32768.0,-6594.0,-15807.0,27364.0
602,2688.0,-31248.0,7344.0,-2640.0,-32768.0,-6127.0,-15755.0,27370.0
603,3372.0,-32436.0,8080.0,-2672.0,-32768.0,-5447.0,-15494.0,27376.0
604,4240.0,-32768.0,9564.0,-2656.0,-32768.0,-4731.0,-14956.0,27382.0
605,4800.0,-32768.0,10936.0,-2672.0,-32768.0,-4011.0,-14180.0,27388.0
606,6120.0,-32768.0,13252.0,-2720.0,-32768.0,-3204.0,-13690.0,27395.0
607,640.0,-32768.0,12724.0,-2672.0,-31896.0,-2707.0,-14682.0,27402.0
608,3856.0,-32768.0,16920.0,-2720.0,-30673.0,-2038.0,-8169.0,27408.0
609,5880.0,-32768.0,18416.0,-2688.0,-28544.0,-472.0,-10908.0,27414.0
610,476.0,-32768.0,22504.0,-2704.0,-26224.0,995.0,-11833.0,27420.0
611,56.0,-32768.0,24544.0,-2688.0,-23766.0,1826.0,-12198.0,27426.0
612,-1056.0,-32768.0,26820.0,-2656.0,-20844.0,2337.0,-12555.0,27432.0
613,-2604.0,-32768.0,28480.0,-2704.0,-17581.0,2974.0,-11623.0,27439.0
614,-5732.0,-31560.0,29816.0,-2688.0,-14047.0,4091.0,-9575.0,27445.0
615,-9804.0,-29224.0,31124.0,-2672.0,-10248.0,5118.0,-6850.0,27452.0
616,-14048.0,-26856.0,32767.0,-2672.0,-6708.0,5454.0,-4140.0,27458.0
617,-17104.0,-24836.0,32767.0,-2720.0,-3195.0,4580.0,-1681.0,27464.0
618,-17416.0,-24360.0,32767.0,-2688.0,346.0,2874.0,709.0,27470.0
619,-15516.0,-24400.0,32767.0,-2704.0,3884.0,956.0,2248.0,27476.0
620,-13344.0,-25192.0,32452.0,-2656.0,7340.0,-881.0,3352.0,27483.0
621,-11924.0,-25040.0,30992.0,-2704.0,10649.0,-2662.0,4224.0,27489.0
622,-11440.0,-24696.0,29004.0,-2656.0,13701.0,-4634.0,4876.0,27495.0
623,-9708.0,-24860.0,22560.0,-2688.0,15467.0,-6807.0,4982.0,27501.0
624,3708.0,-7840.0,-8860.0,-2704.0,11431.0,-7955.0,2328.0,27507.0
625,32767.0,4320.0,-32768.0,-2656.0,-8406.0,-9812.0,-20817.0,27513.0
626,32767.0,-32768.0,-32768.0,-2656.0,-1869.0,-28816.0,-32768.0,27520.0
627,2688.0,-32768.0,-4880.0,-2704.0,20201.0,-21889.0,13738.0,27526.0
628,-22336.0,-32768.0,32767.0,-2672.0,21995.0,23628.0,31741.0,27533.0
629,-32768.0,-32768.0,32767.0,-2672.0,23430.0,32767.0,17008.0,27539.0
630,-32476.0,-32768.0,30020.0,-2688.0,22578.0,7195.0,1483.0,27545.0
631,-18680.0,-24476.0,-8092.0,-2672.0,19358.0,-19131.0,-1148.0,27551.0
632,8140.0,-9696.0,-20492.0,-2656.0,18055.0,-21222.0,815.0,27557.0
633,23920.0,1988.0,-5880.0,-2704.0,18270.0,-16468.0,435.0,27564.0
634,25160.0,3652.0,7088.0,-2688.0,17132.0,-12863.0,-1159.0,27570.0
635,13532.0,-6076.0,11508.0,-2672.0,14578.0,-6554.0,-1167.0,27576.0
636,5696.0,-14072.0,6320.0,-2672.0,12501.0,-2730.0,-188.0,27582.0
637,6816.0,-17728.0,1744.0,-2720.0,11757.0,-6103.0,-1315.0,27588.0
638,5232.0,-21156.0,1228.0,-2672.0,12017.0,-8384.0,-709.0,27594.0
639,4740.0,-22184.0,1200.0,-2688.0,12532.0,-5833.0,1678.0,27600.0
640,6680.0,-19852.0,368.0,-2704.0,12574.0,-3356.0,2547.0,27607.0
641,7520.0,-19880.0,20.0,-2688.0,12957.0,-1771.0,2696.0,27613.0
642,5280.0,-21876.0,-728.0,-2688.0,13849.0,252.0,3066.0,27619.0
643,2480.0,-20792.0,-380.0,-2688.0,14442.0,1640.0,2797.0,27625.0
644,972.0,-17812.0,468.0,-2704.0,13973.0,1933.0,2424.0,27631.0
645,860.0,-16096.0,1256.0,-2704.0,13131.0,2298.0,2390.0,27637.0
646,1880.0,-14796.0,1412.0,-2688.0,11940.0,3341.0,2224.0,27642.0
647,1420.0,-13872.0,1492.0,-2640.0,10873.0,4410.0,1288.0,27649.0
648,808.0,-14052.0,496.0,-2688.0,10063.0,4573.0,606.0,27655.0
649,1068.0,-15264.0,-848.0,-2688.0,9739.0,4208.0,102.0,27661.0
650,1468.0,-16048.0,-1248.0,-2720.0,9736.0,4182.0,-696.0,27667.0
651,1164.0,-16032.0,-388.0,-2704.0,9503.0,4039.0,-1205.0,27673.0
652,1732.0,-15948.0,292.0,-2672.0,8920.0,3622.0,-1335.0,27679.0
653,2524.0,-16076.0,-160.0,-2704.0,8483.0,3341.0,-1453.0,27685.0
654,3540.0,-15832.0,-768.0,-2656.0,8236.0,3171.0,-1625.0,27692.0
655,4516.0,-15332.0,-640.0,-2688.0,7932.0,2914.0,-1738.0,27697.0
656,5916.0,-14640.0,-592.0,-2672.0,7433.0,2597.0,-1605.0,27703.0
657,7860.0,-14224.0,-448.0,-2672.0,6964.0,2908.0,-1061.0,27709.0
658,8992.0,-14180.0,-180.0,-2672.0,6519.0,4357.0,-499.0,27715.0
659,8280.0,-14472.0,-196.0,-2704.0,6194.0,6215.0,-86.0,27721.0
660,6496.0,-14936.0,-60.0,-2704.0,5912.0,7620.0,374.0,27727.0
661,4796.0,-15472.0,-140.0,-2688.0,5736.0,8405.0,537.0,27732.0
662,2896.0,-16328.0,-576.0,-2688.0,5752.0,8578.0,290.0,27739.0
663,1976.0,-16172.0,-972.0,-2688.0,5608.0,8406.0,34.0,27745.0
664,1784.0,-16576.0,-1224.0,-2688.0,5603.0,7924.0,-263.0,27751.0
665,2156.0,-16656.0,-908.0,-2688.0,5569.0,7236.0,-463.0,27757.0
666,2736.0,-16688.0,-940.0,-2688.0,5538.0,6548.0,-543.0,27763.0
667,3260.0,-16392.0,-980.0,-2688.0,5489.0,5773.0,-533.0,27768.0
668,3956.0,-15992.0,-1092.0,-2688.0,5427.0,4956.0,-424.0,27774.0
669,4524.0,-15660.0,-856.0,-2720.0,5342.0,4341.0,-259.0,27781.0
670,5104.0,-15692.0,-704.0,-2688.0,5283.0,4053.0,-88.0,27787.0
671,5264.0,-15632.0,-260.0,-2704.0,5200.0,3990.0,109.0,27793.0
672,5528.0,-15552.0,-48.0,-2672.0,5080.0,4064.0,305.0,27798.0
673,5564.0,-15820.0,20.0,-2688.0,5007.0,4343.0,535.0,27804.0
674,5180.0,-15876.0,344.0,-2704.0,4957.0,4698.0,724.0,27810.0
675,4844.0,-15968.0,236.0,-2672.0,4896.0,4935.0,827.0,27816.0
676,4256.0,-16020.0,104.0,-2720.0,4856.0,4888.0,910.0,27822.0
677,3908.0,-16004.0,676.0,-2704.0,4826.0,4766.0,894.0,27828.0
678,3540.0,-16132.0,716.0,-2672.0,4810.0,4471.0,836.0,27834.0
679,3672.0,-16064.0,992.0,-2704.0,4789.0,4160.0,865.0,27840.0
680,3792.0,-16076.0,976.0,-2688.0,4746.0,3919.0,790.0,27845.0
681,4012.0,-15956.0,1164.0,-2688.0,4719.0,3693.0,758.0,27851.0
682,4188.0,-16040.0,972.0,-2688.0,4689.0,3668.0,748.0,27857.0
683,4296.0,-16152.0,1132.0,-2672.0,4680.0,3746.0,749.0,27864.0
684,4256.0,-16316.0,1300.0,-2704.0,4662.0,3793.0,785.0,27870.0
685,4152.0,-16184.0,1348.0,-2672.0,4674.0,3819.0,833.0,27875.0
686,3944.0,-16604.0,1440.0,-2672.0,4727.0,3905.0,991.0,27881.0
687,3936.0,-16576.0,1264.0,-2704.0,4765.0,3868.0,930.0,27887.0
688,4128.0,-16560.0,1380.0,-2704.0,4847.0,3805.0,958.0,27893.0
689,4728.0,-16776.0,1104.0,-2704.0,4937.0,3781.0,915.0,27899.0
690,5576.0,-17136.0,1096.0,-2688.0,4979.0,3996.0,758.0,27906.0
691,9104.0,-16976.0,568.0,-2720.0,5062.0,4418.0,-44.0,27911.0
692,7648.0,-16324.0,520.0,-2704.0,5122.0,4658.0,623.0,27917.0
693,7392.0,-16588.0,1304.0,-2688.0,5190.0,5659.0,727.0,27923.0
694,5664.0,-16236.0,1440.0,-2688.0,5261.0,6252.0,657.0,27929.0
695,4540.0,-16360.0,1504.0,-2688.0,5440.0,6372.0,890.0,27935.0
696,3880.0,-16404.0,1736.0,-2688.0,5566.0,6361.0,985.0,27940.0
697,3388.0,-16524.0,1812.0,-2688.0,5758.0,6233.0,1179.0,27947.0
698,3108.0,-16884.0,1724.0,-2704.0,5971.0,6127.0,1274.0,27953.0
699,2956.0,-17036.0,1804.0,-2704.0,6185.0,5828.0,1372.0,27959.0
700,3196.0,-16480.0,2008.0,-2688.0,6392.0,5586.0,1059.0,27965.0
701,3708.0,-17464.0,1504.0,-2688.0,6826.0,5136.0,1852.0,27971.0
702,3304.0,-17072.0,1472.0,-2688.0,7074.0,5311.0,1537.0,27977.0
703,2848.0,-17268.0,1600.0,-2672.0,7390.0,5076.0,2032.0,27983.0
704,2612.0,-17652.0,1776.0,-2736.0,7712.0,4860.0,2298.0,27988.0
705,2336.0,-17708.0,1904.0,-2704.0,8015.0,4568.0,2405.0,27995.0
706,2208.0,-18120.0,2312.0,-2672.0,8318.0,4175.0,2649.0,28001.0
707,2392.0,-18644.0,2376.0,-2688.0,8646.0,3811.0,2936.0,28007.0
708,2444.0,-18696.0,2528.0,-2672.0,8908.0,3655.0,3184.0,28013.0
709,1996.0,-18688.0,2656.0,-2672.0,9284.0,3527.0,3398.0,28019.0
710,2456.0,-18764.0,2652.0,-2672.0,9557.0,3327.0,3614.0,28025.0
711,2104.0,-18940.0,2532.0,-2688.0,9897.0,3157.0,3955.0,28032.0
712,1828.0,-18976.0,2656.0,-2688.0,10234.0,2971.0,4250.0,28037.0
713,1296.0,-19024.0,2888.0,-2672.0,10552.0,2732.0,4558.0,28043.0
714,1000.0,-19108.0,3020.0,-2720.0,10922.0,2439.0,4849.0,28049.0
715,632.0,-19300.0,3204.0,-2704.0,11249.0,2082.0,5128.0,28055.0
716,564.0,-19572.0,3388.0,-2672.0,11538.0,1727.0,5413.0,28061.0
717,848.0,-20008.0,3020.0,-2720.0,11900.0,1403.0,5730.0,28067.0
718,1020.0,-20176.0,3432.0,-2720.0,12222.0,1116.0,5997.0,28073.0
719,1460.0,-20464.0,3532.0,-2704.0,12537.0,984.0,6309.0,28080.0
720,1980.0,-20752.0,3208.0,-2672.0,12873.0,952.0,6610.0,28086.0
721,2628.0,-20880.0,3076.0,-2656.0,13155.0,1056.0,6928.0,28092.0
722,3200.0,-21140.0,2940.0,-2704.0,13600.0,1250.0,7199.0,28097.0
723,3832.0,-21236.0,2920.0,-2720.0,13953.0,1500.0,7422.0,28103.0
724,4324.0,-21492.0,2908.0,-2688.0,14326.0,1839.0,7583.0,28109.0
725,5164.0,-21652.0,2984.0,-2704.0,14670.0,2327.0,7912.0,28115.0
726,5384.0,-22068.0,3180.0,-2656.0,15041.0,3011.0,7996.0,28122.0
727,5952.0,-22492.0,3528.0,-2672.0,15461.0,3725.0,8237.0,28128.0
728,6424.0,-23156.0,4140.0,-2688.0,15962.0,4566.0,8432.0,28134.0
729,6412.0,-23664.0,3488.0,-2704.0,16313.0,5640.0,8808.0,28140.0
730,4800.0,-23912.0,3356.0,-2704.0,16645.0,7039.0,9447.0,28146.0
731,3180.0,-26044.0,3328.0,-2704.0,16639.0,7327.0,10375.0,28152.0
732,3716.0,-29264.0,2704.0,-2688.0,16718.0,7107.0,11123.0,28158.0
733,5688.0,-30000.0,688.0,-2672.0,16996.0,7320.0,11276.0,28165.0
734,8004.0,-29624.0,-1128.0,-2688.0,17367.0,7543.0,11087.0,28171.0
735,10240.0,-30244.0,-3084.0,-2688.0,17625.0,8455.0,10925.0,28177.0
736,12164.0,-31156.0,-5204.0,-2672.0,17768.0,10105.0,10768.0,28183.0
737,14224.0,-32260.0,-7332.0,-2688.0,17832.0,12025.0,10540.0,28189.0
738,15316.0,-32768.0,-10704.0,-2688.0,17802.0,15307.0,10163.0,28195.0
739,15360.0,-32768.0,-14140.0,-2704.0,18150.0,19375.0,9943.0,28201.0
740,11796.0,-32768.0,-17832.0,-2704.0,18335.0,22572.0,10459.0,28208.0
741,7164.0,-32768.0,-18252.0,-2688.0,18149.0,23691.0,11477.0,28214.0
742,2252.0,-29836.0,-17360.0,-2688.0,17730.0,22651.0,12435.0,28221.0
743,-1992.0,-25040.0,-12368.0,-2672.0,17126.0,20094.0,13248.0,28227.0
744,-5016.0,-22708.0,-4624.0,-2704.0,16741.0,15748.0,13682.0,28233.0
745,-6876.0,-23216.0,4596.0,-2672.0,16838.0,10181.0,14227.0,28239.0
746,-7088.0,-24168.0,6876.0,-2704.0,16221.0,3072.0,13234.0,28246.0
747,-6276.0,-25076.0,3040.0,-2704.0,14506.0,-5169.0,11281.0,28252.0
748,-2316.0,-24364.0,988.0,-2688.0,13174.0,-12418.0,9283.0,28258.0
749,80.0,-26340.0,4816.0,-2704.0,13983.0,-18287.0,6940.0,28264.0
750,1552.0,-24372.0,5496.0,-2720.0,14890.0,-21522.0,8529.0,28270.0
751,5920.0,-21612.0,3400.0,-2720.0,15776.0,-20000.0,7887.0,28276.0
752,6292.0,-20488.0,3956.0,-2672.0,16284.0,-17134.0,7054.0,28282.0
753,8092.0,-16924.0,2508.0,-2704.0,15747.0,-13343.0,7570.0,28289.0
754,9064.0,-13496.0,380.0,-2688.0,14144.0,-9104.0,7739.0,28295.0
755,9292.0,-10596.0,-1720.0,-2672.0,11991.0,-6374.0,7319.0,28301.0
756,10164.0,-9444.0,-1384.0,-2688.0,10208.0,-4935.0,6490.0,28307.0
757,10692.0,-8576.0,-1328.0,-2688.0,8840.0,-2918.0,5401.0,28313.0
758,10016.0,-7636.0,-1636.0,-2672.0,7287.0,-647.0,4851.0,28319.0
759,8916.0,-6052.0,-3468.0,-2704.0,5522.0,1281.0,4726.0,28325.0
760,8156.0,-4452.0,-4996.0,-2736.0,3577.0,2557.0,4612.0,28331.0
761,7552.0,-3244.0,-6744.0,-2672.0,1674.0,3347.0,4169.0,28337.0
762,6172.0,-2100.0,-7744.0,-2720.0,58.0,3619.0,3220.0,28343.0
763,5364.0,-672.0,-7852.0,-2736.0,-1626.0,3587.0,2580.0,28349.0
764,5040.0,724.0,-7340.0,-2704.0,-3533.0,3504.0,2038.0,28355.0
765,5244.0,1412.0,-6772.0,-2704.0,-5512.0,3563.0,1449.0,28361.0
766,5084.0,1248.0,-6192.0,-2672.0,-7361.0,3991.0,998.0,28366.0
767,4792.0,944.0,-5620.0,-2704.0,-9097.0,4725.0,611.0,28372.0
768,4308.0,632.0,-5236.0,-2688.0,-10737.0,5510.0,146.0,28379.0
769,3820.0,216.0,-4856.0,-2688.0,-12345.0,6069.0,-422.0,28385.0
770,3316.0,-132.0,-4128.0,-2672.0,-13853.0,6240.0,-1098.0,28390.0
771,2536.0,-648.0,-3764.0,-2688.0,-15413.0,6047.0,-1728.0,28396.0
772,1744.0,-1008.0,-3608.0,-2720.0,-16892.0,5463.0,-2373.0,28402.0
773,988.0,-1640.0,-3152.0,-2736.0,-18245.0,4400.0,-2965.0,28408.0
774,-60.0,-2160.0,-3068.0,-2672.0,-19544.0,3208.0,-3485.0,28414.0
775,-756.0,-2484.0,-3160.0,-2672.0,-20964.0,2149.0,-4091.0,28421.0
776,-508.0,-2448.0,-2752.0,-2672.0,-22585.0,1358.0,-4736.0,28427.0
777,-1728.0,-4172.0,-4376.0,-2688.0,-23876.0,-309.0,-5452.0,28433.0
778,-1252.0,-5368.0,-3500.0,-2704.0,-25019.0,-1756.0,-6162.0,28439.0
779,-1628.0,-6316.0,-2976.0,-2688.0,-26066.0,-3430.0,-6872.0,28444.0
780,-1632.0,-7120.0,-2220.0,-2704.0,-27087.0,-5178.0,-7504.0,28450.0
781,-1292.0,-8052.0,-2220.0,-2720.0,-28121.0,-6980.0,-8054.0,28456.0
782,-712.0,-8980.0,-1656.0,-2672.0,-29157.0,-8631.0,-8613.0,28463.0
783,140.0,-10080.0,-1180.0,-2688.0,-30172.0,-9872.0,-9142.0,28469.0
784,928.0,-11376.0,-656.0,-2672.0,-31041.0,-10637.0,-9556.0,28475.0
785,1932.0,-12412.0,312.0,-2736.0,-31800.0,-11066.0,-9910.0,28481.0
786,3152.0,-13296.0,836.0,-2736.0,-32578.0,-11241.0,-10284.0,28487.0
787,4040.0,-14460.0,1260.0,-2720.0,-32768.0,-11264.0,-10564.0,28493.0
788,4400.0,-15404.0,1812.0,-2736.0,-32768.0,-11109.0,-10769.0,28499.0
789,4512.0,-16372.0,2352.0,-2736.0,-32768.0,-10965.0,-10860.0,28506.0
790,4696.0,-17368.0,3272.0,-2704.0,-32768.0,-10785.0,-10914.0,28512.0
791,4844.0,-18048.0,3652.0,-2672.0,-32768.0,-10620.0,-11029.0,28518.0
792,5536.0,-18916.0,3460.0,-2704.0,-32768.0,-10392.0,-11161.0,28524.0
793,6356.0,-19848.0,3352.0,-2672.0,-32768.0,-9786.0,-11343.0,28531.0
794,7268.0,-21256.0,3176.0,-2704.0,-32768.0,-8815.0,-11463.0,28537.0
795,7996.0,-22432.0,3388.0,-2688.0,-32768.0,-7531.0,-11560.0,28544.0
796,8564.0,-23620.0,3596.0,-2720.0,-32768.0,-6016.0,-11654.0,28550.0
797,8812.0,-24748.0,3956.0,-2688.0,-32768.0,-4458.0,-11770.0,28556.0
798,8588.0,-25856.0,4900.0,-2704.0,-32768.0,-2963.0,-11856.0,28562.0
799,8064.0,-26720.0,6036.0,-2704.0,-32768.0,-1560.0,-12085.0,28568.0
800,7288.0,-27056.0,6308.0,-2720.0,-32768.0,-348.0,-12435.0,28574.0
801,6416.0,-27456.0,6332.0,-2688.0,-32768.0,484.0,-12802.0,28580.0
802,5460.0,-27892.0,6064.0,-2704.0,-32768.0,893.0,-13449.0,28587.0
803,4796.0,-28488.0,5996.0,-2688.0,-32768.0,911.0,-13922.0,28593.0
804,4528.0,-28768.0,6252.0,-2688.0,-32768.0,666.0,-14398.0,28599.0
805,4332.0,-29060.0,6380.0,-2704.0,-32768.0,453.0,-14806.0,28605.0
806,3920.0,-29160.0,7020.0,-2688.0,-32768.0,174.0,-15102.0,28611.0
807,3200.0,-29148.0,7312.0,-2704.0,-32188.0,-137.0,-15381.0,28617.0
808,2644.0,-29256.0,8012.0,-2704.0,-31573.0,-380.0,-15427.0,28623.0
809,1996.0,-29452.0,8344.0,-2704.0,-30960.0,-350.0,-15419.0,28630.0
810,1636.0,-29592.0,8604.0,-2704.0,-30275.0,-168.0,-15330.0,28636.0
811,1324.0,-29724.0,9248.0,-2672.0,-29415.0,106.0,-15137.0,28642.0
812,1340.0,-29816.0,10080.0,-2688.0,-28364.0,468.0,-14911.0,28648.0
813,1700.0,-29652.0,11184.0,-2704.0,-27103.0,880.0,-14556.0,28654.0
814,2156.0,-29088.0,12728.0,-2688.0,-25724.0,1392.0,-14072.0,28660.0
815,2348.0,-28488.0,14140.0,-2720.0,-24280.0,2077.0,-13553.0,28666.0
816,2516.0,-28180.0,15456.0,-2736.0,-22730.0,2869.0,-13209.0,28674.0
817,1824.0,-28680.0,17208.0,-2720.0,-20945.0,3653.0,-12692.0,28680.0
818,3528.0,-27732.0,20636.0,-2688.0,-19006.0,4137.0,-12963.0,28686.0
819,-6288.0,-27168.0,20396.0,-2736.0,-17063.0,3703.0,-8431.0,28692.0
820,404.0,-27240.0,19504.0,-2736.0,-14538.0,5216.0,-7846.0,28698.0
821,-8856.0,-25380.0,21512.0,-2704.0,-12311.0,6956.0,-8543.0,28704.0
822,-13740.0,-24768.0,23788.0,-2672.0,-10163.0,6188.0,-7714.0,28710.0
823,-14540.0,-24360.0,25152.0,-2720.0,-7679.0,3863.0,-6187.0,28717.0
824,-13616.0,-24692.0,25916.0,-2704.0,-4650.0,1470.0,-4613.0,28724.0
825,-11016.0,-24112.0,26428.0,-2688.0,-1620.0,248.0,-2725.0,28730.0
826,-9568.0,-24048.0,26728.0,-2704.0,1389.0,0.0,-1383.0,28736.0
827,-9776.0,-23744.0,26424.0,-2736.0,4339.0,-209.0,-345.0,28742.0
828,-11204.0,-22772.0,25712.0,-2720.0,7077.0,-1132.0,493.0,28747.0
829,-12380.0,-22228.0,24336.0,-2704.0,9514.0,-2844.0,1282.0,28753.0
830,-12324.0,-23092.0,24112.0,-2736.0,12050.0,-5159.0,2090.0,28760.0
831,-15732.0,-22484.0,15296.0,-2704.0,13987.0,-8425.0,1780.0,28767.0
832,-9724.0,-21064.0,15956.0,-2704.0,14789.0,-9125.0,5449.0,28773.0
833,-8704.0,-10928.0,1000.0,-2704.0,14302.0,-12346.0,2958.0,28779.0
834,27824.0,14760.0,-32768.0,-2704.0,-4618.0,-13402.0,-5759.0,28785.0
835,32767.0,-32768.0,-32768.0,-2704.0,-6838.0,-25660.0,-32768.0,28791.0
836,15084.0,-32768.0,-14420.0,-2672.0,14872.0,-31581.0,857.0,28797.0
837,-4660.0,-32768.0,19304.0,-2688.0,21938.0,2155.0,26545.0,28805.0
838,-32768.0,-32768.0,32767.0,-2704.0,24611.0,28110.0,27059.0,28811.0
839,-32768.0,-32768.0,32767.0,-2672.0,22912.0,18453.0,8264.0,28817.0
840,-32044.0,-23828.0,-1828.0,-2688.0,18671.0,-8511.0,-4240.0,28823.0
841,-8588.0,-12784.0,-24036.0,-2704.0,16877.0,-19949.0,-2153.0,28829.0
842,17204.0,-2728.0,-14928.0,-2672.0,18241.0,-19756.0,391.0,28836.0
843,28596.0,4372.0,1604.0,-2704.0,17609.0,-16933.0,-1827.0,28843.0
844,20620.0,-4044.0,11568.0,-2688.0,15233.0,-10217.0,-2192.0,28849.0
845,13828.0,-13540.0,9636.0,-2704.0,13323.0,-3709.0,-345.0,28855.0
846,11612.0,-15976.0,4708.0,-2688.0,12491.0,-3780.0,-1467.0,28861.0
847,8744.0,-18016.0,1248.0,-2720.0,12125.0,-6586.0,-1343.0,28867.0
848,5800.0,-19540.0,780.0,-2704.0,12133.0,-5929.0,1394.0,28873.0
849,5792.0,-18272.0,1180.0,-2704.0,12101.0,-3875.0,2699.0,28879.0
850,7040.0,-16284.0,980.0,-2704.0,11795.0,-3593.0,2429.0,28886.0
851,7176.0,-17344.0,424.0,-2688.0,11696.0,-3262.0,2540.0,28892.0
852,6336.0,-18316.0,68.0,-2720.0,11752.0,-1829.0,2962.0,28897.0
853,5100.0,-17920.0,252.0,-2704.0,11658.0,-644.0,3011.0,28903.0
854,3608.0,-17232.0,768.0,-2704.0,11291.0,-209.0,3110.0,28909.0
855,1896.0,-17256.0,1364.0,-2672.0,10809.0,566.0,3229.0,28915.0
856,808.0,-16836.0,1432.0,-2720.0,10183.0,2250.0,3090.0,28921.0
857,368.0,-15824.0,1444.0,-2704.0,9266.0,3735.0,2370.0,28928.0
858,-12.0,-15200.0,764.0,-2736.0,8419.0,4356.0,1434.0,28934.0
859,-644.0,-15496.0,-232.0,-2720.0,7890.0,4160.0,535.0,28940.0
860,-828.0,-15960.0,-948.0,-2688.0,7739.0,3356.0,-386.0,28945.0
861,-648.0,-16452.0,-1212.0,-2688.0,7767.0,2181.0,-1205.0,28951.0
862,36.0,-16468.0,-696.0,-2720.0,7657.0,955.0,-1646.0,28957.0
863,1704.0,-16224.0,-264.0,-2704.0,7330.0,-211.0,-1841.0,28963.0
864,3492.0,-16888.0,-224.0,-2704.0,7178.0,-876.0,-1869.0,28969.0
865,5400.0,-16860.0,-1148.0,-2704.0,7242.0,-781.0,-1752.0,28975.0
866,7236.0,-15884.0,-1304.0,-2720.0,7331.0,-450.0,-1712.0,28981.0
867,8144.0,-14556.0,-872.0,-2720.0,7058.0,19.0,-1462.0,28987.0
868,9024.0,-13884.0,-300.0,-2720.0,6537.0,965.0,-704.0,28993.0
869,9228.0,-14080.0,-60.0,-2704.0,6030.0,2535.0,57.0,28999.0
870,8636.0,-14648.0,216.0,-2704.0,5647.0,4300.0,707.0,29004.0
871,7500.0,-15112.0,-224.0,-2688.0,5484.0,5803.0,1185.0,29010.0
872,6016.0,-15464.0,-224.0,-2704.0,5338.0,6856.0,1426.0,29017.0
873,4544.0,-16684.0,-8.0,-2704.0,5359.0,7337.0,1243.0,29023.0
874,3116.0,-16224.0,-16.0,-2720.0,5480.0,7190.0,1154.0,29029.0
875,2928.0,-16792.0,-1120.0,-2704.0,5720.0,6961.0,893.0,29035.0
876,2880.0,-16380.0,-1360.0,-2704.0,6060.0,6125.0,568.0,29040.0
877,3072.0,-15764.0,-1024.0,-2736.0,6168.0,5142.0,423.0,29046.0
878,3180.0,-15588.0,-644.0,-2736.0,6143.0,4621.0,318.0,29052.0
879,3316.0,-15840.0,-608.0,-2704.0,6059.0,4196.0,212.0,29059.0
880,3452.0,-16056.0,-692.0,-2720.0,6022.0,3801.0,176.0,29065.0
881,3724.0,-15760.0,-748.0,-2688.0,5933.0,3290.0,315.0,29070.0
882,4392.0,-15636.0,-512.0,-2704.0,5834.0,2737.0,460.0,29076.0
883,5016.0,-15468.0,-308.0,-2704.0,5730.0,2279.0,615.0,29082.0
884,5340.0,-15504.0,-348.0,-2704.0,5674.0,2231.0,854.0,29088.0
885,5200.0,-15760.0,-116.0,-2688.0,5653.0,2334.0,1017.0,29094.0
886,4900.0,-15820.0,-168.0,-2688.0,5705.0,2538.0,1111.0,29100.0
887,4728.0,-15976.0,76.0,-2688.0,5727.0,2682.0,1149.0,29106.0
888,4684.0,-15820.0,192.0,-2720.0,5752.0,2726.0,1163.0,29112.0
889,4500.0,-16028.0,88.0,-2720.0,5764.0,2834.0,1211.0,29118.0
890,4564.0,-16072.0,364.0,-2704.0,5793.0,2970.0,1240.0,29124.0
891,4288.0,-16296.0,408.0,-2704.0,5844.0,3059.0,1191.0,29129.0
892,4004.0,-16344.0,572.0,-2704.0,5882.0,3000.0,1206.0,29135.0
893,3812.0,-16196.0,940.0,-2736.0,5811.0,2828.0,1146.0,29142.0
894,3852.0,-16260.0,1144.0,-2704.0,5812.0,2627.0,1132.0,29148.0
895,3872.0,-16316.0,1348.0,-2720.0,5753.0,2475.0,1108.0,29154.0
896,4288.0,-16332.0,1296.0,-2656.0,5714.0,2487.0,1101.0,29160.0
897,4492.0,-16284.0,1640.0,-2704.0,5664.0,2604.0,1132.0,29166.0
898,4556.0,-16488.0,1584.0,-2704.0,5622.0,2805.0,1170.0,29171.0
899,4664.0,-16408.0,1404.0,-2704.0,5595.0,2971.0,1220.0,29177.0
900,4644.0,-16540.0,1340.0,-2720.0,5660.0,3123.0,1208.0,29184.0
901,4624.0,-16548.0,1116.0,-2688.0,5739.0,3259.0,1233.0,29190.0
902,4816.0,-16644.0,1456.0,-2704.0,5805.0,3439.0,1153.0,29196.0
903,4480.0,-16724.0,1348.0,-2736.0,5882.0,3639.0,1143.0,29202.0
904,4372.0,-17168.0,1552.0,-2704.0,6003.0,3817.0,1109.0,29208.0
905,4636.0,-17344.0,1480.0,-2720.0,6156.0,3923.0,1055.0,29214.0
906,4736.0,-17364.0,1580.0,-2752.0,6299.0,4035.0,1065.0,29219.0
907,6124.0,-17772.0,1672.0,-2704.0,6350.0,4361.0,712.0,29225.0
908,8620.0,-15884.0,424.0,-2736.0,6468.0,4663.0,-5.0,29232.0
909,5868.0,-17248.0,1216.0,-2672.0,6737.0,5200.0,1297.0,29238.0
910,5752.0,-17560.0,2140.0,-2720.0,6940.0,6198.0,985.0,29244.0
911,5204.0,-17096.0,1940.0,-2688.0,7082.0,6442.0,818.0,29250.0
912,4796.0,-17396.0,1316.0,-2720.0,7437.0,6160.0,1186.0,29255.0
913,4196.0,-17332.0,1504.0,-2720.0,7699.0,6147.0,1444.0,29261.0
914,3608.0,-17572.0,2008.0,-2704.0,7951.0,6104.0,1576.0,29267.0
915,2980.0,-17996.0,2256.0,-2704.0,8382.0,5809.0,1853.0,29274.0
916,2960.0,-18316.0,2532.0,-2736.0,8699.0,5472.0,2203.0,29280.0
917,2860.0,-17928.0,2220.0,-2720.0,8919.0,5137.0,1779.0,29286.0
918,3440.0,-19092.0,2336.0,-2688.0,9490.0,4394.0,3448.0,29292.0
919,2732.0,-18772.0,3104.0,-2704.0,9680.0,4881.0,2865.0,29298.0
920,2636.0,-19632.0,2688.0,-2704.0,10035.0,4579.0,3734.0,29303.0
921,2736.0,-19764.0,3044.0,-2704.0,10338.0,4655.0,3894.0,29309.0
922,2308.0,-20316.0,3360.0,-2720.0,10696.0,4629.0,4249.0,29316.0
923,2396.0,-20612.0,3252.0,-2736.0,11030.0,4713.0,4648.0,29322.0
924,2064.0,-21004.0,3204.0,-2720.0,11436.0,4728.0,4828.0,29328.0
925,1620.0,-21332.0,3080.0,-2704.0,11828.0,4614.0,5238.0,29334.0
926,1540.0,-21676.0,2944.0,-2752.0,12233.0,4534.0,5576.0,29340.0
927,1484.0,-21804.0,2744.0,-2704.0,12706.0,4391.0,6028.0,29346.0
928,1496.0,-21868.0,2892.0,-2704.0,13136.0,4283.0,6430.0,29352.0
929,1704.0,-22092.0,2708.0,-2720.0,13618.0,4065.0,6767.0,29359.0
930,2408.0,-22096.0,2840.0,-2736.0,14164.0,3828.0,7130.0,29365.0
931,3408.0,-22196.0,2552.0,-2752.0,14671.0,3779.0,7447.0,29371.0
932,4384.0,-22648.0,2408.0,-2736.0,15188.0,3913.0,7769.0,29377.0
933,5524.0,-23008.0,2304.0,-2752.0,15707.0,4236.0,8062.0,29383.0
934,6544.0,-23396.0,2200.0,-2704.0,16257.0,4761.0,8333.0,29388.0
935,7340.0,-23940.0,2192.0,-2720.0,16777.0,5354.0,8572.0,29394.0
936,6824.0,-24676.0,3048.0,-2720.0,17339.0,6258.0,9078.0,29401.0
937,4080.0,-25416.0,4520.0,-2704.0,17618.0,7071.0,10218.0,29407.0
938,3244.0,-28852.0,3956.0,-2688.0,17749.0,6517.0,11059.0,29413.0
939,4652.0,-30620.0,2736.0,-2704.0,18184.0,5881.0,11554.0,29419.0
940,7140.0,-29124.0,700.0,-2704.0,18733.0,5827.0,11528.0,29425.0
941,9448.0,-28720.0,-1044.0,-2720.0,19113.0,6101.0,11385.0,29431.0
942,11648.0,-29580.0,-3428.0,-2736.0,19215.0,7258.0,11236.0,29437.0
943,13732.0,-30820.0,-6340.0,-2736.0,19157.0,9118.0,10971.0,29444.0
944,16024.0,-31012.0,-8708.0,-2704.0,18937.0,11086.0,10441.0,29450.0
945,16200.0,-32196.0,-11484.0,-2704.0,18673.0,13851.0,9695.0,29456.0
946,14260.0,-32768.0,-13808.0,-2704.0,18551.0,16377.0,9543.0,29462.0
947,11512.0,-32768.0,-16364.0,-2720.0,18093.0,18224.0,10213.0,29469.0
948,9024.0,-29800.0,-18000.0,-2688.0,17204.0,20111.0,11044.0,29475.0
949,6368.0,-27164.0,-17884.0,-2704.0,16255.0,21655.0,11562.0,29481.0
950,3852.0,-24548.0,-14640.0,-2704.0,15595.0,21173.0,12402.0,29488.0
951,-1128.0,-21396.0,-8128.0,-2704.0,15060.0,18726.0,12054.0,29494.0
952,-4596.0,-20884.0,3680.0,-2704.0,15159.0,14936.0,12944.0,29500.0
953,-4856.0,-21376.0,8264.0,-2704.0,14918.0,10440.0,13005.0,29506.0
954,-5668.0,-21656.0,6268.0,-2704.0,13751.0,3991.0,11227.0,29512.0
955,-5356.0,-22396.0,3364.0,-2704.0,11981.0,-3237.0,9183.0,29518.0
956,-4040.0,-25328.0,6868.0,-2704.0,12235.0,-10081.0,7326.0,29524.0
957,-2912.0,-26216.0,7144.0,-2704.0,13792.0,-15686.0,6436.0,29531.0
958,-1076.0,-25944.0,8008.0,-2704.0,15534.0,-17761.0,6505.0,29537.0
959,1964.0,-22640.0,5312.0,-2688.0,16554.0,-17763.0,6694.0,29543.0
960,5472.0,-18132.0,2480.0,-2720.0,16365.0,-15998.0,6768.0,29549.0
961,7720.0,-13412.0,-1040.0,-2736.0,14915.0,-12562.0,6420.0,29555.0
962,9588.0,-9012.0,-2844.0,-2736.0,12560.0,-8915.0,5534.0,29561.0
963,11140.0,-7536.0,-2824.0,-2688.0,10405.0,-5551.0,4525.0,29568.0
964,11656.0,-7676.0,-3588.0,-2736.0,8530.0,-2148.0,3862.0,29574.0
965,10716.0,-7240.0,-5500.0,-2752.0,6655.0,1219.0,3733.0,29580.0
966,8940.0,-6020.0,-7680.0,-2704.0,4731.0,4029.0,3731.0,29586.0
967,7072.0,-4344.0,-8968.0,-2672.0,2905.0,5773.0,3703.0,29592.0
968,5392.0,-3616.0,-8804.0,-2704.0,1387.0,6293.0,3516.0,29598.0
969,4112.0,-2808.0,-7596.0,-2736.0,146.0,6304.0,3391.0,29604.0
970,3468.0,-1980.0,-6032.0,-2704.0,-1092.0,6203.0,3081.0,29609.0
971,3084.0,-1236.0,-5140.0,-2704.0,-2532.0,6422.0,2682.0,29616.0
972,2376.0,-688.0,-4692.0,-2720.0,-4219.0,6819.0,2100.0,29622.0
973,1988.0,-280.0,-4672.0,-2672.0,-5963.0,6990.0,1347.0,29628.0
974,1608.0,232.0,-4960.0,-2672.0,-7765.0,6639.0,301.0,29634.0
975,1396.0,112.0,-5108.0,-2704.0,-9462.0,5766.0,-749.0,29639.0
976,1168.0,-120.0,-5144.0,-2688.0,-11041.0,4705.0,-1693.0,29645.0
977,836.0,-572.0,-4780.0,-2720.0,-12569.0,3553.0,-2494.0,29651.0
978,476.0,-1104.0,-4340.0,-2688.0,-14059.0,2593.0,-3107.0,29658.0
979,188.0,-1992.0,-3972.0,-2704.0,-15509.0,1936.0,-3650.0,29664.0
980,120.0,-2408.0,-3924.0,-2704.0,-16994.0,1510.0,-4204.0,29670.0
981,436.0,-2748.0,-4020.0,-2688.0,-18534.0,1104.0,-4873.0,29676.0
982,672.0,-3252.0,-3944.0,-2688.0,-20011.0,680.0,-5450.0,29681.0
983,764.0,-3716.0,-3740.0,-2720.0,-21542.0,277.0,-5916.0,29687.0
984,368.0,-4568.0,-4220.0,-2688.0,-22833.0,-539.0,-6426.0,29693.0
985,188.0,-5372.0,-3804.0,-2688.0,-23941.0,-1544.0,-6931.0,29700.0
986,-124.0,-6204.0,-3428.0,-2736.0,-25058.0,-2545.0,-7448.0,29706.0
987,-368.0,-6828.0,-3476.0,-2704.0,-26264.0,-3465.0,-7929.0,29712.0
988,-236.0,-7768.0,-3128.0,-2688.0,-27544.0,-4505.0,-8456.0,29718.0
989,0.0,-9124.0,-2220.0,-2720.0,-28652.0,-5560.0,-8962.0,29724.0
990,320.0,-10604.0,-1560.0,-2720.0,-29609.0,-6521.0,-9504.0,29729.0
991,604.0,-11600.0,-1228.0,-2736.0,-30599.0,-7374.0,-10064.0,29735.0
992,972.0,-12528.0,-1128.0,-2704.0,-31565.0,-8079.0,-10472.0,29742.0
993,1676.0,-13380.0,-840.0,-2720.0,-32472.0,-8668.0,-10779.0,29748.0
994,2356.0,-14260.0,-600.0,-2704.0,-32768.0,-9056.0,-11025.0,29754.0
995,2980.0,-15384.0,-88.0,-2736.0,-32768.0,-9185.0,-11225.0,29760.0
996,3708.0,-16300.0,828.0,-2736.0,-32768.0,-8974.0,-11332.0,29766.0
997,4644.0,-17388.0,1608.0,-2704.0,-32768.0,-8409.0,-11482.0,29772.0
998,5588.0,-18476.0,2068.0,-2704.0,-32768.0,-7507.0,-11640.0,29778.0
999,5880.0,-19728.0,2316.0,-2720.0,-32768.0,-6528.0,-11702.0,29785.0
1000,5884.0,-20756.0,2856.0,-2688.0,-32768.0,-5624.0,-11626.0,29791.0
1001,5700.0,-21872.0,3612.0,-2704.0,-32768.0,-4736.0,-11574.0,29797.0
1002,5756.0,-22724.0,3512.0,-2704.0,-32768.0,-3846.0,-11644.0,29803.0
1003,5880.0,-23624.0,3400.0,-2736.0,-32768.0,-2992.0,-11796.0,29809.0
1004,6032.0,-24804.0,3128.0,-2704.0,-32768.0,-2185.0,-11977.0,29815.0
1005,5976.0,-26020.0,3748.0,-2720.0,-32768.0,-1513.0,-12370.0,29821.0
1006,5688.0,-27112.0,4820.0,-2688.0,-32768.0,-944.0,-12685.0,29828.0
1007,5096.0,-27588.0,5284.0,-2720.0,-32768.0,-522.0,-13060.0,29834.0
1008,4072.0,-28164.0,5920.0,-2704.0,-32768.0,-434.0,-13565.0,29840.0
1009,2316.0,-28788.0,6524.0,-2720.0,-32768.0,-1023.0,-14148.0,29846.0
1010,400.0,-29312.0,7392.0,-2688.0,-32768.0,-2341.0,-14783.0,29852.0
1011,-1252.0,-29468.0,7884.0,-2704.0,-32768.0,-4000.0,-15403.0,29858.0
1012,-2188.0,-29708.0,8504.0,-2704.0,-32768.0,-5609.0,-15974.0,29864.0
1013,-1248.0,-30036.0,8124.0,-2672.0,-32768.0,-6462.0,-16334.0,29871.0
1014,-68.0,-30568.0,8788.0,-2720.0,-32768.0,-6642.0,-16277.0,29878.0
1015,996.0,-30692.0,9880.0,-2720.0,-32282.0,-6502.0,-15718.0,29884.0
1016,1596.0,-30232.0,10764.0,-2720.0,-31195.0,-6257.0,-14914.0,29890.0
1017,2124.0,-30052.0,11816.0,-2704.0,-30074.0,-5988.0,-13893.0,29896.0
1018,2596.0,-30308.0,13208.0,-2736.0,-28758.0,-5511.0,-12863.0,29902.0
1019,3204.0,-30100.0,14524.0,-2720.0,-27374.0,-4841.0,-12104.0,29910.0
1020,4180.0,-29896.0,15496.0,-2672.0,-25888.0,-3915.0,-11501.0,29916.0
1021,5576.0,-29672.0,17300.0,-2704.0,-24249.0,-2640.0,-11352.0,29922.0
1022,7036.0,-29424.0,19116.0,-2720.0,-22418.0,-970.0,-11463.0,29928.0
1023,8204.0,-29296.0,21236.0,-2704.0,-20383.0,1213.0,-11707.0,29934.0
1024,7932.0,-28992.0,23172.0,-2704.0,-18208.0,3694.0,-11700.0,29940.0
1025,6572.0,-28380.0,23704.0,-2720.0,-15929.0,6446.0,-11202.0,29947.0
1026,5940.0,-26664.0,26356.0,-2688.0,-13696.0,9055.0,-10138.0,29954.0
1027,-4320.0,-26472.0,26628.0,-2704.0,-10844.0,10839.0,-6050.0,29960.0
1028,-1416.0,-25392.0,25492.0,-2720.0,-7683.0,13476.0,-3842.0,29966.0
1029,-12852.0,-22600.0,26296.0,-2704.0,-4936.0,14654.0,-4201.0,29972.0
1030,-17636.0,-20812.0,26852.0,-2720.0,-2624.0,12487.0,-2225.0,29979.0
1031,-18204.0,-21616.0,26816.0,-2704.0,130.0,8612.0,-1321.0,29985.0
1032,-16424.0,-22444.0,26364.0,-2704.0,2787.0,4468.0,385.0,29991.0
1033,-13052.0,-23008.0,25620.0,-2720.0,5517.0,1398.0,941.0,29998.0
1034,-11544.0,-22632.0,25060.0,-2704.0,7975.0,-878.0,1015.0,30004.0
1035,-11960.0,-21856.0,23756.0,-2768.0,10191.0,-3166.0,1223.0,30010.0
1036,-12284.0,-21376.0,22104.0,-2704.0,12214.0,-5626.0,1743.0,30016.0
1037,-12688.0,-20676.0,20000.0,-2704.0,13856.0,-8221.0,2287.0,30022.0
1038,-12300.0,-19744.0,17860.0,-2736.0,15311.0,-10796.0,2739.0,30028.0
1039,-11592.0,-18028.0,13828.0,-2752.0,16262.0,-13209.0,3222.0,30034.0
1040,-11332.0,-8236.0,-5308.0,-2688.0,14559.0,-16849.0,3784.0,30041.0
1041,14968.0,23460.0,-32768.0,-2720.0,-6398.0,-17360.0,-2934.0,30047.0
1042,32767.0,-20428.0,-32768.0,-2704.0,-15511.0,-22919.0,-32768.0,30054.0
1043,29388.0,-32768.0,-18004.0,-2736.0,13460.0,-32768.0,-5675.0,30060.0
1044,-2064.0,-32768.0,25588.0,-2736.0,19354.0,-6944.0,23958.0,30066.0
1045,-32768.0,-32768.0,32767.0,-2720.0,22171.0,18166.0,21508.0,30073.0
1046,-32768.0,-32768.0,32767.0,-2736.0,21220.0,11533.0,9219.0,30080.0
1047,-32768.0,-31412.0,388.0,-2688.0,15968.0,-6496.0,-2918.0,30086.0
1048,-17132.0,-20840.0,-24080.0,-2736.0,13535.0,-19858.0,-6061.0,30092.0
1049,21076.0,-8112.0,-13656.0,-2720.0,16876.0,-26520.0,-4347.0,30098.0
1050,32767.0,1388.0,9320.0,-2736.0,17229.0,-19022.0,-5936.0,30105.0
1051,18940.0,-6660.0,13920.0,-2672.0,14538.0,-5839.0,-3417.0,30111.0
1052,8204.0,-12404.0,4512.0,-2672.0,11529.0,-1324.0,-887.0,30117.0
1053,9652.0,-13360.0,-2320.0,-2704.0,10414.0,-5882.0,-2126.0,30124.0
1054,9812.0,-14196.0,-1928.0,-2736.0,10739.0,-10618.0,-3454.0,30130.0
1055,10012.0,-14652.0,-88.0,-2720.0,10734.0,-9778.0,-736.0,30136.0
1056,11552.0,-14620.0,-256.0,-2688.0,10297.0,-5920.0,939.0,30142.0
1057,10092.0,-16320.0,-836.0,-2704.0,10052.0,-2060.0,1823.0,30148.0
1058,5964.0,-19340.0,88.0,-2736.0,10627.0,625.0,2409.0,30154.0
1059,2504.0,-19896.0,104.0,-2720.0,10969.0,1364.0,2176.0,30159.0
1060,964.0,-18712.0,36.0,-2672.0,10628.0,787.0,1503.0,30166.0
1061,1720.0,-17800.0,200.0,-2736.0,9932.0,183.0,1525.0,30172.0
1062,3300.0,-17664.0,432.0,-2688.0,9302.0,566.0,1860.0,30178.0
1063,3684.0,-16952.0,1216.0,-2720.0,8697.0,2192.0,1903.0,30184.0
1064,2396.0,-15296.0,1252.0,-2704.0,7907.0,4226.0,1495.0,30190.0
1065,244.0,-13740.0,176.0,-2688.0,6903.0,5041.0,643.0,30196.0
1066,-680.0,-13752.0,-688.0,-2704.0,6197.0,4280.0,-165.0,30201.0
1067,-1020.0,-15084.0,-840.0,-2736.0,5870.0,3214.0,-958.0,30208.0
1068,-868.0,-16828.0,-1012.0,-2704.0,5955.0,2314.0,-1764.0,30214.0
1069,-316.0,-17648.0,-1156.0,-2704.0,6069.0,1132.0,-2340.0,30220.0
1070,1728.0,-17284.0,-1192.0,-2688.0,6158.0,-299.0,-2497.0,30226.0
1071,4024.0,-17208.0,-940.0,-2736.0,6292.0,-1261.0,-2302.0,30232.0
1072,5776.0,-17244.0,-1500.0,-2720.0,6542.0,-1245.0,-2053.0,30238.0
1073,7640.0,-16840.0,-1744.0,-2720.0,6911.0,-754.0,-1807.0,30243.0
1074,9400.0,-16312.0,-1976.0,-2704.0,7388.0,99.0,-1455.0,30249.0
1075,10796.0,-15012.0,-2208.0,-2736.0,7502.0,1216.0,-754.0,30256.0
1076,11060.0,-13932.0,-1644.0,-2720.0,7250.0,2725.0,131.0,30262.0
1077,9644.0,-13356.0,-856.0,-2720.0,6770.0,4439.0,879.0,30268.0
1078,7504.0,-13720.0,-244.0,-2720.0,6258.0,5946.0,1361.0,30274.0
1079,5432.0,-14852.0,-956.0,-2736.0,6036.0,6711.0,1451.0,30280.0
1080,3996.0,-15424.0,-1156.0,-2704.0,6015.0,6680.0,1331.0,30286.0
1081,3376.0,-16064.0,-1268.0,-2720.0,6105.0,6157.0,1233.0,30291.0
1082,3252.0,-16656.0,-1192.0,-2704.0,6287.0,5465.0,1094.0,30298.0
1083,3108.0,-16644.0,-1048.0,-2704.0,6471.0,4803.0,1056.0,30304.0
1084,2728.0,-16236.0,-904.0,-2720.0,6594.0,4197.0,853.0,30310.0
1085,2568.0,-16160.0,-888.0,-2720.0,6697.0,3691.0,585.0,30316.0
1086,2764.0,-15824.0,-820.0,-2720.0,6709.0,3217.0,358.0,30322.0
1087,3664.0,-15500.0,-864.0,-2720.0,6645.0,2837.0,276.0,30328.0
1088,4468.0,-15588.0,-740.0,-2736.0,6578.0,2694.0,352.0,30333.0
1089,5264.0,-15436.0,-688.0,-2704.0,6472.0,2818.0,475.0,30340.0
1090,5500.0,-15680.0,-820.0,-2704.0,6419.0,3104.0,684.0,30346.0
1091,5328.0,-15644.0,-640.0,-2704.0,6366.0,3332.0,813.0,30352.0
1092,5064.0,-15584.0,-72.0,-2720.0,6276.0,3431.0,969.0,30358.0
1093,4660.0,-15792.0,96.0,-2720.0,6220.0,3407.0,1081.0,30363.0
1094,4384.0,-15892.0,28.0,-2736.0,6155.0,3245.0,1127.0,30369.0
1095,4148.0,-15924.0,-144.0,-2704.0,6099.0,3025.0,1121.0,30375.0
1096,3840.0,-15812.0,552.0,-2736.0,6058.0,2792.0,1076.0,30382.0
1097,3528.0,-15868.0,536.0,-2704.0,5932.0,2517.0,1054.0,30388.0
1098,3312.0,-15952.0,616.0,-2704.0,5911.0,2217.0,1042.0,30393.0
1099,3148.0,-16212.0,812.0,-2704.0,5887.0,1929.0,998.0,30399.0
1100,3344.0,-16308.0,944.0,-2736.0,5836.0,1628.0,893.0,30405.0
1101,3728.0,-16176.0,1092.0,-2688.0,5816.0,1453.0,842.0,30411.0
1102,3880.0,-16300.0,1188.0,-2752.0,5838.0,1426.0,819.0,30417.0
1103,4124.0,-16620.0,1308.0,-2720.0,5853.0,1556.0,830.0,30423.0
1104,4232.0,-16704.0,972.0,-2720.0,5923.0,1731.0,901.0,30429.0
1105,4392.0,-16724.0,788.0,-2752.0,6052.0,1713.0,923.0,30435.0
1106,4820.0,-16632.0,668.0,-2688.0,6174.0,1714.0,979.0,30441.0
1107,5224.0,-16516.0,504.0,-2736.0,6300.0,1766.0,1048.0,30447.0
1108,4860.0,-16432.0,712.0,-2736.0,6423.0,2012.0,1124.0,30452.0
1109,4520.0,-16548.0,1080.0,-2736.0,6597.0,2185.0,1242.0,30458.0
1110,4224.0,-16240.0,1356.0,-2720.0,6733.0,2364.0,1262.0,30465.0
1111,4260.0,-16188.0,1420.0,-2752.0,6849.0,2401.0,1267.0,30471.0
1112,4500.0,-16296.0,1364.0,-2720.0,7023.0,2338.0,1300.0,30477.0
1113,4808.0,-16568.0,1368.0,-2736.0,7183.0,2378.0,1269.0,30483.0
1114,4940.0,-16724.0,1296.0,-2704.0,7358.0,2465.0,1318.0,30489.0
1115,4904.0,-16996.0,1552.0,-2720.0,7524.0,2563.0,1484.0,30495.0
1116,4900.0,-17072.0,2024.0,-2720.0,7691.0,2720.0,1531.0,30500.0
1117,4708.0,-17208.0,1944.0,-2720.0,7792.0,2884.0,1621.0,30507.0
1118,4640.0,-17420.0,1956.0,-2736.0,7964.0,3077.0,1663.0,30513.0
1119,4660.0,-17256.0,2164.0,-2736.0,8059.0,3337.0,1687.0,30519.0
1120,4736.0,-17340.0,2000.0,-2704.0,8205.0,3576.0,1767.0,30525.0
1121,5888.0,-18368.0,2436.0,-2720.0,8273.0,3923.0,1681.0,30531.0
1122,10292.0,-15548.0,760.0,-2704.0,8457.0,4149.0,469.0,30537.0
1123,7068.0,-17056.0,1272.0,-2736.0,8618.0,4438.0,2005.0,30542.0
1124,6244.0,-17704.0,2436.0,-2736.0,8765.0,5708.0,2254.0,30548.0
1125,2788.0,-18668.0,2780.0,-2736.0,8890.0,6258.0,2862.0,30555.0
1126,4680.0,-17156.0,2976.0,-2688.0,9157.0,6295.0,2971.0,30561.0
1127,1208.0,-18224.0,3136.0,-2720.0,9331.0,6232.0,3033.0,30567.0
1128,1904.0,-18960.0,2896.0,-2672.0,9729.0,5277.0,3642.0,30573.0
1129,1472.0,-19164.0,3228.0,-2704.0,10038.0,4857.0,4000.0,30579.0
1130,1112.0,-19528.0,3244.0,-2688.0,10343.0,4492.0,4125.0,30585.0
1131,748.0,-19780.0,3232.0,-2704.0,10687.0,3931.0,4224.0,30592.0
1132,360.0,-20256.0,3440.0,-2704.0,11028.0,3251.0,4506.0,30597.0
1133,764.0,-20636.0,3416.0,-2688.0,11429.0,2731.0,4746.0,30603.0
1134,1584.0,-20680.0,3488.0,-2736.0,11825.0,2584.0,5061.0,30609.0
1135,1944.0,-20988.0,3220.0,-2768.0,12212.0,2565.0,5210.0,30615.0
1136,2712.0,-21024.0,3228.0,-2688.0,12587.0,2497.0,5527.0,30621.0
1137,4284.0,-21364.0,3308.0,-2704.0,13009.0,2698.0,5880.0,30627.0
1138,5336.0,-21280.0,3116.0,-2720.0,13438.0,3163.0,6134.0,30633.0
1139,6192.0,-21548.0,3008.0,-2736.0,13723.0,3722.0,6303.0,30640.0
1140,6776.0,-21836.0,2848.0,-2688.0,14144.0,4359.0,6418.0,30646.0
1141,6380.0,-22428.0,3060.0,-2704.0,14529.0,5135.0,6784.0,30652.0
1142,4020.0,-22660.0,4160.0,-2720.0,14770.0,5891.0,7700.0,30658.0
1143,2824.0,-25268.0,4932.0,-2768.0,14919.0,5474.0,8489.0,30664.0
1144,3800.0,-27360.0,6416.0,-2736.0,15434.0,4683.0,8982.0,30670.0
1145,5348.0,-26472.0,4716.0,-2736.0,15952.0,4726.0,9140.0,30675.0
1146,6908.0,-26080.0,3508.0,-2704.0,16488.0,5293.0,8905.0,30682.0
1147,7680.0,-26492.0,3004.0,-2720.0,16967.0,6347.0,9063.0,30688.0
1148,7728.0,-27296.0,1736.0,-2736.0,17293.0,8094.0,9298.0,30694.0
1149,7504.0,-27888.0,-324.0,-2720.0,17571.0,9771.0,9429.0,30700.0
1150,7100.0,-27920.0,-2260.0,-2704.0,17675.0,11166.0,9566.0,30706.0
1151,6892.0,-28312.0,-4148.0,-2720.0,17573.0,12287.0,9651.0,30712.0
1152,7400.0,-28708.0,-6132.0,-2736.0,17319.0,13113.0,9490.0,30718.0
1153,8180.0,-28860.0,-7640.0,-2704.0,16966.0,13766.0,9024.0,30725.0
1154,8004.0,-29416.0,-8768.0,-2688.0,16502.0,15156.0,8773.0,30731.0
1155,7796.0,-30312.0,-10348.0,-2720.0,16123.0,17296.0,8980.0,30737.0
1156,7132.0,-29720.0,-12364.0,-2720.0,15631.0,19524.0,9450.0,30743.0
1157,5108.0,-28056.0,-13028.0,-2736.0,15037.0,20655.0,9994.0,30749.0
1158,1764.0,-24816.0,-12940.0,-2688.0,14392.0,19904.0,10421.0,30755.0
1159,-820.0,-21644.0,-10072.0,-2688.0,13855.0,17033.0,10646.0,30761.0
1160,-2868.0,-19400.0,-3184.0,-2720.0,13988.0,12596.0,10685.0,30768.0
1161,-4432.0,-19240.0,6388.0,-2688.0,14640.0,7352.0,10796.0,30774.0
1162,-4948.0,-19720.0,9856.0,-2752.0,15084.0,2016.0,10404.0,30781.0
1163,-4836.0,-20004.0,7320.0,-2704.0,14575.0,-3183.0,9082.0,30787.0
1164,-3188.0,-19828.0,4612.0,-2736.0,13576.0,-7588.0,7605.0,30793.0
1165,-204.0,-19852.0,3556.0,-2720.0,13013.0,-11119.0,6244.0,30799.0
1166,2768.0,-20488.0,3420.0,-2704.0,13287.0,-13206.0,5440.0,30804.0
1167,4708.0,-20832.0,3020.0,-2736.0,14001.0,-13519.0,5345.0,30811.0
1168,7384.0,-19492.0,2160.0,-2720.0,14870.0,-11701.0,5439.0,30818.0
1169,9908.0,-15912.0,724.0,-2720.0,15265.0,-7424.0,5186.0,30824.0
1170,13532.0,-9220.0,-3984.0,-2688.0,13224.0,-2091.0,4442.0,30829.0
1171,16328.0,-6100.0,-6032.0,-2704.0,10205.0,3677.0,3114.0,30835.0
1172,15648.0,-6204.0,-6920.0,-2704.0,7730.0,8895.0,2447.0,30841.0
1173,13396.0,-6112.0,-9020.0,-2704.0,5903.0,12543.0,2437.0,30848.0
1174,9860.0,-4508.0,-11100.0,-2720.0,3922.0,14665.0,2545.0,30854.0
1175,6640.0,-3684.0,-10584.0,-2736.0,2104.0,15485.0,2726.0,30860.0
1176,4208.0,-4080.0,-8532.0,-2752.0,818.0,15687.0,3025.0,30866.0
1177,2044.0,-4812.0,-6792.0,-2752.0,-3.0,15790.0,3014.0,30872.0
1178,444.0,-4700.0,-5864.0,-2688.0,-945.0,16001.0,2760.0,30878.0
1179,-440.0,-4232.0,-5304.0,-2720.0,-2243.0,16214.0,2326.0,30883.0
1180,-940.0,-3812.0,-5132.0,-2720.0,-3819.0,16116.0,1652.0,30889.0
1181,-1188.0,-3412.0,-4828.0,-2720.0,-5318.0,15276.0,646.0,30896.0
1182,-1508.0,-3248.0,-4828.0,-2736.0,-6762.0,13643.0,-444.0,30902.0
1183,-1936.0,-3036.0,-4716.0,-2704.0,-8138.0,11609.0,-1444.0,30908.0
1184,-2544.0,-3216.0,-3924.0,-2688.0,-9396.0,9298.0,-2251.0,30914.0
1185,-3172.0,-3692.0,-3364.0,-2704.0,-10638.0,7276.0,-2874.0,30920.0
1186,-3696.0,-4204.0,-2500.0,-2720.0,-11821.0,5477.0,-3457.0,30926.0
1187,-3500.0,-4528.0,-2392.0,-2704.0,-13134.0,4012.0,-4192.0,30932.0
1188,-3236.0,-4704.0,-3000.0,-2736.0,-14588.0,2718.0,-5112.0,30939.0
1189,-2512.0,-5192.0,-3340.0,-2704.0,-16135.0,1448.0,-6087.0,30945.0
1190,-2056.0,-5676.0,-3480.0,-2720.0,-17459.0,141.0,-6952.0,30950.0
1191,-1572.0,-6056.0,-2868.0,-2720.0,-18586.0,-1252.0,-7648.0,30956.0
1192,-1296.0,-6412.0,-2920.0,-2704.0,-19695.0,-2635.0,-8348.0,30962.0
1193,-1104.0,-6816.0,-2700.0,-2720.0,-20856.0,-3947.0,-9005.0,30968.0
1194,-952.0,-7388.0,-2720.0,-2672.0,-22026.0,-5107.0,-9564.0,30974.0
1195,-448.0,-8156.0,-2608.0,-2720.0,-23195.0,-6089.0,-10025.0,30981.0
1196,388.0,-9032.0,-2416.0,-2704.0,-24280.0,-6803.0,-10533.0,30987.0
1197,1132.0,-10080.0,-1876.0,-2704.0,-25231.0,-7172.0,-10959.0,30993.0
1198,2344.0,-11280.0,-676.0,-2720.0,-26098.0,-7195.0,-11293.0,30999.0
1199,3340.0,-12284.0,-252.0,-2704.0,-26928.0,-6720.0,-11538.0,31005.0
1200,4100.0,-12948.0,108.0,-2720.0,-27795.0,-5631.0,-11779.0,31011.0
1201,4876.0,-13776.0,580.0,-2736.0,-28543.0,-4328.0,-11911.0,31017.0
1202,4984.0,-14548.0,852.0,-2736.0,-29158.0,-2957.0,-12157.0,31024.0
1203,4472.0,-15660.0,1396.0,-2688.0,-29621.0,-1828.0,-12112.0,31030.0
1204,3908.0,-16336.0,1656.0,-2720.0,-30068.0,-859.0,-12088.0,31036.0
1205,3376.0,-16996.0,1812.0,-2736.0,-30467.0,-125.0,-12244.0,31042.0
1206,2900.0,-17820.0,2172.0,-2720.0,-30839.0,517.0,-12361.0,31048.0
1207,2724.0,-18420.0,2240.0,-2720.0,-31217.0,1052.0,-12586.0,31054.0
1208,2656.0,-19448.0,2304.0,-2736.0,-31549.0,1416.0,-12809.0,31060.0
1209,2568.0,-20292.0,2356.0,-2704.0,-31822.0,1663.0,-13273.0,31067.0
1210,2476.0,-21000.0,2464.0,-2736.0,-32119.0,1819.0,-13734.0,31073.0
1211,2516.0,-21716.0,2352.0,-2720.0,-32403.0,1854.0,-14252.0,31079.0
1212,2268.0,-22504.0,2528.0,-2688.0,-32713.0,1837.0,-14869.0,31085.0
1213,1660.0,-23112.0,2464.0,-2736.0,-32768.0,1604.0,-15445.0,31091.0
1214,768.0,-24248.0,2444.0,-2672.0,-32768.0,951.0,-16064.0,31097.0
1215,-232.0,-25392.0,3360.0,-2688.0,-32768.0,-2.0,-16692.0,31104.0
1216,-1332.0,-26380.0,4348.0,-2720.0,-32768.0,-1168.0,-17229.0,31110.0
1217,-2588.0,-27100.0,5084.0,-2704.0,-32768.0,-2701.0,-17767.0,31116.0
1218,-3668.0,-27748.0,5884.0,-2688.0,-32768.0,-4471.0,-18299.0,31122.0
1219,-4160.0,-28100.0,6412.0,-2752.0,-32664.0,-6542.0,-18848.0,31128.0
1220,-4000.0,-28784.0,6724.0,-2704.0,-32401.0,-8649.0,-19337.0,31135.0
1221,-3116.0,-29644.0,7036.0,-2720.0,-32005.0,-10549.0,-19592.0,31141.0
1222,-1872.0,-29932.0,7504.0,-2720.0,-31468.0,-12048.0,-19617.0,31148.0
1223,0.0,-30028.0,8096.0,-2720.0,-30918.0,-12329.0,-19211.0,31155.0
1224,1972.0,-29424.0,8280.0,-2704.0,-30466.0,-11694.0,-18359.0,31160.0
1225,3596.0,-29176.0,8420.0,-2704.0,-29948.0,-9797.0,-17015.0,31167.0
1226,4260.0,-29524.0,9960.0,-2704.0,-29023.0,-7666.0,-15763.0,31173.0
1227,3936.0,-29604.0,11680.0,-2688.0,-27770.0,-5727.0,-14674.0,31179.0
1228,3852.0,-29560.0,13248.0,-2704.0,-26356.0,-4536.0,-13635.0,31185.0
1229,4216.0,-30032.0,15352.0,-2704.0,-24587.0,-3638.0,-12462.0,31192.0
1230,4612.0,-30232.0,17172.0,-2720.0,-22617.0,-2241.0,-11018.0,31199.0
1231,4888.0,-29724.0,19292.0,-2704.0,-20630.0,-48.0,-9953.0,31205.0
1232,2896.0,-28864.0,18848.0,-2736.0,-18571.0,2632.0,-8574.0,31211.0
1233,284.0,-29244.0,21912.0,-2768.0,-16854.0,5199.0,-8853.0,31217.0
1234,7180.0,-27604.0,23160.0,-2720.0,-14651.0,9387.0,-4259.0,31223.0
