id,AcX,AcY,AcZ,Tmp,GyX,GyY,GyZ,Timer
0,3712.0,-17744.0,1276.0,-2976.0,11640.0,-11293.0,-1018.0,76550.0
1,4508.0,-11988.0,-4568.0,-2928.0,10155.0,-6608.0,-1897.0,76556.0
2,3108.0,-10856.0,-7420.0,-2928.0,8722.0,-3823.0,-2820.0,76562.0
3,3232.0,-13300.0,-6716.0,-2912.0,8061.0,-3237.0,-3236.0,76568.0
4,5228.0,-15944.0,-4160.0,-2928.0,7929.0,-2622.0,-2039.0,76574.0
5,7972.0,-17992.0,-3124.0,-2928.0,8578.0,-1114.0,-1495.0,76580.0
6,9028.0,-17096.0,-2880.0,-2944.0,9038.0,1240.0,-774.0,76587.0
7,10008.0,-15892.0,-3856.0,-2928.0,9033.0,4521.0,-183.0,76592.0
8,10056.0,-14352.0,-5004.0,-2944.0,8456.0,7673.0,-279.0,76598.0
9,9564.0,-13976.0,-4252.0,-2960.0,7834.0,9518.0,-678.0,76604.0
10,8772.0,-14004.0,-1256.0,-2960.0,7429.0,9863.0,-927.0,76610.0
11,6408.0,-17088.0,2004.0,-2928.0,7723.0,9309.0,-1460.0,76616.0
12,2304.0,-18880.0,4128.0,-2912.0,8138.0,8115.0,-1335.0,76622.0
13,-556.0,-19372.0,2856.0,-2928.0,8314.0,6301.0,-1046.0,76628.0
14,-1240.0,-18644.0,-428.0,-2912.0,8281.0,3977.0,-960.0,76635.0
15,-84.0,-18088.0,-2260.0,-2944.0,8342.0,1703.0,-1015.0,76641.0
16,1504.0,-17728.0,-2312.0,-2944.0,8595.0,159.0,-1217.0,76646.0
17,1988.0,-17008.0,-1588.0,-2912.0,8718.0,-850.0,-1518.0,76652.0
18,2260.0,-15860.0,-1864.0,-2928.0,8532.0,-1847.0,-1776.0,76658.0
19,3180.0,-14948.0,-2264.0,-2928.0,8278.0,-2716.0,-1898.0,76664.0
20,4740.0,-15140.0,-2944.0,-2960.0,8111.0,-3071.0,-1690.0,76670.0
21,6716.0,-15684.0,-2792.0,-2944.0,8145.0,-2464.0,-1418.0,76677.0
22,6972.0,-16332.0,-2480.0,-2896.0,8287.0,-1151.0,-998.0,76683.0
23,6464.0,-16460.0,-2488.0,-2928.0,8353.0,308.0,-561.0,76689.0
24,5584.0,-16296.0,-2248.0,-2928.0,8221.0,1307.0,-292.0,76695.0
25,4508.0,-16044.0,-1768.0,-2944.0,8048.0,1737.0,-235.0,76701.0
26,3668.0,-15588.0,-1540.0,-2944.0,7839.0,1707.0,-335.0,76707.0
27,3312.0,-15168.0,-1804.0,-2928.0,7572.0,1353.0,-418.0,76712.0
28,3496.0,-14964.0,-1712.0,-2960.0,7382.0,857.0,-514.0,76719.0
29,4188.0,-15148.0,-1752.0,-2960.0,7186.0,462.0,-490.0,76725.0
30,4740.0,-15412.0,-1632.0,-2992.0,7044.0,256.0,-403.0,76731.0
31,5224.0,-15560.0,-1588.0,-2912.0,6884.0,343.0,-263.0,76737.0
32,5348.0,-15752.0,-1484.0,-2944.0,6774.0,565.0,-159.0,76743.0
33,5156.0,-15940.0,-1440.0,-2944.0,6710.0,907.0,-10.0,76748.0
34,4984.0,-16244.0,-916.0,-2960.0,6772.0,1298.0,55.0,76754.0
35,4500.0,-17160.0,-668.0,-2928.0,7061.0,1934.0,131.0,76761.0
36,4436.0,-17068.0,-1660.0,-2960.0,7410.0,2406.0,86.0,76767.0
37,4792.0,-16208.0,-1600.0,-2896.0,7552.0,2367.0,130.0,76773.0
38,5116.0,-15432.0,-1332.0,-2928.0,7462.0,2309.0,160.0,76779.0
39,4584.0,-15452.0,-608.0,-2928.0,7300.0,2499.0,169.0,76784.0
40,3988.0,-15880.0,-548.0,-2896.0,7308.0,2665.0,130.0,76790.0
41,3748.0,-16108.0,-720.0,-2928.0,7401.0,2541.0,106.0,76796.0
42,4352.0,-16036.0,-1340.0,-2928.0,7576.0,2195.0,39.0,76803.0
43,5336.0,-15720.0,-1044.0,-2944.0,7687.0,1921.0,58.0,76809.0
44,6284.0,-15760.0,-800.0,-2944.0,7778.0,2047.0,193.0,76814.0
45,6876.0,-16072.0,-156.0,-2944.0,7867.0,2925.0,463.0,76820.0
46,6520.0,-16620.0,-456.0,-2928.0,8059.0,4139.0,833.0,76826.0
47,5740.0,-15988.0,-816.0,-2928.0,8161.0,5093.0,918.0,76832.0
48,5284.0,-15276.0,-796.0,-2928.0,8111.0,5343.0,943.0,76837.0
49,4916.0,-14856.0,-192.0,-2976.0,7924.0,5379.0,950.0,76844.0
50,4296.0,-14900.0,-40.0,-2944.0,7613.0,5405.0,944.0,76850.0
51,3568.0,-15496.0,196.0,-2928.0,7381.0,5212.0,1050.0,76856.0
52,3464.0,-15452.0,356.0,-2928.0,7165.0,4633.0,1064.0,76862.0
53,3432.0,-15572.0,180.0,-2944.0,6964.0,3956.0,1021.0,76867.0
54,3484.0,-15804.0,224.0,-2912.0,6786.0,3419.0,966.0,76873.0
55,3616.0,-15752.0,512.0,-2928.0,6577.0,3108.0,963.0,76879.0
56,4132.0,-16056.0,844.0,-2928.0,6414.0,3078.0,1012.0,76886.0
57,4300.0,-16076.0,788.0,-2960.0,6284.0,3216.0,1013.0,76892.0
58,4560.0,-16300.0,776.0,-2928.0,6224.0,3284.0,966.0,76898.0
59,4524.0,-16380.0,688.0,-2928.0,6172.0,3332.0,934.0,76903.0
60,4432.0,-16228.0,704.0,-2944.0,6106.0,3420.0,973.0,76909.0
61,4440.0,-16204.0,800.0,-2912.0,6050.0,3482.0,975.0,76915.0
62,4472.0,-16252.0,772.0,-2960.0,6057.0,3461.0,1057.0,76921.0
63,4684.0,-16040.0,872.0,-2928.0,6035.0,3426.0,1142.0,76926.0
64,4816.0,-15936.0,908.0,-2928.0,6025.0,3495.0,1207.0,76933.0
65,4860.0,-16232.0,976.0,-2928.0,6087.0,3563.0,1236.0,76939.0
66,4612.0,-16280.0,1124.0,-2944.0,6095.0,3561.0,1291.0,76945.0
67,4536.0,-16456.0,1088.0,-2976.0,6160.0,3605.0,1328.0,76951.0
68,4484.0,-16624.0,908.0,-2928.0,6253.0,3538.0,1371.0,76957.0
69,4696.0,-16576.0,1364.0,-2928.0,6305.0,3597.0,1351.0,76963.0
70,4492.0,-16824.0,1312.0,-2960.0,6393.0,3755.0,1406.0,76968.0
71,4288.0,-16944.0,1428.0,-2944.0,6491.0,3938.0,1482.0,76975.0
72,4148.0,-16876.0,1664.0,-2944.0,6580.0,3993.0,1482.0,76981.0
73,4264.0,-16856.0,1480.0,-2928.0,6716.0,4015.0,1314.0,76987.0
74,5160.0,-17108.0,1620.0,-2928.0,6911.0,4034.0,1088.0,76993.0
75,5600.0,-18016.0,1916.0,-2944.0,7004.0,4273.0,866.0,76999.0
76,10104.0,-14648.0,144.0,-2944.0,7114.0,4540.0,-595.0,77005.0
77,5264.0,-16448.0,408.0,-2912.0,7235.0,5084.0,1294.0,77010.0
78,4460.0,-16980.0,2428.0,-2944.0,7406.0,6264.0,874.0,77017.0
79,2352.0,-17188.0,2920.0,-2912.0,7591.0,6179.0,907.0,77023.0
80,1976.0,-17484.0,3064.0,-2944.0,7791.0,5881.0,1118.0,77029.0
81,2596.0,-17740.0,2868.0,-2928.0,8013.0,5624.0,1046.0,77035.0
82,2976.0,-17748.0,2244.0,-2960.0,8243.0,5379.0,1125.0,77041.0
83,3416.0,-18052.0,2636.0,-2944.0,8505.0,5195.0,1299.0,77047.0
84,3744.0,-18284.0,2356.0,-2944.0,8813.0,5088.0,1390.0,77053.0
85,3496.0,-18032.0,2292.0,-2928.0,9145.0,4948.0,1562.0,77059.0
86,2852.0,-18436.0,2400.0,-2960.0,9502.0,4743.0,1766.0,77065.0
87,2104.0,-18648.0,2688.0,-2960.0,9826.0,4383.0,2077.0,77071.0
88,1328.0,-19536.0,3244.0,-2944.0,10170.0,4069.0,2522.0,77077.0
89,1348.0,-20000.0,3024.0,-2896.0,10567.0,3616.0,2745.0,77083.0
90,1520.0,-20164.0,3172.0,-2912.0,10981.0,3059.0,3087.0,77089.0
91,2004.0,-20484.0,3404.0,-2960.0,11310.0,2817.0,3360.0,77095.0
92,2152.0,-20992.0,3268.0,-2928.0,11727.0,2739.0,3586.0,77102.0
93,2128.0,-21468.0,3244.0,-2944.0,12141.0,2681.0,3899.0,77108.0
94,2076.0,-21936.0,3208.0,-2960.0,12562.0,2701.0,4214.0,77114.0
95,2180.0,-22392.0,3228.0,-2944.0,13031.0,2626.0,4466.0,77120.0
96,2304.0,-22832.0,3104.0,-2896.0,13569.0,2605.0,4776.0,77126.0
97,2852.0,-23204.0,2968.0,-2912.0,14039.0,2645.0,5007.0,77132.0
98,3136.0,-23628.0,3008.0,-2928.0,14534.0,2754.0,5264.0,77137.0
99,3556.0,-24004.0,2604.0,-2912.0,15114.0,2963.0,5607.0,77144.0
100,4024.0,-24212.0,2160.0,-2960.0,15716.0,3236.0,5941.0,77150.0
101,4516.0,-24740.0,2024.0,-2944.0,16379.0,3608.0,6224.0,77156.0
102,4988.0,-24960.0,1864.0,-2960.0,16981.0,3961.0,6608.0,77162.0
103,5476.0,-25676.0,1412.0,-2944.0,17636.0,4450.0,6939.0,77168.0
104,5812.0,-26296.0,960.0,-2912.0,18284.0,4972.0,7303.0,77174.0
105,5236.0,-26992.0,1220.0,-2928.0,18847.0,5651.0,7932.0,77180.0
106,4084.0,-28768.0,2128.0,-2928.0,19240.0,5831.0,8817.0,77187.0
107,4432.0,-31404.0,2096.0,-2928.0,19697.0,5382.0,9642.0,77193.0
108,6716.0,-31504.0,472.0,-2976.0,20136.0,5339.0,9970.0,77199.0
109,9340.0,-30476.0,-1276.0,-2944.0,20620.0,5541.0,9728.0,77205.0
110,11864.0,-30128.0,-2584.0,-2928.0,20919.0,6536.0,9401.0,77211.0
111,13728.0,-31020.0,-5504.0,-2960.0,20955.0,8268.0,8938.0,77217.0
112,15908.0,-31836.0,-8016.0,-2912.0,20791.0,10521.0,8461.0,77223.0
113,16988.0,-31848.0,-10960.0,-2944.0,20236.0,13241.0,7923.0,77230.0
114,15416.0,-31928.0,-13632.0,-2976.0,19516.0,15919.0,7612.0,77236.0
115,12916.0,-31320.0,-17824.0,-2960.0,18784.0,18120.0,8013.0,77242.0
116,11864.0,-28212.0,-20988.0,-2928.0,17618.0,19941.0,8685.0,77248.0
117,10960.0,-24212.0,-21348.0,-2928.0,16249.0,22039.0,9432.0,77254.0
118,8224.0,-21880.0,-17992.0,-2944.0,15022.0,23169.0,9973.0,77260.0
119,2572.0,-20548.0,-9868.0,-2912.0,14328.0,22689.0,10509.0,77266.0
120,-3096.0,-20788.0,4872.0,-2928.0,14921.0,19556.0,11166.0,77273.0
121,-7760.0,-20352.0,14884.0,-2912.0,15335.0,14940.0,11560.0,77279.0
122,-9204.0,-19804.0,12304.0,-2912.0,14464.0,8021.0,10322.0,77286.0
123,-7100.0,-20452.0,6292.0,-2944.0,12748.0,73.0,8019.0,77292.0
124,-2324.0,-20388.0,2028.0,-2928.0,11356.0,-6132.0,5659.0,77297.0
125,1328.0,-21324.0,1140.0,-2944.0,11211.0,-10132.0,3759.0,77303.0
126,2384.0,-22212.0,2060.0,-2960.0,12266.0,-12174.0,3316.0,77309.0
127,3400.0,-20816.0,2576.0,-2928.0,13558.0,-10529.0,4109.0,77316.0
128,4016.0,-17856.0,2724.0,-2944.0,14296.0,-7739.0,4912.0,77322.0
129,5732.0,-13508.0,2876.0,-2928.0,13839.0,-5038.0,5014.0,77328.0
130,6512.0,-9448.0,1664.0,-2944.0,12425.0,-3036.0,4307.0,77334.0
131,8168.0,-6632.0,764.0,-2928.0,10219.0,-1353.0,3429.0,77340.0
132,10648.0,-6164.0,-748.0,-2960.0,7970.0,1061.0,2293.0,77346.0
133,10996.0,-7060.0,-2520.0,-2928.0,6226.0,4098.0,1237.0,77352.0
134,8648.0,-7216.0,-5052.0,-2928.0,4826.0,6069.0,1131.0,77359.0
135,5924.0,-5612.0,-7040.0,-2912.0,3332.0,6688.0,1794.0,77365.0
136,4520.0,-4308.0,-8176.0,-2944.0,1848.0,6721.0,1691.0,77371.0
137,2528.0,-3012.0,-7616.0,-2912.0,329.0,6426.0,1476.0,77376.0
138,1264.0,-1896.0,-6984.0,-2944.0,-1223.0,6009.0,1497.0,77382.0
139,424.0,-1076.0,-6552.0,-2944.0,-2866.0,5632.0,1406.0,77388.0
140,-156.0,-316.0,-6364.0,-2944.0,-4680.0,5321.0,1056.0,77394.0
141,-780.0,-344.0,-6260.0,-2928.0,-6520.0,4685.0,488.0,77401.0
142,-1048.0,-444.0,-5528.0,-2928.0,-8271.0,3602.0,-281.0,77406.0
143,-1392.0,-832.0,-5276.0,-2944.0,-9838.0,2072.0,-1084.0,77412.0
144,-1300.0,-1312.0,-4564.0,-2944.0,-11324.0,209.0,-1855.0,77418.0
145,-1156.0,-1804.0,-3600.0,-2928.0,-12748.0,-1738.0,-2459.0,77424.0
146,-764.0,-1976.0,-3320.0,-2928.0,-14133.0,-3277.0,-3007.0,77430.0
147,20.0,-1884.0,-3904.0,-2928.0,-15772.0,-4542.0,-3615.0,77436.0
148,992.0,-1920.0,-4344.0,-2960.0,-17417.0,-5252.0,-4173.0,77443.0
149,1592.0,-2376.0,-4988.0,-2928.0,-18991.0,-5565.0,-4656.0,77448.0
150,1868.0,-2744.0,-5668.0,-2944.0,-20635.0,-5758.0,-5163.0,77454.0
151,1724.0,-3676.0,-5672.0,-2928.0,-22144.0,-6191.0,-5727.0,77460.0
152,1056.0,-4712.0,-5844.0,-2944.0,-23393.0,-6849.0,-6152.0,77466.0
153,892.0,-5808.0,-5580.0,-2928.0,-24576.0,-7847.0,-6398.0,77472.0
154,836.0,-6608.0,-5152.0,-2912.0,-25718.0,-8777.0,-6656.0,77478.0
155,968.0,-7444.0,-4208.0,-2912.0,-26779.0,-9465.0,-6867.0,77485.0
156,1684.0,-8000.0,-3948.0,-2960.0,-27952.0,-9936.0,-7193.0,77491.0
157,2588.0,-8452.0,-4088.0,-2928.0,-29262.0,-10114.0,-7611.0,77497.0
158,3768.0,-9452.0,-4256.0,-2960.0,-30616.0,-10075.0,-8028.0,77503.0
159,4712.0,-10676.0,-4124.0,-2944.0,-31810.0,-9625.0,-8328.0,77509.0
160,5300.0,-12100.0,-4004.0,-2944.0,-32768.0,-8816.0,-8579.0,77515.0
161,5572.0,-13412.0,-3332.0,-2960.0,-32768.0,-7705.0,-8645.0,77521.0
162,5612.0,-14836.0,-2368.0,-2928.0,-32768.0,-6574.0,-8641.0,77528.0
163,5076.0,-16368.0,-1248.0,-2976.0,-32768.0,-5359.0,-8646.0,77534.0
164,4496.0,-17208.0,-520.0,-2960.0,-32768.0,-4364.0,-8620.0,77540.0
165,3968.0,-17940.0,-224.0,-2912.0,-32768.0,-3646.0,-8683.0,77546.0
166,3580.0,-18956.0,44.0,-2928.0,-32768.0,-3134.0,-8841.0,77552.0
167,3368.0,-20020.0,-8.0,-2944.0,-32768.0,-2583.0,-8968.0,77558.0
168,3288.0,-21500.0,-60.0,-2944.0,-32768.0,-1970.0,-9032.0,77564.0
169,3512.0,-22616.0,52.0,-2928.0,-32768.0,-1261.0,-9048.0,77570.0
170,3756.0,-23852.0,180.0,-2960.0,-32768.0,-572.0,-9148.0,77576.0
171,3840.0,-25068.0,692.0,-2944.0,-32768.0,36.0,-9272.0,77582.0
172,3356.0,-26152.0,1096.0,-2976.0,-32768.0,445.0,-9471.0,77588.0
173,2548.0,-26944.0,1944.0,-2944.0,-32768.0,671.0,-9739.0,77594.0
174,1592.0,-27652.0,2208.0,-2928.0,-32768.0,618.0,-10192.0,77600.0
175,876.0,-28524.0,2776.0,-2944.0,-32768.0,209.0,-10720.0,77606.0
176,516.0,-29248.0,2936.0,-2928.0,-32768.0,-614.0,-11390.0,77613.0
177,364.0,-30008.0,3396.0,-2912.0,-32768.0,-1735.0,-12003.0,77619.0
178,300.0,-30848.0,4184.0,-2928.0,-32768.0,-2972.0,-12524.0,77625.0
179,-64.0,-31272.0,5368.0,-2928.0,-32768.0,-4164.0,-12692.0,77631.0
180,-192.0,-31612.0,6400.0,-2944.0,-32768.0,-5028.0,-12975.0,77637.0
181,-136.0,-31948.0,7560.0,-2928.0,-32768.0,-5716.0,-13149.0,77643.0
182,864.0,-32584.0,9228.0,-2944.0,-32768.0,-6193.0,-13052.0,77649.0
183,4464.0,-31512.0,11184.0,-2944.0,-32768.0,-6481.0,-12947.0,77656.0
184,-744.0,-32768.0,11940.0,-2944.0,-32768.0,-7363.0,-10579.0,77662.0
185,8692.0,-32768.0,11796.0,-2928.0,-31908.0,-6210.0,-9350.0,77668.0
186,7404.0,-32768.0,13528.0,-2944.0,-30415.0,-4231.0,-11534.0,77674.0
187,5600.0,-32516.0,15256.0,-2960.0,-28876.0,-2939.0,-11630.0,77680.0
188,6060.0,-32768.0,17328.0,-2944.0,-27013.0,-1880.0,-11468.0,77686.0
189,6716.0,-32484.0,18940.0,-2928.0,-24912.0,-745.0,-11379.0,77693.0
190,6084.0,-32336.0,21072.0,-2912.0,-22476.0,616.0,-11134.0,77700.0
191,3964.0,-31496.0,23492.0,-2928.0,-20054.0,2185.0,-10726.0,77706.0
192,84.0,-30428.0,25068.0,-2944.0,-17501.0,3845.0,-9924.0,77712.0
193,-4272.0,-29204.0,26972.0,-2960.0,-14933.0,5323.0,-8574.0,77718.0
194,-7088.0,-29556.0,31584.0,-2928.0,-11651.0,6585.0,-6740.0,77724.0
195,-13048.0,-26552.0,31748.0,-2944.0,-8587.0,6269.0,-3692.0,77730.0
196,-15116.0,-24968.0,32516.0,-2944.0,-5314.0,4770.0,-2334.0,77736.0
197,-15316.0,-25044.0,31980.0,-2928.0,-1816.0,2736.0,-199.0,77744.0
198,-13532.0,-25472.0,31748.0,-2960.0,1755.0,670.0,911.0,77750.0
199,-12048.0,-25924.0,31036.0,-2928.0,5118.0,-1312.0,1803.0,77756.0
200,-10456.0,-25536.0,29732.0,-2928.0,8361.0,-3275.0,2604.0,77762.0
201,-9504.0,-24388.0,26776.0,-2960.0,10934.0,-4968.0,3263.0,77768.0
202,-8456.0,-24056.0,22584.0,-2960.0,12908.0,-6678.0,3491.0,77774.0
203,-1704.0,-17156.0,15680.0,-2944.0,12878.0,-9233.0,2231.0,77780.0
204,32304.0,-4904.0,-25260.0,-2944.0,4080.0,-12900.0,-6936.0,77787.0
205,32767.0,-30800.0,-32768.0,-2928.0,669.0,-18616.0,-18661.0,77793.0
206,24032.0,-32768.0,-17904.0,-2944.0,11194.0,-18678.0,-3731.0,77799.0
207,-7388.0,-32768.0,2760.0,-2944.0,18996.0,2337.0,14411.0,77805.0
208,-27156.0,-32768.0,16396.0,-2928.0,20313.0,21225.0,17391.0,77811.0
209,-22112.0,-26608.0,22188.0,-2976.0,19762.0,16868.0,7889.0,77818.0
210,-10192.0,-27520.0,13480.0,-2928.0,20143.0,-2372.0,-1129.0,77825.0
211,-852.0,-23232.0,-1144.0,-2976.0,19788.0,-12738.0,-647.0,77831.0
212,11388.0,-14664.0,-5564.0,-2944.0,19457.0,-12395.0,2086.0,77837.0
213,21548.0,-7368.0,-408.0,-2944.0,19195.0,-12149.0,1401.0,77843.0
214,17172.0,-6836.0,5172.0,-2912.0,17744.0,-11004.0,665.0,77849.0
215,5052.0,-9748.0,8396.0,-2928.0,15220.0,-5617.0,1122.0,77855.0
216,-1416.0,-13740.0,6080.0,-2944.0,13407.0,-2268.0,1702.0,77861.0
217,-384.0,-15104.0,2532.0,-2960.0,12343.0,-4660.0,331.0,77868.0
218,2740.0,-17024.0,1648.0,-2928.0,11752.0,-6802.0,-112.0,77874.0
219,5392.0,-19592.0,860.0,-2944.0,11583.0,-5237.0,783.0,77880.0
220,6332.0,-20368.0,244.0,-2928.0,11573.0,-2173.0,1356.0,77886.0
221,5944.0,-19116.0,-404.0,-2928.0,11444.0,-35.0,1373.0,77892.0
222,4576.0,-17928.0,-1068.0,-2960.0,11297.0,1143.0,1217.0,77897.0
223,2416.0,-17084.0,-1184.0,-2976.0,11162.0,2275.0,964.0,77903.0
224,904.0,-15996.0,-480.0,-2960.0,10839.0,3519.0,577.0,77910.0
225,172.0,-15192.0,-88.0,-2960.0,10073.0,4334.0,299.0,77916.0
226,300.0,-14484.0,268.0,-2928.0,9098.0,4589.0,46.0,77922.0
227,808.0,-14412.0,644.0,-2960.0,8240.0,4523.0,-453.0,77928.0
228,1136.0,-15352.0,1112.0,-2960.0,7650.0,4275.0,-927.0,77933.0
229,1328.0,-16588.0,652.0,-2928.0,7480.0,4143.0,-1313.0,77939.0
230,1952.0,-16996.0,-768.0,-2944.0,7514.0,3672.0,-1759.0,77945.0
231,2604.0,-16184.0,-1204.0,-2912.0,7498.0,2784.0,-2058.0,77952.0
232,3328.0,-15832.0,-1168.0,-2928.0,7399.0,1862.0,-2198.0,77958.0
233,3856.0,-15672.0,-1128.0,-2976.0,7222.0,1417.0,-2198.0,77964.0
234,4072.0,-15580.0,-1036.0,-2960.0,7025.0,1394.0,-2216.0,77970.0
235,4596.0,-15396.0,-820.0,-2944.0,6825.0,1432.0,-2127.0,77976.0
236,5812.0,-15336.0,-832.0,-2944.0,6647.0,1515.0,-1971.0,77982.0
237,7308.0,-15336.0,-1116.0,-2928.0,6492.0,1855.0,-1695.0,77988.0
238,8400.0,-15656.0,-640.0,-2944.0,6385.0,2713.0,-1348.0,77995.0
239,8384.0,-15468.0,-1112.0,-2944.0,6268.0,3890.0,-822.0,78000.0
240,8112.0,-15168.0,-744.0,-2912.0,6172.0,5116.0,-332.0,78006.0
241,6844.0,-15184.0,-392.0,-2944.0,5968.0,6340.0,68.0,78012.0
242,5452.0,-15728.0,-184.0,-2944.0,5832.0,7355.0,305.0,78018.0
243,4076.0,-16308.0,-780.0,-2944.0,5901.0,7775.0,303.0,78024.0
244,3548.0,-16148.0,-888.0,-2944.0,5976.0,7348.0,188.0,78030.0
245,3600.0,-15772.0,-948.0,-2944.0,6010.0,6489.0,71.0,78035.0
246,3500.0,-15768.0,-628.0,-2960.0,6100.0,5774.0,29.0,78042.0
247,3732.0,-15900.0,-1160.0,-2976.0,6208.0,5340.0,3.0,78048.0
248,3780.0,-15680.0,-1220.0,-2944.0,6271.0,5124.0,-78.0,78054.0
249,3816.0,-15804.0,-1164.0,-2960.0,6211.0,4937.0,-141.0,78059.0
250,3752.0,-16064.0,-968.0,-2976.0,6227.0,4667.0,-108.0,78065.0
251,3816.0,-16416.0,-964.0,-2960.0,6175.0,4227.0,-118.0,78071.0
252,4264.0,-16220.0,-696.0,-2960.0,6101.0,3730.0,-25.0,78077.0
253,4720.0,-16268.0,-772.0,-2928.0,6103.0,3356.0,48.0,78084.0
254,5480.0,-16140.0,-928.0,-2944.0,6125.0,3020.0,165.0,78089.0
255,5868.0,-15944.0,-788.0,-2944.0,6135.0,2933.0,328.0,78095.0
256,5996.0,-15600.0,-376.0,-2960.0,6078.0,3020.0,487.0,78101.0
257,5612.0,-15716.0,-200.0,-2928.0,6019.0,3388.0,619.0,78107.0
258,5164.0,-15692.0,52.0,-2928.0,5947.0,3758.0,894.0,78113.0
259,4964.0,-16028.0,368.0,-2944.0,5941.0,4137.0,849.0,78118.0
260,4100.0,-16136.0,516.0,-2928.0,5938.0,4158.0,814.0,78125.0
261,3828.0,-16300.0,660.0,-2960.0,5941.0,3939.0,799.0,78131.0
262,3692.0,-16652.0,828.0,-2928.0,5999.0,3660.0,778.0,78137.0
263,3952.0,-16912.0,744.0,-2944.0,6030.0,3436.0,742.0,78142.0
264,4180.0,-16804.0,796.0,-2944.0,6007.0,3315.0,719.0,78148.0
265,4620.0,-16736.0,780.0,-2928.0,6022.0,3289.0,675.0,78154.0
266,4780.0,-16696.0,1088.0,-2960.0,6070.0,3395.0,844.0,78160.0
267,4724.0,-16716.0,1292.0,-2928.0,6085.0,3813.0,884.0,78167.0
268,4920.0,-17012.0,952.0,-2928.0,6184.0,4376.0,1023.0,78172.0
269,3980.0,-16896.0,1384.0,-2928.0,6241.0,4534.0,1003.0,78178.0
270,4204.0,-16924.0,1248.0,-2928.0,6285.0,4438.0,1038.0,78184.0
271,4224.0,-17120.0,1336.0,-2976.0,6432.0,4455.0,1080.0,78190.0
272,4600.0,-17212.0,1096.0,-2944.0,6593.0,4467.0,1020.0,78196.0
273,4876.0,-17588.0,1320.0,-2976.0,6743.0,4642.0,1037.0,78202.0
274,7452.0,-17756.0,1204.0,-2928.0,6898.0,4938.0,302.0,78209.0
275,7220.0,-16076.0,468.0,-2960.0,7012.0,4987.0,504.0,78214.0
276,5392.0,-16832.0,1636.0,-2944.0,7156.0,5618.0,1607.0,78220.0
277,3972.0,-17424.0,2064.0,-2960.0,7341.0,6394.0,1191.0,78226.0
278,3532.0,-16836.0,1772.0,-2960.0,7578.0,5890.0,1199.0,78232.0
279,3276.0,-16980.0,1452.0,-2960.0,7855.0,5415.0,1547.0,78238.0
280,3064.0,-17372.0,1680.0,-2944.0,8061.0,5437.0,1626.0,78244.0
281,2168.0,-17704.0,2192.0,-2944.0,8315.0,5140.0,1691.0,78251.0
282,1936.0,-17872.0,2332.0,-2928.0,8617.0,4661.0,1951.0,78257.0
283,1856.0,-18164.0,2304.0,-2960.0,8933.0,4234.0,2107.0,78262.0
284,1728.0,-18464.0,2444.0,-2944.0,9295.0,3738.0,2325.0,78268.0
285,2340.0,-18792.0,2424.0,-2944.0,9539.0,3394.0,2540.0,78274.0
286,3060.0,-19076.0,2384.0,-2928.0,9798.0,3190.0,2927.0,78280.0
287,3252.0,-19216.0,2548.0,-2928.0,10090.0,3347.0,3217.0,78286.0
288,3044.0,-19412.0,2500.0,-2944.0,10371.0,3407.0,3515.0,78292.0
289,2520.0,-19444.0,2952.0,-2960.0,10646.0,3369.0,3841.0,78299.0
290,2208.0,-19528.0,2876.0,-2944.0,10958.0,3290.0,4092.0,78305.0
291,1980.0,-19960.0,2724.0,-2928.0,11301.0,3115.0,4390.0,78311.0
292,1880.0,-19896.0,2884.0,-2960.0,11638.0,2902.0,4660.0,78317.0
293,1996.0,-20116.0,2884.0,-2944.0,11987.0,2598.0,4967.0,78323.0
294,1968.0,-20264.0,2860.0,-2992.0,12327.0,2406.0,5210.0,78329.0
295,1996.0,-20588.0,3084.0,-2944.0,12699.0,2238.0,5503.0,78334.0
296,2020.0,-20892.0,2864.0,-2928.0,13014.0,2201.0,5826.0,78341.0
297,2112.0,-21076.0,3004.0,-2976.0,13451.0,2215.0,6218.0,78347.0
298,2500.0,-21304.0,2960.0,-2960.0,13737.0,2250.0,6543.0,78353.0
299,2804.0,-20720.0,3296.0,-2960.0,14046.0,2375.0,6645.0,78359.0
300,4804.0,-21560.0,2628.0,-2944.0,14568.0,2312.0,7418.0,78365.0
301,4536.0,-21204.0,2460.0,-2960.0,14889.0,2902.0,7240.0,78371.0
302,5504.0,-21580.0,2444.0,-2976.0,15287.0,2940.0,7668.0,78377.0
303,6572.0,-21632.0,2232.0,-2928.0,15674.0,3426.0,7821.0,78384.0
304,7528.0,-21648.0,2204.0,-2944.0,16037.0,4033.0,7946.0,78390.0
305,8296.0,-22028.0,2556.0,-2944.0,16457.0,4853.0,8045.0,78396.0
306,8752.0,-23308.0,4580.0,-2928.0,17065.0,5867.0,8229.0,78402.0
307,7988.0,-23980.0,3120.0,-2976.0,17448.0,7035.0,8705.0,78408.0
308,5676.0,-24596.0,2004.0,-2928.0,17702.0,9063.0,9550.0,78414.0
309,4568.0,-27284.0,2164.0,-2976.0,17706.0,9014.0,10606.0,78420.0
310,5168.0,-29944.0,1128.0,-2960.0,17827.0,8675.0,11549.0,78427.0
311,7512.0,-30096.0,-1220.0,-2928.0,18198.0,8970.0,11492.0,78433.0
312,9436.0,-29824.0,-4152.0,-2944.0,18555.0,9108.0,11364.0,78439.0
313,10672.0,-30964.0,-6592.0,-2960.0,18849.0,9744.0,11400.0,78445.0
314,11612.0,-32512.0,-9204.0,-2960.0,18929.0,10698.0,11479.0,78451.0
315,12560.0,-32768.0,-12268.0,-2960.0,18856.0,11944.0,11338.0,78457.0
316,12148.0,-32768.0,-16240.0,-2976.0,18885.0,14137.0,10934.0,78464.0
317,9408.0,-32768.0,-18704.0,-2960.0,18755.0,15567.0,10849.0,78470.0
318,5672.0,-32744.0,-19804.0,-2928.0,18295.0,15400.0,11330.0,78476.0
319,1388.0,-28648.0,-17324.0,-2976.0,17536.0,13763.0,11909.0,78482.0
320,-1268.0,-25956.0,-11584.0,-2976.0,16958.0,11561.0,12683.0,78488.0
321,-4056.0,-25612.0,-404.0,-2960.0,17357.0,7991.0,13775.0,78495.0
322,-5264.0,-25564.0,10660.0,-2960.0,18061.0,3738.0,14690.0,78500.0
323,-4700.0,-25164.0,10820.0,-2944.0,17418.0,-1791.0,13988.0,78508.0
324,-3048.0,-25180.0,5240.0,-2944.0,15462.0,-8266.0,12068.0,78514.0
325,864.0,-24356.0,-680.0,-2976.0,13518.0,-13794.0,9790.0,78520.0
326,4040.0,-25340.0,-888.0,-2960.0,12751.0,-17878.0,7652.0,78526.0
327,6316.0,-28152.0,2268.0,-2944.0,13791.0,-19458.0,6966.0,78532.0
328,7768.0,-29072.0,3384.0,-2976.0,15431.0,-18122.0,7703.0,78538.0
329,8404.0,-26088.0,984.0,-2960.0,16904.0,-14387.0,8887.0,78544.0
330,9300.0,-18836.0,-1108.0,-2944.0,16809.0,-9962.0,9157.0,78551.0
331,10472.0,-11088.0,-2920.0,-2944.0,14686.0,-6354.0,8437.0,78557.0
332,12916.0,-6532.0,-3644.0,-2960.0,11479.0,-3193.0,7207.0,78563.0
333,14212.0,-7140.0,-4104.0,-2960.0,8616.0,1035.0,6100.0,78569.0
334,12476.0,-8312.0,-5408.0,-2944.0,6750.0,5264.0,5552.0,78575.0
335,9528.0,-7728.0,-7896.0,-2992.0,5163.0,8354.0,5557.0,78581.0
336,7328.0,-5072.0,-9204.0,-2960.0,3324.0,9865.0,5465.0,78586.0
337,5256.0,-3588.0,-9688.0,-2960.0,1617.0,9929.0,4800.0,78593.0
338,3304.0,-2332.0,-9148.0,-2960.0,-108.0,9250.0,4457.0,78599.0
339,1804.0,-1532.0,-7956.0,-2928.0,-1727.0,8342.0,4323.0,78605.0
340,612.0,-1144.0,-6968.0,-2928.0,-3333.0,7566.0,4042.0,78611.0
341,-500.0,-776.0,-6772.0,-2960.0,-5102.0,6960.0,3517.0,78617.0
342,-1152.0,-440.0,-6724.0,-2960.0,-7074.0,6204.0,2741.0,78622.0
343,-1744.0,-264.0,-6836.0,-2928.0,-9059.0,5063.0,1772.0,78628.0
344,-1636.0,-392.0,-6208.0,-2960.0,-10838.0,3504.0,700.0,78635.0
345,-1812.0,-796.0,-5348.0,-2960.0,-12376.0,1611.0,-351.0,78641.0
346,-1900.0,-1084.0,-4184.0,-2960.0,-13786.0,-433.0,-1172.0,78647.0
347,-1964.0,-1532.0,-3564.0,-2928.0,-15131.0,-2361.0,-1899.0,78652.0
348,-1908.0,-1880.0,-3596.0,-2944.0,-16682.0,-3919.0,-2608.0,78658.0
349,-1648.0,-1848.0,-4352.0,-2960.0,-18381.0,-5200.0,-3311.0,78664.0
350,-1088.0,-1856.0,-5052.0,-2976.0,-20245.0,-6429.0,-4009.0,78670.0
351,-96.0,-1896.0,-6296.0,-2960.0,-22155.0,-7602.0,-4667.0,78676.0
352,844.0,-2296.0,-7220.0,-2960.0,-23973.0,-8704.0,-5318.0,78683.0
353,1384.0,-3468.0,-7160.0,-2976.0,-25561.0,-9573.0,-5804.0,78689.0
354,1796.0,-4684.0,-6496.0,-2960.0,-26866.0,-10355.0,-6003.0,78695.0
355,2084.0,-5428.0,-5988.0,-2960.0,-28142.0,-10829.0,-6158.0,78701.0
356,2556.0,-6296.0,-5524.0,-2944.0,-29466.0,-11128.0,-6415.0,78707.0
357,3192.0,-6764.0,-5232.0,-2960.0,-30860.0,-11261.0,-6783.0,78713.0
358,3940.0,-7632.0,-5424.0,-2960.0,-32325.0,-11429.0,-7269.0,78720.0
359,4732.0,-9128.0,-5304.0,-2944.0,-32768.0,-11507.0,-7729.0,78726.0
360,5912.0,-10616.0,-4652.0,-2928.0,-32768.0,-10901.0,-8104.0,78732.0
361,7272.0,-11856.0,-4524.0,-2960.0,-32768.0,-9705.0,-8406.0,78738.0
362,8920.0,-13224.0,-4160.0,-2928.0,-32768.0,-8180.0,-8678.0,78744.0
363,9716.0,-14872.0,-3492.0,-2944.0,-32768.0,-6196.0,-8896.0,78750.0
364,9600.0,-16488.0,-2988.0,-2960.0,-32768.0,-4068.0,-9013.0,78756.0
365,8396.0,-17524.0,-2552.0,-2960.0,-32768.0,-2005.0,-9079.0,78763.0
366,7048.0,-17692.0,-2248.0,-2944.0,-32768.0,-626.0,-9225.0,78769.0
367,5772.0,-18512.0,-2124.0,-2960.0,-32768.0,310.0,-9432.0,78775.0
368,4648.0,-19732.0,-1668.0,-2944.0,-32768.0,953.0,-9811.0,78781.0
369,4136.0,-21508.0,-1512.0,-2960.0,-32768.0,1403.0,-9848.0,78787.0
370,4408.0,-22952.0,-1376.0,-2944.0,-32768.0,1897.0,-10381.0,78793.0
371,4568.0,-24692.0,-1396.0,-2976.0,-32768.0,2386.0,-10883.0,78799.0
372,5208.0,-26236.0,-1108.0,-2960.0,-32768.0,2909.0,-11186.0,78806.0
373,5788.0,-28020.0,-244.0,-2960.0,-32768.0,3407.0,-11586.0,78812.0
374,6236.0,-29748.0,1052.0,-2960.0,-32768.0,4019.0,-12267.0,78818.0
375,5832.0,-31268.0,1812.0,-2928.0,-32768.0,4552.0,-13009.0,78824.0
376,4480.0,-32628.0,2912.0,-2960.0,-32768.0,4544.0,-13917.0,78830.0
377,2092.0,-32768.0,4632.0,-2992.0,-32768.0,3803.0,-14719.0,78836.0
378,-424.0,-32768.0,6384.0,-2960.0,-32768.0,2402.0,-15510.0,78842.0
379,-2404.0,-32768.0,8640.0,-2960.0,-32768.0,706.0,-16185.0,78850.0
380,-2748.0,-32768.0,9864.0,-2960.0,-32768.0,-996.0,-16692.0,78856.0
381,-2152.0,-32768.0,10888.0,-2944.0,-32768.0,-2525.0,-16889.0,78862.0
382,-956.0,-32768.0,12736.0,-2960.0,-32768.0,-3650.0,-16526.0,78868.0
383,-260.0,-32768.0,14476.0,-2960.0,-32768.0,-4345.0,-15622.0,78874.0
384,296.0,-32768.0,17240.0,-2944.0,-32768.0,-4441.0,-14437.0,78880.0
385,176.0,-32768.0,19848.0,-2960.0,-31692.0,-4099.0,-13332.0,78887.0
386,540.0,-32768.0,21920.0,-2960.0,-29567.0,-3845.0,-12577.0,78894.0
387,1332.0,-32768.0,24388.0,-2976.0,-27292.0,-3490.0,-12315.0,78900.0
388,1852.0,-32768.0,26280.0,-2928.0,-24822.0,-2767.0,-12038.0,78906.0
389,1136.0,-32768.0,28296.0,-2944.0,-22068.0,-1639.0,-11536.0,78912.0
390,-1056.0,-32292.0,31580.0,-2976.0,-19014.0,-442.0,-10680.0,78919.0
391,-3748.0,-31016.0,32767.0,-2960.0,-15714.0,506.0,-9397.0,78925.0
392,-6704.0,-29840.0,32767.0,-2992.0,-12110.0,1140.0,-7609.0,78931.0
393,-9860.0,-29020.0,32767.0,-2944.0,-8117.0,1633.0,-5288.0,78938.0
394,-11916.0,-28708.0,32767.0,-2992.0,-3990.0,1772.0,-2826.0,78944.0
395,-15116.0,-28288.0,32767.0,-2976.0,303.0,966.0,183.0,78950.0
396,-19480.0,-28592.0,32767.0,-2944.0,4347.0,-1519.0,2880.0,78956.0
397,-9044.0,-26944.0,32767.0,-2944.0,8471.0,-2994.0,5630.0,78962.0
398,-15228.0,-24552.0,32664.0,-2960.0,11775.0,-4930.0,3386.0,78968.0
399,-16708.0,-21952.0,30196.0,-2960.0,13808.0,-8307.0,3511.0,78974.0
400,-14584.0,-21452.0,25700.0,-2944.0,15550.0,-12421.0,3742.0,78981.0
401,-6872.0,-19008.0,15360.0,-2960.0,16145.0,-15162.0,3115.0,78987.0
402,17696.0,5112.0,-32768.0,-2976.0,6062.0,-16086.0,-2409.0,78994.0
403,32767.0,-9136.0,-32768.0,-2960.0,-5526.0,-20613.0,-24660.0,79000.0
404,32767.0,-32768.0,-27268.0,-2960.0,7986.0,-32768.0,-18766.0,79006.0
405,8172.0,-32768.0,6476.0,-2960.0,21328.0,-15843.0,12262.0,79012.0
406,-28656.0,-32768.0,32436.0,-2928.0,24704.0,20066.0,23050.0,79019.0
407,-32768.0,-32768.0,32767.0,-2960.0,24264.0,26784.0,16424.0,79026.0
408,-25156.0,-32768.0,20796.0,-2944.0,22699.0,5519.0,143.0,79032.0
409,-17820.0,-26160.0,-9856.0,-2992.0,20711.0,-15675.0,-4155.0,79038.0
410,5756.0,-11868.0,-18684.0,-2960.0,21043.0,-20656.0,1313.0,79044.0
411,23840.0,-636.0,-5872.0,-2944.0,21674.0,-18282.0,2404.0,79050.0
412,27952.0,6420.0,5660.0,-2960.0,18703.0,-13445.0,-712.0,79056.0
413,10320.0,-2720.0,9184.0,-2976.0,14677.0,-6591.0,-760.0,79063.0
414,4008.0,-12304.0,5572.0,-2960.0,12944.0,-2627.0,466.0,79069.0
415,5600.0,-16212.0,2440.0,-2944.0,12517.0,-5274.0,-1373.0,79075.0
416,5552.0,-19880.0,1804.0,-2960.0,12526.0,-7604.0,-1465.0,79081.0
417,5152.0,-22636.0,1908.0,-3008.0,12663.0,-4612.0,867.0,79087.0
418,5576.0,-21912.0,1888.0,-2928.0,12719.0,-326.0,1944.0,79093.0
419,5044.0,-20484.0,984.0,-2944.0,12487.0,1661.0,1808.0,79099.0
420,2960.0,-20408.0,-276.0,-2960.0,12535.0,2645.0,1794.0,79106.0
421,1624.0,-19628.0,-1056.0,-2960.0,12863.0,3549.0,1382.0,79112.0
422,844.0,-17048.0,-760.0,-2928.0,12835.0,3520.0,556.0,79118.0
423,864.0,-15336.0,-100.0,-2960.0,12302.0,3202.0,353.0,79124.0
424,1544.0,-14344.0,888.0,-2960.0,11514.0,3633.0,536.0,79129.0
425,1464.0,-14460.0,1372.0,-2960.0,10666.0,4683.0,228.0,79135.0
426,1032.0,-15068.0,2004.0,-2944.0,9901.0,5826.0,-1.0,79141.0
427,908.0,-16060.0,1200.0,-2928.0,9446.0,6491.0,-418.0,79148.0
428,916.0,-16784.0,-208.0,-2928.0,9244.0,6483.0,-1077.0,79154.0
429,1264.0,-16876.0,-840.0,-2960.0,9315.0,5672.0,-1530.0,79160.0
430,1424.0,-17216.0,-824.0,-2944.0,9572.0,4733.0,-1737.0,79165.0
431,1524.0,-17264.0,-924.0,-2944.0,9585.0,4100.0,-1946.0,79171.0
432,2072.0,-16392.0,-500.0,-2960.0,9369.0,3388.0,-2051.0,79177.0
433,3004.0,-15540.0,-660.0,-2960.0,9040.0,2394.0,-2108.0,79183.0
434,4452.0,-14516.0,-836.0,-2944.0,8682.0,1438.0,-1999.0,79190.0
435,6216.0,-13700.0,-852.0,-2960.0,8238.0,915.0,-1749.0,79196.0
436,7496.0,-13256.0,-160.0,-2960.0,7592.0,1160.0,-1362.0,79202.0
437,7960.0,-13620.0,100.0,-2960.0,7025.0,2112.0,-757.0,79208.0
438,8220.0,-14200.0,-164.0,-2960.0,6611.0,3337.0,-82.0,79213.0
439,7320.0,-14580.0,96.0,-2928.0,6263.0,4666.0,489.0,79219.0
440,5812.0,-14992.0,136.0,-2944.0,6068.0,5490.0,866.0,79225.0
441,4420.0,-15712.0,52.0,-2976.0,5978.0,5934.0,1048.0,79232.0
442,3032.0,-16376.0,-12.0,-2944.0,5987.0,6140.0,970.0,79238.0
443,2060.0,-16644.0,-156.0,-2992.0,6061.0,5985.0,751.0,79243.0
444,1340.0,-16612.0,-168.0,-2960.0,6106.0,5578.0,474.0,79249.0
445,1020.0,-16664.0,-364.0,-2976.0,6181.0,5154.0,148.0,79255.0
446,1020.0,-16796.0,-776.0,-2944.0,6254.0,4536.0,-239.0,79261.0
447,1220.0,-16892.0,-760.0,-2944.0,6284.0,3670.0,-545.0,79266.0
448,1836.0,-16680.0,-656.0,-2992.0,6218.0,2677.0,-691.0,79272.0
449,2556.0,-16376.0,-336.0,-2960.0,6184.0,1684.0,-757.0,79279.0
450,3552.0,-15988.0,-44.0,-2992.0,6120.0,1085.0,-701.0,79285.0
451,4740.0,-15932.0,292.0,-2928.0,5981.0,838.0,-539.0,79291.0
452,5628.0,-15996.0,292.0,-2944.0,5927.0,978.0,-421.0,79296.0
453,6104.0,-15908.0,412.0,-2960.0,5903.0,1327.0,-221.0,79302.0
454,6208.0,-15832.0,648.0,-2960.0,5791.0,1923.0,-39.0,79308.0
455,5944.0,-15952.0,584.0,-2992.0,5761.0,2563.0,138.0,79314.0
456,5428.0,-16068.0,708.0,-2976.0,5716.0,2992.0,241.0,79320.0
457,4720.0,-16292.0,788.0,-2976.0,5719.0,3241.0,279.0,79326.0
458,4224.0,-16536.0,616.0,-2960.0,5773.0,3391.0,283.0,79332.0
459,3628.0,-16676.0,488.0,-2960.0,5850.0,3442.0,260.0,79338.0
460,3104.0,-16552.0,968.0,-2992.0,5919.0,3271.0,202.0,79344.0
461,3040.0,-16704.0,1352.0,-2944.0,5948.0,2931.0,140.0,79349.0
462,3128.0,-16620.0,1412.0,-2976.0,6008.0,2583.0,79.0,79355.0
463,3236.0,-16924.0,1404.0,-2976.0,6079.0,2325.0,40.0,79362.0
464,3832.0,-16824.0,1460.0,-2928.0,6225.0,2171.0,12.0,79368.0
465,4424.0,-17040.0,1408.0,-2960.0,6341.0,2155.0,54.0,79374.0
466,4796.0,-17100.0,1580.0,-2960.0,6442.0,2367.0,132.0,79379.0
467,5116.0,-17124.0,1388.0,-2960.0,6551.0,2644.0,145.0,79385.0
468,5784.0,-17148.0,1364.0,-2992.0,6569.0,3092.0,342.0,79391.0
469,11024.0,-18784.0,572.0,-2928.0,6642.0,4864.0,-169.0,79397.0
470,6804.0,-15412.0,1068.0,-2992.0,6673.0,5055.0,-451.0,79404.0
471,5144.0,-17688.0,1752.0,-2928.0,6858.0,4734.0,-332.0,79409.0
472,4988.0,-16924.0,2044.0,-2992.0,6861.0,4820.0,-850.0,79415.0
473,6068.0,-17200.0,1844.0,-2960.0,7007.0,5126.0,-151.0,79421.0
474,5056.0,-17680.0,2160.0,-2944.0,7216.0,6000.0,291.0,79427.0
475,3924.0,-17920.0,2240.0,-2944.0,7418.0,6906.0,475.0,79433.0
476,3112.0,-18068.0,1872.0,-2976.0,7697.0,7129.0,693.0,79439.0
477,2620.0,-17996.0,2036.0,-2944.0,7978.0,7085.0,1048.0,79446.0
478,1340.0,-18212.0,2288.0,-2960.0,8282.0,7046.0,1285.0,79451.0
479,4.0,-18688.0,2212.0,-2992.0,8693.0,6539.0,1571.0,79457.0
480,-352.0,-19076.0,2148.0,-2976.0,9131.0,5693.0,1824.0,79463.0
481,-332.0,-19564.0,2524.0,-2944.0,9618.0,4703.0,2095.0,79469.0
482,724.0,-20156.0,2556.0,-2944.0,10074.0,3957.0,2428.0,79475.0
483,1900.0,-20456.0,2300.0,-2960.0,10561.0,3558.0,2713.0,79481.0
484,2740.0,-20676.0,2108.0,-2960.0,11027.0,3494.0,3106.0,79488.0
485,3156.0,-20700.0,2264.0,-2976.0,11475.0,3698.0,3530.0,79493.0
486,3052.0,-20620.0,2464.0,-2928.0,11930.0,3872.0,3910.0,79499.0
487,2928.0,-20748.0,2336.0,-2944.0,12434.0,4026.0,4342.0,79505.0
488,2604.0,-20804.0,2448.0,-2928.0,12896.0,4115.0,4706.0,79511.0
489,2324.0,-20856.0,2588.0,-2944.0,13298.0,4085.0,5086.0,79517.0
490,2456.0,-21156.0,2540.0,-2944.0,13773.0,4023.0,5468.0,79523.0
491,2432.0,-21332.0,2324.0,-2992.0,14336.0,3940.0,5872.0,79529.0
492,2740.0,-21528.0,2560.0,-2976.0,14800.0,3872.0,6332.0,79536.0
493,3256.0,-21760.0,2380.0,-2960.0,15308.0,3853.0,6818.0,79542.0
494,4204.0,-22284.0,2224.0,-2944.0,15838.0,3983.0,7264.0,79548.0
495,5364.0,-22712.0,1964.0,-2992.0,16408.0,4152.0,7633.0,79554.0
496,6936.0,-22996.0,1804.0,-2928.0,16970.0,4512.0,7951.0,79560.0
497,8292.0,-23740.0,1624.0,-2960.0,17609.0,5227.0,8222.0,79566.0
498,9344.0,-24584.0,1568.0,-2960.0,18298.0,6104.0,8483.0,79572.0
499,10220.0,-25652.0,2076.0,-2976.0,19061.0,7067.0,8743.0,79579.0
500,9232.0,-26408.0,2112.0,-2944.0,19732.0,8436.0,9376.0,79585.0
501,6800.0,-27996.0,1564.0,-2960.0,20134.0,9785.0,10365.0,79590.0
502,5796.0,-32592.0,1208.0,-2944.0,20506.0,9565.0,11496.0,79596.0
503,6888.0,-32768.0,-208.0,-2992.0,20923.0,9129.0,12271.0,79602.0
504,9848.0,-32768.0,-3752.0,-2976.0,21368.0,9273.0,12255.0,79608.0
505,12720.0,-32768.0,-6984.0,-2960.0,21509.0,9874.0,11937.0,79614.0
506,15392.0,-32768.0,-9404.0,-2960.0,21526.0,11258.0,11547.0,79621.0
507,15848.0,-32768.0,-13968.0,-2960.0,21901.0,13362.0,10941.0,79628.0
508,13132.0,-32768.0,-18512.0,-2944.0,22431.0,14492.0,10848.0,79634.0
509,10008.0,-32768.0,-20860.0,-2992.0,21922.0,15925.0,11407.0,79640.0
510,6696.0,-31792.0,-21964.0,-2944.0,20886.0,16793.0,11619.0,79646.0
511,1932.0,-28696.0,-19732.0,-2976.0,19817.0,16202.0,11976.0,79652.0
512,-1240.0,-25604.0,-14252.0,-2960.0,18659.0,14287.0,12436.0,79659.0
513,-2620.0,-23700.0,-2396.0,-2960.0,18253.0,11376.0,13143.0,79665.0
514,-3188.0,-23428.0,8804.0,-2928.0,18512.0,7275.0,13774.0,79672.0
515,-3680.0,-22772.0,8912.0,-2960.0,17523.0,1479.0,13113.0,79678.0
516,-2812.0,-22344.0,5372.0,-2944.0,15538.0,-5046.0,11346.0,79684.0
517,276.0,-22328.0,2292.0,-2976.0,13562.0,-10915.0,9051.0,79690.0
518,2604.0,-23572.0,1728.0,-2992.0,13135.0,-14796.0,7188.0,79696.0
519,4496.0,-25636.0,4064.0,-2960.0,13854.0,-15864.0,6146.0,79703.0
520,6720.0,-25640.0,3760.0,-2960.0,14695.0,-14301.0,6117.0,79709.0
521,8360.0,-22352.0,1788.0,-2976.0,15102.0,-11445.0,6641.0,79715.0
522,9888.0,-15236.0,-1524.0,-2976.0,14577.0,-8082.0,6738.0,79721.0
523,11968.0,-8324.0,-3128.0,-2960.0,12295.0,-5020.0,6133.0,79727.0
524,13164.0,-5848.0,-2228.0,-2944.0,9564.0,-1189.0,5080.0,79733.0
525,12028.0,-6236.0,-3060.0,-2960.0,7163.0,3299.0,4198.0,79739.0
526,9012.0,-5932.0,-6156.0,-2928.0,5152.0,6663.0,3766.0,79746.0
527,6232.0,-3448.0,-9524.0,-2944.0,2993.0,8447.0,3354.0,79751.0
528,4620.0,-2012.0,-10428.0,-2976.0,921.0,8984.0,2639.0,79757.0
529,3184.0,-1356.0,-9368.0,-2976.0,-864.0,8676.0,2080.0,79763.0
530,1596.0,-1004.0,-8184.0,-2976.0,-2456.0,8036.0,1780.0,79769.0
531,132.0,-620.0,-7372.0,-2976.0,-4072.0,7315.0,1514.0,79775.0
532,-868.0,-484.0,-6920.0,-2992.0,-5707.0,6556.0,1023.0,79780.0
533,-2088.0,-508.0,-6904.0,-2960.0,-7515.0,5523.0,345.0,79787.0
534,-2108.0,-180.0,-6432.0,-2992.0,-9356.0,4357.0,-217.0,79793.0
535,-1456.0,-8.0,-6436.0,-2960.0,-10960.0,2860.0,-1860.0,79799.0
536,-1744.0,-48.0,-6224.0,-2976.0,-12475.0,1055.0,-3573.0,79805.0
537,-2216.0,-136.0,-5784.0,-2976.0,-14043.0,-928.0,-4421.0,79810.0
538,-1972.0,-472.0,-5424.0,-2992.0,-15562.0,-2659.0,-4535.0,79816.0
539,-1280.0,-796.0,-5164.0,-2960.0,-17061.0,-4041.0,-4720.0,79822.0
540,-384.0,-1080.0,-5348.0,-2960.0,-18528.0,-4970.0,-5143.0,79828.0
541,324.0,-1368.0,-5608.0,-2976.0,-20059.0,-5609.0,-5582.0,79835.0
542,792.0,-1768.0,-5688.0,-2992.0,-21718.0,-6027.0,-5951.0,79841.0
543,1464.0,-2000.0,-6224.0,-2944.0,-23389.0,-6314.0,-6291.0,79847.0
544,1676.0,-2404.0,-6844.0,-2960.0,-25078.0,-6471.0,-6654.0,79853.0
545,1772.0,-3016.0,-7432.0,-2944.0,-26788.0,-6678.0,-6933.0,79859.0
546,1952.0,-4076.0,-7132.0,-2992.0,-28331.0,-6991.0,-7237.0,79865.0
547,1796.0,-5392.0,-6632.0,-2960.0,-29624.0,-7351.0,-7495.0,79872.0
548,1540.0,-6676.0,-6232.0,-2976.0,-30855.0,-7975.0,-7731.0,79878.0
549,1732.0,-7688.0,-5656.0,-2960.0,-32105.0,-8719.0,-8102.0,79884.0
550,2384.0,-9256.0,-4456.0,-2976.0,-32768.0,-9330.0,-8530.0,79889.0
551,3176.0,-10696.0,-3704.0,-2960.0,-32768.0,-9565.0,-8960.0,79895.0
552,4224.0,-12256.0,-2896.0,-2960.0,-32768.0,-9398.0,-9280.0,79901.0
553,5500.0,-13808.0,-2740.0,-2944.0,-32768.0,-8443.0,-9545.0,79907.0
554,7016.0,-14760.0,-3028.0,-2960.0,-32768.0,-7029.0,-9993.0,79913.0
555,8104.0,-15624.0,-3672.0,-2960.0,-32768.0,-5418.0,-10496.0,79920.0
556,8228.0,-17348.0,-3548.0,-2960.0,-32768.0,-3341.0,-10820.0,79926.0
557,7480.0,-18684.0,-2576.0,-2960.0,-32768.0,-1428.0,-10950.0,79933.0
558,6748.0,-20284.0,-1820.0,-2928.0,-32768.0,-130.0,-11060.0,79939.0
559,5840.0,-21752.0,-512.0,-3008.0,-32768.0,771.0,-11105.0,79945.0
560,4960.0,-22996.0,128.0,-2960.0,-32768.0,1551.0,-11167.0,79951.0
561,4396.0,-24212.0,148.0,-2976.0,-32768.0,2311.0,-11255.0,79958.0
562,4256.0,-25440.0,196.0,-2992.0,-32768.0,3055.0,-11430.0,79964.0
563,4464.0,-26732.0,164.0,-2992.0,-32768.0,3813.0,-11806.0,79970.0
564,4780.0,-28076.0,564.0,-2976.0,-32768.0,4534.0,-12236.0,79975.0
565,4776.0,-29288.0,1436.0,-2960.0,-32768.0,5095.0,-12986.0,79981.0
566,4260.0,-30396.0,2288.0,-2960.0,-32768.0,5472.0,-13737.0,79988.0
567,2632.0,-31476.0,3408.0,-2976.0,-32768.0,5313.0,-14592.0,79994.0
568,624.0,-32568.0,4664.0,-2976.0,-32768.0,4441.0,-15439.0,80001.0
569,-1100.0,-32768.0,5640.0,-2928.0,-32768.0,3041.0,-16256.0,80007.0
570,-2508.0,-32768.0,6888.0,-2960.0,-32768.0,1405.0,-16867.0,80013.0
571,-3296.0,-32768.0,8248.0,-2960.0,-32768.0,-132.0,-17213.0,80019.0
572,-2964.0,-32768.0,9500.0,-2976.0,-32768.0,-1289.0,-17266.0,80025.0
573,-1896.0,-32768.0,10856.0,-2976.0,-32768.0,-2164.0,-16983.0,80031.0
574,-700.0,-32768.0,12628.0,-2976.0,-32768.0,-2654.0,-16139.0,80037.0
575,596.0,-32768.0,15520.0,-2976.0,-32768.0,-2542.0,-14963.0,80044.0
576,1384.0,-32768.0,18736.0,-2976.0,-31885.0,-1962.0,-13814.0,80050.0
577,1816.0,-32768.0,21352.0,-2992.0,-29598.0,-1109.0,-12906.0,80057.0
578,2256.0,-32768.0,23588.0,-2960.0,-27074.0,-274.0,-12484.0,80063.0
579,1876.0,-32768.0,25040.0,-2960.0,-24388.0,461.0,-12170.0,80069.0
580,396.0,-32768.0,26988.0,-2960.0,-21445.0,1360.0,-11484.0,80075.0
581,-3232.0,-32768.0,29812.0,-2960.0,-18309.0,2363.0,-10390.0,80081.0
582,-6956.0,-31564.0,32316.0,-3008.0,-14925.0,2960.0,-8989.0,80088.0
583,-9992.0,-30388.0,32767.0,-2960.0,-11340.0,2851.0,-7248.0,80095.0
584,-11832.0,-29168.0,32767.0,-2992.0,-7627.0,2143.0,-5112.0,80101.0
585,-12044.0,-28288.0,32767.0,-2976.0,-3647.0,1524.0,-2617.0,80107.0
586,-11688.0,-27524.0,32767.0,-2976.0,320.0,1159.0,-267.0,80113.0
587,-11276.0,-26624.0,32767.0,-2992.0,4037.0,859.0,1732.0,80119.0
588,-12168.0,-26644.0,32767.0,-2976.0,7624.0,131.0,3209.0,80125.0
589,-11688.0,-29412.0,32604.0,-2944.0,11406.0,-1496.0,2149.0,80132.0
590,-14452.0,-23812.0,30560.0,-2976.0,13359.0,-4543.0,8675.0,80138.0
591,-8052.0,-24044.0,24944.0,-2976.0,16047.0,-6728.0,6648.0,80144.0
592,-12124.0,-21732.0,19076.0,-2960.0,16941.0,-9253.0,4890.0,80150.0
593,2344.0,-4952.0,-18776.0,-2944.0,11522.0,-12535.0,1542.0,80156.0
594,32767.0,-5776.0,-32768.0,-2960.0,-2494.0,-17295.0,-14524.0,80162.0
595,32767.0,-32768.0,-32768.0,-2960.0,3321.0,-27816.0,-19313.0,80168.0
596,10492.0,-32768.0,-3792.0,-2960.0,20011.0,-19704.0,10077.0,80176.0
597,-14620.0,-32768.0,18448.0,-2960.0,22618.0,12320.0,19371.0,80182.0
598,-32768.0,-32768.0,32767.0,-2976.0,22569.0,21390.0,16300.0,80188.0
599,-24768.0,-32768.0,30600.0,-2960.0,22773.0,5308.0,5262.0,80194.0
600,-16796.0,-27940.0,2300.0,-2928.0,21112.0,-12880.0,-2454.0,80201.0
601,564.0,-15236.0,-14004.0,-2976.0,19677.0,-18147.0,-1283.0,80207.0
602,19284.0,-5292.0,-7724.0,-2928.0,19883.0,-18717.0,-140.0,80214.0
603,18348.0,-7688.0,4188.0,-2960.0,20815.0,-18275.0,973.0,80220.0
604,17240.0,-2664.0,12536.0,-2992.0,15931.0,-11282.0,208.0,80226.0
605,3728.0,-11304.0,6012.0,-2960.0,13587.0,-5990.0,733.0,80232.0
606,4920.0,-13592.0,1024.0,-2976.0,12723.0,-7837.0,117.0,80238.0
607,6604.0,-16676.0,880.0,-2960.0,12421.0,-9569.0,-748.0,80244.0
608,7320.0,-20328.0,1528.0,-2992.0,12423.0,-6457.0,1390.0,80250.0
609,6788.0,-21984.0,1488.0,-2976.0,12564.0,-1361.0,2673.0,80257.0
610,4140.0,-21776.0,628.0,-2976.0,12662.0,1901.0,2670.0,80263.0
611,1288.0,-20824.0,-308.0,-2976.0,12933.0,2832.0,2344.0,80269.0
612,92.0,-18932.0,-1016.0,-2960.0,13001.0,2920.0,1453.0,80274.0
613,440.0,-16768.0,-584.0,-2960.0,12681.0,2647.0,410.0,80280.0
614,832.0,-15840.0,788.0,-2960.0,12052.0,2879.0,417.0,80286.0
615,1380.0,-15320.0,1796.0,-2992.0,11255.0,4045.0,662.0,80292.0
616,1764.0,-14628.0,1644.0,-3008.0,10347.0,5148.0,219.0,80299.0
617,2124.0,-13768.0,752.0,-2992.0,9412.0,5236.0,-499.0,80305.0
618,2896.0,-13808.0,-52.0,-2960.0,8773.0,4692.0,-860.0,80311.0
619,3276.0,-14476.0,-580.0,-2992.0,8475.0,4153.0,-1067.0,80316.0
620,2508.0,-15700.0,-208.0,-2992.0,8293.0,3871.0,-1105.0,80322.0
621,1864.0,-16508.0,248.0,-2960.0,8098.0,3590.0,-1150.0,80328.0
622,2060.0,-16928.0,-192.0,-2976.0,7891.0,3097.0,-1373.0,80334.0
623,2860.0,-16420.0,-712.0,-2976.0,7820.0,2482.0,-1570.0,80340.0
624,3752.0,-15260.0,-812.0,-2960.0,7579.0,1763.0,-1668.0,80347.0
625,4800.0,-14600.0,-252.0,-2992.0,7146.0,1267.0,-1641.0,80353.0
626,6072.0,-14848.0,124.0,-2976.0,6778.0,1196.0,-1343.0,80359.0
627,7276.0,-14912.0,-16.0,-2976.0,6490.0,1829.0,-809.0,80364.0
628,7368.0,-14844.0,-80.0,-3008.0,6209.0,2980.0,-340.0,80370.0
629,6536.0,-14528.0,180.0,-2992.0,5931.0,4016.0,-13.0,80376.0
630,5260.0,-14720.0,464.0,-2992.0,5707.0,4618.0,123.0,80382.0
631,4060.0,-15328.0,596.0,-2992.0,5543.0,4780.0,153.0,80389.0
632,3452.0,-16040.0,-12.0,-2976.0,5515.0,4678.0,5.0,80394.0
633,2928.0,-16116.0,-724.0,-2992.0,5575.0,4410.0,-274.0,80400.0
634,2744.0,-15904.0,-828.0,-2976.0,5443.0,3961.0,-415.0,80406.0
635,2644.0,-16124.0,-972.0,-3008.0,5277.0,3651.0,-397.0,80412.0
636,2576.0,-16752.0,-936.0,-2976.0,5239.0,3324.0,-457.0,80417.0
637,2548.0,-16752.0,-720.0,-3008.0,5214.0,3017.0,-535.0,80423.0
638,2772.0,-16676.0,-756.0,-2960.0,5212.0,2592.0,-650.0,80430.0
639,3344.0,-16568.0,-516.0,-2992.0,5229.0,2209.0,-674.0,80436.0
640,3928.0,-16232.0,-420.0,-2992.0,5225.0,1928.0,-585.0,80442.0
641,4456.0,-15880.0,48.0,-2960.0,5180.0,1831.0,-435.0,80447.0
642,4872.0,-15776.0,112.0,-2992.0,5165.0,1886.0,-358.0,80453.0
643,5348.0,-15964.0,8.0,-2976.0,5177.0,1903.0,-216.0,80459.0
644,5792.0,-15872.0,180.0,-2992.0,5187.0,2050.0,3.0,80465.0
645,5752.0,-15920.0,128.0,-2976.0,5189.0,2417.0,164.0,80471.0
646,5412.0,-16100.0,488.0,-2992.0,5224.0,2806.0,334.0,80477.0
647,5112.0,-16296.0,360.0,-2992.0,5337.0,3202.0,466.0,80483.0
648,4876.0,-16212.0,232.0,-2992.0,5432.0,3483.0,507.0,80489.0
649,4652.0,-16168.0,528.0,-2976.0,5542.0,3598.0,528.0,80494.0
650,4396.0,-16476.0,560.0,-2976.0,5668.0,3656.0,595.0,80500.0
651,4100.0,-16608.0,488.0,-2960.0,5772.0,3736.0,661.0,80506.0
652,3676.0,-16644.0,748.0,-2960.0,5915.0,3538.0,643.0,80513.0
653,3796.0,-16592.0,772.0,-2976.0,6059.0,3278.0,617.0,80519.0
654,4160.0,-16476.0,832.0,-3008.0,6143.0,3037.0,692.0,80524.0
655,4468.0,-16696.0,852.0,-2960.0,6295.0,3098.0,767.0,80530.0
656,4736.0,-16804.0,828.0,-2960.0,6455.0,3313.0,815.0,80536.0
657,4692.0,-16776.0,1108.0,-3024.0,6572.0,3591.0,917.0,80542.0
658,4520.0,-17256.0,1160.0,-2992.0,6788.0,3898.0,975.0,80547.0
659,4384.0,-17260.0,1152.0,-2960.0,6954.0,4020.0,1077.0,80553.0
660,4308.0,-17276.0,928.0,-2992.0,7167.0,3991.0,1093.0,80560.0
661,4228.0,-17004.0,860.0,-2960.0,7408.0,3993.0,1156.0,80566.0
662,4312.0,-17212.0,1412.0,-2960.0,7638.0,4040.0,1139.0,80572.0
663,4244.0,-17220.0,1332.0,-3008.0,7872.0,4117.0,1191.0,80578.0
664,4416.0,-17900.0,1688.0,-2976.0,8020.0,4130.0,1224.0,80584.0
665,9932.0,-15556.0,712.0,-2960.0,8253.0,4173.0,-198.0,80590.0
666,5168.0,-17084.0,732.0,-2992.0,8496.0,4275.0,1604.0,80595.0
667,5524.0,-17976.0,2480.0,-2992.0,8707.0,5249.0,1620.0,80602.0
668,3932.0,-17396.0,2216.0,-2960.0,8915.0,5665.0,1488.0,80608.0
669,3304.0,-17840.0,1904.0,-2976.0,9247.0,5230.0,2195.0,80614.0
670,3272.0,-18276.0,1996.0,-2976.0,9504.0,5331.0,2512.0,80620.0
671,3316.0,-18844.0,2396.0,-2960.0,9813.0,5207.0,2624.0,80626.0
672,3188.0,-19504.0,2380.0,-2960.0,10142.0,4714.0,2994.0,80632.0
673,3112.0,-20000.0,2356.0,-3008.0,10486.0,4425.0,3280.0,80638.0
674,2636.0,-20284.0,2604.0,-2992.0,10860.0,4250.0,3638.0,80644.0
675,2520.0,-20528.0,2612.0,-2976.0,11206.0,4132.0,3934.0,80650.0
676,1908.0,-20768.0,2804.0,-2992.0,11612.0,4038.0,4267.0,80656.0
677,1572.0,-21288.0,2960.0,-2960.0,12006.0,3924.0,4586.0,80662.0
678,1496.0,-21576.0,2948.0,-3008.0,12403.0,3818.0,4918.0,80668.0
679,1560.0,-22056.0,3056.0,-3024.0,12877.0,3772.0,5269.0,80674.0
680,1840.0,-22184.0,2924.0,-2976.0,13356.0,3773.0,5652.0,80680.0
681,1284.0,-21848.0,3472.0,-2992.0,13735.0,3912.0,5847.0,80687.0
682,3672.0,-22728.0,2820.0,-2976.0,14422.0,3541.0,6688.0,80693.0
683,1992.0,-22464.0,2460.0,-2960.0,14836.0,3734.0,6571.0,80699.0
684,3856.0,-23028.0,2368.0,-2944.0,15403.0,3518.0,7260.0,80705.0
685,4944.0,-23344.0,1992.0,-2992.0,15949.0,3940.0,7555.0,80711.0
686,6120.0,-23380.0,1760.0,-2960.0,16530.0,4315.0,7903.0,80717.0
687,7284.0,-23824.0,1608.0,-2992.0,17178.0,4822.0,8105.0,80723.0
688,8360.0,-24484.0,1696.0,-2976.0,17822.0,5390.0,8267.0,80730.0
689,8288.0,-25432.0,1800.0,-2976.0,18497.0,6255.0,8665.0,80736.0
690,6060.0,-26280.0,3708.0,-2992.0,19092.0,7349.0,9805.0,80741.0
691,4936.0,-29500.0,3716.0,-2976.0,19332.0,7397.0,10975.0,80747.0
692,6116.0,-32768.0,2612.0,-2992.0,19803.0,7268.0,11592.0,80753.0
693,8248.0,-32768.0,928.0,-2992.0,20395.0,7427.0,11699.0,80759.0
694,11020.0,-32676.0,-1812.0,-2992.0,20837.0,7838.0,11645.0,80765.0
695,14652.0,-32656.0,-5752.0,-2976.0,21001.0,9151.0,11279.0,80772.0
696,17908.0,-32768.0,-9164.0,-2960.0,20826.0,11132.0,10668.0,80778.0
697,19784.0,-32768.0,-13432.0,-2944.0,20956.0,14183.0,9893.0,80784.0
698,17140.0,-32768.0,-17540.0,-2976.0,21661.0,16796.0,9766.0,80791.0
699,12664.0,-32768.0,-19800.0,-2992.0,21642.0,17719.0,10464.0,80797.0
700,9264.0,-31756.0,-20916.0,-2992.0,20871.0,18949.0,11164.0,80803.0
701,6244.0,-29412.0,-20836.0,-2960.0,19905.0,19615.0,11178.0,80809.0
702,1344.0,-26072.0,-19280.0,-2944.0,18642.0,18552.0,11802.0,80816.0
703,-1636.0,-22580.0,-14540.0,-2944.0,17204.0,16276.0,12132.0,80822.0
704,-3028.0,-21064.0,-2044.0,-2960.0,16903.0,12812.0,12888.0,80828.0
705,-2784.0,-20528.0,8484.0,-2992.0,16878.0,9486.0,13450.0,80834.0
706,-2052.0,-19356.0,7336.0,-2992.0,15278.0,4372.0,12417.0,80840.0
707,-828.0,-19448.0,2484.0,-2944.0,12631.0,-1612.0,10763.0,80846.0
708,1580.0,-21924.0,68.0,-2992.0,10624.0,-6435.0,8650.0,80852.0
709,2828.0,-26848.0,5916.0,-2976.0,11523.0,-9885.0,6826.0,80859.0
710,1104.0,-31116.0,8336.0,-2992.0,14102.0,-11126.0,9450.0,80865.0
711,5408.0,-27212.0,6092.0,-2992.0,16162.0,-9071.0,7744.0,80871.0
712,9876.0,-20424.0,9196.0,-3008.0,14709.0,-6210.0,9226.0,80877.0
713,3180.0,-16060.0,-564.0,-2992.0,16152.0,-6258.0,4023.0,80883.0
714,3292.0,-7988.0,-2184.0,-2944.0,13494.0,-6625.0,6368.0,80889.0
715,7776.0,-4052.0,-3028.0,-2976.0,9909.0,-5483.0,7683.0,80896.0
716,11152.0,-4848.0,-4352.0,-2992.0,6962.0,-2409.0,6814.0,80902.0
717,10916.0,-5300.0,-6920.0,-2960.0,4866.0,784.0,4505.0,80908.0
718,8168.0,-4356.0,-8864.0,-2976.0,2857.0,3104.0,3090.0,80914.0
719,6860.0,-2988.0,-9484.0,-2976.0,904.0,4171.0,2903.0,80920.0
720,5972.0,-1272.0,-9464.0,-2976.0,-1094.0,4616.0,2737.0,80925.0
721,5116.0,-788.0,-8876.0,-2944.0,-2665.0,4708.0,1790.0,80931.0
722,2200.0,-1352.0,-6764.0,-3008.0,-3995.0,4674.0,3064.0,80937.0
723,3360.0,-892.0,-6328.0,-2976.0,-5369.0,5344.0,1725.0,80944.0
724,148.0,-628.0,-5884.0,-2976.0,-7024.0,4944.0,208.0,80950.0
725,-1568.0,-344.0,-5592.0,-2992.0,-8759.0,3702.0,-445.0,80955.0
726,-2076.0,96.0,-5612.0,-3008.0,-10565.0,1993.0,-1407.0,80961.0
727,-2272.0,300.0,-5512.0,-3008.0,-12427.0,-164.0,-2637.0,80967.0
728,-2332.0,48.0,-5804.0,-2944.0,-14075.0,-2448.0,-3662.0,80973.0
729,-1976.0,-312.0,-5800.0,-2960.0,-15702.0,-4472.0,-4379.0,80979.0
730,-1456.0,-1044.0,-5868.0,-2960.0,-17222.0,-6066.0,-4906.0,80986.0
731,-896.0,-1564.0,-6108.0,-2976.0,-18849.0,-7222.0,-5439.0,80992.0
732,-264.0,-1924.0,-6300.0,-2960.0,-20426.0,-8067.0,-5865.0,80997.0
733,180.0,-2508.0,-6284.0,-2992.0,-21846.0,-8756.0,-6022.0,81003.0
734,968.0,-2924.0,-6612.0,-2976.0,-23306.0,-9203.0,-6028.0,81009.0
735,1536.0,-3276.0,-6832.0,-2992.0,-24776.0,-9587.0,-6244.0,81015.0
736,1492.0,-3772.0,-6648.0,-2944.0,-26210.0,-10049.0,-6527.0,81021.0
737,1504.0,-4344.0,-6416.0,-2992.0,-27569.0,-10557.0,-6736.0,81028.0
738,1656.0,-5016.0,-6088.0,-2976.0,-28976.0,-11059.0,-6943.0,81034.0
739,2160.0,-5612.0,-6304.0,-2976.0,-30460.0,-11395.0,-7193.0,81040.0
740,2812.0,-6568.0,-5904.0,-2960.0,-31952.0,-11636.0,-7504.0,81046.0
741,3708.0,-8040.0,-5656.0,-2976.0,-32768.0,-11525.0,-7777.0,81052.0
742,4696.0,-9532.0,-4824.0,-3008.0,-32768.0,-11222.0,-8012.0,81058.0
743,5688.0,-11212.0,-3828.0,-2960.0,-32768.0,-10605.0,-8195.0,81064.0
744,6912.0,-12584.0,-3288.0,-2992.0,-32768.0,-9472.0,-8496.0,81071.0
745,8124.0,-13504.0,-3268.0,-2976.0,-32768.0,-8006.0,-8847.0,81077.0
746,9000.0,-14340.0,-3760.0,-2992.0,-32768.0,-6317.0,-9243.0,81083.0
747,8940.0,-15724.0,-3396.0,-2992.0,-32768.0,-4505.0,-9579.0,81089.0
748,8612.0,-17220.0,-2636.0,-2960.0,-32768.0,-3028.0,-9793.0,81095.0
749,8256.0,-18660.0,-1864.0,-2976.0,-32768.0,-1855.0,-9973.0,81101.0
750,7864.0,-19812.0,-1132.0,-2992.0,-32768.0,-704.0,-10225.0,81107.0
751,7272.0,-21424.0,-1320.0,-2992.0,-32768.0,207.0,-10527.0,81114.0
752,6876.0,-23360.0,-1168.0,-2944.0,-32768.0,931.0,-10910.0,81120.0
753,7044.0,-25204.0,-928.0,-2976.0,-32768.0,1490.0,-11411.0,81126.0
754,7336.0,-26948.0,-432.0,-2992.0,-32768.0,2033.0,-11941.0,81132.0
755,7624.0,-28616.0,176.0,-2992.0,-32768.0,2676.0,-12606.0,81138.0
756,7640.0,-30444.0,1180.0,-2992.0,-32768.0,3279.0,-13606.0,81144.0
757,6172.0,-32360.0,3160.0,-2960.0,-32768.0,3538.0,-14522.0,81150.0
758,3616.0,-32768.0,5144.0,-2976.0,-32768.0,3140.0,-15390.0,81157.0
759,964.0,-32768.0,6860.0,-3008.0,-32768.0,2044.0,-16394.0,81163.0
760,-808.0,-32768.0,8496.0,-2976.0,-32768.0,548.0,-17412.0,81169.0
761,-1296.0,-32768.0,9720.0,-2960.0,-32768.0,-1046.0,-18279.0,81175.0
762,-608.0,-32768.0,10692.0,-2976.0,-32768.0,-2481.0,-18754.0,81181.0
763,376.0,-32768.0,11688.0,-2992.0,-32768.0,-3448.0,-18508.0,81188.0
764,1768.0,-32768.0,13952.0,-2976.0,-32768.0,-3804.0,-17668.0,81195.0
765,3320.0,-32768.0,16120.0,-2992.0,-32768.0,-3445.0,-16510.0,81201.0
766,4924.0,-32768.0,18560.0,-2992.0,-32754.0,-2492.0,-15364.0,81207.0
767,6420.0,-32768.0,21760.0,-3008.0,-30349.0,-1072.0,-14356.0,81214.0
768,7064.0,-32768.0,24388.0,-2992.0,-27563.0,836.0,-13475.0,81220.0
769,6508.0,-32768.0,27320.0,-2992.0,-24607.0,3130.0,-12599.0,81226.0
770,3320.0,-32768.0,30120.0,-3008.0,-21628.0,5671.0,-11580.0,81232.0
771,-504.0,-32452.0,32184.0,-2976.0,-18729.0,7809.0,-10553.0,81239.0
772,-4360.0,-31488.0,32767.0,-2992.0,-15569.0,9275.0,-9202.0,81245.0
773,-7652.0,-30308.0,32767.0,-2976.0,-12059.0,9935.0,-7468.0,81251.0
774,-9876.0,-29236.0,32767.0,-2944.0,-8308.0,9944.0,-5220.0,81258.0
775,-10140.0,-26948.0,32767.0,-2976.0,-4412.0,9793.0,-2874.0,81264.0
776,-13496.0,-28224.0,32767.0,-2976.0,-31.0,8654.0,963.0,81270.0
777,-10976.0,-28212.0,32767.0,-2992.0,4356.0,7901.0,1961.0,81276.0
778,-15688.0,-26256.0,32767.0,-2976.0,7773.0,6253.0,2185.0,81283.0
779,-18564.0,-25544.0,32292.0,-2976.0,10980.0,2856.0,4012.0,81289.0
780,-19352.0,-24112.0,29460.0,-2976.0,13538.0,-1022.0,3332.0,81295.0
781,-18832.0,-23068.0,26584.0,-2944.0,15623.0,-5335.0,4945.0,81301.0
782,-16108.0,-22096.0,23184.0,-2976.0,17297.0,-8906.0,5120.0,81307.0
783,-15068.0,-19944.0,15824.0,-2976.0,18263.0,-12525.0,5276.0,81313.0
784,-8020.0,-7768.0,-18756.0,-2960.0,12825.0,-15616.0,3692.0,81319.0
785,32767.0,-1500.0,-32768.0,-3008.0,-8995.0,-17646.0,-16495.0,81326.0
786,32767.0,-32768.0,-32768.0,-2976.0,3225.0,-29293.0,-25523.0,81333.0
787,15036.0,-32768.0,-6096.0,-2976.0,20006.0,-20617.0,14619.0,81339.0
788,-10276.0,-32152.0,28580.0,-2960.0,22009.0,11370.0,20319.0,81345.0
789,-32768.0,-32768.0,32767.0,-2976.0,22742.0,14198.0,15045.0,81351.0
790,-32768.0,-32768.0,32767.0,-2992.0,22580.0,1791.0,5856.0,81358.0
791,-32768.0,-29376.0,-472.0,-2992.0,18564.0,-11848.0,-612.0,81364.0
792,-7952.0,-10708.0,-23396.0,-2976.0,15768.0,-16654.0,322.0,81371.0
793,18888.0,1516.0,-13936.0,-2976.0,14751.0,-15638.0,-1207.0,81377.0
794,29400.0,356.0,4380.0,-2960.0,14888.0,-13214.0,-4034.0,81383.0
795,23172.0,-10016.0,12072.0,-2976.0,14293.0,-8779.0,-3119.0,81389.0
796,11020.0,-17008.0,7532.0,-2976.0,13244.0,-3680.0,-574.0,81395.0
797,6856.0,-14600.0,1500.0,-2960.0,12045.0,-3722.0,-937.0,81401.0
798,6696.0,-14924.0,-328.0,-2976.0,11544.0,-6460.0,-1055.0,81408.0
799,6864.0,-17740.0,1260.0,-2992.0,11499.0,-5711.0,529.0,81414.0
800,5988.0,-18744.0,1204.0,-2976.0,11509.0,-2248.0,1454.0,81420.0
801,4660.0,-18868.0,348.0,-2960.0,11661.0,-481.0,1558.0,81426.0
802,3732.0,-19096.0,160.0,-2992.0,12076.0,-747.0,1428.0,81432.0
803,3824.0,-19044.0,752.0,-2976.0,12281.0,-1622.0,1322.0,81438.0
804,4260.0,-18344.0,612.0,-2960.0,12034.0,-1971.0,1417.0,81444.0
805,4464.0,-17964.0,728.0,-2992.0,11664.0,-1199.0,1877.0,81449.0
806,4536.0,-16716.0,1152.0,-2976.0,11079.0,798.0,2149.0,81456.0
807,3468.0,-15324.0,1496.0,-2992.0,10246.0,3330.0,1985.0,81462.0
808,1572.0,-14820.0,1560.0,-2976.0,9357.0,5367.0,1484.0,81468.0
809,-604.0,-15200.0,184.0,-2992.0,8711.0,5774.0,716.0,81474.0
810,-1488.0,-16116.0,-784.0,-2976.0,8555.0,4989.0,-120.0,81480.0
811,-760.0,-16312.0,-1032.0,-2976.0,8585.0,3405.0,-986.0,81486.0
812,692.0,-15868.0,-352.0,-2976.0,8441.0,1720.0,-1459.0,81492.0
813,2496.0,-16092.0,-72.0,-2976.0,8146.0,367.0,-1495.0,81499.0
814,3892.0,-16300.0,-48.0,-3008.0,7906.0,-466.0,-1409.0,81504.0
815,5048.0,-16460.0,-724.0,-2976.0,7886.0,-616.0,-1332.0,81510.0
816,6228.0,-15832.0,-972.0,-2976.0,7865.0,-380.0,-1269.0,81516.0
817,7016.0,-14888.0,-656.0,-2976.0,7697.0,-81.0,-1111.0,81522.0
818,7620.0,-14748.0,-80.0,-2976.0,7353.0,554.0,-639.0,81528.0
819,7816.0,-15204.0,116.0,-2992.0,7044.0,1772.0,-11.0,81533.0
820,7612.0,-15092.0,-152.0,-3008.0,6733.0,3015.0,493.0,81540.0
821,6652.0,-14668.0,28.0,-3008.0,6382.0,4129.0,816.0,81546.0
822,5392.0,-15048.0,-32.0,-2992.0,6119.0,4679.0,885.0,81552.0
823,4100.0,-15192.0,-72.0,-2992.0,5962.0,4641.0,931.0,81557.0
824,3580.0,-15684.0,-16.0,-2960.0,5880.0,4426.0,932.0,81563.0
825,3304.0,-16216.0,-640.0,-2976.0,5953.0,4176.0,773.0,81569.0
826,3192.0,-16492.0,-856.0,-2976.0,6196.0,3597.0,618.0,81575.0
827,3368.0,-16488.0,-428.0,-3008.0,6395.0,3057.0,528.0,81582.0
828,3412.0,-16516.0,-620.0,-2992.0,6551.0,2717.0,337.0,81587.0
829,3828.0,-16460.0,-196.0,-2992.0,6770.0,2354.0,234.0,81593.0
830,4484.0,-16440.0,-140.0,-3024.0,6937.0,2134.0,150.0,81599.0
831,5188.0,-16228.0,-632.0,-3008.0,7083.0,2257.0,206.0,81605.0
832,5712.0,-15612.0,-668.0,-2976.0,7210.0,2689.0,323.0,81611.0
833,5472.0,-15252.0,-472.0,-3024.0,7150.0,3240.0,459.0,81616.0
834,5112.0,-15424.0,-44.0,-2960.0,7086.0,3631.0,626.0,81623.0
835,4808.0,-15408.0,-164.0,-3008.0,7030.0,3822.0,740.0,81629.0
836,4600.0,-15608.0,148.0,-3008.0,6924.0,3833.0,843.0,81635.0
837,4484.0,-15860.0,408.0,-2992.0,6843.0,3753.0,902.0,81640.0
838,4484.0,-15924.0,596.0,-2992.0,6785.0,3561.0,999.0,81646.0
839,4324.0,-16092.0,444.0,-2992.0,6813.0,3390.0,962.0,81652.0
840,4100.0,-16072.0,836.0,-2976.0,6807.0,3293.0,924.0,81658.0
841,3912.0,-16072.0,988.0,-3024.0,6754.0,3248.0,887.0,81665.0
842,3696.0,-16244.0,908.0,-2960.0,6744.0,3224.0,840.0,81670.0
843,3668.0,-16160.0,1248.0,-2992.0,6697.0,3020.0,825.0,81676.0
844,4024.0,-16068.0,1624.0,-2992.0,6604.0,2812.0,768.0,81682.0
845,4276.0,-16276.0,1692.0,-2992.0,6542.0,2778.0,729.0,81688.0
846,4264.0,-16476.0,1716.0,-3024.0,6474.0,2879.0,777.0,81694.0
847,4604.0,-16584.0,1980.0,-2992.0,6489.0,2989.0,761.0,81699.0
848,4552.0,-16700.0,1948.0,-3024.0,6445.0,3132.0,796.0,81705.0
849,5176.0,-16748.0,2084.0,-2992.0,6379.0,3247.0,700.0,81712.0
850,5380.0,-17204.0,1940.0,-2992.0,6403.0,3441.0,779.0,81718.0
851,5716.0,-16844.0,1672.0,-2992.0,6475.0,3750.0,764.0,81724.0
852,6308.0,-17040.0,1692.0,-2992.0,6530.0,4216.0,589.0,81730.0
853,8228.0,-17556.0,996.0,-2992.0,6582.0,4637.0,-132.0,81735.0
854,7044.0,-16052.0,1032.0,-2960.0,6619.0,4926.0,479.0,81741.0
855,5852.0,-16844.0,2072.0,-2960.0,6777.0,5837.0,756.0,81747.0
856,4416.0,-17468.0,2592.0,-2960.0,6915.0,6579.0,529.0,81754.0
857,4648.0,-17132.0,2200.0,-2992.0,7131.0,6301.0,388.0,81760.0
858,5172.0,-17200.0,1888.0,-2992.0,7356.0,6158.0,566.0,81766.0
859,5312.0,-17760.0,1924.0,-2992.0,7628.0,6556.0,751.0,81771.0
860,4776.0,-18344.0,1932.0,-2992.0,8011.0,6963.0,947.0,81777.0
861,3820.0,-18696.0,1724.0,-2992.0,8485.0,7022.0,1291.0,81783.0
862,2936.0,-18928.0,1496.0,-2976.0,9022.0,6877.0,1711.0,81789.0
863,2184.0,-19276.0,1552.0,-2976.0,9563.0,6457.0,2039.0,81796.0
864,1756.0,-19768.0,1808.0,-2992.0,10144.0,5804.0,2482.0,81802.0
865,1400.0,-20324.0,2216.0,-3008.0,10749.0,5204.0,2942.0,81808.0
866,1220.0,-20668.0,2624.0,-2992.0,11310.0,4634.0,3404.0,81814.0
867,1484.0,-20796.0,2768.0,-2960.0,11843.0,4026.0,3833.0,81820.0
868,1460.0,-21024.0,2828.0,-3040.0,12380.0,3513.0,4236.0,81826.0
869,1776.0,-21380.0,2944.0,-2992.0,12879.0,3177.0,4640.0,81831.0
870,2344.0,-21796.0,3040.0,-2976.0,13410.0,2954.0,5035.0,81838.0
871,2716.0,-22328.0,3168.0,-2960.0,13745.0,3035.0,5484.0,81844.0
872,2976.0,-22860.0,2916.0,-2992.0,14326.0,3211.0,5886.0,81850.0
873,3152.0,-23244.0,2892.0,-2992.0,14866.0,3390.0,6310.0,81856.0
874,3396.0,-23380.0,2876.0,-2992.0,15440.0,3594.0,6718.0,81862.0
875,3912.0,-23660.0,2492.0,-2976.0,16042.0,3868.0,7032.0,81868.0
876,4480.0,-24080.0,2436.0,-2992.0,16645.0,4113.0,7350.0,81874.0
877,5364.0,-24504.0,2068.0,-2976.0,17304.0,4401.0,7675.0,81881.0
878,6452.0,-25144.0,1876.0,-2960.0,17958.0,4798.0,7864.0,81887.0
879,7800.0,-25772.0,2488.0,-2976.0,18661.0,5452.0,8310.0,81893.0
880,8252.0,-25908.0,2200.0,-3008.0,19264.0,6391.0,8234.0,81899.0
881,7076.0,-27708.0,2672.0,-2960.0,20128.0,7379.0,9916.0,81905.0
882,6208.0,-29156.0,3952.0,-2976.0,20482.0,8089.0,10457.0,81911.0
883,6408.0,-32768.0,3068.0,-2976.0,20909.0,8200.0,11365.0,81917.0
884,8600.0,-32768.0,1264.0,-2960.0,21439.0,8239.0,11598.0,81924.0
885,11524.0,-32768.0,-1028.0,-3008.0,21814.0,8814.0,11526.0,81930.0
886,14952.0,-32768.0,-4420.0,-2976.0,21661.0,9962.0,11095.0,81936.0
887,18940.0,-32768.0,-9560.0,-3008.0,21352.0,12406.0,10416.0,81942.0
888,20200.0,-32768.0,-14832.0,-3008.0,21766.0,15556.0,10074.0,81948.0
889,18244.0,-32768.0,-18500.0,-2992.0,22239.0,17268.0,10390.0,81954.0
890,14636.0,-32768.0,-20872.0,-2992.0,21746.0,18171.0,10813.0,81960.0
891,11724.0,-30456.0,-22340.0,-2992.0,20691.0,20000.0,10820.0,81967.0
892,8756.0,-27748.0,-21516.0,-2992.0,19383.0,21229.0,10616.0,81974.0
893,3644.0,-26216.0,-18516.0,-2992.0,18051.0,21101.0,11496.0,81980.0
894,-692.0,-22892.0,-10560.0,-2976.0,17077.0,19563.0,11179.0,81986.0
895,-5092.0,-20920.0,2168.0,-2944.0,17038.0,16147.0,11908.0,81992.0
896,-5592.0,-19200.0,8348.0,-3008.0,16576.0,11581.0,12185.0,81998.0
897,-4508.0,-16988.0,5096.0,-3008.0,14180.0,5354.0,11057.0,82004.0
898,-1596.0,-17196.0,968.0,-3008.0,10977.0,-686.0,9234.0,82011.0
899,2236.0,-20184.0,1060.0,-2976.0,9253.0,-4699.0,6991.0,82017.0
900,3264.0,-23076.0,5828.0,-2960.0,10263.0,-7059.0,6271.0,82023.0
901,2752.0,-28736.0,8152.0,-2976.0,13407.0,-6627.0,5870.0,82029.0
902,2360.0,-26504.0,6256.0,-2960.0,15539.0,-4888.0,6693.0,82035.0
903,3408.0,-18480.0,2964.0,-2976.0,15366.0,-3951.0,7270.0,82041.0
904,4332.0,-10980.0,40.0,-2960.0,13879.0,-3191.0,7305.0,82048.0
905,4768.0,-5636.0,-2576.0,-2960.0,11282.0,-2715.0,6566.0,82054.0
906,6356.0,-3120.0,-3580.0,-2976.0,8257.0,-2526.0,5495.0,82059.0
907,7756.0,-3244.0,-3876.0,-2976.0,5537.0,-857.0,4521.0,82065.0
908,8012.0,-3740.0,-5880.0,-2944.0,3250.0,1482.0,3305.0,82071.0
909,6972.0,-3576.0,-8304.0,-2976.0,1317.0,3400.0,2250.0,82077.0
910,5600.0,-3176.0,-9224.0,-2992.0,-463.0,4444.0,1423.0,82083.0
911,4004.0,-2424.0,-9304.0,-2976.0,-2038.0,4690.0,1046.0,82089.0
912,2684.0,-1508.0,-8464.0,-2976.0,-3612.0,4475.0,859.0,82095.0
913,1292.0,-932.0,-7540.0,-3008.0,-5070.0,3927.0,646.0,82101.0
914,464.0,-784.0,-6796.0,-2992.0,-6506.0,3200.0,323.0,82107.0
915,-872.0,-640.0,-6548.0,-2960.0,-8176.0,2289.0,-61.0,82113.0
916,-1944.0,-288.0,-6560.0,-2960.0,-9927.0,1254.0,-645.0,82118.0
917,-2500.0,-52.0,-6576.0,-3024.0,-11751.0,-152.0,-1527.0,82124.0
918,-2564.0,-212.0,-6164.0,-2992.0,-13468.0,-1907.0,-2482.0,82130.0
919,-2344.0,-684.0,-5536.0,-2960.0,-15022.0,-3613.0,-3349.0,82137.0
920,-1940.0,-1380.0,-4880.0,-2976.0,-16429.0,-5168.0,-4025.0,82143.0
921,-1432.0,-1940.0,-4672.0,-2992.0,-17804.0,-6335.0,-4526.0,82149.0
922,-1072.0,-2248.0,-4844.0,-2976.0,-19274.0,-7157.0,-5056.0,82155.0
923,-616.0,-2076.0,-5556.0,-2960.0,-20953.0,-7898.0,-5457.0,82161.0
924,352.0,-2140.0,-6360.0,-2992.0,-22751.0,-8533.0,-5784.0,82167.0
925,1140.0,-2404.0,-7264.0,-2976.0,-24588.0,-8939.0,-6193.0,82172.0
926,1640.0,-3532.0,-7224.0,-2960.0,-26116.0,-9449.0,-6550.0,82179.0
927,1860.0,-4556.0,-6572.0,-3008.0,-27333.0,-9656.0,-6711.0,82185.0
928,2108.0,-5344.0,-6160.0,-2992.0,-28543.0,-9709.0,-6841.0,82191.0
929,2416.0,-5932.0,-6216.0,-2976.0,-29861.0,-9674.0,-7027.0,82197.0
930,3000.0,-6368.0,-6072.0,-2992.0,-31286.0,-9515.0,-7312.0,82203.0
931,3616.0,-7420.0,-6332.0,-2960.0,-32603.0,-9429.0,-7645.0,82209.0
932,4328.0,-9040.0,-5936.0,-2960.0,-32768.0,-9145.0,-7938.0,82215.0
933,5052.0,-10480.0,-5428.0,-2976.0,-32768.0,-8621.0,-8223.0,82222.0
934,6036.0,-11820.0,-5184.0,-2992.0,-32768.0,-7932.0,-8443.0,82228.0
935,7072.0,-13256.0,-4428.0,-3008.0,-32768.0,-6797.0,-8641.0,82234.0
936,7716.0,-14364.0,-4132.0,-2976.0,-32768.0,-5068.0,-8923.0,82240.0
937,8092.0,-15376.0,-3676.0,-2992.0,-32768.0,-3206.0,-9352.0,82246.0
938,8048.0,-16488.0,-3340.0,-2976.0,-32768.0,-1264.0,-9861.0,82252.0
939,7528.0,-17952.0,-2980.0,-2960.0,-32768.0,318.0,-10373.0,82258.0
940,7216.0,-19784.0,-2380.0,-2960.0,-32768.0,1655.0,-10821.0,82265.0
941,6764.0,-21612.0,-1784.0,-2976.0,-32768.0,2729.0,-11205.0,82271.0
942,6520.0,-23356.0,-1140.0,-2976.0,-32768.0,3809.0,-11551.0,82277.0
943,6504.0,-25336.0,-580.0,-2992.0,-32768.0,4814.0,-11898.0,82283.0
944,6680.0,-27504.0,-312.0,-3008.0,-32768.0,5670.0,-12475.0,82289.0
945,6580.0,-29604.0,212.0,-3008.0,-32768.0,6316.0,-12904.0,82295.0
946,5796.0,-31436.0,1520.0,-2992.0,-32768.0,6499.0,-13590.0,82301.0
947,3836.0,-32768.0,3588.0,-2992.0,-32768.0,6165.0,-14297.0,82308.0
948,1072.0,-32768.0,6032.0,-2992.0,-32768.0,5160.0,-15256.0,82314.0
949,-1280.0,-32768.0,7484.0,-2976.0,-32768.0,3278.0,-16467.0,82320.0
950,-2920.0,-32768.0,9060.0,-2960.0,-32768.0,852.0,-17695.0,82326.0
951,-3544.0,-32768.0,10368.0,-2960.0,-32768.0,-1724.0,-18796.0,82333.0
952,-2636.0,-32768.0,11796.0,-2992.0,-32768.0,-4172.0,-19484.0,82339.0
953,-1124.0,-32768.0,13412.0,-2992.0,-32768.0,-5763.0,-19474.0,82345.0
954,800.0,-32768.0,15124.0,-2992.0,-32768.0,-6425.0,-18881.0,82352.0
955,2356.0,-32768.0,16748.0,-2992.0,-32768.0,-6478.0,-17798.0,82359.0
956,3540.0,-32768.0,19180.0,-2976.0,-31526.0,-5749.0,-16356.0,82365.0
957,4588.0,-32768.0,20720.0,-2976.0,-29352.0,-3846.0,-14609.0,82371.0
958,5576.0,-32768.0,22128.0,-2992.0,-27005.0,-1392.0,-12953.0,82377.0
959,5640.0,-32768.0,24376.0,-2976.0,-24533.0,1484.0,-11400.0,82384.0
960,4784.0,-30960.0,26024.0,-2992.0,-22175.0,4609.0,-10343.0,82391.0
961,3256.0,-29276.0,27936.0,-2960.0,-19957.0,7236.0,-9815.0,82397.0
962,928.0,-29600.0,30680.0,-3024.0,-17445.0,9062.0,-9451.0,82403.0
963,-1372.0,-30548.0,32716.0,-3008.0,-14472.0,9900.0,-8977.0,82409.0
964,-3384.0,-30008.0,32767.0,-2992.0,-11150.0,10006.0,-7979.0,82415.0
965,-5836.0,-29312.0,32767.0,-2976.0,-7512.0,10084.0,-6513.0,82421.0
966,-11116.0,-27924.0,32767.0,-2992.0,-3812.0,9616.0,-5024.0,82427.0
967,-12212.0,-27780.0,32767.0,-2992.0,264.0,8510.0,-88.0,82434.0
968,-14156.0,-26980.0,32767.0,-2976.0,4099.0,7078.0,1232.0,82440.0
969,-16608.0,-25544.0,32016.0,-2960.0,7327.0,4885.0,2310.0,82446.0
970,-18808.0,-24520.0,30576.0,-2960.0,10167.0,1687.0,2625.0,82452.0
971,-18732.0,-24064.0,28380.0,-2992.0,12643.0,-2213.0,3347.0,82458.0
972,-16376.0,-23592.0,25844.0,-2992.0,14782.0,-5896.0,3712.0,82465.0
973,-14256.0,-23048.0,22780.0,-2960.0,16603.0,-8994.0,3761.0,82471.0
974,-13668.0,-18516.0,13216.0,-2960.0,17472.0,-12496.0,4287.0,82478.0
975,-7304.0,-5308.0,-25600.0,-2992.0,11324.0,-15762.0,2904.0,82484.0
976,32767.0,6280.0,-32768.0,-2992.0,-9555.0,-17188.0,-13336.0,82490.0
977,32767.0,-32768.0,-32768.0,-2976.0,-195.0,-26834.0,-24009.0,82496.0
978,18924.0,-32768.0,-12020.0,-3008.0,18177.0,-28334.0,8187.0,82503.0
979,-1056.0,-25508.0,18520.0,-2976.0,18316.0,-1299.0,14205.0,82509.0
980,-28528.0,-31956.0,32767.0,-3008.0,19593.0,9794.0,12113.0,82515.0
981,-30932.0,-32768.0,32767.0,-3024.0,20821.0,3616.0,6739.0,82522.0
982,-26880.0,-32768.0,12224.0,-2992.0,19440.0,-8599.0,-581.0,82528.0
983,-9880.0,-23316.0,-13704.0,-2992.0,17099.0,-17544.0,-4520.0,82534.0
984,10076.0,-13432.0,-12364.0,-2992.0,17868.0,-22650.0,-3145.0,82541.0
985,25360.0,-6164.0,4496.0,-2960.0,18346.0,-20337.0,-1568.0,82547.0
986,18864.0,-6244.0,9908.0,-2992.0,15145.0,-10875.0,-2305.0,82553.0
987,5936.0,-12664.0,3256.0,-2992.0,13041.0,-5001.0,-220.0,82560.0
988,5840.0,-12564.0,-1956.0,-2992.0,12197.0,-6463.0,-651.0,82566.0
989,10248.0,-11840.0,-1776.0,-2976.0,11706.0,-9411.0,-1899.0,82572.0
990,12676.0,-14772.0,-28.0,-2960.0,11450.0,-7640.0,-144.0,82578.0
991,11148.0,-17556.0,-28.0,-2976.0,11518.0,-2612.0,1440.0,82584.0
992,6792.0,-18960.0,-916.0,-2976.0,11785.0,1182.0,2224.0,82590.0
993,2824.0,-19744.0,-764.0,-2992.0,12194.0,2264.0,2194.0,82596.0
994,1024.0,-18976.0,-696.0,-2976.0,12275.0,1947.0,1695.0,82603.0
995,2064.0,-17716.0,-260.0,-2992.0,11901.0,1600.0,1243.0,82609.0
996,3432.0,-18156.0,512.0,-2992.0,11647.0,2157.0,1176.0,82615.0
997,3180.0,-17756.0,1040.0,-3008.0,11429.0,3606.0,1293.0,82621.0
998,2084.0,-15572.0,868.0,-2960.0,10769.0,5177.0,1076.0,82627.0
999,844.0,-13792.0,1000.0,-2976.0,9757.0,6119.0,300.0,82632.0
1000,4.0,-13664.0,288.0,-3008.0,8902.0,5778.0,-522.0,82638.0
1001,104.0,-15488.0,-348.0,-2960.0,8622.0,4704.0,-1157.0,82644.0
1002,592.0,-16912.0,-1088.0,-2992.0,8770.0,3431.0,-1858.0,82651.0
1003,1200.0,-16700.0,-676.0,-3024.0,8743.0,1984.0,-2282.0,82657.0
1004,2204.0,-16300.0,172.0,-3008.0,8439.0,484.0,-2335.0,82663.0
1005,3580.0,-16040.0,12.0,-2976.0,8098.0,-257.0,-2333.0,82668.0
1006,4816.0,-15912.0,-856.0,-2992.0,7931.0,-229.0,-2510.0,82674.0
1007,6088.0,-15152.0,-1124.0,-2992.0,7857.0,142.0,-2656.0,82680.0
1008,7220.0,-14544.0,-220.0,-2976.0,7555.0,467.0,-2553.0,82686.0
1009,8208.0,-14516.0,440.0,-3008.0,7112.0,1350.0,-2015.0,82693.0
1010,8932.0,-14672.0,756.0,-3008.0,6685.0,2966.0,-1321.0,82699.0
1011,8604.0,-14828.0,552.0,-2992.0,6335.0,4861.0,-861.0,82704.0
1012,7812.0,-14968.0,224.0,-3024.0,6065.0,6348.0,-487.0,82710.0
1013,6572.0,-15168.0,-340.0,-3008.0,5824.0,7152.0,-108.0,82716.0
1014,5792.0,-15040.0,-648.0,-2976.0,5476.0,7421.0,205.0,82722.0
1015,4996.0,-15192.0,-1048.0,-2944.0,5156.0,7339.0,459.0,82728.0
1016,4656.0,-15504.0,-944.0,-2992.0,4907.0,7081.0,662.0,82735.0
1017,4824.0,-15560.0,-1544.0,-2976.0,4721.0,6501.0,730.0,82740.0
1018,5104.0,-15616.0,-1456.0,-3040.0,4588.0,5839.0,839.0,82746.0
1019,5396.0,-15676.0,-1448.0,-2960.0,4512.0,5317.0,888.0,82752.0
1020,4968.0,-16060.0,-1444.0,-2992.0,4545.0,5065.0,917.0,82758.0
1021,4344.0,-16552.0,-1080.0,-2960.0,4659.0,5118.0,890.0,82764.0
1022,3776.0,-16700.0,-1120.0,-2992.0,4837.0,5124.0,757.0,82770.0
1023,3648.0,-17016.0,-1012.0,-2992.0,5041.0,4996.0,628.0,82777.0
1024,4024.0,-16876.0,-608.0,-2944.0,5223.0,4738.0,599.0,82782.0
1025,4544.0,-16884.0,-524.0,-2960.0,5327.0,4478.0,633.0,82788.0
1026,5196.0,-16500.0,-648.0,-2992.0,5471.0,4365.0,713.0,82794.0
1027,5708.0,-15944.0,-440.0,-2992.0,5582.0,4227.0,846.0,82800.0
1028,6044.0,-15664.0,-292.0,-2976.0,5652.0,4374.0,947.0,82806.0
1029,6048.0,-15468.0,92.0,-3008.0,5651.0,4507.0,1107.0,82811.0
1030,5560.0,-15636.0,424.0,-3008.0,5641.0,4709.0,1167.0,82818.0
1031,5156.0,-16092.0,424.0,-3008.0,5709.0,4695.0,1229.0,82824.0
1032,4684.0,-15920.0,556.0,-3008.0,5751.0,4581.0,1240.0,82830.0
1033,4528.0,-15840.0,1000.0,-2976.0,5763.0,4411.0,1224.0,82836.0
1034,4464.0,-16084.0,1116.0,-2976.0,5761.0,4324.0,1203.0,82842.0
1035,4560.0,-16308.0,1228.0,-2992.0,5769.0,4578.0,1196.0,82847.0
1036,4540.0,-16448.0,1404.0,-2960.0,5787.0,4710.0,1201.0,82853.0
1037,4472.0,-16488.0,1400.0,-2976.0,5772.0,4720.0,1158.0,82860.0
1038,5908.0,-17556.0,1488.0,-3008.0,5659.0,4859.0,893.0,82866.0
1039,9520.0,-14952.0,-304.0,-3008.0,5583.0,4782.0,-301.0,82872.0
1040,6380.0,-16468.0,1248.0,-3008.0,5672.0,5136.0,1533.0,82878.0
1041,4732.0,-17180.0,1208.0,-2976.0,5750.0,6234.0,788.0,82884.0
1042,6588.0,-16268.0,1720.0,-2976.0,5609.0,6863.0,1666.0,82889.0
1043,3592.0,-16300.0,1812.0,-2960.0,5809.0,6747.0,1094.0,82895.0
1044,2716.0,-15948.0,1736.0,-2960.0,5854.0,5978.0,666.0,82902.0
1045,2576.0,-16300.0,1888.0,-2992.0,6004.0,5021.0,630.0,82908.0
1046,4884.0,-16532.0,2052.0,-2992.0,6101.0,4840.0,982.0,82914.0
1047,4912.0,-16712.0,1896.0,-2992.0,6272.0,5375.0,1029.0,82920.0
1048,3944.0,-16880.0,1768.0,-2976.0,6433.0,5594.0,1179.0,82926.0
1049,3320.0,-16948.0,1940.0,-2976.0,6634.0,5511.0,1364.0,82931.0
1050,3056.0,-16884.0,2064.0,-2992.0,6828.0,5442.0,1521.0,82937.0
1051,2856.0,-17052.0,2060.0,-2960.0,7053.0,5361.0,1754.0,82944.0
1052,2664.0,-17180.0,2132.0,-2992.0,7304.0,5133.0,1872.0,82950.0
1053,2308.0,-17464.0,2020.0,-2992.0,7572.0,4737.0,2048.0,82956.0
1054,2228.0,-17776.0,2320.0,-2976.0,7884.0,4300.0,2199.0,82962.0
1055,2276.0,-17816.0,2508.0,-2960.0,8157.0,3906.0,2345.0,82968.0
1056,2568.0,-18144.0,2372.0,-2992.0,8426.0,3726.0,2616.0,82974.0
1057,2540.0,-18172.0,2476.0,-3008.0,8755.0,3585.0,2920.0,82979.0
1058,2536.0,-18288.0,2476.0,-2976.0,9063.0,3350.0,3138.0,82985.0
1059,2660.0,-18348.0,2412.0,-3008.0,9416.0,3049.0,3427.0,82992.0
1060,2728.0,-18596.0,2720.0,-2992.0,9718.0,2819.0,3721.0,82998.0
1061,2720.0,-18480.0,2692.0,-2992.0,9992.0,2600.0,3994.0,83004.0
1062,2864.0,-19140.0,2848.0,-2976.0,10302.0,2420.0,4306.0,83010.0
1063,2988.0,-19124.0,3080.0,-2960.0,10599.0,2211.0,4608.0,83016.0
1064,3100.0,-19368.0,3076.0,-2992.0,10881.0,2064.0,4816.0,83022.0
1065,3328.0,-19452.0,3112.0,-2976.0,11234.0,2036.0,5051.0,83028.0
1066,3260.0,-19556.0,2952.0,-2960.0,11612.0,2145.0,5246.0,83035.0
1067,3244.0,-19652.0,2924.0,-2944.0,12013.0,2244.0,5509.0,83041.0
1068,3336.0,-19980.0,3048.0,-3024.0,12434.0,2313.0,5853.0,83047.0
1069,4992.0,-19532.0,2176.0,-3008.0,12875.0,2339.0,5913.0,83052.0
1070,4404.0,-22428.0,1928.0,-2992.0,13507.0,2265.0,7352.0,83058.0
1071,6224.0,-20196.0,3164.0,-2976.0,13708.0,3305.0,6324.0,83064.0
1072,5104.0,-21336.0,2708.0,-2976.0,14180.0,3137.0,6768.0,83070.0
1073,7444.0,-22060.0,2712.0,-2960.0,14674.0,3354.0,7277.0,83077.0
1074,8052.0,-22240.0,2460.0,-2976.0,15183.0,4353.0,7431.0,83083.0
1075,8636.0,-22620.0,2340.0,-2992.0,15682.0,5280.0,7690.0,83089.0
1076,8880.0,-22980.0,2472.0,-2960.0,16219.0,6354.0,7688.0,83095.0
1077,9292.0,-24148.0,3572.0,-2960.0,16894.0,7458.0,7774.0,83101.0
1078,9552.0,-25076.0,3376.0,-2992.0,17581.0,8667.0,8095.0,83107.0
1079,9540.0,-26704.0,2336.0,-3040.0,18203.0,10633.0,8248.0,83113.0
1080,7212.0,-27636.0,1844.0,-2976.0,18783.0,12656.0,9160.0,83120.0
1081,6252.0,-31032.0,1440.0,-2992.0,18963.0,13372.0,10095.0,83126.0
1082,6380.0,-32768.0,196.0,-2992.0,19355.0,13908.0,10701.0,83132.0
1083,7168.0,-32768.0,-2772.0,-2976.0,19866.0,14610.0,10682.0,83138.0
1084,7896.0,-32768.0,-5264.0,-3008.0,20290.0,14793.0,10662.0,83144.0
1085,8244.0,-32768.0,-8316.0,-2976.0,20609.0,15125.0,10598.0,83150.0
1086,7120.0,-32768.0,-12684.0,-3008.0,20875.0,15600.0,10648.0,83156.0
1087,5528.0,-32768.0,-16940.0,-3008.0,21143.0,15500.0,10871.0,83163.0
1088,3352.0,-32768.0,-19448.0,-3008.0,20831.0,15162.0,11308.0,83169.0
1089,788.0,-31212.0,-20300.0,-2992.0,20160.0,13844.0,11627.0,83175.0
1090,-2244.0,-27620.0,-18136.0,-2960.0,19245.0,10895.0,11782.0,83181.0
1091,-4836.0,-24056.0,-11744.0,-2992.0,18215.0,7143.0,12044.0,83188.0
1092,-5948.0,-23504.0,-2220.0,-2992.0,17684.0,3027.0,12682.0,83194.0
1093,-4308.0,-25144.0,9320.0,-2960.0,18245.0,-961.0,13005.0,83201.0
1094,-2708.0,-25916.0,12048.0,-2976.0,18192.0,-5030.0,12090.0,83207.0
1095,-1924.0,-27168.0,10364.0,-3008.0,17612.0,-9536.0,11079.0,83213.0
1096,820.0,-27036.0,7216.0,-2944.0,17272.0,-13347.0,10107.0,83219.0
1097,2476.0,-26460.0,6424.0,-2976.0,17467.0,-16320.0,9389.0,83225.0
1098,3700.0,-26016.0,8260.0,-2976.0,18386.0,-17405.0,9722.0,83231.0
1099,5460.0,-22928.0,4000.0,-2960.0,17989.0,-16211.0,10085.0,83237.0
1100,9696.0,-18668.0,-80.0,-2992.0,17547.0,-13723.0,9233.0,83244.0
1101,14564.0,-10128.0,-9260.0,-2976.0,14326.0,-11454.0,8024.0,83250.0
1102,17568.0,-5388.0,-10228.0,-3008.0,10629.0,-8132.0,6279.0,83256.0
1103,15784.0,-6664.0,-8080.0,-2976.0,8508.0,-3097.0,5860.0,83262.0
1104,11820.0,-6976.0,-7916.0,-2960.0,6881.0,509.0,6425.0,83268.0
1105,8364.0,-4824.0,-8564.0,-2992.0,4893.0,2242.0,7093.0,83274.0
1106,4764.0,-3816.0,-7748.0,-2960.0,2946.0,3223.0,7130.0,83280.0
1107,1236.0,-3916.0,-6120.0,-2944.0,1283.0,3482.0,7085.0,83287.0
1108,184.0,-3516.0,-5676.0,-3008.0,-319.0,3211.0,6809.0,83292.0
1109,76.0,-2776.0,-5896.0,-2992.0,-2272.0,2922.0,6222.0,83298.0
1110,80.0,-1852.0,-6884.0,-3024.0,-4502.0,2391.0,5209.0,83304.0
1111,-96.0,-1488.0,-7560.0,-2976.0,-6499.0,1075.0,4082.0,83310.0
1112,-132.0,-1576.0,-7316.0,-2976.0,-8098.0,-778.0,3126.0,83315.0
1113,-84.0,-1232.0,-7492.0,-2960.0,-9559.0,-2538.0,2559.0,83321.0
1114,64.0,-692.0,-7180.0,-2992.0,-11134.0,-3951.0,2126.0,83328.0
1115,476.0,-468.0,-6708.0,-2992.0,-12733.0,-4839.0,1833.0,83334.0
1116,948.0,-464.0,-7052.0,-2992.0,-14486.0,-5431.0,1485.0,83340.0
1117,1648.0,-644.0,-7372.0,-2992.0,-16250.0,-6058.0,964.0,83345.0
1118,2092.0,-784.0,-7620.0,-2960.0,-17932.0,-6759.0,310.0,83351.0
1119,2436.0,-840.0,-7648.0,-2976.0,-19627.0,-7608.0,-192.0,83357.0
1120,2496.0,-1212.0,-7404.0,-3008.0,-21199.0,-8468.0,-561.0,83363.0
1121,2460.0,-1592.0,-7168.0,-2992.0,-22738.0,-9256.0,-914.0,83369.0
1122,2464.0,-1992.0,-7212.0,-2944.0,-24293.0,-9953.0,-1272.0,83376.0
1123,2340.0,-2524.0,-6932.0,-2992.0,-25843.0,-10501.0,-1596.0,83382.0
1124,2396.0,-3256.0,-6672.0,-3008.0,-27365.0,-10992.0,-1881.0,83388.0
1125,2544.0,-4196.0,-6408.0,-2960.0,-28850.0,-11417.0,-2165.0,83394.0
1126,2892.0,-4972.0,-6400.0,-2960.0,-30387.0,-11770.0,-2405.0,83400.0
1127,3440.0,-5880.0,-6452.0,-2976.0,-31825.0,-11982.0,-2578.0,83406.0
1128,3940.0,-6964.0,-6108.0,-3008.0,-32768.0,-11515.0,-2615.0,83412.0
1129,4612.0,-8188.0,-5348.0,-3024.0,-32768.0,-10826.0,-2606.0,83419.0
1130,5348.0,-9340.0,-4760.0,-3008.0,-32768.0,-9888.0,-2727.0,83425.0
1131,6156.0,-10552.0,-4512.0,-3024.0,-32768.0,-8859.0,-2971.0,83431.0
1132,6992.0,-11872.0,-4380.0,-2992.0,-32768.0,-7670.0,-3368.0,83437.0
1133,7760.0,-13000.0,-4572.0,-3040.0,-32768.0,-6271.0,-3869.0,83443.0
1134,8192.0,-13996.0,-4384.0,-2976.0,-32768.0,-4761.0,-4416.0,83449.0
1135,8272.0,-15252.0,-3824.0,-2960.0,-32768.0,-3263.0,-4977.0,83456.0
1136,8112.0,-16988.0,-2884.0,-2992.0,-32768.0,-1762.0,-5439.0,83462.0
1137,7816.0,-18376.0,-2448.0,-2976.0,-32768.0,-437.0,-5903.0,83468.0
1138,7432.0,-19864.0,-1932.0,-2992.0,-32768.0,677.0,-6324.0,83473.0
1139,7040.0,-21164.0,-1780.0,-2976.0,-32768.0,1551.0,-6758.0,83479.0
1140,6780.0,-22640.0,-1664.0,-2992.0,-32768.0,2287.0,-7225.0,83485.0
1141,6404.0,-24392.0,-1272.0,-2960.0,-32768.0,3029.0,-7758.0,83491.0
1142,5916.0,-26420.0,-728.0,-2976.0,-32768.0,3671.0,-8315.0,83497.0
1143,4568.0,-28004.0,-4.0,-2992.0,-32768.0,3780.0,-9014.0,83504.0
1144,1972.0,-30380.0,2508.0,-2992.0,-32768.0,3074.0,-9648.0,83510.0
1145,-1192.0,-32272.0,4856.0,-3008.0,-32768.0,1598.0,-10396.0,83516.0
1146,-3056.0,-32768.0,7168.0,-3008.0,-32768.0,-341.0,-11507.0,83522.0
1147,-3876.0,-32768.0,8836.0,-2992.0,-32768.0,-2229.0,-12623.0,83528.0
1148,-3572.0,-32768.0,10764.0,-2992.0,-32768.0,-4025.0,-13352.0,83534.0
1149,-2588.0,-32768.0,12988.0,-2992.0,-32768.0,-5664.0,-13651.0,83540.0
1150,-1204.0,-32768.0,14640.0,-2960.0,-32768.0,-7229.0,-13228.0,83548.0
1151,1144.0,-32768.0,17028.0,-2992.0,-32768.0,-8646.0,-12357.0,83554.0
1152,3200.0,-32768.0,19440.0,-2944.0,-32768.0,-9031.0,-11073.0,83560.0
1153,5048.0,-32768.0,22660.0,-3024.0,-32350.0,-8381.0,-9837.0,83566.0
1154,6972.0,-32768.0,25896.0,-3008.0,-29729.0,-7030.0,-9141.0,83572.0
1155,8352.0,-32768.0,28272.0,-2992.0,-26892.0,-5245.0,-9054.0,83579.0
1156,9136.0,-32768.0,30268.0,-2992.0,-23927.0,-3294.0,-9419.0,83586.0
1157,8808.0,-32768.0,32767.0,-2976.0,-20708.0,-1068.0,-9756.0,83592.0
1158,7308.0,-32344.0,32767.0,-3008.0,-17392.0,1083.0,-9571.0,83598.0
1159,4560.0,-31036.0,32767.0,-3008.0,-13916.0,3305.0,-8590.0,83604.0
1160,0.0,-29512.0,32767.0,-3008.0,-10288.0,5420.0,-6710.0,83610.0
1161,-4520.0,-27820.0,32767.0,-2992.0,-6701.0,7159.0,-4215.0,83616.0
1162,-8804.0,-26288.0,32767.0,-2976.0,-3199.0,7920.0,-1677.0,83622.0
1163,-11612.0,-25208.0,32767.0,-2976.0,302.0,7141.0,330.0,83629.0
1164,-12648.0,-24468.0,32767.0,-2960.0,3516.0,5553.0,1899.0,83635.0
1165,-12372.0,-23748.0,32432.0,-3008.0,6509.0,3453.0,3003.0,83641.0
1166,-12004.0,-22792.0,29600.0,-2976.0,9231.0,1198.0,3613.0,83647.0
1167,-8984.0,-20728.0,25044.0,-2992.0,10745.0,-1194.0,3367.0,83653.0
1168,-9976.0,-24364.0,13856.0,-2992.0,13278.0,-4650.0,705.0,83659.0
1169,7612.0,-6592.0,-13688.0,-2976.0,6962.0,-7991.0,2409.0,83665.0
1170,32767.0,-19108.0,-32768.0,-3024.0,81.0,-12134.0,-12138.0,83672.0
1171,32767.0,-32768.0,-32564.0,-3024.0,5387.0,-16069.0,-13253.0,83678.0
1172,3916.0,-32768.0,-5200.0,-2976.0,15764.0,-8122.0,6104.0,83684.0
1173,-8444.0,-31972.0,12012.0,-2992.0,17778.0,7032.0,10435.0,83690.0
1174,-21524.0,-27452.0,23308.0,-2960.0,18399.0,10503.0,7492.0,83696.0
1175,-16992.0,-25044.0,22712.0,-2992.0,19059.0,-807.0,3745.0,83702.0
1176,-8084.0,-19700.0,2916.0,-2992.0,17438.0,-10827.0,121.0,83708.0
1177,1324.0,-15240.0,-3880.0,-2992.0,15834.0,-11712.0,-1452.0,83715.0
1178,15628.0,-11824.0,2332.0,-2992.0,16647.0,-13607.0,-3086.0,83722.0
1179,24292.0,-9792.0,6652.0,-3008.0,16215.0,-18043.0,-4067.0,83728.0
1180,12456.0,-16052.0,10528.0,-3008.0,14810.0,-13276.0,-561.0,83734.0
1181,-320.0,-21872.0,8324.0,-2976.0,13837.0,-2479.0,3584.0,83740.0
1182,-3764.0,-20624.0,3588.0,-2992.0,13274.0,782.0,2531.0,83746.0
1183,-1980.0,-20384.0,956.0,-3008.0,13238.0,-2808.0,-490.0,83752.0
1184,1148.0,-22664.0,-424.0,-3024.0,13576.0,-4075.0,-476.0,83759.0
1185,3892.0,-22824.0,-864.0,-2992.0,14203.0,-1059.0,985.0,83765.0
1186,5032.0,-20352.0,-1036.0,-2992.0,14515.0,2355.0,1200.0,83770.0
1187,2044.0,-15976.0,-1096.0,-2992.0,14069.0,4140.0,480.0,83776.0
1188,-1340.0,-12564.0,-800.0,-2976.0,12875.0,4451.0,-560.0,83782.0
1189,-2516.0,-11964.0,-320.0,-2976.0,11514.0,3402.0,-1378.0,83788.0
1190,-1100.0,-13820.0,-560.0,-2992.0,10948.0,2227.0,-1654.0,83794.0
1191,1012.0,-14584.0,-976.0,-2976.0,10520.0,1340.0,-1987.0,83801.0
1192,2664.0,-14572.0,-1316.0,-2992.0,9949.0,913.0,-2188.0,83807.0
1193,3936.0,-13892.0,-200.0,-2992.0,9268.0,1160.0,-2201.0,83813.0
1194,4304.0,-14004.0,680.0,-3008.0,8546.0,1864.0,-2204.0,83819.0
1195,4168.0,-15000.0,-60.0,-3008.0,8018.0,2594.0,-2096.0,83825.0
1196,3612.0,-15836.0,-72.0,-2976.0,7668.0,3045.0,-1881.0,83831.0
1197,3088.0,-16012.0,84.0,-2976.0,7377.0,3387.0,-1877.0,83836.0
1198,2692.0,-15948.0,208.0,-3008.0,7145.0,3231.0,-1871.0,83843.0
1199,3004.0,-15728.0,-60.0,-3008.0,6889.0,2945.0,-1863.0,83849.0
1200,3556.0,-15424.0,-56.0,-2976.0,6670.0,2846.0,-1837.0,83855.0
1201,4256.0,-15352.0,-16.0,-2976.0,6472.0,3006.0,-1790.0,83861.0
1202,4452.0,-15124.0,-156.0,-2976.0,6194.0,3301.0,-1697.0,83867.0
1203,4304.0,-15096.0,-276.0,-2992.0,5891.0,3581.0,-1519.0,83872.0
1204,3868.0,-15296.0,-228.0,-2992.0,5594.0,3727.0,-1356.0,83878.0
1205,3188.0,-15360.0,-152.0,-3008.0,5278.0,3664.0,-1269.0,83885.0
1206,3052.0,-15728.0,-188.0,-3008.0,5019.0,3374.0,-1257.0,83891.0
1207,3080.0,-16012.0,-444.0,-2992.0,4791.0,2983.0,-1228.0,83897.0
1208,3120.0,-16108.0,-512.0,-2992.0,4602.0,2544.0,-1202.0,83903.0
1209,3248.0,-16236.0,-612.0,-2976.0,4414.0,2204.0,-1111.0,83909.0
1210,3364.0,-16244.0,-476.0,-2976.0,4343.0,1983.0,-1021.0,83915.0
1211,3560.0,-16268.0,-268.0,-3024.0,4222.0,1921.0,-968.0,83920.0
1212,3560.0,-16432.0,-248.0,-2992.0,4194.0,1877.0,-930.0,83927.0
1213,3624.0,-16448.0,-216.0,-2960.0,4155.0,1810.0,-877.0,83933.0
1214,3760.0,-16560.0,-56.0,-2992.0,4142.0,1751.0,-746.0,83939.0
1215,3836.0,-16484.0,-128.0,-2976.0,4156.0,1686.0,-607.0,83945.0
1216,3972.0,-16244.0,-204.0,-3024.0,4204.0,1538.0,-484.0,83951.0
1217,4408.0,-16004.0,64.0,-2992.0,4164.0,1465.0,-453.0,83956.0
1218,4612.0,-15956.0,-24.0,-3008.0,4180.0,1545.0,-316.0,83962.0
1219,4808.0,-16116.0,16.0,-3008.0,4198.0,1691.0,-163.0,83969.0
1220,4716.0,-15900.0,120.0,-2992.0,4212.0,1905.0,-43.0,83975.0
1221,4612.0,-15840.0,100.0,-2992.0,4219.0,2050.0,87.0,83980.0
1222,4452.0,-15840.0,156.0,-3008.0,4267.0,2177.0,171.0,83986.0
1223,4336.0,-15820.0,232.0,-2992.0,4301.0,2208.0,308.0,83992.0
1224,4392.0,-15984.0,116.0,-2992.0,4387.0,2209.0,357.0,83998.0
1225,4248.0,-16052.0,424.0,-3008.0,4447.0,2188.0,409.0,84004.0
1226,4048.0,-16064.0,620.0,-3008.0,4493.0,2140.0,397.0,84009.0
1227,3672.0,-16124.0,800.0,-3008.0,4560.0,2022.0,378.0,84016.0
1228,3492.0,-16156.0,772.0,-2960.0,4608.0,1848.0,386.0,84022.0
1229,3740.0,-16068.0,1000.0,-3024.0,4651.0,1773.0,437.0,84028.0
1230,3624.0,-16076.0,1160.0,-2992.0,4677.0,1789.0,459.0,84033.0
1231,3500.0,-16112.0,1296.0,-2992.0,4652.0,1816.0,448.0,84039.0
1232,3356.0,-16212.0,1324.0,-2992.0,4728.0,1739.0,461.0,84045.0
1233,3396.0,-16084.0,1196.0,-2960.0,4722.0,1637.0,426.0,84051.0
1234,3264.0,-16116.0,1444.0,-3024.0,4732.0,1486.0,412.0,84058.0
1235,3276.0,-16048.0,1476.0,-2992.0,4766.0,1330.0,399.0,84064.0
1236,3344.0,-16080.0,1452.0,-2992.0,4782.0,1258.0,347.0,84069.0
1237,3468.0,-16156.0,1640.0,-2992.0,4773.0,1180.0,323.0,84075.0
1238,3780.0,-16048.0,1612.0,-2992.0,4777.0,1251.0,291.0,84081.0
1239,4064.0,-16076.0,1664.0,-2992.0,4811.0,1452.0,295.0,84087.0
1240,4124.0,-16208.0,1724.0,-2992.0,4839.0,1752.0,301.0,84093.0
1241,4316.0,-16248.0,1364.0,-2992.0,4922.0,2032.0,298.0,84100.0
1242,4336.0,-16444.0,1480.0,-2960.0,5095.0,2263.0,399.0,84105.0
1243,4436.0,-16688.0,1328.0,-3024.0,5259.0,2585.0,421.0,84111.0
1244,5884.0,-16852.0,668.0,-2976.0,5475.0,2851.0,153.0,84117.0
1245,4728.0,-16864.0,676.0,-2992.0,5794.0,2964.0,709.0,84123.0
1246,4764.0,-17124.0,860.0,-2992.0,6163.0,3107.0,940.0,84129.0
1247,4304.0,-17148.0,956.0,-3008.0,6499.0,3222.0,1015.0,84134.0
1248,4568.0,-17416.0,704.0,-3008.0,6891.0,2974.0,1196.0,84141.0
1249,5160.0,-17668.0,920.0,-2976.0,7265.0,2868.0,1427.0,84147.0
1250,5716.0,-17936.0,896.0,-2992.0,7685.0,2913.0,1555.0,84153.0
1251,5992.0,-17892.0,1036.0,-3024.0,8060.0,3003.0,1770.0,84159.0
1252,6140.0,-17828.0,1400.0,-2992.0,8398.0,3176.0,1942.0,84165.0
1253,5816.0,-17788.0,1552.0,-3008.0,8677.0,3375.0,2226.0,84171.0
1254,5224.0,-17760.0,1876.0,-3008.0,8988.0,3567.0,2556.0,84176.0
1255,4712.0,-17864.0,1984.0,-2992.0,9273.0,3795.0,2868.0,84183.0
1256,3948.0,-17852.0,2348.0,-2992.0,9606.0,3811.0,3146.0,84189.0
1257,3844.0,-18180.0,2204.0,-2992.0,9984.0,3700.0,3464.0,84195.0
1258,3964.0,-18364.0,2276.0,-2976.0,10399.0,3549.0,3668.0,84201.0
1259,3960.0,-18880.0,2376.0,-2992.0,10866.0,3505.0,3971.0,84207.0
1260,2964.0,-18212.0,1952.0,-3008.0,11199.0,3503.0,3650.0,84213.0
1261,4836.0,-20872.0,2236.0,-2992.0,11921.0,3314.0,5445.0,84219.0
1262,3780.0,-19280.0,2732.0,-2976.0,12231.0,4011.0,5056.0,84226.0
1263,3152.0,-20660.0,2596.0,-2992.0,12741.0,3665.0,5571.0,84232.0
1264,3952.0,-21756.0,2360.0,-2992.0,13250.0,3493.0,5856.0,84238.0
1265,4024.0,-22228.0,2276.0,-2976.0,13815.0,3487.0,6142.0,84244.0
1266,4544.0,-23144.0,2236.0,-2992.0,14403.0,3572.0,6602.0,84250.0
1267,3996.0,-24900.0,2712.0,-3008.0,14990.0,3880.0,7072.0,84255.0
1268,3676.0,-26864.0,2916.0,-2960.0,15537.0,3585.0,7677.0,84261.0
1269,4344.0,-28112.0,2508.0,-3008.0,16149.0,3132.0,8186.0,84268.0
1270,5644.0,-29244.0,1832.0,-2992.0,16783.0,3197.0,8479.0,84274.0
1271,6784.0,-30276.0,1532.0,-3008.0,17403.0,3584.0,8726.0,84280.0
1272,7624.0,-31600.0,1532.0,-3024.0,17990.0,4360.0,8866.0,84286.0
1273,8508.0,-32768.0,1472.0,-3008.0,18459.0,5297.0,8863.0,84292.0
1274,9856.0,-32768.0,1056.0,-3008.0,18887.0,6231.0,8670.0,84298.0
1275,11684.0,-32768.0,432.0,-2992.0,19149.0,7256.0,8183.0,84304.0
1276,14352.0,-32768.0,-152.0,-3008.0,19554.0,8820.0,7273.0,84311.0
1277,14892.0,-32768.0,-2728.0,-2992.0,19978.0,10682.0,6657.0,84317.0
