id,AcX,AcY,AcZ,Tmp,GyX,GyY,GyZ,Timer
0,724.0,-17364.0,4392.0,-2976.0,-365.0,5087.0,-295.0,87536.0
1,1428.0,-17212.0,4328.0,-2992.0,294.0,4333.0,-232.0,87541.0
2,2024.0,-17276.0,4316.0,-2960.0,915.0,3746.0,-185.0,87547.0
3,2640.0,-17464.0,4548.0,-2960.0,1578.0,3495.0,-100.0,87554.0
4,2968.0,-17540.0,4924.0,-2944.0,2260.0,3300.0,-53.0,87560.0
5,3020.0,-17716.0,5244.0,-2944.0,2903.0,3080.0,-3.0,87566.0
6,3128.0,-17912.0,5352.0,-2992.0,3533.0,2710.0,5.0,87572.0
7,3468.0,-18296.0,5460.0,-2960.0,4208.0,2238.0,-1.0,87577.0
8,3852.0,-18548.0,5568.0,-2976.0,4866.0,1851.0,84.0,87583.0
9,4128.0,-18692.0,5648.0,-2976.0,5614.0,1694.0,236.0,87589.0
10,3956.0,-18528.0,6012.0,-2944.0,6354.0,1676.0,351.0,87596.0
11,3080.0,-18636.0,6368.0,-2960.0,7140.0,1579.0,386.0,87602.0
12,1648.0,-18572.0,6676.0,-2960.0,7976.0,1201.0,522.0,87607.0
13,176.0,-18656.0,6984.0,-2992.0,8833.0,470.0,691.0,87613.0
14,-1748.0,-17360.0,7116.0,-2944.0,9678.0,-766.0,970.0,87619.0
15,-4492.0,-15092.0,5684.0,-2960.0,10119.0,-3139.0,1538.0,87625.0
16,-5932.0,-11068.0,-12116.0,-2992.0,7959.0,-6016.0,1446.0,87631.0
17,3552.0,-4932.0,-32768.0,-2944.0,-1198.0,-6790.0,-1907.0,87638.0
18,22256.0,-17356.0,-32768.0,-2960.0,-7489.0,-7515.0,-9295.0,87644.0
19,17324.0,-32768.0,-32768.0,-2960.0,2074.0,-14385.0,-5715.0,87650.0
20,8452.0,-32768.0,-1632.0,-2960.0,9749.0,-12651.0,5192.0,87656.0
21,-6380.0,-25228.0,13628.0,-2976.0,9351.0,-116.0,4266.0,87662.0
22,-22256.0,-28104.0,18252.0,-2960.0,9530.0,3515.0,3416.0,87668.0
23,-19856.0,-29944.0,14340.0,-2960.0,11471.0,-4462.0,905.0,87674.0
24,-10432.0,-27088.0,6892.0,-2976.0,13511.0,-14405.0,-1547.0,87681.0
25,-452.0,-17456.0,-1060.0,-2976.0,13229.0,-14545.0,-2145.0,87687.0
26,6404.0,-8444.0,-8512.0,-2960.0,10508.0,-8263.0,-3541.0,87693.0
27,12752.0,-8616.0,-9384.0,-2960.0,8662.0,-5254.0,-5745.0,87699.0
28,17932.0,-12676.0,-8432.0,-2944.0,8000.0,-5248.0,-6114.0,87705.0
29,19428.0,-17860.0,-3536.0,-2992.0,8708.0,-3364.0,-4222.0,87711.0
30,17908.0,-19036.0,1552.0,-3008.0,10208.0,854.0,-2300.0,87717.0
31,15196.0,-18120.0,2564.0,-2960.0,11540.0,3486.0,-498.0,87724.0
32,12124.0,-17300.0,332.0,-2960.0,12184.0,3387.0,675.0,87730.0
33,8288.0,-15364.0,-1712.0,-2928.0,11777.0,2519.0,1305.0,87736.0
34,6208.0,-12244.0,-2352.0,-2992.0,10692.0,1367.0,1855.0,87742.0
35,6620.0,-11068.0,-1136.0,-2976.0,9456.0,738.0,2191.0,87748.0
36,5984.0,-11804.0,-644.0,-2976.0,8787.0,985.0,1954.0,87753.0
37,4008.0,-13452.0,-1456.0,-2976.0,8261.0,1709.0,1860.0,87759.0
38,1720.0,-16788.0,-2924.0,-2928.0,8275.0,1982.0,1600.0,87766.0
39,476.0,-17732.0,-2516.0,-2960.0,8284.0,1705.0,2497.0,87772.0
40,-284.0,-20148.0,-2624.0,-2960.0,9111.0,1353.0,1514.0,87778.0
41,-4388.0,-20420.0,-1588.0,-2944.0,9614.0,559.0,490.0,87784.0
42,-6212.0,-19828.0,-1204.0,-2960.0,9697.0,-489.0,-197.0,87790.0
43,-5676.0,-18412.0,-784.0,-2960.0,9483.0,-1657.0,-1159.0,87795.0
44,-2588.0,-16612.0,-240.0,-2976.0,8978.0,-2704.0,-1927.0,87801.0
45,1108.0,-16060.0,-340.0,-2944.0,8594.0,-3341.0,-2581.0,87808.0
46,4544.0,-15616.0,-1060.0,-2992.0,8220.0,-3670.0,-2558.0,87814.0
47,7624.0,-15284.0,-1748.0,-2976.0,7975.0,-3403.0,-2123.0,87820.0
48,9612.0,-14784.0,-2448.0,-2976.0,7824.0,-2398.0,-1587.0,87826.0
49,9796.0,-14760.0,-2068.0,-2960.0,7664.0,-777.0,-974.0,87832.0
50,8340.0,-14440.0,-1272.0,-2992.0,7506.0,647.0,-412.0,87838.0
51,7672.0,-14924.0,-1452.0,-2992.0,7386.0,1756.0,230.0,87844.0
52,6224.0,-14964.0,-1136.0,-2960.0,7113.0,2446.0,228.0,87849.0
53,5028.0,-15832.0,-428.0,-2944.0,7046.0,2797.0,426.0,87856.0
54,4448.0,-16684.0,-732.0,-2960.0,7185.0,3061.0,500.0,87862.0
55,4220.0,-16596.0,-1532.0,-2960.0,7364.0,2846.0,398.0,87868.0
56,3692.0,-15920.0,-1436.0,-2960.0,7447.0,2191.0,319.0,87874.0
57,3440.0,-15800.0,-872.0,-2944.0,7325.0,1570.0,271.0,87880.0
58,3084.0,-16188.0,-596.0,-2960.0,7280.0,1336.0,161.0,87885.0
59,3028.0,-16672.0,-692.0,-2960.0,7308.0,1273.0,92.0,87891.0
60,3724.0,-16764.0,-728.0,-2944.0,7388.0,1382.0,91.0,87898.0
61,4164.0,-16588.0,-624.0,-2976.0,7376.0,1744.0,-71.0,87904.0
62,4652.0,-16344.0,-328.0,-2960.0,7347.0,2277.0,-11.0,87909.0
63,5048.0,-16236.0,-144.0,-2976.0,7355.0,3130.0,27.0,87915.0
64,5388.0,-15924.0,-348.0,-2944.0,7309.0,3839.0,123.0,87921.0
65,5392.0,-15752.0,-704.0,-2960.0,7353.0,4116.0,273.0,87927.0
66,5360.0,-15120.0,-208.0,-2960.0,7323.0,4032.0,478.0,87932.0
67,5064.0,-15180.0,-12.0,-2960.0,7273.0,3884.0,563.0,87939.0
68,4716.0,-15236.0,24.0,-2944.0,7233.0,3746.0,592.0,87945.0
69,4556.0,-15456.0,-136.0,-2992.0,7247.0,3631.0,589.0,87951.0
70,4276.0,-15500.0,-416.0,-2960.0,7227.0,3389.0,624.0,87957.0
71,4504.0,-15192.0,-444.0,-2976.0,7179.0,2889.0,660.0,87962.0
72,4652.0,-15212.0,-12.0,-2944.0,6973.0,2655.0,742.0,87968.0
73,4492.0,-15644.0,-172.0,-2960.0,6868.0,2610.0,785.0,87974.0
74,4024.0,-15760.0,96.0,-2960.0,6710.0,2622.0,899.0,87981.0
75,3756.0,-15792.0,296.0,-2976.0,6557.0,2559.0,884.0,87986.0
76,3328.0,-15832.0,504.0,-2976.0,6383.0,2220.0,830.0,87992.0
77,3232.0,-16148.0,588.0,-2960.0,6248.0,1827.0,849.0,87998.0
78,3572.0,-16016.0,460.0,-2960.0,6143.0,1429.0,756.0,88004.0
79,3808.0,-16132.0,396.0,-2976.0,6078.0,1118.0,673.0,88009.0
80,4104.0,-15768.0,540.0,-2976.0,5992.0,949.0,631.0,88015.0
81,4352.0,-15880.0,728.0,-2960.0,5924.0,1096.0,634.0,88022.0
82,4672.0,-15864.0,960.0,-2960.0,5850.0,1354.0,649.0,88028.0
83,4768.0,-15824.0,1048.0,-2976.0,5821.0,1600.0,677.0,88034.0
84,4584.0,-16032.0,1144.0,-2976.0,5734.0,1942.0,711.0,88039.0
85,4280.0,-16296.0,1468.0,-2960.0,5688.0,2207.0,713.0,88045.0
86,4060.0,-16292.0,1648.0,-2992.0,5624.0,2278.0,687.0,88051.0
87,3740.0,-16272.0,1416.0,-2960.0,5657.0,2244.0,703.0,88057.0
88,4076.0,-16024.0,1280.0,-2928.0,5645.0,2068.0,659.0,88064.0
89,4372.0,-15940.0,1264.0,-2928.0,5614.0,1981.0,672.0,88070.0
90,4740.0,-16032.0,1640.0,-2960.0,5632.0,1999.0,640.0,88075.0
91,4884.0,-16384.0,1548.0,-2928.0,5659.0,2009.0,606.0,88081.0
92,4964.0,-16472.0,1588.0,-2960.0,5716.0,2139.0,669.0,88087.0
93,5104.0,-16476.0,1448.0,-2960.0,5771.0,2403.0,672.0,88093.0
94,5168.0,-16428.0,1516.0,-2992.0,5848.0,2689.0,619.0,88099.0
95,5136.0,-16544.0,1756.0,-2960.0,5924.0,2909.0,680.0,88105.0
96,5124.0,-16776.0,1532.0,-2928.0,6007.0,3188.0,690.0,88111.0
97,5540.0,-16916.0,2136.0,-2960.0,6175.0,3353.0,582.0,88117.0
98,5288.0,-16740.0,1764.0,-2960.0,6201.0,3435.0,507.0,88123.0
99,5524.0,-17208.0,1812.0,-2928.0,6337.0,3624.0,677.0,88129.0
100,5360.0,-16644.0,1560.0,-2960.0,6412.0,3910.0,564.0,88135.0
101,5404.0,-17128.0,1644.0,-2944.0,6475.0,4115.0,533.0,88141.0
102,5800.0,-17668.0,1916.0,-2944.0,6642.0,4428.0,425.0,88146.0
103,6404.0,-17216.0,1732.0,-2976.0,6768.0,4834.0,149.0,88153.0
104,6244.0,-17440.0,1724.0,-2976.0,6896.0,5425.0,-20.0,88159.0
105,5996.0,-17456.0,1836.0,-2960.0,7046.0,5942.0,-83.0,88165.0
106,5700.0,-17528.0,2284.0,-2960.0,7216.0,6404.0,-124.0,88171.0
107,5244.0,-17516.0,2424.0,-2960.0,7395.0,6736.0,-109.0,88177.0
108,4464.0,-17412.0,2456.0,-2960.0,7530.0,6914.0,121.0,88182.0
109,3580.0,-17660.0,2808.0,-2992.0,7741.0,6981.0,369.0,88188.0
110,2948.0,-17768.0,3060.0,-2960.0,7969.0,6884.0,577.0,88195.0
111,2628.0,-18064.0,3368.0,-2992.0,8261.0,6642.0,847.0,88201.0
112,2252.0,-18356.0,3460.0,-2944.0,8537.0,6288.0,1247.0,88207.0
113,1700.0,-18944.0,3300.0,-2976.0,8812.0,5966.0,1669.0,88213.0
114,1560.0,-19256.0,3348.0,-2976.0,9179.0,5583.0,1915.0,88218.0
115,1516.0,-19568.0,3280.0,-2960.0,9538.0,5151.0,2211.0,88224.0
116,1440.0,-19704.0,3124.0,-2960.0,9882.0,4770.0,2601.0,88230.0
117,1636.0,-20136.0,3536.0,-2944.0,10276.0,4403.0,2923.0,88237.0
118,1848.0,-20612.0,3620.0,-2928.0,10635.0,4118.0,3240.0,88243.0
119,2760.0,-21084.0,3608.0,-2960.0,10987.0,3931.0,3525.0,88249.0
120,3608.0,-21432.0,3636.0,-2944.0,11313.0,3855.0,3809.0,88255.0
121,4648.0,-21592.0,3216.0,-2960.0,11674.0,3961.0,4042.0,88261.0
122,5396.0,-21736.0,3416.0,-2944.0,12027.0,4337.0,4290.0,88267.0
123,5988.0,-22152.0,3196.0,-2992.0,12397.0,4991.0,4530.0,88273.0
124,6380.0,-22460.0,3160.0,-2976.0,12847.0,5678.0,4841.0,88280.0
125,6428.0,-22576.0,2820.0,-2992.0,13247.0,6407.0,5131.0,88286.0
126,6508.0,-22876.0,2496.0,-2976.0,13681.0,7107.0,5414.0,88292.0
127,5812.0,-23372.0,2384.0,-2960.0,14166.0,7770.0,5862.0,88298.0
128,3616.0,-24180.0,3128.0,-2960.0,14590.0,8461.0,6696.0,88303.0
129,1548.0,-26300.0,3840.0,-2976.0,14919.0,8062.0,7686.0,88309.0
130,2236.0,-27644.0,3076.0,-2960.0,15421.0,7159.0,8447.0,88315.0
131,4412.0,-27756.0,3408.0,-2976.0,16211.0,6695.0,8645.0,88322.0
132,5876.0,-27256.0,2492.0,-2960.0,16939.0,6798.0,8876.0,88328.0
133,6976.0,-28236.0,1528.0,-2976.0,17655.0,7483.0,8973.0,88334.0
134,7684.0,-29692.0,-68.0,-2992.0,18330.0,8464.0,9264.0,88340.0
135,8468.0,-30788.0,-1948.0,-2960.0,18945.0,9579.0,9390.0,88346.0
136,8984.0,-31072.0,-4772.0,-2976.0,19379.0,10793.0,9391.0,88352.0
137,9436.0,-30956.0,-7744.0,-2960.0,19570.0,11895.0,9281.0,88358.0
138,10216.0,-30996.0,-10960.0,-2960.0,19540.0,12884.0,9080.0,88365.0
139,10336.0,-31244.0,-11836.0,-2960.0,19349.0,13549.0,8783.0,88371.0
140,9508.0,-31676.0,-12668.0,-2992.0,19024.0,14440.0,8732.0,88377.0
141,7800.0,-31624.0,-15252.0,-2992.0,18460.0,15193.0,9073.0,88383.0
142,6384.0,-29484.0,-17488.0,-2960.0,17579.0,16168.0,9793.0,88389.0
143,4960.0,-27000.0,-18008.0,-2960.0,16572.0,17080.0,10431.0,88395.0
144,1684.0,-24052.0,-15708.0,-2960.0,15777.0,16879.0,11208.0,88401.0
145,-1596.0,-20880.0,-10548.0,-2960.0,15087.0,14468.0,11838.0,88409.0
146,-4056.0,-19288.0,1228.0,-2944.0,15075.0,10586.0,12497.0,88415.0
147,-4076.0,-19508.0,8020.0,-2976.0,14866.0,6481.0,12637.0,88421.0
148,-3264.0,-20092.0,8208.0,-2976.0,13504.0,1105.0,11235.0,88427.0
149,-1652.0,-21440.0,5836.0,-2960.0,11916.0,-4222.0,9483.0,88433.0
150,712.0,-23668.0,5492.0,-2960.0,11244.0,-9343.0,7328.0,88439.0
151,1712.0,-25900.0,4132.0,-2976.0,12011.0,-12970.0,6248.0,88445.0
152,3940.0,-25872.0,5588.0,-2960.0,13340.0,-13868.0,6066.0,88452.0
153,5124.0,-24472.0,5824.0,-2976.0,15143.0,-13004.0,6298.0,88458.0
154,6084.0,-19368.0,2764.0,-2944.0,15412.0,-10187.0,6762.0,88464.0
155,7316.0,-13392.0,692.0,-2928.0,14102.0,-6689.0,6680.0,88470.0
156,8496.0,-8444.0,-2004.0,-2944.0,11910.0,-3473.0,6249.0,88476.0
157,9064.0,-6568.0,-3356.0,-2960.0,9529.0,-1122.0,5447.0,88482.0
158,9480.0,-6836.0,-3776.0,-2960.0,7530.0,965.0,4487.0,88487.0
159,9800.0,-7320.0,-4256.0,-2960.0,5990.0,3038.0,3799.0,88494.0
160,9804.0,-6624.0,-5544.0,-2928.0,4536.0,4960.0,3400.0,88500.0
161,9508.0,-4980.0,-7292.0,-2960.0,2824.0,6622.0,2846.0,88506.0
162,8036.0,-3656.0,-8948.0,-2960.0,1134.0,7591.0,2009.0,88512.0
163,6284.0,-2392.0,-9468.0,-2960.0,-662.0,7901.0,1663.0,88518.0
164,4656.0,-1620.0,-8924.0,-2960.0,-2299.0,7934.0,1495.0,88523.0
165,3076.0,-1332.0,-7736.0,-2960.0,-3899.0,7830.0,1245.0,88529.0
166,1200.0,-1032.0,-6964.0,-2992.0,-5570.0,7542.0,882.0,88536.0
167,-408.0,-1240.0,-6204.0,-2992.0,-7376.0,7056.0,295.0,88542.0
168,-1536.0,-1620.0,-5628.0,-2960.0,-9148.0,6100.0,-580.0,88548.0
169,-2148.0,-2268.0,-4828.0,-2960.0,-10614.0,4753.0,-1423.0,88554.0
170,-2240.0,-2476.0,-3860.0,-2944.0,-12006.0,3148.0,-2323.0,88559.0
171,-2148.0,-2312.0,-4200.0,-2992.0,-13528.0,1521.0,-3159.0,88565.0
172,-2100.0,-2016.0,-4528.0,-2976.0,-15131.0,-147.0,-3840.0,88571.0
173,-1928.0,-2192.0,-4436.0,-2976.0,-16715.0,-1575.0,-4316.0,88578.0
174,-1828.0,-2188.0,-4528.0,-2928.0,-18404.0,-2761.0,-4747.0,88584.0
175,-1928.0,-2640.0,-4736.0,-2976.0,-19925.0,-3986.0,-5102.0,88590.0
176,-1840.0,-3088.0,-5008.0,-2960.0,-21403.0,-5216.0,-5481.0,88596.0
177,-1724.0,-3496.0,-4980.0,-2944.0,-22915.0,-6455.0,-5925.0,88602.0
178,-1040.0,-4004.0,-4944.0,-2928.0,-24437.0,-7565.0,-6302.0,88608.0
179,-288.0,-4588.0,-5036.0,-2976.0,-25932.0,-8579.0,-6734.0,88614.0
180,536.0,-5720.0,-5128.0,-2976.0,-27324.0,-9392.0,-7155.0,88621.0
181,1420.0,-6852.0,-4840.0,-2960.0,-28636.0,-10017.0,-7522.0,88627.0
182,2600.0,-7900.0,-4596.0,-2944.0,-29863.0,-10252.0,-7893.0,88633.0
183,3952.0,-9012.0,-4276.0,-2976.0,-31075.0,-10158.0,-8213.0,88639.0
184,5096.0,-10340.0,-3888.0,-2960.0,-32152.0,-9619.0,-8472.0,88645.0
185,6308.0,-11740.0,-3048.0,-2944.0,-32768.0,-8696.0,-8602.0,88651.0
186,7136.0,-12852.0,-2060.0,-2944.0,-32768.0,-7483.0,-8754.0,88657.0
187,7288.0,-13880.0,-1392.0,-2992.0,-32768.0,-6208.0,-8927.0,88664.0
188,7216.0,-14748.0,-780.0,-2960.0,-32768.0,-4876.0,-9056.0,88670.0
189,6784.0,-15568.0,-480.0,-2976.0,-32768.0,-3517.0,-9232.0,88676.0
190,5884.0,-16816.0,-764.0,-2960.0,-32768.0,-2394.0,-9428.0,88682.0
191,5020.0,-17900.0,-572.0,-2960.0,-32768.0,-1600.0,-9519.0,88688.0
192,4428.0,-19408.0,-320.0,-2960.0,-32768.0,-1063.0,-9722.0,88694.0
193,4048.0,-20892.0,-208.0,-2976.0,-32768.0,-683.0,-9953.0,88700.0
194,4060.0,-22264.0,72.0,-2960.0,-32768.0,-467.0,-10189.0,88707.0
195,4008.0,-23488.0,504.0,-2944.0,-32768.0,-330.0,-10489.0,88712.0
196,4152.0,-24484.0,952.0,-2960.0,-32768.0,-289.0,-10804.0,88718.0
197,4156.0,-25240.0,1276.0,-2976.0,-32768.0,-245.0,-11234.0,88724.0
198,3992.0,-26360.0,1608.0,-2976.0,-32768.0,-163.0,-11771.0,88730.0
199,4044.0,-27364.0,2224.0,-2976.0,-32768.0,-209.0,-12346.0,88737.0
200,3772.0,-28476.0,2756.0,-2976.0,-32768.0,-372.0,-13157.0,88743.0
201,3540.0,-29316.0,3340.0,-2976.0,-32768.0,-1001.0,-13817.0,88750.0
202,2376.0,-30324.0,5024.0,-2976.0,-32768.0,-1866.0,-14306.0,88756.0
203,1148.0,-31144.0,6184.0,-2992.0,-32768.0,-2859.0,-14746.0,88762.0
204,104.0,-31928.0,7516.0,-2960.0,-32768.0,-3842.0,-15138.0,88768.0
205,-276.0,-32428.0,8960.0,-2960.0,-32768.0,-4809.0,-15339.0,88774.0
206,136.0,-32768.0,10064.0,-2976.0,-32768.0,-5728.0,-15300.0,88780.0
207,1224.0,-32768.0,10728.0,-2976.0,-32768.0,-6417.0,-14884.0,88786.0
208,2832.0,-32768.0,11636.0,-2960.0,-32768.0,-6789.0,-14080.0,88794.0
209,6132.0,-32768.0,14172.0,-2960.0,-32768.0,-6625.0,-14711.0,88800.0
210,2532.0,-32768.0,16948.0,-2976.0,-31502.0,-6765.0,-10188.0,88806.0
211,11140.0,-32768.0,18008.0,-2992.0,-29445.0,-4696.0,-10038.0,88812.0
212,7984.0,-32768.0,20648.0,-2960.0,-27432.0,-1997.0,-12215.0,88819.0
213,6412.0,-32768.0,23444.0,-2976.0,-25311.0,-417.0,-12436.0,88825.0
214,6700.0,-32768.0,25764.0,-2960.0,-22792.0,661.0,-12601.0,88832.0
215,6460.0,-32768.0,27492.0,-2960.0,-19946.0,1960.0,-12444.0,88838.0
216,4892.0,-32416.0,29180.0,-2960.0,-16987.0,4033.0,-11293.0,88844.0
217,1176.0,-30556.0,30748.0,-2944.0,-13727.0,6850.0,-9534.0,88850.0
218,-4724.0,-28704.0,31528.0,-2976.0,-10333.0,8904.0,-7496.0,88856.0
219,-10080.0,-26936.0,32572.0,-2960.0,-6593.0,9170.0,-4818.0,88863.0
220,-14776.0,-26952.0,31056.0,-2960.0,-2530.0,7791.0,-2767.0,88869.0
221,-15880.0,-25088.0,31868.0,-2976.0,796.0,5376.0,39.0,88876.0
222,-15936.0,-25368.0,32084.0,-2976.0,4276.0,2603.0,1339.0,88882.0
223,-15376.0,-25224.0,30944.0,-2976.0,7706.0,-212.0,2471.0,88888.0
224,-14060.0,-24136.0,29292.0,-2960.0,10659.0,-2651.0,2892.0,88894.0
225,-13520.0,-22824.0,26896.0,-2960.0,13123.0,-5089.0,3286.0,88900.0
226,-13324.0,-22156.0,24428.0,-2928.0,15068.0,-7458.0,3700.0,88906.0
227,-12860.0,-21988.0,21772.0,-2960.0,16781.0,-9743.0,4245.0,88912.0
228,-12032.0,-21660.0,18852.0,-2992.0,18161.0,-11826.0,4728.0,88919.0
229,-8712.0,-15484.0,7636.0,-2992.0,18119.0,-14054.0,4675.0,88925.0
230,13020.0,3860.0,-32768.0,-2992.0,7219.0,-12875.0,-364.0,88931.0
231,32767.0,1244.0,-32768.0,-2976.0,-11660.0,-13681.0,-24686.0,88937.0
232,32767.0,-32768.0,-32768.0,-2976.0,4231.0,-28996.0,-21703.0,88944.0
233,14336.0,-32768.0,-1520.0,-2976.0,17537.0,-9041.0,19051.0,88950.0
234,-24756.0,-30136.0,29072.0,-2944.0,18241.0,29208.0,23629.0,88956.0
235,-32768.0,-32608.0,32767.0,-2976.0,19063.0,28479.0,14877.0,88963.0
236,-32768.0,-32768.0,32767.0,-2992.0,19508.0,8993.0,2877.0,88970.0
237,-29084.0,-25020.0,-884.0,-2992.0,16403.0,-11368.0,-3040.0,88976.0
238,-4568.0,-8812.0,-18544.0,-2976.0,13416.0,-17536.0,-2282.0,88982.0
239,19472.0,524.0,-15044.0,-2960.0,12240.0,-15901.0,-1571.0,88988.0
240,27620.0,-3084.0,4132.0,-2992.0,12044.0,-10130.0,-3419.0,88994.0
241,17416.0,-15316.0,13672.0,-2960.0,12658.0,-2867.0,-3471.0,89000.0
242,6564.0,-22416.0,10868.0,-2976.0,12349.0,1351.0,-1879.0,89007.0
243,2788.0,-22912.0,5540.0,-2960.0,11721.0,-233.0,-2118.0,89013.0
244,3260.0,-22436.0,1592.0,-2960.0,11553.0,-4599.0,-2020.0,89019.0
245,6280.0,-22344.0,200.0,-2992.0,12009.0,-5877.0,-42.0,89025.0
246,7588.0,-20660.0,-1116.0,-2960.0,12770.0,-3378.0,1064.0,89031.0
247,7456.0,-18648.0,-2984.0,-2944.0,13500.0,-939.0,1761.0,89037.0
248,7380.0,-16796.0,-2360.0,-2992.0,13977.0,269.0,1923.0,89043.0
249,6768.0,-14392.0,-208.0,-2976.0,13471.0,1107.0,1354.0,89050.0
250,5412.0,-13528.0,504.0,-2992.0,12618.0,1588.0,945.0,89056.0
251,4524.0,-14084.0,268.0,-2928.0,11769.0,2602.0,1019.0,89062.0
252,4012.0,-14396.0,468.0,-2944.0,11061.0,4947.0,930.0,89068.0
253,2560.0,-15108.0,376.0,-2944.0,10390.0,7539.0,727.0,89073.0
254,1180.0,-16624.0,-296.0,-2976.0,9982.0,9039.0,225.0,89079.0
255,-200.0,-16868.0,-756.0,-2976.0,9767.0,9431.0,-841.0,89085.0
256,-744.0,-15448.0,-236.0,-2976.0,9142.0,8300.0,-1886.0,89092.0
257,-288.0,-14448.0,248.0,-2976.0,8285.0,6055.0,-2131.0,89098.0
258,1152.0,-15384.0,152.0,-2976.0,7811.0,4470.0,-1962.0,89104.0
259,2668.0,-16000.0,-660.0,-2976.0,7616.0,3170.0,-2323.0,89110.0
260,4256.0,-15212.0,-624.0,-2992.0,7294.0,1856.0,-2530.0,89115.0
261,7184.0,-14200.0,-500.0,-2992.0,6779.0,1534.0,-2346.0,89121.0
262,9604.0,-13812.0,-908.0,-2960.0,6278.0,2685.0,-1847.0,89127.0
263,9840.0,-14088.0,-740.0,-2944.0,5873.0,4604.0,-1174.0,89134.0
264,8320.0,-14500.0,-528.0,-2944.0,5494.0,6390.0,-597.0,89140.0
265,6228.0,-15152.0,-588.0,-2992.0,5196.0,7828.0,-180.0,89146.0
266,4412.0,-15440.0,-448.0,-2960.0,4943.0,8533.0,-111.0,89152.0
267,3156.0,-15844.0,-340.0,-2960.0,4767.0,8298.0,-222.0,89157.0
268,3036.0,-15608.0,-404.0,-2992.0,4520.0,7403.0,-285.0,89163.0
269,3388.0,-15772.0,-500.0,-2992.0,4364.0,6438.0,-315.0,89169.0
270,3892.0,-15936.0,-364.0,-2992.0,4255.0,5581.0,-311.0,89176.0
271,4260.0,-15968.0,-412.0,-2992.0,4123.0,5033.0,-281.0,89182.0
272,4484.0,-15864.0,-332.0,-2992.0,4034.0,4602.0,-161.0,89188.0
273,4756.0,-15880.0,-136.0,-2960.0,3953.0,4416.0,-52.0,89193.0
274,5128.0,-16152.0,-348.0,-2960.0,3924.0,4491.0,11.0,89199.0
275,5648.0,-16424.0,-824.0,-2976.0,3991.0,4702.0,84.0,89205.0
276,5920.0,-16356.0,-816.0,-2960.0,4092.0,4921.0,224.0,89211.0
277,6208.0,-16400.0,-824.0,-2960.0,4169.0,5256.0,374.0,89218.0
278,6188.0,-16396.0,-828.0,-2944.0,4258.0,5537.0,555.0,89223.0
279,5908.0,-16352.0,-592.0,-2976.0,4357.0,5733.0,717.0,89229.0
280,5604.0,-16220.0,-440.0,-2976.0,4418.0,5815.0,873.0,89235.0
281,5332.0,-16248.0,-488.0,-2992.0,4511.0,5772.0,954.0,89241.0
282,5124.0,-15984.0,-316.0,-2992.0,4618.0,5505.0,1003.0,89246.0
283,5284.0,-15840.0,-312.0,-2960.0,4680.0,5192.0,1093.0,89252.0
284,5052.0,-15804.0,64.0,-2928.0,4772.0,4886.0,1236.0,89259.0
285,4872.0,-15952.0,220.0,-2992.0,4927.0,4593.0,1328.0,89265.0
286,4832.0,-15996.0,16.0,-2992.0,5075.0,4327.0,1337.0,89271.0
287,5020.0,-16184.0,-44.0,-2960.0,5208.0,4124.0,1373.0,89277.0
288,5088.0,-16056.0,400.0,-2976.0,5309.0,4035.0,1398.0,89282.0
289,5512.0,-16328.0,384.0,-2944.0,5444.0,4100.0,1370.0,89288.0
290,7120.0,-16224.0,48.0,-2976.0,5471.0,4357.0,1018.0,89294.0
291,7080.0,-15380.0,-44.0,-2976.0,5469.0,4348.0,1029.0,89300.0
292,6056.0,-16140.0,1356.0,-2992.0,5496.0,4874.0,1553.0,89307.0
293,4772.0,-16124.0,1712.0,-2976.0,5469.0,5318.0,1197.0,89312.0
294,4088.0,-16076.0,1824.0,-2976.0,5456.0,5165.0,1340.0,89318.0
295,4352.0,-15756.0,1740.0,-2960.0,5426.0,5092.0,1306.0,89324.0
296,4692.0,-15780.0,1864.0,-2992.0,5353.0,5033.0,1271.0,89330.0
297,4620.0,-15972.0,2068.0,-2960.0,5310.0,5183.0,1232.0,89336.0
298,4392.0,-16208.0,2000.0,-2976.0,5278.0,5325.0,1224.0,89342.0
299,3616.0,-16188.0,1980.0,-2944.0,5273.0,5385.0,1240.0,89349.0
300,3100.0,-16404.0,2124.0,-2960.0,5249.0,5301.0,1240.0,89355.0
301,2976.0,-16472.0,2276.0,-2928.0,5279.0,5172.0,1146.0,89361.0
302,2572.0,-16520.0,2236.0,-2960.0,5291.0,4979.0,1166.0,89366.0
303,2528.0,-16696.0,2360.0,-2976.0,5331.0,4785.0,1166.0,89372.0
304,2704.0,-16824.0,2248.0,-2976.0,5394.0,4615.0,1133.0,89378.0
305,3052.0,-16856.0,2356.0,-2928.0,5426.0,4457.0,1136.0,89384.0
306,3276.0,-17036.0,2020.0,-2960.0,5522.0,4373.0,1107.0,89391.0
307,3308.0,-17084.0,2096.0,-2960.0,5614.0,4377.0,1155.0,89397.0
308,3232.0,-17172.0,2344.0,-2976.0,5770.0,4422.0,1213.0,89403.0
309,3056.0,-17228.0,2152.0,-2976.0,5945.0,4468.0,1360.0,89409.0
310,2584.0,-17480.0,2224.0,-2960.0,6177.0,4400.0,1562.0,89414.0
311,2180.0,-17492.0,2068.0,-2960.0,6493.0,4155.0,1798.0,89420.0
312,2388.0,-17536.0,2108.0,-2976.0,6765.0,3800.0,1919.0,89426.0
313,2564.0,-17616.0,2128.0,-2976.0,7096.0,3416.0,2080.0,89433.0
314,2596.0,-17456.0,2056.0,-2976.0,7403.0,3055.0,2225.0,89439.0
315,2724.0,-17612.0,2252.0,-2928.0,7718.0,2737.0,2425.0,89445.0
316,2744.0,-17720.0,2428.0,-2960.0,8015.0,2496.0,2617.0,89451.0
317,2944.0,-18004.0,2592.0,-2944.0,8317.0,2260.0,2817.0,89457.0
318,3080.0,-18136.0,2744.0,-2976.0,8622.0,2089.0,3088.0,89463.0
319,3924.0,-17948.0,2336.0,-2960.0,8818.0,2024.0,2762.0,89468.0
320,4832.0,-19600.0,2012.0,-2992.0,9345.0,1690.0,4230.0,89475.0
321,3860.0,-18212.0,2816.0,-2992.0,9482.0,2446.0,3802.0,89481.0
322,3812.0,-19184.0,2836.0,-2960.0,9824.0,2146.0,4400.0,89487.0
323,4300.0,-19376.0,2832.0,-3008.0,10144.0,2035.0,4838.0,89493.0
324,4320.0,-19420.0,2684.0,-2960.0,10519.0,2119.0,5032.0,89499.0
325,3812.0,-19560.0,2576.0,-3008.0,10918.0,2078.0,5085.0,89505.0
326,3232.0,-19780.0,2628.0,-2992.0,11333.0,1968.0,5347.0,89511.0
327,2840.0,-19732.0,2976.0,-2960.0,11737.0,1837.0,5656.0,89518.0
328,2240.0,-19744.0,3196.0,-3008.0,12152.0,1805.0,6000.0,89524.0
329,1676.0,-19904.0,3284.0,-2928.0,12557.0,1710.0,6399.0,89530.0
330,1544.0,-20040.0,3092.0,-3008.0,12986.0,1605.0,6759.0,89536.0
331,2064.0,-20440.0,2932.0,-2960.0,13503.0,1446.0,7132.0,89541.0
332,3072.0,-20968.0,2836.0,-2992.0,13886.0,1403.0,7428.0,89547.0
333,4156.0,-21476.0,2744.0,-2960.0,14363.0,1440.0,7724.0,89553.0
334,5732.0,-21996.0,2508.0,-2992.0,14845.0,1694.0,8033.0,89560.0
335,7032.0,-22468.0,2232.0,-2944.0,15366.0,2341.0,8248.0,89566.0
336,7908.0,-22988.0,2220.0,-2960.0,15918.0,3046.0,8433.0,89572.0
337,8456.0,-23544.0,2132.0,-2944.0,16431.0,3969.0,8670.0,89578.0
338,8184.0,-24964.0,4428.0,-2960.0,17161.0,5063.0,9055.0,89584.0
339,5236.0,-25284.0,3596.0,-2976.0,17413.0,6431.0,10183.0,89590.0
340,4936.0,-28460.0,2856.0,-2992.0,17673.0,6339.0,10801.0,89596.0
341,6232.0,-30392.0,2124.0,-3008.0,18122.0,6458.0,11583.0,89603.0
342,8456.0,-30268.0,436.0,-2976.0,18675.0,6978.0,11489.0,89609.0
343,10276.0,-30512.0,-1288.0,-2976.0,19127.0,7856.0,11376.0,89615.0
344,11940.0,-32152.0,-4392.0,-2976.0,19446.0,9332.0,11197.0,89621.0
345,13576.0,-32768.0,-6596.0,-2976.0,19792.0,11296.0,11015.0,89627.0
346,12884.0,-32768.0,-9872.0,-2976.0,20205.0,13058.0,10716.0,89633.0
347,10048.0,-32768.0,-13600.0,-2976.0,20725.0,14191.0,10846.0,89639.0
348,7268.0,-32768.0,-16268.0,-2960.0,20644.0,14199.0,10993.0,89646.0
349,4984.0,-32752.0,-18280.0,-2992.0,20013.0,13910.0,11235.0,89652.0
350,1124.0,-30228.0,-18208.0,-2976.0,19250.0,12583.0,11490.0,89659.0
351,-2116.0,-27820.0,-15908.0,-2976.0,18419.0,10016.0,11580.0,89665.0
352,-4108.0,-25000.0,-10160.0,-2960.0,17659.0,6629.0,11908.0,89671.0
353,-3928.0,-23964.0,2308.0,-2960.0,17926.0,2778.0,12304.0,89677.0
354,-2712.0,-23192.0,10352.0,-2944.0,18405.0,-400.0,12480.0,89683.0
355,-1332.0,-21928.0,10216.0,-2976.0,17578.0,-3849.0,11629.0,89690.0
356,-92.0,-22764.0,8132.0,-2976.0,16440.0,-8095.0,10677.0,89696.0
357,2752.0,-22788.0,4924.0,-2992.0,15819.0,-12101.0,9448.0,89702.0
358,3588.0,-23440.0,7412.0,-2976.0,16192.0,-15018.0,8575.0,89708.0
359,4584.0,-22584.0,6076.0,-2976.0,16946.0,-14686.0,9355.0,89714.0
360,7288.0,-21136.0,5232.0,-2992.0,17820.0,-11746.0,8757.0,89720.0
361,11308.0,-13556.0,-4804.0,-2992.0,15603.0,-8729.0,7537.0,89726.0
362,15136.0,-7464.0,-9000.0,-3008.0,11731.0,-5601.0,6411.0,89733.0
363,14156.0,-7144.0,-7184.0,-2960.0,9363.0,-1482.0,6114.0,89739.0
364,11168.0,-6680.0,-8188.0,-3008.0,7306.0,1691.0,5662.0,89745.0
365,8312.0,-4092.0,-9036.0,-2960.0,4316.0,3557.0,8733.0,89751.0
366,7540.0,-4664.0,-9480.0,-2976.0,2996.0,4798.0,6521.0,89757.0
367,792.0,-4900.0,-7188.0,-2976.0,1736.0,4474.0,5525.0,89763.0
368,-784.0,-4000.0,-5508.0,-2976.0,283.0,3346.0,6431.0,89768.0
369,-728.0,-3800.0,-4764.0,-2992.0,-1345.0,2783.0,6023.0,89775.0
370,-840.0,-3380.0,-5032.0,-2928.0,-3360.0,2509.0,5211.0,89781.0
371,-760.0,-2996.0,-4924.0,-2960.0,-5211.0,1754.0,4271.0,89787.0
372,-612.0,-3068.0,-4952.0,-2992.0,-6799.0,337.0,3334.0,89793.0
373,-384.0,-2588.0,-4760.0,-2944.0,-8195.0,-1371.0,2648.0,89798.0
374,-548.0,-1544.0,-4620.0,-2976.0,-9687.0,-2862.0,2108.0,89804.0
375,-960.0,-444.0,-4748.0,-2944.0,-11373.0,-3905.0,1715.0,89810.0
376,-1516.0,-296.0,-4756.0,-2960.0,-13239.0,-4798.0,1464.0,89817.0
377,-1764.0,-608.0,-4576.0,-2960.0,-15022.0,-5803.0,1258.0,89823.0
378,-1612.0,-1396.0,-4764.0,-2976.0,-16750.0,-7182.0,813.0,89829.0
379,-1260.0,-2080.0,-5100.0,-2944.0,-18366.0,-8771.0,291.0,89835.0
380,-668.0,-2576.0,-5504.0,-2960.0,-19945.0,-10425.0,-196.0,89841.0
381,-56.0,-2916.0,-5728.0,-2960.0,-21382.0,-11719.0,-605.0,89846.0
382,500.0,-3320.0,-5988.0,-2976.0,-22740.0,-12967.0,-871.0,89852.0
383,1056.0,-3680.0,-6116.0,-2944.0,-24171.0,-14046.0,-1189.0,89859.0
384,1076.0,-4428.0,-5956.0,-2960.0,-25516.0,-15275.0,-1632.0,89865.0
385,1536.0,-5248.0,-5264.0,-2992.0,-26804.0,-16397.0,-1888.0,89871.0
386,2416.0,-6364.0,-4444.0,-3008.0,-27995.0,-17208.0,-2135.0,89877.0
387,3624.0,-7340.0,-3896.0,-2992.0,-29159.0,-17594.0,-2239.0,89883.0
388,5284.0,-8000.0,-3956.0,-2992.0,-30454.0,-17276.0,-2412.0,89889.0
389,6720.0,-8884.0,-3728.0,-2976.0,-31733.0,-16515.0,-2585.0,89895.0
390,8148.0,-10156.0,-3616.0,-2960.0,-32768.0,-15314.0,-2607.0,89902.0
391,9500.0,-11592.0,-3132.0,-2992.0,-32768.0,-13777.0,-2597.0,89908.0
392,10516.0,-13408.0,-2196.0,-2992.0,-32768.0,-11792.0,-2591.0,89914.0
393,10660.0,-14368.0,-1508.0,-2960.0,-32768.0,-9762.0,-2576.0,89920.0
394,10512.0,-15172.0,-1132.0,-2960.0,-32768.0,-7708.0,-2680.0,89926.0
395,10088.0,-16296.0,-240.0,-2992.0,-32768.0,-5964.0,-2855.0,89932.0
396,9632.0,-17960.0,748.0,-2976.0,-32768.0,-4553.0,-2986.0,89938.0
397,9112.0,-19260.0,1128.0,-2960.0,-32768.0,-3428.0,-3145.0,89945.0
398,8960.0,-20568.0,1560.0,-2976.0,-32768.0,-2464.0,-3311.0,89951.0
399,8900.0,-21860.0,1612.0,-2960.0,-32768.0,-1617.0,-3555.0,89957.0
400,9168.0,-23120.0,1940.0,-2992.0,-32768.0,-770.0,-3939.0,89963.0
401,9072.0,-24352.0,2604.0,-2976.0,-32768.0,-39.0,-4402.0,89969.0
402,9060.0,-25160.0,3172.0,-2976.0,-32768.0,627.0,-4961.0,89975.0
403,8796.0,-25924.0,3716.0,-2960.0,-32768.0,1249.0,-5733.0,89981.0
404,8320.0,-26608.0,4140.0,-2976.0,-32768.0,1662.0,-6692.0,89988.0
405,7660.0,-27484.0,4720.0,-2928.0,-32768.0,1803.0,-7643.0,89994.0
406,6680.0,-28240.0,5544.0,-2976.0,-32768.0,1461.0,-8664.0,90000.0
407,5564.0,-29028.0,6384.0,-2944.0,-32768.0,530.0,-9699.0,90006.0
408,4672.0,-29624.0,7160.0,-2960.0,-32768.0,-749.0,-10739.0,90012.0
409,3956.0,-30188.0,8196.0,-2976.0,-32768.0,-2099.0,-11714.0,90018.0
410,3956.0,-30408.0,8644.0,-2960.0,-32768.0,-3298.0,-12701.0,90024.0
411,4736.0,-30524.0,8908.0,-2992.0,-32768.0,-4230.0,-13484.0,90031.0
412,6360.0,-30608.0,8904.0,-2992.0,-32768.0,-4549.0,-14081.0,90037.0
413,8808.0,-30648.0,8936.0,-2944.0,-32768.0,-3859.0,-14323.0,90043.0
414,11620.0,-30760.0,8864.0,-2960.0,-32768.0,-1864.0,-13998.0,90049.0
415,12556.0,-30900.0,9652.0,-2944.0,-32637.0,1328.0,-13423.0,90056.0
416,12660.0,-30896.0,10720.0,-2944.0,-31469.0,4996.0,-12767.0,90062.0
417,12248.0,-30448.0,12328.0,-2976.0,-30160.0,8525.0,-12367.0,90068.0
418,10968.0,-30056.0,13464.0,-2960.0,-28695.0,11424.0,-11946.0,90075.0
419,9316.0,-29504.0,14780.0,-2960.0,-27040.0,13760.0,-11583.0,90082.0
420,7908.0,-29400.0,15908.0,-2976.0,-25333.0,15770.0,-11322.0,90088.0
421,6536.0,-29836.0,17148.0,-2960.0,-23493.0,17854.0,-11206.0,90094.0
422,4548.0,-30148.0,18192.0,-2944.0,-21543.0,19674.0,-11282.0,90100.0
423,3056.0,-29764.0,19280.0,-2976.0,-19443.0,21227.0,-11276.0,90106.0
424,444.0,-29020.0,20040.0,-2960.0,-17187.0,22476.0,-11027.0,90114.0
425,-3428.0,-28432.0,20924.0,-2992.0,-14694.0,23215.0,-10135.0,90120.0
426,-8556.0,-27340.0,21732.0,-2960.0,-11999.0,23316.0,-8460.0,90126.0
427,-15420.0,-25620.0,22848.0,-2960.0,-9251.0,22493.0,-6314.0,90132.0
428,-20028.0,-24420.0,24064.0,-2976.0,-6505.0,20246.0,-4370.0,90139.0
429,-23232.0,-23188.0,24740.0,-2960.0,-3797.0,16083.0,-2924.0,90145.0
430,-23360.0,-23160.0,25288.0,-2944.0,-1116.0,10923.0,-1690.0,90151.0
431,-21352.0,-23384.0,24768.0,-2960.0,1579.0,5668.0,-791.0,90158.0
432,-17588.0,-23740.0,24376.0,-2960.0,4244.0,1309.0,-155.0,90164.0
433,-14720.0,-23184.0,23540.0,-2976.0,6724.0,-1940.0,379.0,90170.0
434,-13244.0,-22432.0,22568.0,-2992.0,8978.0,-4453.0,993.0,90176.0
435,-12516.0,-21324.0,21240.0,-2976.0,10958.0,-6492.0,1753.0,90182.0
436,-12248.0,-20592.0,19472.0,-2992.0,12711.0,-8370.0,2455.0,90188.0
437,-11556.0,-20092.0,17576.0,-2992.0,14111.0,-10235.0,3191.0,90194.0
438,-10232.0,-19584.0,15608.0,-2976.0,15340.0,-12178.0,3743.0,90202.0
439,-8096.0,-18832.0,13096.0,-2992.0,16164.0,-13628.0,4156.0,90208.0
440,-5232.0,-11552.0,908.0,-2944.0,15444.0,-14995.0,4086.0,90214.0
441,16432.0,12624.0,-32768.0,-2992.0,2067.0,-13505.0,-670.0,90220.0
442,32767.0,-5828.0,-32768.0,-2992.0,-16834.0,-16122.0,-29706.0,90226.0
443,32767.0,-32768.0,-29804.0,-2944.0,7525.0,-32768.0,-16612.0,90232.0
444,6228.0,-32768.0,5332.0,-2976.0,15786.0,-6048.0,27417.0,90240.0
445,-32768.0,-32768.0,32767.0,-2992.0,18102.0,32237.0,24890.0,90246.0
446,-32768.0,-32768.0,32767.0,-2976.0,19591.0,26035.0,10348.0,90252.0
447,-32768.0,-32768.0,25824.0,-2960.0,17148.0,1891.0,-2043.0,90258.0
448,-22588.0,-19616.0,-18816.0,-2976.0,12102.0,-14367.0,-4794.0,90264.0
449,11896.0,-7952.0,-20856.0,-2960.0,12255.0,-16377.0,-2956.0,90271.0
450,32767.0,1940.0,1256.0,-2976.0,14109.0,-16861.0,-6640.0,90277.0
451,32712.0,-7176.0,17248.0,-2992.0,13723.0,-10141.0,-6458.0,90284.0
452,13164.0,-22196.0,14332.0,-2976.0,12578.0,-75.0,-1500.0,90290.0
453,2528.0,-22932.0,740.0,-2992.0,11368.0,3401.0,554.0,90296.0
454,2668.0,-17624.0,-4368.0,-2992.0,11202.0,-1385.0,-1057.0,90302.0
455,5884.0,-14092.0,-2748.0,-3008.0,11406.0,-7352.0,-447.0,90308.0
456,10696.0,-14808.0,-1268.0,-2960.0,11740.0,-8060.0,705.0,90314.0
457,12388.0,-18780.0,-404.0,-2976.0,12359.0,-3978.0,2615.0,90320.0
458,9040.0,-22004.0,-856.0,-2976.0,13558.0,1282.0,3323.0,90327.0
459,5460.0,-18636.0,-844.0,-2976.0,13831.0,3595.0,3066.0,90333.0
460,3744.0,-14380.0,-1184.0,-2992.0,12873.0,3279.0,1997.0,90339.0
461,2988.0,-13192.0,72.0,-2944.0,11396.0,2862.0,2285.0,90345.0
462,3628.0,-14340.0,1388.0,-2960.0,10443.0,4105.0,2519.0,90350.0
463,2888.0,-14896.0,684.0,-2976.0,9619.0,5873.0,1922.0,90356.0
464,1760.0,-14664.0,-792.0,-2976.0,8986.0,6179.0,1460.0,90362.0
465,1808.0,-14540.0,-1632.0,-2976.0,8694.0,5434.0,825.0,90369.0
466,1332.0,-14984.0,-1052.0,-2960.0,8470.0,4686.0,-46.0,90375.0
467,-32.0,-15472.0,208.0,-2960.0,7891.0,3694.0,-557.0,90381.0
468,-668.0,-16536.0,256.0,-2976.0,7396.0,2248.0,-783.0,90387.0
469,904.0,-16876.0,-1300.0,-2960.0,7307.0,677.0,-915.0,90392.0
470,3492.0,-15936.0,-1644.0,-2992.0,7183.0,-789.0,-1206.0,90398.0
471,6208.0,-14428.0,-1060.0,-2944.0,6781.0,-1488.0,-1264.0,90404.0
472,8896.0,-13844.0,-688.0,-2976.0,6235.0,-616.0,-967.0,90411.0
473,9848.0,-14468.0,-748.0,-2944.0,5842.0,1313.0,-344.0,90417.0
474,8640.0,-14896.0,-944.0,-2944.0,5597.0,3201.0,282.0,90423.0
475,6680.0,-14424.0,-540.0,-2976.0,5399.0,4021.0,810.0,90428.0
476,5320.0,-14196.0,-480.0,-2976.0,5069.0,3968.0,964.0,90434.0
477,4672.0,-14600.0,-300.0,-2976.0,4753.0,3486.0,888.0,90440.0
478,4420.0,-15156.0,-468.0,-2976.0,4571.0,2787.0,804.0,90446.0
479,4600.0,-15404.0,-680.0,-2944.0,4447.0,2076.0,850.0,90452.0
480,3840.0,-14328.0,-516.0,-2944.0,4133.0,1487.0,635.0,90459.0
481,7004.0,-17032.0,-1304.0,-2976.0,4659.0,1367.0,1447.0,90464.0
482,5448.0,-15072.0,-1000.0,-2976.0,4636.0,1979.0,652.0,90470.0
483,4416.0,-15676.0,-876.0,-2960.0,4711.0,2130.0,1023.0,90476.0
484,4460.0,-16596.0,-884.0,-2960.0,4965.0,2339.0,897.0,90482.0
485,4400.0,-17260.0,-1188.0,-2960.0,5449.0,2653.0,792.0,90488.0
486,4744.0,-17432.0,-1636.0,-2960.0,5921.0,2755.0,807.0,90494.0
487,5372.0,-17000.0,-1708.0,-2992.0,6354.0,2955.0,835.0,90501.0
488,5292.0,-16432.0,-1668.0,-2992.0,6653.0,3042.0,808.0,90506.0
489,5360.0,-15856.0,-1412.0,-2992.0,6878.0,2859.0,905.0,90512.0
490,5396.0,-15888.0,-996.0,-2960.0,7063.0,2698.0,1138.0,90518.0
491,5948.0,-15504.0,-992.0,-2960.0,7190.0,2768.0,1391.0,90524.0
492,6256.0,-15340.0,-796.0,-2960.0,7238.0,2883.0,1548.0,90530.0
493,5796.0,-15364.0,-480.0,-2944.0,7262.0,2955.0,1641.0,90536.0
494,5200.0,-15548.0,-188.0,-2944.0,7265.0,2951.0,1766.0,90543.0
495,4860.0,-15424.0,128.0,-2944.0,7225.0,2916.0,1920.0,90548.0
496,4384.0,-15884.0,376.0,-2976.0,7240.0,2892.0,1890.0,90554.0
497,3996.0,-15836.0,516.0,-2976.0,7183.0,2724.0,1828.0,90560.0
498,3776.0,-16220.0,764.0,-2976.0,7171.0,2573.0,1707.0,90566.0
499,3680.0,-16368.0,1024.0,-3008.0,7131.0,2443.0,1650.0,90572.0
500,3472.0,-16436.0,768.0,-2992.0,7139.0,2376.0,1617.0,90578.0
501,3472.0,-16288.0,1072.0,-2960.0,7180.0,2322.0,1554.0,90584.0
502,3624.0,-16264.0,1256.0,-2960.0,7132.0,2149.0,1439.0,90590.0
503,3956.0,-16600.0,1344.0,-2976.0,7067.0,2053.0,1377.0,90596.0
504,4396.0,-16696.0,1384.0,-3008.0,7038.0,2057.0,1388.0,90602.0
505,4556.0,-16580.0,1476.0,-2976.0,7014.0,2203.0,1427.0,90608.0
506,4560.0,-16692.0,1316.0,-2992.0,7072.0,2536.0,1520.0,90614.0
507,4692.0,-16592.0,1364.0,-2992.0,7123.0,2634.0,1512.0,90620.0
508,4868.0,-16264.0,1468.0,-2976.0,7122.0,2740.0,1495.0,90627.0
509,5156.0,-16188.0,1596.0,-2976.0,7150.0,2734.0,1545.0,90632.0
510,5204.0,-16144.0,1724.0,-2976.0,7142.0,2867.0,1598.0,90638.0
511,5240.0,-16300.0,1804.0,-2992.0,7222.0,3064.0,1654.0,90644.0
512,4908.0,-16356.0,1796.0,-2992.0,7260.0,3200.0,1626.0,90650.0
513,4720.0,-16448.0,2036.0,-2960.0,7363.0,3203.0,1634.0,90656.0
514,4284.0,-16800.0,2164.0,-2976.0,7485.0,3309.0,1654.0,90662.0
515,4140.0,-17020.0,2188.0,-2976.0,7601.0,3428.0,1680.0,90669.0
516,4196.0,-17364.0,1892.0,-2992.0,7794.0,3480.0,1656.0,90675.0
517,4684.0,-17684.0,1988.0,-2992.0,8025.0,3620.0,1659.0,90680.0
518,5012.0,-17892.0,1856.0,-2992.0,8191.0,3771.0,1754.0,90686.0
519,5564.0,-17352.0,1496.0,-2976.0,8427.0,3987.0,1682.0,90692.0
520,4564.0,-17912.0,1944.0,-2992.0,8751.0,4141.0,2229.0,90698.0
521,4360.0,-18416.0,2740.0,-2992.0,8977.0,4306.0,2327.0,90704.0
522,5060.0,-18208.0,2500.0,-2976.0,9168.0,4127.0,2293.0,90711.0
523,5156.0,-18552.0,2304.0,-3008.0,9385.0,4113.0,2737.0,90717.0
524,5256.0,-18632.0,2404.0,-2992.0,9615.0,4372.0,3010.0,90723.0
525,5124.0,-18732.0,2684.0,-2960.0,9863.0,4549.0,3222.0,90729.0
526,4496.0,-19080.0,2892.0,-2960.0,10094.0,4620.0,3535.0,90734.0
527,4060.0,-19564.0,2904.0,-3008.0,10426.0,4750.0,3894.0,90740.0
528,3428.0,-19980.0,3336.0,-2960.0,10815.0,4751.0,4224.0,90746.0
529,2608.0,-20480.0,2956.0,-2976.0,11165.0,4780.0,4666.0,90753.0
530,2040.0,-20832.0,3052.0,-2992.0,11578.0,4654.0,4961.0,90759.0
531,1480.0,-21340.0,3208.0,-2960.0,11999.0,4372.0,5380.0,90765.0
532,1188.0,-21864.0,3228.0,-2992.0,12438.0,4103.0,5724.0,90771.0
533,936.0,-22148.0,3188.0,-2976.0,12993.0,3771.0,6107.0,90777.0
534,1228.0,-22328.0,3252.0,-3008.0,13493.0,3411.0,6439.0,90783.0
535,2176.0,-22684.0,3068.0,-2992.0,13976.0,3161.0,6724.0,90789.0
536,3024.0,-23032.0,2752.0,-2944.0,14527.0,3158.0,7038.0,90796.0
537,3976.0,-23216.0,2596.0,-2960.0,15073.0,3254.0,7292.0,90802.0
538,5144.0,-23444.0,2408.0,-2976.0,15611.0,3503.0,7556.0,90808.0
539,6304.0,-23640.0,2324.0,-2992.0,16184.0,4045.0,7733.0,90814.0
540,7064.0,-24220.0,2384.0,-2960.0,16707.0,4820.0,8031.0,90820.0
541,6152.0,-24784.0,3996.0,-3008.0,17288.0,6013.0,8652.0,90825.0
542,4292.0,-26204.0,5012.0,-2960.0,17644.0,6745.0,9675.0,90831.0
543,3852.0,-29544.0,4396.0,-2976.0,17913.0,6888.0,10540.0,90838.0
544,5332.0,-31416.0,3808.0,-2992.0,18478.0,7011.0,11047.0,90844.0
545,7320.0,-31272.0,2748.0,-2960.0,19113.0,7493.0,11256.0,90850.0
546,9120.0,-31112.0,1256.0,-2976.0,19599.0,8529.0,11301.0,90856.0
547,11108.0,-32308.0,-1008.0,-2960.0,19895.0,10302.0,11213.0,90862.0
548,14036.0,-32768.0,-4372.0,-3008.0,19955.0,12485.0,10737.0,90868.0
549,15976.0,-32768.0,-9736.0,-2976.0,19890.0,15316.0,9807.0,90874.0
550,16464.0,-32768.0,-14716.0,-2976.0,20218.0,18486.0,9338.0,90882.0
551,14200.0,-32768.0,-17484.0,-2976.0,20250.0,20697.0,9889.0,90888.0
552,11016.0,-32580.0,-18812.0,-2992.0,19715.0,22228.0,10998.0,90894.0
553,8864.0,-29968.0,-19912.0,-3008.0,18872.0,24315.0,11758.0,90900.0
554,5396.0,-26904.0,-19936.0,-2976.0,17660.0,25805.0,12130.0,90906.0
555,748.0,-23812.0,-18956.0,-2944.0,16061.0,25985.0,12844.0,90912.0
556,-3224.0,-20352.0,-13520.0,-2976.0,14604.0,24443.0,13738.0,90918.0
557,-5672.0,-18272.0,-4328.0,-2992.0,13895.0,20313.0,14537.0,90925.0
558,-6232.0,-19656.0,7264.0,-2992.0,14252.0,14466.0,14741.0,90931.0
559,-7160.0,-21912.0,7828.0,-2992.0,13506.0,6160.0,13378.0,90938.0
560,-7908.0,-23960.0,5016.0,-2944.0,12373.0,-4125.0,11167.0,90944.0
561,-7092.0,-25140.0,1908.0,-2976.0,11351.0,-14598.0,8686.0,90950.0
562,-4040.0,-25000.0,3864.0,-2976.0,11808.0,-23403.0,6349.0,90956.0
563,-504.0,-23412.0,4404.0,-2976.0,13295.0,-28391.0,5165.0,90962.0
564,1684.0,-21528.0,3332.0,-2960.0,15112.0,-30013.0,4848.0,90969.0
565,6244.0,-17312.0,3948.0,-2944.0,15550.0,-28012.0,5192.0,90975.0
566,8876.0,-13084.0,2244.0,-3008.0,14760.0,-23197.0,5444.0,90981.0
567,10752.0,-9768.0,276.0,-2992.0,12448.0,-16173.0,5599.0,90987.0
568,11724.0,-8180.0,-296.0,-2992.0,9929.0,-9001.0,5422.0,90993.0
569,12256.0,-8120.0,-836.0,-2976.0,7969.0,-4072.0,4682.0,90999.0
570,12228.0,-7668.0,-2072.0,-2976.0,6292.0,-1093.0,3797.0,91004.0
571,11512.0,-7060.0,-2708.0,-2960.0,4748.0,1358.0,3352.0,91011.0
572,10452.0,-5728.0,-3632.0,-2992.0,3206.0,3734.0,3396.0,91017.0
573,9056.0,-4288.0,-4628.0,-2976.0,1561.0,5885.0,3429.0,91023.0
574,7176.0,-3836.0,-5016.0,-2976.0,240.0,7234.0,2949.0,91029.0
575,5232.0,-2780.0,-5764.0,-2976.0,-1190.0,7689.0,2593.0,91035.0
576,3876.0,-1540.0,-6504.0,-2976.0,-2834.0,7567.0,2086.0,91041.0
577,2796.0,-356.0,-7352.0,-2976.0,-4736.0,7174.0,1358.0,91047.0
578,1984.0,416.0,-7480.0,-2976.0,-6730.0,6456.0,536.0,91053.0
579,1136.0,780.0,-6832.0,-2944.0,-8634.0,5221.0,-220.0,91059.0
580,632.0,600.0,-5808.0,-2960.0,-10196.0,3756.0,-758.0,91065.0
581,224.0,-108.0,-4688.0,-2928.0,-11582.0,2222.0,-1184.0,91071.0
582,-4.0,-640.0,-4116.0,-3008.0,-12903.0,1137.0,-1539.0,91076.0
583,-204.0,-1112.0,-4072.0,-2944.0,-14384.0,484.0,-2148.0,91082.0
584,-468.0,-1244.0,-4580.0,-3008.0,-15969.0,212.0,-2947.0,91088.0
585,-248.0,-1488.0,-5104.0,-2976.0,-17666.0,-142.0,-3780.0,91095.0
586,-144.0,-1460.0,-5328.0,-2976.0,-19345.0,-816.0,-4553.0,91101.0
587,728.0,-1436.0,-4728.0,-2976.0,-21144.0,-1590.0,-5142.0,91107.0
588,-208.0,-2620.0,-5740.0,-2960.0,-22396.0,-2800.0,-5598.0,91112.0
589,-40.0,-4012.0,-4408.0,-2976.0,-23410.0,-3550.0,-5848.0,91118.0
590,52.0,-4232.0,-4280.0,-3008.0,-24588.0,-4016.0,-6061.0,91124.0
591,28.0,-4472.0,-4668.0,-2976.0,-25809.0,-4440.0,-6240.0,91130.0
592,404.0,-5124.0,-5060.0,-2976.0,-27095.0,-4916.0,-6523.0,91137.0
593,600.0,-5612.0,-5080.0,-2960.0,-28352.0,-5497.0,-6929.0,91143.0
594,812.0,-6304.0,-5160.0,-2992.0,-29558.0,-6205.0,-7420.0,91149.0
595,1156.0,-7252.0,-5164.0,-2976.0,-30791.0,-7088.0,-7882.0,91155.0
596,1808.0,-8512.0,-4916.0,-2992.0,-31915.0,-7778.0,-8291.0,91161.0
597,2824.0,-10240.0,-4516.0,-2976.0,-32768.0,-7940.0,-8596.0,91167.0
598,3776.0,-11412.0,-4136.0,-2992.0,-32768.0,-7670.0,-8941.0,91173.0
599,4764.0,-12228.0,-3656.0,-2960.0,-32768.0,-7035.0,-9283.0,91180.0
600,5704.0,-13212.0,-3340.0,-2976.0,-32768.0,-6050.0,-9649.0,91186.0
601,6204.0,-14408.0,-2748.0,-3008.0,-32768.0,-4860.0,-9980.0,91192.0
602,6504.0,-15540.0,-2336.0,-2960.0,-32768.0,-3511.0,-10273.0,91198.0
603,6224.0,-16888.0,-2092.0,-2992.0,-32768.0,-2289.0,-10571.0,91204.0
604,5708.0,-18172.0,-1820.0,-2960.0,-32768.0,-1268.0,-10906.0,91210.0
605,5372.0,-19224.0,-2024.0,-2976.0,-32768.0,-360.0,-11231.0,91216.0
606,4892.0,-20800.0,-1868.0,-2976.0,-32768.0,246.0,-11559.0,91223.0
607,4592.0,-22552.0,-1608.0,-2992.0,-32768.0,730.0,-11856.0,91229.0
608,4224.0,-24220.0,-1192.0,-2976.0,-32768.0,1084.0,-12279.0,91235.0
609,4212.0,-25436.0,-1092.0,-2976.0,-32768.0,1416.0,-12565.0,91241.0
610,4328.0,-26556.0,-840.0,-2976.0,-32768.0,1689.0,-13175.0,91247.0
611,4520.0,-28024.0,-488.0,-2960.0,-32768.0,1867.0,-13851.0,91253.0
612,4424.0,-29444.0,196.0,-2960.0,-32768.0,1982.0,-14532.0,91259.0
613,3824.0,-30964.0,812.0,-2960.0,-32768.0,1801.0,-15204.0,91266.0
614,2568.0,-32768.0,2184.0,-2960.0,-32768.0,1197.0,-15777.0,91272.0
615,1372.0,-32768.0,3788.0,-2960.0,-32768.0,310.0,-16194.0,91278.0
616,268.0,-32768.0,5448.0,-2976.0,-32768.0,-659.0,-16571.0,91284.0
617,-680.0,-32768.0,7688.0,-2992.0,-32768.0,-1664.0,-16778.0,91290.0
618,-1336.0,-32768.0,10088.0,-2944.0,-32768.0,-2879.0,-16798.0,91296.0
619,-1316.0,-32768.0,13140.0,-2992.0,-32768.0,-4387.0,-16630.0,91302.0
620,-364.0,-32768.0,15616.0,-2992.0,-32768.0,-5773.0,-16096.0,91309.0
621,1628.0,-32768.0,18476.0,-2960.0,-32768.0,-6419.0,-15326.0,91315.0
622,3612.0,-32768.0,20644.0,-2976.0,-31333.0,-6229.0,-14681.0,91322.0
623,4984.0,-32768.0,22484.0,-2960.0,-28776.0,-5195.0,-14067.0,91328.0
624,5040.0,-32768.0,25220.0,-2992.0,-25851.0,-3244.0,-13547.0,91334.0
625,3724.0,-32768.0,27432.0,-2976.0,-22891.0,-925.0,-13083.0,91340.0
626,-1688.0,-32768.0,29860.0,-2976.0,-19506.0,1203.0,-12479.0,91346.0
627,-7072.0,-32768.0,30944.0,-2976.0,-16664.0,2169.0,-11972.0,91354.0
628,-2988.0,-32768.0,32716.0,-2928.0,-12569.0,2816.0,-5741.0,91360.0
629,-4612.0,-28936.0,32767.0,-2976.0,-9267.0,5446.0,-4541.0,91366.0
630,-12524.0,-26316.0,32767.0,-2992.0,-5675.0,6629.0,-3896.0,91372.0
631,-13420.0,-27328.0,32767.0,-3008.0,-1447.0,7259.0,-184.0,91378.0
632,-13656.0,-27988.0,32767.0,-2976.0,3023.0,6848.0,1746.0,91384.0
633,-14680.0,-27840.0,32767.0,-2992.0,7241.0,5304.0,3432.0,91390.0
634,-15056.0,-26992.0,32724.0,-2960.0,11093.0,2888.0,5211.0,91397.0
635,-15408.0,-26032.0,30572.0,-3024.0,14279.0,195.0,6337.0,91403.0
636,-15812.0,-24968.0,28224.0,-2992.0,16820.0,-2849.0,6974.0,91409.0
637,-15940.0,-24512.0,24224.0,-2992.0,18732.0,-6120.0,7458.0,91415.0
638,-14044.0,-22172.0,17816.0,-2992.0,19698.0,-9329.0,7381.0,91422.0
639,-5348.0,-11928.0,-5004.0,-2992.0,16994.0,-11272.0,5290.0,91428.0
640,32767.0,14292.0,-32768.0,-2976.0,-4623.0,-8099.0,-8214.0,91435.0
641,32767.0,-26012.0,-32768.0,-2960.0,-8739.0,-22012.0,-32768.0,91441.0
642,32767.0,-32768.0,-20040.0,-2960.0,16459.0,-31768.0,-1919.0,91447.0
643,4944.0,-32656.0,13132.0,-3024.0,19255.0,4741.0,22042.0,91454.0
644,-30008.0,-30160.0,32767.0,-2960.0,19695.0,30911.0,22609.0,91460.0
645,-32768.0,-32768.0,32767.0,-2976.0,20503.0,22666.0,11179.0,91466.0
646,-32768.0,-32768.0,24060.0,-2960.0,19525.0,-325.0,358.0,91472.0
647,-23104.0,-20904.0,-8300.0,-3008.0,15658.0,-17998.0,-3523.0,91479.0
648,7776.0,-10524.0,-14680.0,-2976.0,14820.0,-24329.0,-2272.0,91485.0
649,29672.0,-6432.0,-2180.0,-2976.0,15849.0,-26554.0,-1874.0,91492.0
650,28968.0,-10508.0,11876.0,-3008.0,15894.0,-18105.0,-590.0,91498.0
651,11296.0,-18912.0,13444.0,-2992.0,14306.0,-3443.0,1908.0,91504.0
652,784.0,-21988.0,4640.0,-2960.0,12863.0,3559.0,1721.0,91510.0
653,40.0,-22516.0,940.0,-2944.0,12895.0,40.0,-89.0,91516.0
654,1636.0,-20772.0,488.0,-3008.0,12999.0,-2767.0,142.0,91522.0
655,5460.0,-18352.0,-380.0,-3008.0,12852.0,-1117.0,1311.0,91528.0
656,8116.0,-17160.0,68.0,-2960.0,12771.0,2184.0,1463.0,91534.0
657,7076.0,-18056.0,-704.0,-3008.0,13197.0,4892.0,1934.0,91540.0
658,4596.0,-19064.0,-1348.0,-2976.0,14070.0,6647.0,1877.0,91546.0
659,2020.0,-16840.0,-1168.0,-2976.0,14137.0,7169.0,857.0,91552.0
660,1592.0,-12840.0,80.0,-2976.0,12889.0,6293.0,238.0,91558.0
661,2612.0,-11400.0,1176.0,-2976.0,11311.0,5845.0,271.0,91565.0
662,3432.0,-13140.0,552.0,-2992.0,10333.0,6700.0,325.0,91571.0
663,3524.0,-14880.0,-448.0,-2992.0,9838.0,6859.0,144.0,91577.0
664,3068.0,-14836.0,-1056.0,-2992.0,9319.0,6644.0,-44.0,91582.0
665,2368.0,-14508.0,-804.0,-2960.0,8730.0,6628.0,-475.0,91588.0
666,1316.0,-14888.0,44.0,-2992.0,8205.0,6654.0,-988.0,91594.0
667,756.0,-15684.0,172.0,-2992.0,7799.0,6180.0,-1260.0,91600.0
668,988.0,-16268.0,-708.0,-2992.0,7574.0,5249.0,-1442.0,91607.0
669,1480.0,-16172.0,-780.0,-2960.0,7461.0,4128.0,-1757.0,91613.0
670,2580.0,-15596.0,-608.0,-2992.0,7321.0,3173.0,-2092.0,91618.0
671,4864.0,-15012.0,-228.0,-2944.0,6988.0,2585.0,-2105.0,91624.0
672,6764.0,-15144.0,-260.0,-2944.0,6676.0,2921.0,-1821.0,91630.0
673,7452.0,-15056.0,-280.0,-2960.0,6449.0,3898.0,-1340.0,91636.0
674,6908.0,-14892.0,44.0,-2992.0,6200.0,4861.0,-845.0,91642.0
675,6036.0,-14864.0,352.0,-2992.0,5936.0,5711.0,-479.0,91649.0
676,5216.0,-14824.0,288.0,-2960.0,5631.0,6098.0,-197.0,91655.0
677,4904.0,-14948.0,268.0,-2976.0,5336.0,6032.0,-69.0,91660.0
678,4864.0,-15200.0,-32.0,-2992.0,5076.0,5676.0,83.0,91666.0
679,4728.0,-15340.0,24.0,-2976.0,4795.0,5181.0,288.0,91672.0
680,4536.0,-15592.0,-88.0,-2976.0,4585.0,4768.0,486.0,91677.0
681,4260.0,-15836.0,-224.0,-2992.0,4454.0,4446.0,584.0,91683.0
682,3980.0,-15912.0,-312.0,-2976.0,4366.0,4045.0,683.0,91689.0
683,3864.0,-16044.0,-124.0,-2976.0,4289.0,3653.0,675.0,91696.0
684,3576.0,-16116.0,-160.0,-2976.0,4243.0,3265.0,646.0,91702.0
685,3564.0,-16236.0,-220.0,-2992.0,4238.0,3106.0,585.0,91707.0
686,3380.0,-16580.0,-264.0,-2960.0,4288.0,3132.0,462.0,91713.0
687,3532.0,-16752.0,-132.0,-2944.0,4391.0,3220.0,477.0,91719.0
688,3688.0,-16832.0,-168.0,-2976.0,4525.0,3368.0,446.0,91725.0
689,3668.0,-16716.0,-88.0,-2976.0,4631.0,3283.0,434.0,91730.0
690,4112.0,-16580.0,92.0,-2992.0,4724.0,3108.0,519.0,91737.0
691,4508.0,-16356.0,68.0,-2976.0,4775.0,2938.0,557.0,91743.0
692,4780.0,-16136.0,312.0,-2992.0,4831.0,2827.0,650.0,91749.0
693,5180.0,-15884.0,308.0,-2960.0,4887.0,2830.0,747.0,91754.0
694,5376.0,-16032.0,352.0,-3008.0,4907.0,2933.0,848.0,91760.0
695,5384.0,-16056.0,444.0,-2976.0,4974.0,3180.0,955.0,91766.0
696,4968.0,-16004.0,596.0,-2960.0,4997.0,3356.0,1016.0,91772.0
697,4628.0,-16048.0,768.0,-2976.0,5056.0,3449.0,1074.0,91779.0
698,4424.0,-16072.0,1052.0,-3008.0,5088.0,3403.0,1080.0,91784.0
699,4272.0,-16176.0,1008.0,-3008.0,5111.0,3336.0,1052.0,91790.0
700,4268.0,-16224.0,1048.0,-2960.0,5155.0,3293.0,1085.0,91796.0
701,4132.0,-16124.0,992.0,-2960.0,5249.0,3334.0,1136.0,91802.0
702,4200.0,-16520.0,1312.0,-2992.0,5335.0,3526.0,1052.0,91808.0
703,3956.0,-16336.0,968.0,-2992.0,5401.0,3414.0,1103.0,91814.0
704,3512.0,-16616.0,1624.0,-2992.0,5479.0,3469.0,1306.0,91821.0
705,3268.0,-16784.0,1936.0,-3024.0,5534.0,3444.0,1166.0,91827.0
706,3516.0,-16900.0,1636.0,-2976.0,5617.0,3242.0,1238.0,91832.0
707,4220.0,-16908.0,1596.0,-2992.0,5666.0,3222.0,1096.0,91838.0
708,6884.0,-16124.0,804.0,-2960.0,5696.0,3394.0,409.0,91844.0
709,5684.0,-16280.0,1668.0,-2960.0,5709.0,3396.0,981.0,91850.0
710,5424.0,-16736.0,2296.0,-2944.0,5724.0,4167.0,936.0,91856.0
711,5040.0,-16384.0,2156.0,-2992.0,5750.0,4440.0,701.0,91863.0
712,4696.0,-16532.0,2104.0,-2992.0,5850.0,4561.0,830.0,91869.0
713,4780.0,-16584.0,2380.0,-2992.0,5852.0,4673.0,797.0,91874.0
714,4660.0,-16788.0,2624.0,-2992.0,5922.0,4863.0,838.0,91880.0
715,4296.0,-16968.0,2512.0,-2992.0,6044.0,5044.0,916.0,91886.0
716,3996.0,-16908.0,2320.0,-2992.0,6183.0,5179.0,1021.0,91892.0
717,3280.0,-17160.0,2240.0,-2976.0,6375.0,5324.0,1098.0,91898.0
718,2572.0,-17444.0,2600.0,-3008.0,6540.0,5356.0,1239.0,91905.0
719,2216.0,-18040.0,2444.0,-2976.0,6774.0,5381.0,1340.0,91911.0
720,1872.0,-18580.0,2172.0,-2960.0,7126.0,5255.0,1609.0,91916.0
721,1812.0,-19012.0,1832.0,-2992.0,7517.0,4989.0,1882.0,91922.0
722,1768.0,-19200.0,1776.0,-2976.0,7950.0,4674.0,2213.0,91928.0
723,1684.0,-19460.0,1652.0,-2944.0,8390.0,4297.0,2472.0,91934.0
724,1592.0,-19724.0,2208.0,-2976.0,8776.0,3886.0,2769.0,91940.0
725,1656.0,-19904.0,2384.0,-2992.0,9173.0,3477.0,3172.0,91947.0
726,1356.0,-19940.0,2516.0,-2992.0,9600.0,3148.0,3522.0,91953.0
727,1228.0,-19864.0,2716.0,-2976.0,9974.0,2841.0,3899.0,91959.0
728,1500.0,-20088.0,2676.0,-2976.0,10307.0,2511.0,4256.0,91965.0
729,1856.0,-20332.0,3100.0,-2960.0,10675.0,2271.0,4589.0,91970.0
730,1568.0,-20788.0,2948.0,-3008.0,10949.0,2193.0,4958.0,91976.0
731,3664.0,-20572.0,2760.0,-2992.0,11385.0,2271.0,5191.0,91982.0
732,2064.0,-20904.0,2796.0,-2944.0,11680.0,2459.0,5561.0,91988.0
733,3024.0,-21040.0,2496.0,-2992.0,12112.0,2560.0,5997.0,91995.0
734,2312.0,-20868.0,2672.0,-2992.0,12481.0,2786.0,6279.0,92001.0
735,2224.0,-20732.0,2632.0,-2976.0,12869.0,2730.0,6720.0,92007.0
736,2416.0,-20852.0,2412.0,-2992.0,13408.0,2683.0,7068.0,92013.0
737,2560.0,-21116.0,2308.0,-2944.0,13713.0,2627.0,7404.0,92019.0
738,3280.0,-21524.0,2252.0,-2992.0,14284.0,2578.0,7840.0,92025.0
739,4392.0,-21860.0,2132.0,-2960.0,14745.0,2559.0,8274.0,92032.0
740,5588.0,-22204.0,2040.0,-3008.0,15236.0,2803.0,8649.0,92038.0
741,6520.0,-22656.0,2188.0,-2992.0,15756.0,3373.0,8982.0,92044.0
742,7352.0,-23392.0,2912.0,-2976.0,16377.0,4104.0,9292.0,92050.0
743,7716.0,-24072.0,2508.0,-2960.0,16954.0,5054.0,9646.0,92056.0
744,8164.0,-25404.0,1960.0,-3008.0,17527.0,6334.0,9913.0,92061.0
745,6704.0,-26388.0,1988.0,-2992.0,18005.0,7978.0,10720.0,92067.0
746,6048.0,-28836.0,1688.0,-2976.0,18153.0,8844.0,11686.0,92073.0
747,6092.0,-32284.0,564.0,-2960.0,18419.0,9503.0,12528.0,92080.0
748,7720.0,-32768.0,-1520.0,-2976.0,18818.0,10245.0,12814.0,92086.0
749,9736.0,-32548.0,-3720.0,-2976.0,19118.0,11071.0,12849.0,92092.0
750,12284.0,-32608.0,-5700.0,-2960.0,19193.0,12341.0,12538.0,92098.0
751,13848.0,-32768.0,-9608.0,-2976.0,19393.0,14450.0,11992.0,92105.0
752,13232.0,-32768.0,-15980.0,-2976.0,20106.0,16198.0,11978.0,92111.0
753,10600.0,-32768.0,-19800.0,-2960.0,20436.0,17530.0,12774.0,92118.0
754,6816.0,-32768.0,-21832.0,-2992.0,20091.0,17579.0,13499.0,92124.0
755,2544.0,-30220.0,-22760.0,-2992.0,19343.0,15925.0,13875.0,92130.0
756,-3320.0,-26336.0,-18952.0,-2976.0,18194.0,11992.0,14120.0,92136.0
757,-4752.0,-24688.0,-10104.0,-2944.0,17373.0,8171.0,14325.0,92142.0
758,-4924.0,-24704.0,3600.0,-2992.0,18054.0,4216.0,14710.0,92148.0
759,-6824.0,-25912.0,12376.0,-2976.0,18936.0,102.0,14660.0,92154.0
760,-4544.0,-24920.0,11624.0,-3008.0,18506.0,-6190.0,14082.0,92161.0
761,-4688.0,-26308.0,8200.0,-2992.0,17845.0,-12232.0,11980.0,92168.0
762,-160.0,-25860.0,4204.0,-2960.0,17510.0,-17956.0,11118.0,92174.0
763,2900.0,-24784.0,4804.0,-2960.0,17683.0,-21855.0,10040.0,92180.0
764,5580.0,-24732.0,7060.0,-2992.0,18602.0,-22530.0,10336.0,92186.0
765,8540.0,-22624.0,3052.0,-2992.0,18227.0,-19945.0,10504.0,92192.0
766,12184.0,-18644.0,-1024.0,-2960.0,16396.0,-16372.0,9806.0,92198.0
767,15312.0,-13328.0,-4876.0,-2960.0,13969.0,-13129.0,8956.0,92205.0
768,19544.0,-8288.0,-8036.0,-2960.0,11502.0,-9529.0,7921.0,92211.0
769,16516.0,-5636.0,-6456.0,-3008.0,9159.0,-6428.0,6586.0,92217.0
770,15656.0,-4808.0,-5888.0,-2992.0,6890.0,-1227.0,6582.0,92223.0
771,12908.0,-5472.0,-6084.0,-3008.0,4923.0,3148.0,5253.0,92229.0
772,10060.0,-4956.0,-6712.0,-2992.0,2920.0,5852.0,5981.0,92235.0
773,8500.0,-3588.0,-7656.0,-2960.0,994.0,7741.0,6109.0,92241.0
774,5456.0,-2076.0,-8200.0,-2960.0,-1034.0,9166.0,5761.0,92248.0
775,2540.0,-1272.0,-8020.0,-3008.0,-3070.0,9638.0,5483.0,92253.0
776,348.0,-952.0,-6908.0,-2976.0,-4807.0,8939.0,5059.0,92259.0
777,-780.0,-524.0,-5788.0,-3008.0,-6483.0,7397.0,4491.0,92265.0
778,-1140.0,-292.0,-5304.0,-2992.0,-8051.0,5336.0,3533.0,92271.0
779,-1416.0,28.0,-5020.0,-2992.0,-9677.0,3211.0,2499.0,92277.0
780,-1488.0,520.0,-5272.0,-2944.0,-11300.0,1395.0,1569.0,92282.0
781,-1508.0,948.0,-5160.0,-2992.0,-13021.0,-234.0,643.0,92289.0
782,-1324.0,1172.0,-5148.0,-2976.0,-14666.0,-1737.0,-353.0,92295.0
783,-1344.0,1240.0,-5192.0,-2976.0,-16357.0,-3440.0,-1355.0,92301.0
784,-1248.0,1036.0,-5288.0,-2992.0,-18113.0,-5264.0,-2186.0,92307.0
785,-952.0,340.0,-5380.0,-2976.0,-19831.0,-7077.0,-2867.0,92313.0
786,-284.0,-552.0,-5400.0,-2976.0,-21434.0,-8651.0,-3422.0,92319.0
787,612.0,-1228.0,-5460.0,-2992.0,-23014.0,-9813.0,-3909.0,92325.0
788,1280.0,-1588.0,-5860.0,-3024.0,-24617.0,-10471.0,-4309.0,92331.0
789,2296.0,-2048.0,-6392.0,-2960.0,-26373.0,-11020.0,-4699.0,92337.0
790,2864.0,-2780.0,-6624.0,-2976.0,-27995.0,-11474.0,-5006.0,92343.0
791,3100.0,-4036.0,-6112.0,-2992.0,-29411.0,-11776.0,-5295.0,92349.0
792,3164.0,-5316.0,-5676.0,-2992.0,-30679.0,-12246.0,-5606.0,92355.0
793,3280.0,-6432.0,-5016.0,-2976.0,-31841.0,-12910.0,-5902.0,92361.0
794,3460.0,-7588.0,-4528.0,-2992.0,-32768.0,-13335.0,-6126.0,92367.0
795,4372.0,-9056.0,-3712.0,-2992.0,-32768.0,-13363.0,-6365.0,92374.0
796,5628.0,-10432.0,-3064.0,-2976.0,-32768.0,-12812.0,-6671.0,92380.0
797,7180.0,-11504.0,-3232.0,-3008.0,-32768.0,-11918.0,-7106.0,92386.0
798,8560.0,-12600.0,-2836.0,-2960.0,-32768.0,-10582.0,-7530.0,92392.0
799,9408.0,-14156.0,-2228.0,-2960.0,-32768.0,-8759.0,-7838.0,92399.0
800,9636.0,-15600.0,-1084.0,-2960.0,-32768.0,-6689.0,-8116.0,92405.0
801,9396.0,-16648.0,-956.0,-2976.0,-32768.0,-4782.0,-8325.0,92411.0
802,8980.0,-18152.0,-92.0,-3024.0,-32768.0,-3277.0,-8601.0,92417.0
803,8536.0,-19604.0,432.0,-2992.0,-32768.0,-2258.0,-8763.0,92423.0
804,7908.0,-21064.0,940.0,-2976.0,-32768.0,-1431.0,-8946.0,92429.0
805,7748.0,-22232.0,1364.0,-2992.0,-32768.0,-731.0,-9152.0,92435.0
806,7848.0,-23296.0,1620.0,-3008.0,-32768.0,14.0,-9466.0,92441.0
807,8200.0,-24564.0,1872.0,-2992.0,-32768.0,819.0,-9936.0,92447.0
808,8648.0,-25880.0,1808.0,-2992.0,-32768.0,1719.0,-10553.0,92453.0
809,8768.0,-27756.0,2480.0,-2992.0,-32768.0,2572.0,-11354.0,92460.0
810,8500.0,-29312.0,2896.0,-3008.0,-32768.0,3224.0,-12303.0,92466.0
811,7808.0,-30616.0,3644.0,-2976.0,-32768.0,3517.0,-13275.0,92472.0
812,6468.0,-32020.0,4764.0,-2976.0,-32768.0,3297.0,-14364.0,92478.0
813,4200.0,-32768.0,6092.0,-2992.0,-32768.0,2379.0,-15377.0,92484.0
814,1416.0,-32768.0,7584.0,-2960.0,-32768.0,620.0,-16368.0,92490.0
815,-496.0,-32768.0,9284.0,-3008.0,-32768.0,-1684.0,-17237.0,92496.0
816,-848.0,-32768.0,10608.0,-2992.0,-32768.0,-3557.0,-17701.0,92503.0
817,1116.0,-32768.0,10692.0,-2992.0,-32768.0,-4226.0,-17819.0,92509.0
818,3344.0,-32768.0,11140.0,-2960.0,-32768.0,-3741.0,-17597.0,92515.0
819,4660.0,-32768.0,12412.0,-2944.0,-32768.0,-2414.0,-16966.0,92521.0
820,5740.0,-32768.0,13824.0,-2976.0,-32768.0,-901.0,-16063.0,92528.0
821,7096.0,-32768.0,16132.0,-2976.0,-32246.0,657.0,-14971.0,92534.0
822,8580.0,-32768.0,18212.0,-3008.0,-30168.0,2628.0,-13788.0,92540.0
823,9708.0,-32768.0,20184.0,-3008.0,-27951.0,5181.0,-12998.0,92547.0
824,10636.0,-32356.0,21220.0,-2960.0,-25748.0,8161.0,-12813.0,92553.0
825,10784.0,-32172.0,23328.0,-2944.0,-23451.0,11522.0,-12896.0,92559.0
826,8800.0,-32532.0,24760.0,-3008.0,-20903.0,15230.0,-12888.0,92566.0
827,3316.0,-32732.0,26052.0,-2992.0,-18156.0,18999.0,-12005.0,92572.0
828,-3604.0,-32036.0,27824.0,-2992.0,-14945.0,22015.0,-10220.0,92578.0
829,-12344.0,-30088.0,29244.0,-2992.0,-11439.0,22994.0,-7772.0,92584.0
830,-18728.0,-28396.0,30580.0,-2976.0,-7706.0,21780.0,-4830.0,92592.0
831,-22804.0,-27272.0,31352.0,-2992.0,-3775.0,18888.0,-1824.0,92598.0
832,-24664.0,-27348.0,31868.0,-3024.0,290.0,14784.0,675.0,92604.0
833,-24248.0,-28132.0,31440.0,-2976.0,4137.0,10446.0,2279.0,92610.0
834,-23432.0,-27676.0,30588.0,-2976.0,7552.0,5809.0,4072.0,92616.0
835,-18088.0,-26584.0,28616.0,-2960.0,10582.0,2056.0,3677.0,92622.0
836,-19856.0,-25788.0,26092.0,-2976.0,13248.0,-2016.0,3200.0,92628.0
837,-19300.0,-24744.0,23048.0,-3008.0,15326.0,-6213.0,4235.0,92635.0
838,-17172.0,-24296.0,19816.0,-3008.0,17261.0,-10095.0,4337.0,92642.0
839,-17808.0,-22168.0,15344.0,-2992.0,18527.0,-13930.0,6149.0,92648.0
840,-12392.0,-14728.0,296.0,-2976.0,17717.0,-17275.0,6380.0,92654.0
841,15764.0,7328.0,-32768.0,-3008.0,3423.0,-16899.0,-1981.0,92660.0
842,32767.0,-5268.0,-32768.0,-3024.0,-10916.0,-23717.0,-30858.0,92666.0
843,32767.0,-32768.0,-32212.0,-2976.0,11704.0,-32768.0,-14466.0,92673.0
844,16008.0,-32020.0,1928.0,-3024.0,17484.0,-13200.0,21579.0,92680.0
845,-22332.0,-26992.0,32767.0,-2992.0,16733.0,20790.0,18863.0,92686.0
846,-32768.0,-32768.0,32767.0,-2992.0,17990.0,16717.0,11783.0,92692.0
847,-32768.0,-32768.0,32767.0,-2976.0,19861.0,527.0,3394.0,92698.0
848,-32768.0,-32768.0,-3092.0,-2992.0,17625.0,-13780.0,50.0,92704.0
849,-2664.0,-12736.0,-19356.0,-2992.0,14886.0,-19830.0,-1308.0,92710.0
850,28836.0,448.0,-10492.0,-2992.0,14163.0,-23100.0,-4667.0,92718.0
851,32752.0,-2784.0,4432.0,-2992.0,14420.0,-18720.0,-3798.0,92724.0
852,19704.0,-14388.0,10904.0,-2976.0,14191.0,-6487.0,-625.0,92730.0
853,6720.0,-16348.0,6140.0,-3008.0,12308.0,1967.0,726.0,92736.0
854,3992.0,-13692.0,-776.0,-2992.0,10922.0,-952.0,-675.0,92742.0
855,5892.0,-13940.0,-2708.0,-3024.0,10616.0,-7033.0,-1440.0,92748.0
856,7132.0,-17052.0,-560.0,-2976.0,10867.0,-7815.0,150.0,92754.0
857,6704.0,-17440.0,-508.0,-2992.0,11125.0,-4608.0,1020.0,92761.0
858,5896.0,-16668.0,-1716.0,-3008.0,10945.0,-2351.0,980.0,92767.0
859,6304.0,-16692.0,-2092.0,-2976.0,10712.0,-1192.0,925.0,92772.0
860,6424.0,-17280.0,-1040.0,-2992.0,10597.0,-28.0,936.0,92778.0
861,5512.0,-17372.0,-224.0,-2992.0,10350.0,1158.0,1157.0,92784.0
862,4720.0,-17204.0,472.0,-3008.0,9961.0,2266.0,1600.0,92790.0
863,3212.0,-16420.0,740.0,-3008.0,9358.0,3546.0,1717.0,92796.0
864,1776.0,-15368.0,400.0,-2976.0,8589.0,4935.0,1405.0,92803.0
865,444.0,-15356.0,176.0,-2992.0,7854.0,5773.0,625.0,92809.0
866,-636.0,-16176.0,180.0,-3008.0,7508.0,5669.0,-246.0,92815.0
867,-1616.0,-17152.0,244.0,-2976.0,7402.0,4854.0,-1151.0,92820.0
868,-1636.0,-17136.0,88.0,-2976.0,7319.0,3487.0,-1937.0,92826.0
869,-344.0,-17232.0,36.0,-3008.0,7267.0,1910.0,-2449.0,92832.0
870,2488.0,-17300.0,-508.0,-2976.0,7332.0,769.0,-2632.0,92838.0
871,5636.0,-16868.0,-1040.0,-3008.0,7371.0,44.0,-2575.0,92845.0
872,7536.0,-16176.0,-1540.0,-3008.0,7453.0,167.0,-2247.0,92850.0
873,8340.0,-15464.0,-1644.0,-2976.0,7385.0,1133.0,-1823.0,92856.0
874,8656.0,-14764.0,-1512.0,-2960.0,7188.0,2343.0,-1353.0,92862.0
875,8468.0,-14176.0,-728.0,-2976.0,6859.0,3492.0,-885.0,92868.0
876,8228.0,-14240.0,-144.0,-3008.0,6429.0,4564.0,-330.0,92874.0
877,7532.0,-14960.0,288.0,-2976.0,6084.0,5610.0,212.0,92880.0
878,7156.0,-15452.0,-672.0,-2976.0,5795.0,6274.0,489.0,92887.0
879,6592.0,-15076.0,-1224.0,-3008.0,5683.0,6163.0,649.0,92893.0
880,6064.0,-14720.0,-988.0,-3008.0,5479.0,5617.0,918.0,92898.0
881,5536.0,-14728.0,-860.0,-2976.0,5245.0,5289.0,1160.0,92904.0
882,4956.0,-15052.0,-752.0,-2976.0,5115.0,4987.0,1236.0,92910.0
883,4652.0,-15436.0,-672.0,-2976.0,5089.0,4735.0,1221.0,92916.0
884,4840.0,-15280.0,-536.0,-2992.0,5087.0,4519.0,1123.0,92922.0
885,4844.0,-15716.0,-428.0,-2992.0,5162.0,4405.0,1054.0,92929.0
886,4968.0,-16200.0,-380.0,-2960.0,5403.0,4434.0,1096.0,92935.0
887,5000.0,-16428.0,-536.0,-2960.0,5694.0,4691.0,1087.0,92940.0
888,4744.0,-16492.0,-1020.0,-2992.0,5993.0,5101.0,1130.0,92946.0
889,4544.0,-16208.0,-1060.0,-3008.0,6158.0,5341.0,1205.0,92952.0
890,4644.0,-16080.0,-1324.0,-2976.0,6271.0,5201.0,1300.0,92958.0
891,4416.0,-15968.0,-1068.0,-3024.0,6307.0,4802.0,1452.0,92964.0
892,4576.0,-15652.0,-740.0,-3008.0,6287.0,4288.0,1578.0,92971.0
893,4684.0,-15656.0,-896.0,-3008.0,6280.0,3742.0,1681.0,92977.0
894,5064.0,-15664.0,-796.0,-3008.0,6262.0,3214.0,1762.0,92983.0
895,5464.0,-15536.0,-472.0,-3008.0,6255.0,2934.0,1916.0,92988.0
896,5396.0,-15816.0,-68.0,-3008.0,6302.0,2915.0,1913.0,92994.0
897,4892.0,-16124.0,-160.0,-2976.0,6349.0,3013.0,1962.0,93000.0
898,4572.0,-16300.0,76.0,-2976.0,6437.0,3054.0,1997.0,93006.0
899,4296.0,-16364.0,208.0,-2976.0,6514.0,3003.0,1897.0,93012.0
900,4080.0,-16148.0,604.0,-3008.0,6497.0,2923.0,1865.0,93018.0
901,4012.0,-16304.0,840.0,-3008.0,6492.0,2865.0,1856.0,93024.0
902,3832.0,-16520.0,876.0,-3008.0,6535.0,2868.0,1852.0,93030.0
903,3708.0,-16260.0,1120.0,-3008.0,6515.0,2853.0,1806.0,93036.0
904,3932.0,-16244.0,1340.0,-3008.0,6506.0,2763.0,1783.0,93042.0
905,4096.0,-16436.0,1444.0,-3024.0,6533.0,2821.0,1814.0,93048.0
906,4112.0,-16528.0,1388.0,-3024.0,6539.0,2914.0,1888.0,93054.0
907,4348.0,-16492.0,1096.0,-2976.0,6582.0,2880.0,1870.0,93061.0
908,4472.0,-16488.0,1328.0,-2976.0,6645.0,2846.0,1885.0,93066.0
909,4740.0,-16644.0,1184.0,-2976.0,6704.0,2891.0,1883.0,93072.0
910,5048.0,-16460.0,1460.0,-2992.0,6766.0,2985.0,1877.0,93078.0
911,5280.0,-16580.0,1684.0,-2992.0,6796.0,3345.0,1940.0,93084.0
912,4864.0,-16792.0,1608.0,-2992.0,6883.0,3640.0,1808.0,93090.0
913,3816.0,-16908.0,1632.0,-3008.0,7009.0,3797.0,1915.0,93096.0
914,4148.0,-17036.0,1956.0,-2976.0,7176.0,3896.0,1794.0,93103.0
915,5320.0,-16652.0,1972.0,-3024.0,7298.0,3923.0,1453.0,93109.0
916,6932.0,-16812.0,1128.0,-2992.0,7462.0,4265.0,1125.0,93114.0
917,6584.0,-16128.0,1352.0,-2992.0,7599.0,4488.0,1304.0,93120.0
918,6864.0,-16408.0,1908.0,-2992.0,7669.0,4995.0,1309.0,93126.0
919,5892.0,-16748.0,2156.0,-2976.0,7756.0,5467.0,1435.0,93132.0
920,5440.0,-17268.0,2176.0,-2992.0,7948.0,5780.0,1643.0,93138.0
921,4560.0,-17476.0,2220.0,-3024.0,8152.0,5980.0,1905.0,93145.0
922,3864.0,-17892.0,2404.0,-2992.0,8395.0,6056.0,2178.0,93151.0
923,3212.0,-18124.0,2388.0,-3008.0,8723.0,6072.0,2418.0,93157.0
924,2336.0,-18388.0,2520.0,-2944.0,9067.0,5834.0,2703.0,93163.0
925,1708.0,-18732.0,2856.0,-3024.0,9376.0,5406.0,3030.0,93168.0
926,960.0,-19184.0,2980.0,-2992.0,9753.0,4793.0,3347.0,93174.0
927,384.0,-19884.0,3260.0,-2992.0,10113.0,3998.0,3775.0,93180.0
928,-484.0,-21240.0,2720.0,-3008.0,10519.0,3327.0,4612.0,93187.0
929,1852.0,-19960.0,3336.0,-3008.0,10779.0,3052.0,4011.0,93193.0
930,864.0,-21108.0,3256.0,-2960.0,11159.0,2723.0,5089.0,93199.0
931,2104.0,-21492.0,2992.0,-2960.0,11636.0,2628.0,5411.0,93205.0
932,984.0,-21416.0,2840.0,-3008.0,12043.0,2577.0,5477.0,93211.0
933,1140.0,-22040.0,2960.0,-3024.0,12518.0,2239.0,5832.0,93217.0
934,1996.0,-22304.0,2848.0,-2992.0,13083.0,2120.0,6178.0,93222.0
935,2620.0,-22540.0,2760.0,-2960.0,13632.0,2090.0,6593.0,93229.0
936,3572.0,-22636.0,2504.0,-2960.0,14091.0,2055.0,7024.0,93235.0
937,4508.0,-22868.0,2400.0,-2976.0,14621.0,2214.0,7334.0,93241.0
938,5620.0,-23232.0,2160.0,-2992.0,15186.0,2490.0,7697.0,93247.0
939,6624.0,-23368.0,2156.0,-2976.0,15751.0,2940.0,8051.0,93253.0
940,7480.0,-23904.0,1948.0,-2992.0,16287.0,3656.0,8384.0,93259.0
941,7632.0,-24724.0,1880.0,-2976.0,16838.0,4507.0,8783.0,93265.0
942,6360.0,-25436.0,2048.0,-2976.0,17352.0,5395.0,9527.0,93272.0
943,5280.0,-27036.0,2944.0,-2992.0,17725.0,5560.0,10414.0,93278.0
944,5664.0,-30056.0,2976.0,-2992.0,18193.0,5341.0,11126.0,93284.0
945,7248.0,-31748.0,2152.0,-3008.0,18804.0,5465.0,11438.0,93290.0
946,9212.0,-31964.0,912.0,-3024.0,19521.0,6042.0,11362.0,93296.0
947,11192.0,-32180.0,240.0,-3008.0,20254.0,7190.0,11260.0,93302.0
948,12644.0,-32768.0,-876.0,-3024.0,20834.0,9019.0,11117.0,93308.0
949,14212.0,-32768.0,-3752.0,-2992.0,21159.0,11200.0,10806.0,93315.0
950,15568.0,-32768.0,-9456.0,-2992.0,21116.0,13411.0,10084.0,93321.0
951,15436.0,-32768.0,-14680.0,-2992.0,20990.0,16298.0,9605.0,93327.0
952,14224.0,-32768.0,-18156.0,-3024.0,20775.0,18512.0,9757.0,93333.0
953,11204.0,-32768.0,-19532.0,-2960.0,20233.0,19302.0,10558.0,93339.0
954,7612.0,-28872.0,-21348.0,-2976.0,18992.0,19952.0,11563.0,93345.0
955,5552.0,-25544.0,-20868.0,-2992.0,17511.0,20005.0,11796.0,93351.0
956,2860.0,-21992.0,-18692.0,-3024.0,15992.0,18980.0,12025.0,93359.0
957,-752.0,-19212.0,-8980.0,-3008.0,15048.0,15496.0,12083.0,93365.0
958,-3584.0,-19872.0,4272.0,-2992.0,15404.0,10369.0,12325.0,93371.0
959,-4912.0,-21644.0,11768.0,-2992.0,15957.0,4724.0,12066.0,93377.0
960,-5748.0,-23192.0,12940.0,-2992.0,15860.0,-1468.0,10714.0,93383.0
961,-4552.0,-23112.0,8112.0,-2992.0,15090.0,-7461.0,8958.0,93389.0
962,-1468.0,-24716.0,8476.0,-2960.0,15051.0,-11972.0,7409.0,93395.0
963,2224.0,-26188.0,7508.0,-3008.0,16100.0,-13619.0,6852.0,93402.0
964,5032.0,-23548.0,1616.0,-3008.0,16109.0,-12679.0,6480.0,93408.0
965,9048.0,-20564.0,2152.0,-3024.0,15934.0,-9886.0,5710.0,93414.0
966,12988.0,-14092.0,-772.0,-2992.0,14968.0,-6252.0,4991.0,93420.0
967,15128.0,-7064.0,-3468.0,-3008.0,12405.0,-3957.0,4073.0,93426.0
968,16628.0,-4056.0,-6008.0,-2992.0,9602.0,-745.0,2840.0,93432.0
969,15112.0,-3476.0,-9632.0,-3008.0,6422.0,4495.0,1904.0,93438.0
970,11240.0,-3628.0,-11248.0,-3008.0,3773.0,8626.0,1746.0,93445.0
971,7816.0,-3400.0,-10872.0,-2992.0,1892.0,10667.0,2183.0,93451.0
972,5680.0,-2860.0,-9176.0,-3040.0,554.0,11447.0,2611.0,93457.0
973,4172.0,-2964.0,-6940.0,-2992.0,-555.0,11907.0,2835.0,93463.0
974,2248.0,-3228.0,-5588.0,-3024.0,-1660.0,12528.0,2860.0,93468.0
975,612.0,-3152.0,-4692.0,-3024.0,-2948.0,12987.0,2563.0,93474.0
976,-636.0,-2536.0,-5300.0,-2992.0,-4673.0,12896.0,1815.0,93480.0
977,-1376.0,-1648.0,-6144.0,-3008.0,-6536.0,11692.0,596.0,93487.0
978,-1980.0,-896.0,-6528.0,-3008.0,-8337.0,9683.0,-666.0,93493.0
979,-2800.0,-560.0,-6780.0,-3008.0,-10071.0,7292.0,-1837.0,93499.0
980,-3400.0,-624.0,-6204.0,-2992.0,-11768.0,4743.0,-2463.0,93505.0
981,-4004.0,-1448.0,-5660.0,-2960.0,-13027.0,2203.0,-3429.0,93511.0
982,-4768.0,-2108.0,-4944.0,-3040.0,-14220.0,-290.0,-4318.0,93517.0
983,-4672.0,-2416.0,-4436.0,-2992.0,-15611.0,-2475.0,-4786.0,93522.0
984,-3620.0,-2464.0,-4584.0,-2976.0,-17155.0,-4309.0,-5125.0,93529.0
985,-2464.0,-2488.0,-5288.0,-2992.0,-18748.0,-5974.0,-5673.0,93535.0
986,-1784.0,-2760.0,-4976.0,-2976.0,-20138.0,-7751.0,-6349.0,93541.0
987,-1244.0,-2972.0,-4952.0,-2992.0,-21382.0,-9357.0,-6953.0,93547.0
988,-636.0,-3168.0,-5064.0,-3008.0,-22747.0,-10753.0,-7501.0,93553.0
989,280.0,-3400.0,-5148.0,-2960.0,-24200.0,-11847.0,-7959.0,93559.0
990,1292.0,-4092.0,-5220.0,-3008.0,-25693.0,-12566.0,-8331.0,93565.0
991,2448.0,-5016.0,-5144.0,-2992.0,-27109.0,-13041.0,-8653.0,93572.0
992,3764.0,-6184.0,-4960.0,-3024.0,-28422.0,-13202.0,-8904.0,93578.0
993,5040.0,-7112.0,-5024.0,-3008.0,-29666.0,-13064.0,-9184.0,93584.0
994,6164.0,-8088.0,-4732.0,-3024.0,-30945.0,-12457.0,-9453.0,93590.0
995,7840.0,-9304.0,-4776.0,-2992.0,-32231.0,-11495.0,-9814.0,93596.0
996,8960.0,-10692.0,-4164.0,-3008.0,-32768.0,-10029.0,-10164.0,93602.0
997,9804.0,-12076.0,-3520.0,-3008.0,-32768.0,-8262.0,-10478.0,93608.0
998,9912.0,-13348.0,-2720.0,-3008.0,-32768.0,-6330.0,-10720.0,93615.0
999,9380.0,-14436.0,-2020.0,-3024.0,-32768.0,-4431.0,-10848.0,93621.0
1000,8540.0,-15476.0,-1400.0,-2992.0,-32768.0,-2681.0,-11001.0,93627.0
1001,7592.0,-16700.0,-984.0,-2976.0,-32768.0,-1074.0,-11301.0,93633.0
1002,6868.0,-18212.0,-912.0,-3040.0,-32768.0,237.0,-11582.0,93640.0
1003,6336.0,-19604.0,-772.0,-2992.0,-32768.0,1211.0,-11908.0,93646.0
1004,6032.0,-21352.0,-548.0,-2960.0,-32768.0,1911.0,-12199.0,93652.0
1005,6152.0,-23072.0,-92.0,-2992.0,-32768.0,2350.0,-12649.0,93659.0
1006,6192.0,-24676.0,380.0,-3008.0,-32768.0,2640.0,-13194.0,93665.0
1007,6320.0,-26308.0,1084.0,-3008.0,-32768.0,2858.0,-13938.0,93671.0
1008,6132.0,-27932.0,1876.0,-2992.0,-32768.0,2931.0,-14832.0,93677.0
1009,5752.0,-29516.0,2640.0,-2992.0,-32768.0,2687.0,-15929.0,93683.0
1010,5020.0,-30984.0,3336.0,-2992.0,-32768.0,2021.0,-17058.0,93689.0
1011,3564.0,-32176.0,4612.0,-2992.0,-32768.0,830.0,-18070.0,93696.0
1012,1632.0,-32768.0,5692.0,-2976.0,-32768.0,-910.0,-19104.0,93702.0
1013,-324.0,-32768.0,7692.0,-3008.0,-32768.0,-2990.0,-20061.0,93708.0
1014,-660.0,-32768.0,9040.0,-3024.0,-32768.0,-4896.0,-20863.0,93714.0
1015,596.0,-32768.0,10168.0,-3024.0,-32768.0,-6061.0,-21201.0,93720.0
1016,2728.0,-32768.0,10548.0,-2992.0,-32768.0,-6139.0,-20904.0,93726.0
1017,4608.0,-32768.0,11044.0,-2992.0,-32768.0,-5348.0,-19922.0,93733.0
1018,5276.0,-32768.0,12144.0,-2976.0,-32768.0,-4144.0,-18614.0,93740.0
1019,5580.0,-32768.0,14308.0,-2992.0,-32479.0,-2769.0,-17248.0,93746.0
1020,5972.0,-32768.0,15884.0,-2992.0,-30902.0,-794.0,-15784.0,93752.0
1021,6128.0,-32768.0,17716.0,-2992.0,-29252.0,2029.0,-14116.0,93758.0
1022,5188.0,-32768.0,20304.0,-2976.0,-27338.0,5558.0,-12672.0,93764.0
1023,3404.0,-32768.0,22564.0,-2976.0,-25191.0,8335.0,-11910.0,93771.0
1024,1096.0,-32768.0,25880.0,-3024.0,-22602.0,9905.0,-11704.0,93777.0
1025,-1496.0,-32228.0,29624.0,-2992.0,-19673.0,10662.0,-11446.0,93784.0
1026,-3680.0,-31808.0,31556.0,-2992.0,-16441.0,11073.0,-10840.0,93790.0
1027,-6952.0,-31144.0,32767.0,-3024.0,-12921.0,11411.0,-9589.0,93797.0
1028,-10640.0,-29712.0,32767.0,-2992.0,-9141.0,11342.0,-7693.0,93803.0
1029,-14760.0,-27604.0,32767.0,-3056.0,-5346.0,10591.0,-5434.0,93809.0
1030,-18820.0,-26124.0,32767.0,-3024.0,-1327.0,8907.0,-2888.0,93815.0
1031,-23592.0,-31044.0,32767.0,-2976.0,3025.0,5731.0,13.0,93821.0
1032,-26828.0,-27824.0,30476.0,-2976.0,6320.0,988.0,723.0,93828.0
1033,-15956.0,-25440.0,29568.0,-2992.0,9573.0,-2481.0,6383.0,93834.0
1034,-15412.0,-24632.0,27296.0,-3024.0,12929.0,-4708.0,4208.0,93840.0
1035,-18124.0,-22304.0,25528.0,-2992.0,14859.0,-6985.0,3821.0,93846.0
1036,-16476.0,-22528.0,22312.0,-3056.0,16647.0,-9836.0,4298.0,93852.0
1037,-13824.0,-22208.0,18636.0,-2992.0,18101.0,-12045.0,4651.0,93858.0
1038,-11388.0,-19088.0,12376.0,-3008.0,19189.0,-13577.0,5415.0,93865.0
1039,-8204.0,-7036.0,-14536.0,-2992.0,15710.0,-15861.0,5647.0,93872.0
1040,30432.0,17556.0,-32768.0,-3024.0,-7752.0,-14169.0,-6874.0,93878.0
1041,32767.0,-32768.0,-32768.0,-2992.0,-8869.0,-24602.0,-31978.0,93884.0
1042,31100.0,-32768.0,-19628.0,-2992.0,16141.0,-31087.0,3928.0,93891.0
1043,1312.0,-30776.0,14384.0,-2992.0,17298.0,7550.0,23033.0,93897.0
1044,-32768.0,-32768.0,32767.0,-2992.0,19044.0,26181.0,19467.0,93903.0
1045,-32768.0,-32768.0,32767.0,-2992.0,20369.0,16509.0,9055.0,93910.0
1046,-32768.0,-32768.0,12608.0,-3008.0,17907.0,-1794.0,85.0,93916.0
1047,-19156.0,-22044.0,-14532.0,-2992.0,15442.0,-13460.0,-4027.0,93922.0
1048,15288.0,-9524.0,-11060.0,-3024.0,16345.0,-22385.0,-5738.0,93929.0
1049,32767.0,-6104.0,10036.0,-3024.0,17744.0,-22906.0,-4098.0,93935.0
1050,23304.0,-13184.0,15572.0,-3024.0,15871.0,-10823.0,662.0,93941.0
1051,9576.0,-19764.0,4712.0,-2992.0,14220.0,-812.0,3493.0,93947.0
1052,7176.0,-17008.0,-2468.0,-2976.0,13961.0,-2201.0,1711.0,93954.0
1053,7240.0,-14796.0,-2256.0,-2992.0,14337.0,-6761.0,856.0,93960.0
1054,9568.0,-15520.0,340.0,-3008.0,14119.0,-6546.0,3265.0,93966.0
1055,10288.0,-16568.0,676.0,-2992.0,13616.0,-1148.0,4022.0,93972.0
1056,5780.0,-16524.0,1056.0,-3040.0,12875.0,4938.0,3676.0,93978.0
1057,556.0,-15908.0,968.0,-2960.0,12140.0,7371.0,2531.0,93984.0
1058,-404.0,-15384.0,-900.0,-2976.0,11399.0,5324.0,1423.0,93990.0
1059,2532.0,-15056.0,-1428.0,-3008.0,10828.0,2961.0,1187.0,93997.0
1060,5132.0,-14896.0,-300.0,-3024.0,10386.0,2655.0,1627.0,94003.0
1061,4772.0,-14788.0,560.0,-3040.0,9768.0,4061.0,2067.0,94008.0
1062,2880.0,-14280.0,444.0,-3008.0,9106.0,5270.0,1700.0,94014.0
1063,1348.0,-13420.0,508.0,-2992.0,8193.0,5252.0,673.0,94020.0
1064,532.0,-13592.0,536.0,-3024.0,7325.0,4366.0,-55.0,94026.0
1065,636.0,-14988.0,524.0,-3008.0,6744.0,3348.0,-416.0,94032.0
1066,828.0,-16128.0,52.0,-3024.0,6465.0,2236.0,-664.0,94039.0
1067,968.0,-16700.0,-524.0,-3024.0,6259.0,870.0,-919.0,94044.0
1068,2316.0,-16208.0,-516.0,-3008.0,6116.0,-601.0,-1195.0,94050.0
1069,4368.0,-15560.0,-448.0,-3040.0,5854.0,-1454.0,-1346.0,94056.0
1070,6632.0,-15160.0,-460.0,-3024.0,5550.0,-1177.0,-1124.0,94062.0
1071,7992.0,-15540.0,-352.0,-2992.0,5410.0,151.0,-815.0,94068.0
1072,7776.0,-15808.0,-544.0,-2992.0,5437.0,1703.0,-582.0,94073.0
1073,6816.0,-15804.0,-636.0,-2992.0,5480.0,3107.0,-313.0,94080.0
1074,5968.0,-15180.0,-216.0,-2992.0,5447.0,3923.0,-100.0,94086.0
1075,5524.0,-15356.0,252.0,-3024.0,5380.0,4331.0,-72.0,94092.0
1076,5360.0,-15532.0,228.0,-2976.0,5311.0,4446.0,-54.0,94098.0
1077,5516.0,-15520.0,-120.0,-2976.0,5225.0,4201.0,46.0,94103.0
1078,5608.0,-15116.0,-376.0,-2992.0,5040.0,3752.0,161.0,94109.0
1079,5544.0,-14964.0,-540.0,-3040.0,4801.0,3429.0,340.0,94115.0
1080,5412.0,-15092.0,-408.0,-2976.0,4550.0,3274.0,538.0,94121.0
1081,5420.0,-15384.0,-220.0,-2976.0,4373.0,3340.0,730.0,94128.0
1082,5580.0,-15544.0,-232.0,-3024.0,4191.0,3585.0,936.0,94133.0
1083,5536.0,-15704.0,-532.0,-2992.0,4079.0,3789.0,1074.0,94139.0
1084,5224.0,-15820.0,-536.0,-2992.0,3979.0,3849.0,1148.0,94145.0
1085,4500.0,-15964.0,-540.0,-3024.0,3917.0,3750.0,1195.0,94151.0
1086,3740.0,-16216.0,-348.0,-3008.0,3926.0,3572.0,1193.0,94157.0
1087,3416.0,-16460.0,-492.0,-3008.0,3953.0,3359.0,1050.0,94163.0
1088,3448.0,-16680.0,-320.0,-3040.0,4033.0,3079.0,956.0,94169.0
1089,3884.0,-16584.0,-324.0,-2976.0,4146.0,2957.0,939.0,94175.0
1090,4332.0,-16500.0,-152.0,-2992.0,4241.0,2964.0,910.0,94181.0
1091,4728.0,-16392.0,-44.0,-3024.0,4369.0,2974.0,934.0,94187.0
1092,5012.0,-16076.0,0.0,-3040.0,4459.0,2924.0,934.0,94192.0
1093,5224.0,-15876.0,0.0,-2992.0,4561.0,2944.0,1016.0,94198.0
1094,5176.0,-15852.0,88.0,-3008.0,4633.0,2901.0,1042.0,94204.0
1095,5116.0,-15932.0,360.0,-2992.0,4705.0,2871.0,1105.0,94211.0
1096,5008.0,-15792.0,508.0,-2992.0,4772.0,2864.0,1070.0,94217.0
1097,4976.0,-15760.0,524.0,-3024.0,4770.0,2809.0,1062.0,94222.0
1098,4860.0,-16080.0,612.0,-3024.0,4792.0,2914.0,1151.0,94228.0
1099,4824.0,-16336.0,584.0,-3008.0,4913.0,3013.0,1229.0,94234.0
1100,4720.0,-16224.0,740.0,-3008.0,4947.0,3169.0,1245.0,94240.0
1101,4548.0,-16180.0,724.0,-3008.0,5034.0,3259.0,1239.0,94246.0
1102,4224.0,-16268.0,968.0,-2976.0,5111.0,3341.0,1271.0,94253.0
1103,4028.0,-16484.0,1112.0,-3008.0,5186.0,3453.0,1219.0,94258.0
1104,3860.0,-16668.0,1008.0,-3024.0,5326.0,3400.0,1258.0,94264.0
1105,3992.0,-16580.0,852.0,-2992.0,5472.0,3211.0,1259.0,94270.0
1106,4308.0,-16692.0,740.0,-3024.0,5612.0,2947.0,1288.0,94276.0
1107,4676.0,-16612.0,876.0,-3024.0,5726.0,2745.0,1258.0,94282.0
1108,4940.0,-16436.0,1024.0,-3024.0,5834.0,2725.0,1257.0,94288.0
1109,4860.0,-16432.0,1396.0,-3008.0,5939.0,2826.0,1305.0,94295.0
1110,4676.0,-16552.0,1300.0,-3008.0,6013.0,2927.0,1345.0,94300.0
1111,4488.0,-16408.0,1688.0,-3024.0,6096.0,2972.0,1355.0,94306.0
1112,4568.0,-16400.0,1740.0,-3024.0,6151.0,2974.0,1367.0,94312.0
1113,5496.0,-16924.0,2000.0,-3024.0,6217.0,3162.0,1305.0,94318.0
1114,5624.0,-16256.0,1404.0,-3008.0,6269.0,3434.0,1281.0,94324.0
1115,4924.0,-16512.0,1872.0,-3008.0,6409.0,3761.0,1653.0,94330.0
1116,4296.0,-16680.0,2088.0,-3008.0,6509.0,4126.0,1625.0,94337.0
1117,4016.0,-16796.0,2084.0,-3024.0,6717.0,4146.0,1795.0,94343.0
1118,4148.0,-16940.0,1776.0,-2992.0,6949.0,4179.0,1835.0,94348.0
1119,4048.0,-16968.0,1660.0,-3040.0,7222.0,4209.0,1931.0,94354.0
1120,4020.0,-17216.0,1568.0,-3008.0,7529.0,4179.0,2050.0,94360.0
1121,3808.0,-17208.0,1904.0,-2992.0,7814.0,4028.0,2207.0,94366.0
1122,3776.0,-17412.0,2188.0,-3024.0,8088.0,3770.0,2349.0,94372.0
1123,3920.0,-17576.0,2136.0,-2992.0,8369.0,3476.0,2544.0,94379.0
1124,4416.0,-17724.0,2192.0,-3008.0,8616.0,3215.0,2743.0,94385.0
1125,4688.0,-17788.0,2520.0,-3008.0,8809.0,3078.0,3012.0,94391.0
1126,4908.0,-17908.0,2484.0,-3024.0,9043.0,3111.0,3283.0,94397.0
1127,4628.0,-17948.0,2796.0,-3024.0,9256.0,3175.0,3599.0,94402.0
1128,4160.0,-18292.0,3044.0,-3008.0,9468.0,3296.0,3965.0,94408.0
1129,3696.0,-18820.0,3088.0,-3008.0,9694.0,3335.0,4280.0,94414.0
1130,3312.0,-19016.0,3368.0,-2992.0,9941.0,3254.0,4542.0,94420.0
1131,3156.0,-19400.0,3296.0,-3024.0,10207.0,3176.0,4791.0,94427.0
1132,2944.0,-19700.0,3456.0,-3008.0,10478.0,3132.0,5037.0,94433.0
1133,2576.0,-20016.0,3372.0,-2992.0,10796.0,3131.0,5371.0,94439.0
1134,2376.0,-20392.0,3340.0,-3040.0,11138.0,3109.0,5683.0,94445.0
1135,2272.0,-20556.0,3216.0,-2976.0,11499.0,3075.0,6042.0,94451.0
1136,2484.0,-20952.0,3248.0,-3024.0,11902.0,3072.0,6372.0,94457.0
1137,2700.0,-21232.0,2888.0,-3008.0,12367.0,3080.0,6733.0,94464.0
1138,3168.0,-21680.0,2696.0,-3024.0,12850.0,3033.0,7075.0,94470.0
1139,4128.0,-21988.0,2624.0,-3008.0,13247.0,3070.0,7389.0,94476.0
1140,5068.0,-22244.0,2572.0,-2992.0,13778.0,3164.0,7611.0,94481.0
1141,6120.0,-22580.0,2676.0,-3008.0,14352.0,3436.0,7824.0,94487.0
1142,6832.0,-23032.0,2344.0,-3024.0,14813.0,4031.0,8061.0,94493.0
1143,6448.0,-24068.0,2772.0,-3024.0,15289.0,4933.0,8538.0,94499.0
1144,4460.0,-24960.0,3584.0,-3008.0,15528.0,5664.0,9596.0,94505.0
1145,4512.0,-27472.0,3336.0,-3024.0,15770.0,5151.0,10304.0,94512.0
1146,6252.0,-28480.0,1944.0,-3008.0,16210.0,5240.0,10694.0,94518.0
1147,8112.0,-28152.0,1828.0,-3040.0,16867.0,5703.0,10596.0,94524.0
1148,8832.0,-28568.0,2892.0,-2992.0,17697.0,6375.0,10796.0,94530.0
1149,9788.0,-29924.0,1428.0,-2976.0,18247.0,8109.0,10877.0,94536.0
1150,10908.0,-31648.0,-304.0,-2976.0,18943.0,9878.0,10701.0,94542.0
1151,11676.0,-32060.0,-1740.0,-2992.0,19497.0,11633.0,10705.0,94548.0
1152,12900.0,-32320.0,-4744.0,-2992.0,19696.0,13276.0,10194.0,94555.0
1153,13360.0,-32768.0,-8592.0,-2992.0,19762.0,15493.0,9544.0,94561.0
1154,13052.0,-32768.0,-12892.0,-3024.0,19907.0,17464.0,9523.0,94567.0
1155,11248.0,-32768.0,-15992.0,-2992.0,19849.0,18630.0,10369.0,94573.0
1156,8504.0,-31588.0,-18400.0,-2976.0,19229.0,18677.0,11375.0,94580.0
1157,7016.0,-28756.0,-19736.0,-3024.0,18229.0,19089.0,12171.0,94586.0
1158,5036.0,-25744.0,-20220.0,-3024.0,16676.0,18700.0,12567.0,94593.0
1159,1264.0,-22296.0,-17600.0,-3008.0,15050.0,16590.0,12739.0,94599.0
1160,-720.0,-20380.0,-10120.0,-3040.0,14019.0,12697.0,12900.0,94605.0
1161,-1952.0,-20104.0,2232.0,-3008.0,14487.0,7435.0,13215.0,94611.0
1162,-2808.0,-20840.0,10376.0,-3024.0,15114.0,1504.0,13005.0,94617.0
1163,-4600.0,-23528.0,13664.0,-3008.0,15235.0,-4134.0,12324.0,94623.0
1164,-4608.0,-24184.0,10276.0,-2976.0,14480.0,-9156.0,10836.0,94629.0
1165,-1812.0,-24928.0,9280.0,-2976.0,13871.0,-13439.0,9271.0,94636.0
1166,2500.0,-26620.0,9088.0,-3024.0,14630.0,-15340.0,8387.0,94642.0
1167,6628.0,-25636.0,4916.0,-3024.0,14929.0,-13364.0,7848.0,94648.0
1168,9936.0,-20916.0,1668.0,-3008.0,14123.0,-9343.0,7550.0,94655.0
1169,13096.0,-16156.0,304.0,-3008.0,12937.0,-4222.0,7396.0,94660.0
1170,14616.0,-11876.0,-2408.0,-3024.0,11129.0,991.0,7266.0,94666.0
1171,14744.0,-8240.0,-3828.0,-3008.0,8978.0,4808.0,6722.0,94672.0
1172,14552.0,-7252.0,-4344.0,-2992.0,7235.0,8338.0,5883.0,94679.0
1173,13412.0,-6672.0,-5804.0,-3024.0,5651.0,11872.0,5273.0,94685.0
1174,9644.0,-5244.0,-7924.0,-3008.0,3654.0,14484.0,5007.0,94691.0
1175,5516.0,-4568.0,-8140.0,-3024.0,1782.0,15393.0,4993.0,94697.0
1176,1608.0,-4572.0,-7180.0,-2992.0,343.0,14730.0,5202.0,94703.0
1177,-856.0,-4800.0,-5368.0,-3024.0,-701.0,13108.0,5140.0,94709.0
1178,-2372.0,-4368.0,-3724.0,-2992.0,-1708.0,11385.0,4776.0,94715.0
1179,-2756.0,-3468.0,-2620.0,-3040.0,-3074.0,10062.0,4219.0,94722.0
1180,-2624.0,-2684.0,-2392.0,-3024.0,-4752.0,9116.0,3466.0,94728.0
1181,-2276.0,-1580.0,-2736.0,-2992.0,-6546.0,8253.0,2441.0,94733.0
1182,-1708.0,-956.0,-3328.0,-3040.0,-8341.0,7045.0,1228.0,94739.0
1183,-1140.0,-448.0,-3540.0,-3008.0,-9888.0,5461.0,-33.0,94745.0
1184,-1088.0,-316.0,-3352.0,-3024.0,-11287.0,3758.0,-1011.0,94751.0
1185,-1492.0,-672.0,-3224.0,-2976.0,-12631.0,1985.0,-1785.0,94757.0
1186,-1940.0,-1144.0,-3168.0,-2976.0,-13861.0,416.0,-2415.0,94764.0
1187,-2304.0,-1460.0,-2956.0,-3056.0,-15089.0,-987.0,-3075.0,94770.0
1188,-2348.0,-1912.0,-2872.0,-2976.0,-16405.0,-2294.0,-3796.0,94776.0
1189,-2012.0,-2280.0,-3020.0,-2992.0,-17735.0,-3527.0,-4503.0,94781.0
1190,-1540.0,-2396.0,-2864.0,-3056.0,-19024.0,-4716.0,-5145.0,94787.0
1191,-1128.0,-2632.0,-2904.0,-2992.0,-20302.0,-6010.0,-5857.0,94793.0
1192,-760.0,-2880.0,-2808.0,-3024.0,-21482.0,-7206.0,-6501.0,94799.0
1193,-428.0,-3120.0,-3196.0,-3008.0,-22750.0,-8396.0,-7080.0,94806.0
1194,384.0,-3600.0,-3288.0,-3024.0,-23985.0,-9404.0,-7606.0,94812.0
1195,1320.0,-4308.0,-3212.0,-3024.0,-25212.0,-10066.0,-8059.0,94818.0
1196,2416.0,-5080.0,-3096.0,-3008.0,-26443.0,-10359.0,-8548.0,94824.0
1197,3708.0,-6140.0,-2460.0,-3040.0,-27593.0,-10212.0,-8976.0,94830.0
1198,4816.0,-6928.0,-2448.0,-3024.0,-28707.0,-9597.0,-9395.0,94836.0
1199,5736.0,-8080.0,-1880.0,-3040.0,-29644.0,-8713.0,-9805.0,94842.0
1200,5920.0,-8936.0,-1412.0,-3056.0,-30493.0,-7651.0,-10187.0,94849.0
1201,5900.0,-9744.0,-1220.0,-3008.0,-31317.0,-6624.0,-10539.0,94855.0
1202,5568.0,-10708.0,-800.0,-2944.0,-32021.0,-5854.0,-10881.0,94861.0
1203,4936.0,-11768.0,-848.0,-3024.0,-32646.0,-5349.0,-11131.0,94867.0
1204,4212.0,-12692.0,-396.0,-2976.0,-32768.0,-5134.0,-11365.0,94873.0
1205,3688.0,-13732.0,124.0,-3024.0,-32768.0,-5191.0,-11638.0,94879.0
1206,3176.0,-14804.0,516.0,-3024.0,-32768.0,-5304.0,-11903.0,94885.0
1207,2740.0,-15644.0,676.0,-3008.0,-32768.0,-5423.0,-12262.0,94892.0
1208,2416.0,-16308.0,1172.0,-3008.0,-32768.0,-5660.0,-12552.0,94898.0
1209,2192.0,-16976.0,1000.0,-3024.0,-32768.0,-6070.0,-13007.0,94904.0
1210,2044.0,-17740.0,996.0,-3024.0,-32768.0,-6661.0,-13450.0,94910.0
1211,2384.0,-18896.0,1204.0,-3008.0,-32768.0,-7154.0,-14053.0,94916.0
1212,2796.0,-20084.0,1164.0,-2992.0,-32768.0,-7584.0,-14727.0,94922.0
1213,3304.0,-21488.0,1204.0,-2992.0,-32768.0,-7998.0,-15381.0,94928.0
1214,3508.0,-22988.0,1464.0,-3008.0,-32768.0,-8475.0,-15969.0,94935.0
1215,3316.0,-24296.0,2204.0,-3024.0,-32768.0,-9266.0,-16497.0,94942.0
1216,2864.0,-25960.0,3088.0,-2992.0,-32768.0,-10215.0,-16946.0,94948.0
1217,1864.0,-27932.0,4528.0,-3008.0,-32768.0,-11454.0,-17345.0,94954.0
1218,792.0,-29352.0,5564.0,-3008.0,-32768.0,-13130.0,-17645.0,94960.0
1219,-124.0,-30540.0,7492.0,-3008.0,-32768.0,-15140.0,-17878.0,94966.0
1220,-696.0,-31888.0,9848.0,-3024.0,-32768.0,-17441.0,-18035.0,94972.0
1221,1072.0,-32236.0,10904.0,-3024.0,-32768.0,-18803.0,-17970.0,94980.0
1222,4432.0,-32768.0,11988.0,-3008.0,-32768.0,-18730.0,-17539.0,94986.0
1223,6884.0,-32768.0,12756.0,-3008.0,-32768.0,-17300.0,-16778.0,94992.0
1224,8648.0,-32768.0,13924.0,-3008.0,-32768.0,-15251.0,-16169.0,94999.0
1225,10156.0,-32768.0,15260.0,-3040.0,-31306.0,-13193.0,-15399.0,95005.0
1226,11584.0,-32768.0,17952.0,-3024.0,-29127.0,-11215.0,-14271.0,95011.0
1227,13252.0,-32768.0,20132.0,-3024.0,-26970.0,-8454.0,-13045.0,95019.0
1228,15916.0,-32768.0,22516.0,-3024.0,-24953.0,-4391.0,-11999.0,95025.0
1229,17056.0,-32768.0,24748.0,-3024.0,-22945.0,1100.0,-11171.0,95031.0
1230,15692.0,-31412.0,26720.0,-3008.0,-21120.0,7487.0,-10834.0,95038.0
1231,12300.0,-30516.0,28412.0,-3040.0,-18938.0,14016.0,-10699.0,95044.0
1232,7420.0,-29996.0,29908.0,-3024.0,-16111.0,19048.0,-10226.0,95050.0
1233,608.0,-29672.0,31316.0,-3056.0,-12562.0,22162.0,-8879.0,95056.0
1234,-6148.0,-29120.0,32072.0,-3024.0,-8788.0,23179.0,-6475.0,95063.0
1235,-12656.0,-28356.0,32604.0,-2992.0,-4926.0,22904.0,-3696.0,95070.0
1236,-19248.0,-27200.0,32324.0,-3056.0,-951.0,20971.0,-1080.0,95076.0
1237,-23800.0,-28956.0,32748.0,-3024.0,3161.0,17519.0,1112.0,95082.0
1238,-27456.0,-26724.0,29840.0,-2992.0,6430.0,12265.0,2941.0,95088.0
1239,-18824.0,-25412.0,29356.0,-3024.0,9747.0,7740.0,6160.0,95094.0
1240,-19172.0,-24896.0,28164.0,-3024.0,12771.0,3509.0,3409.0,95100.0
1241,-20212.0,-24340.0,26056.0,-3024.0,15340.0,-897.0,2947.0,95107.0
1242,-19684.0,-24028.0,23284.0,-3008.0,17175.0,-5360.0,4517.0,95113.0
1243,-14820.0,-19660.0,15388.0,-3008.0,18709.0,-8898.0,5364.0,95119.0
1244,-10168.0,-1548.0,-32768.0,-2992.0,12071.0,-11998.0,3709.0,95125.0
1245,32767.0,21376.0,-32768.0,-3008.0,-20798.0,-8851.0,-15625.0,95132.0
1246,32767.0,-32768.0,-32768.0,-3008.0,-4797.0,-26274.0,-32768.0,95138.0
1247,25124.0,-32768.0,-9236.0,-3024.0,19046.0,-32768.0,9674.0,95144.0
1248,-3360.0,-18044.0,16944.0,-3024.0,13914.0,6896.0,18669.0,95151.0
1249,-31268.0,-31752.0,32767.0,-3024.0,15401.0,22538.0,14636.0,95158.0
1250,-31324.0,-32768.0,32767.0,-3008.0,17924.0,12515.0,4622.0,95164.0
1251,-32768.0,-32768.0,23744.0,-2992.0,19005.0,-6235.0,-2371.0,95170.0
1252,-13736.0,-26128.0,-11368.0,-3008.0,16193.0,-18895.0,-3794.0,95176.0
1253,15880.0,-11852.0,-15048.0,-3024.0,14923.0,-24678.0,-1840.0,95183.0
1254,30808.0,-5796.0,4372.0,-3024.0,14918.0,-17988.0,-2310.0,95190.0
1255,17668.0,-10516.0,9704.0,-2992.0,14031.0,-4499.0,-891.0,95196.0
1256,3380.0,-15772.0,3472.0,-3024.0,12783.0,387.0,894.0,95202.0
1257,6004.0,-13340.0,-2584.0,-3008.0,11185.0,-2655.0,566.0,95208.0
1258,11276.0,-14340.0,-1888.0,-3056.0,11204.0,-7165.0,-1082.0,95214.0
1259,11408.0,-16840.0,-864.0,-2992.0,11809.0,-5620.0,848.0,95220.0
1260,9432.0,-17640.0,-1504.0,-3040.0,11966.0,407.0,2702.0,95226.0
1261,6584.0,-19252.0,-1124.0,-3008.0,12442.0,4901.0,2972.0,95233.0
1262,3300.0,-19288.0,-1068.0,-3008.0,12831.0,6577.0,2284.0,95239.0
1263,612.0,-17192.0,-912.0,-3024.0,12272.0,6692.0,1332.0,95245.0
1264,904.0,-15160.0,-936.0,-3024.0,11098.0,5670.0,730.0,95250.0
1265,3008.0,-14312.0,-572.0,-3024.0,10246.0,4904.0,605.0,95256.0
1266,4336.0,-14508.0,-544.0,-3024.0,9769.0,5018.0,638.0,95262.0
1267,3660.0,-14956.0,-700.0,-3024.0,9381.0,5543.0,759.0,95268.0
1268,2180.0,-14856.0,-824.0,-2992.0,9005.0,6016.0,508.0,95275.0
1269,792.0,-14680.0,-624.0,-3024.0,8566.0,6069.0,-344.0,95281.0
1270,-472.0,-14784.0,-56.0,-3024.0,7998.0,5377.0,-1246.0,95286.0
1271,-564.0,-15320.0,-16.0,-2992.0,7504.0,3717.0,-1681.0,95292.0
1272,668.0,-16144.0,-760.0,-3008.0,7276.0,2083.0,-1894.0,95298.0
1273,2068.0,-16424.0,-1020.0,-3008.0,7190.0,736.0,-2268.0,95304.0
1274,3376.0,-16324.0,-864.0,-3024.0,7158.0,-275.0,-2635.0,95310.0
1275,5520.0,-15532.0,-500.0,-2960.0,6831.0,-519.0,-2531.0,95316.0
1276,7484.0,-15020.0,-664.0,-3024.0,6456.0,705.0,-2224.0,95322.0
1277,8392.0,-14656.0,-1116.0,-2992.0,6214.0,2714.0,-1786.0,95328.0
1278,7964.0,-14612.0,-1080.0,-3040.0,5993.0,4484.0,-1314.0,95334.0
1279,6972.0,-14556.0,-716.0,-2992.0,5666.0,5581.0,-859.0,95340.0
1280,6176.0,-14628.0,-720.0,-2992.0,5294.0,5962.0,-533.0,95346.0
1281,5920.0,-14548.0,-820.0,-2992.0,4940.0,5662.0,-265.0,95352.0
1282,5796.0,-14500.0,-752.0,-3024.0,4541.0,4916.0,-81.0,95358.0
1283,5888.0,-14932.0,-756.0,-3072.0,4189.0,4078.0,172.0,95364.0
1284,6048.0,-15404.0,-704.0,-3008.0,3903.0,3526.0,508.0,95370.0
1285,6084.0,-15504.0,-832.0,-3008.0,3709.0,3418.0,784.0,95376.0
1286,5780.0,-15544.0,-644.0,-3040.0,3597.0,3592.0,968.0,95382.0
1287,5300.0,-15636.0,-516.0,-3008.0,3492.0,3853.0,1123.0,95388.0
1288,4644.0,-16072.0,-380.0,-3040.0,3438.0,3937.0,1198.0,95394.0
1289,4376.0,-16236.0,-524.0,-2976.0,3451.0,3819.0,1170.0,95399.0
1290,4452.0,-16236.0,-852.0,-3024.0,3495.0,3628.0,1096.0,95406.0
1291,4468.0,-16644.0,-1184.0,-3024.0,3597.0,3548.0,995.0,95412.0
1292,4144.0,-16944.0,-888.0,-3024.0,3732.0,3625.0,973.0,95418.0
1293,4024.0,-16996.0,-748.0,-3056.0,3904.0,3781.0,960.0,95424.0
1294,4204.0,-17000.0,-816.0,-3008.0,4107.0,3815.0,913.0,95430.0
1295,4616.0,-16540.0,-876.0,-3024.0,4323.0,3669.0,932.0,95435.0
1296,5160.0,-16176.0,-784.0,-3024.0,4457.0,3530.0,963.0,95441.0
1297,5492.0,-15960.0,-792.0,-3024.0,4578.0,3419.0,1096.0,95448.0
1298,5608.0,-15884.0,-508.0,-2992.0,4693.0,3290.0,1209.0,95454.0
1299,5624.0,-15600.0,-392.0,-2992.0,4766.0,3109.0,1314.0,95460.0
1300,5592.0,-15480.0,-120.0,-3024.0,4866.0,2990.0,1417.0,95466.0
1301,5700.0,-15608.0,48.0,-2992.0,4893.0,2954.0,1554.0,95471.0
1302,5552.0,-15804.0,276.0,-2992.0,4910.0,3035.0,1652.0,95477.0
1303,5284.0,-15868.0,380.0,-3024.0,4956.0,3155.0,1749.0,95483.0
1304,4984.0,-15840.0,548.0,-3024.0,4959.0,3210.0,1745.0,95490.0
1305,4780.0,-15884.0,508.0,-2992.0,5008.0,3165.0,1787.0,95496.0
1306,4436.0,-16024.0,736.0,-3024.0,5030.0,3089.0,1777.0,95502.0
1307,4420.0,-16120.0,628.0,-3024.0,5088.0,3045.0,1728.0,95507.0
1308,4248.0,-16288.0,616.0,-3040.0,5162.0,2955.0,1713.0,95513.0
1309,4116.0,-16412.0,776.0,-3008.0,5218.0,2963.0,1744.0,95519.0
1310,4136.0,-16556.0,944.0,-3008.0,5261.0,2987.0,1659.0,95525.0
1311,3648.0,-16540.0,1152.0,-3008.0,5303.0,2870.0,1748.0,95532.0
1312,3656.0,-16448.0,1528.0,-3024.0,5308.0,2837.0,1669.0,95538.0
1313,3712.0,-16436.0,1496.0,-2992.0,5318.0,2755.0,1637.0,95544.0
1314,3880.0,-16324.0,1568.0,-3024.0,5304.0,2679.0,1652.0,95549.0
1315,4152.0,-16340.0,1924.0,-3008.0,5248.0,2667.0,1579.0,95555.0
1316,4864.0,-15844.0,1424.0,-3008.0,5187.0,2626.0,1348.0,95561.0
1317,4532.0,-15952.0,1536.0,-3024.0,5155.0,2678.0,1611.0,95567.0
1318,4420.0,-15976.0,1860.0,-2992.0,5155.0,2924.0,1542.0,95574.0
1319,4076.0,-16016.0,1796.0,-3024.0,5178.0,3037.0,1509.0,95580.0
1320,4072.0,-16120.0,1744.0,-3040.0,5226.0,3150.0,1523.0,95586.0
1321,3952.0,-16088.0,1544.0,-3040.0,5288.0,3259.0,1528.0,95592.0
1322,3992.0,-16148.0,1600.0,-2992.0,5402.0,3411.0,1520.0,95597.0
1323,3924.0,-16468.0,1472.0,-3024.0,5577.0,3464.0,1506.0,95603.0
1324,4048.0,-16652.0,1588.0,-2992.0,5759.0,3436.0,1541.0,95609.0
1325,4224.0,-16688.0,1328.0,-3008.0,5962.0,3445.0,1567.0,95616.0
1326,4432.0,-16668.0,1428.0,-3040.0,6205.0,3401.0,1586.0,95622.0
1327,4408.0,-16724.0,1392.0,-3008.0,6455.0,3385.0,1753.0,95628.0
1328,4444.0,-16624.0,1548.0,-3024.0,6733.0,3396.0,1893.0,95634.0
1329,4348.0,-16600.0,1608.0,-3024.0,7011.0,3319.0,2047.0,95640.0
1330,4488.0,-16540.0,1688.0,-2992.0,7257.0,3231.0,2272.0,95646.0
1331,4276.0,-16544.0,1920.0,-3008.0,7512.0,3111.0,2453.0,95651.0
1332,4172.0,-16568.0,2096.0,-3024.0,7731.0,2912.0,2740.0,95657.0
1333,3900.0,-15944.0,3228.0,-3024.0,7776.0,2769.0,2592.0,95664.0
1334,6336.0,-16312.0,2784.0,-3040.0,8200.0,2349.0,3819.0,95670.0
1335,2872.0,-17148.0,2796.0,-3008.0,8257.0,2786.0,3141.0,95676.0
1336,4116.0,-18060.0,2800.0,-3008.0,8595.0,2063.0,4208.0,95682.0
1337,3396.0,-17864.0,3012.0,-3024.0,8796.0,1965.0,3995.0,95688.0
1338,3276.0,-17832.0,2872.0,-3008.0,9012.0,1712.0,3963.0,95694.0
1339,2984.0,-18004.0,2840.0,-3040.0,9296.0,1523.0,4174.0,95700.0
1340,2508.0,-18212.0,3276.0,-3040.0,9549.0,1477.0,4488.0,95706.0
1341,1844.0,-18516.0,3236.0,-3024.0,9804.0,1330.0,4756.0,95712.0
1342,1808.0,-18804.0,3476.0,-2992.0,10111.0,1140.0,5093.0,95718.0
1343,2308.0,-19180.0,3336.0,-3008.0,10418.0,1031.0,5443.0,95724.0
1344,3120.0,-19464.0,3292.0,-3024.0,10753.0,1040.0,5718.0,95730.0
1345,4064.0,-19836.0,3076.0,-3024.0,11071.0,1225.0,5882.0,95736.0
1346,4792.0,-20316.0,2892.0,-3024.0,11443.0,1399.0,6034.0,95742.0
1347,5592.0,-20580.0,2828.0,-3024.0,11783.0,1709.0,6234.0,95749.0
1348,5952.0,-21000.0,2944.0,-3008.0,12131.0,2213.0,6452.0,95755.0
1349,5612.0,-21724.0,3032.0,-3024.0,12440.0,2864.0,6801.0,95761.0
1350,4520.0,-22644.0,3832.0,-3008.0,12689.0,3372.0,7432.0,95767.0
1351,4196.0,-24136.0,4596.0,-2992.0,12838.0,3306.0,8064.0,95773.0
1352,4736.0,-25088.0,3716.0,-3008.0,13178.0,3099.0,8300.0,95779.0
1353,6088.0,-24336.0,2648.0,-3024.0,13584.0,3368.0,8321.0,95784.0
1354,6412.0,-23904.0,2252.0,-2992.0,13987.0,3968.0,8353.0,95791.0
1355,5588.0,-24680.0,2660.0,-3040.0,14387.0,5016.0,8656.0,95797.0
1356,4680.0,-25896.0,2548.0,-2992.0,14794.0,5956.0,8954.0,95803.0
1357,3840.0,-26576.0,1888.0,-3008.0,15176.0,6642.0,9372.0,95809.0
1358,3304.0,-27104.0,1520.0,-3024.0,15553.0,7036.0,9731.0,95815.0
1359,3936.0,-27896.0,1500.0,-3008.0,15884.0,7155.0,9849.0,95821.0
1360,5516.0,-28428.0,1468.0,-2992.0,16176.0,7374.0,9680.0,95827.0
1361,8008.0,-30360.0,2044.0,-3008.0,16832.0,8132.0,9207.0,95834.0
