id,AcX,AcY,AcZ,Tmp,GyX,GyY,GyZ,Timer
0,-2160.0,-15920.0,1780.0,-2880.0,-3329.0,-344.0,972.0,64652.0
1,-2064.0,-15992.0,2168.0,-2848.0,-2730.0,-823.0,1210.0,64658.0
2,-2024.0,-16084.0,2056.0,-2896.0,-2176.0,-1262.0,1446.0,64664.0
3,-2016.0,-16180.0,2000.0,-2864.0,-1650.0,-1632.0,1582.0,64670.0
4,-1696.0,-16248.0,2168.0,-2848.0,-1079.0,-2089.0,1733.0,64676.0
5,-1624.0,-16164.0,2052.0,-2864.0,-485.0,-2594.0,1828.0,64683.0
6,-1260.0,-15704.0,1876.0,-2848.0,17.0,-3120.0,1931.0,64689.0
7,-936.0,-15500.0,1380.0,-2880.0,444.0,-3654.0,2000.0,64695.0
8,-288.0,-15836.0,2184.0,-2880.0,973.0,-4142.0,2056.0,64701.0
9,504.0,-16124.0,2784.0,-2880.0,1494.0,-4563.0,2019.0,64706.0
10,1640.0,-16212.0,2552.0,-2880.0,1927.0,-4831.0,1957.0,64712.0
11,2604.0,-16360.0,2268.0,-2832.0,2314.0,-4958.0,1910.0,64718.0
12,3160.0,-17040.0,2380.0,-2864.0,2805.0,-4985.0,1615.0,64724.0
13,4884.0,-17476.0,3036.0,-2880.0,3340.0,-4693.0,2606.0,64731.0
14,5040.0,-18016.0,3908.0,-2896.0,4007.0,-3802.0,1977.0,64737.0
15,5148.0,-18112.0,4736.0,-2864.0,4624.0,-3067.0,1831.0,64743.0
16,4948.0,-19196.0,5616.0,-2864.0,5341.0,-2710.0,1950.0,64749.0
17,5112.0,-20132.0,6416.0,-2880.0,6305.0,-2554.0,2045.0,64755.0
18,4756.0,-20496.0,7176.0,-2880.0,7323.0,-2515.0,2246.0,64761.0
19,4800.0,-20468.0,8004.0,-2832.0,8395.0,-2560.0,2342.0,64766.0
20,4376.0,-20944.0,8728.0,-2880.0,9481.0,-2762.0,2496.0,64773.0
21,4308.0,-21432.0,9404.0,-2864.0,10669.0,-2997.0,2605.0,64779.0
22,5836.0,-20604.0,8116.0,-2880.0,11433.0,-2929.0,2152.0,64785.0
23,12092.0,-14504.0,-300.0,-2832.0,10592.0,-1657.0,267.0,64791.0
24,30712.0,-1696.0,-32768.0,-2880.0,3155.0,-432.0,-4834.0,64797.0
25,32767.0,-14432.0,-32768.0,-2864.0,-7049.0,-675.0,-15208.0,64803.0
26,32767.0,-32768.0,-32768.0,-2864.0,3512.0,-4364.0,-9002.0,64809.0
27,9900.0,-32768.0,-2064.0,-2880.0,12980.0,8059.0,10740.0,64816.0
28,-17788.0,-20100.0,7660.0,-2848.0,11737.0,26585.0,11504.0,64822.0
29,-32768.0,-23872.0,14212.0,-2880.0,10323.0,23984.0,6602.0,64828.0
30,-27840.0,-32768.0,17928.0,-2864.0,13488.0,5147.0,1088.0,64834.0
31,-17064.0,-31760.0,14836.0,-2864.0,16332.0,-10113.0,-596.0,64841.0
32,-5800.0,-15644.0,3072.0,-2864.0,14692.0,-12261.0,-934.0,64847.0
33,2524.0,-5596.0,-7512.0,-2880.0,11510.0,-9801.0,-2589.0,64854.0
34,6088.0,-6392.0,-10896.0,-2864.0,9905.0,-10084.0,-4362.0,64860.0
35,8188.0,-10240.0,-8984.0,-2880.0,9611.0,-11609.0,-4548.0,64866.0
36,8780.0,-13540.0,-6260.0,-2912.0,9740.0,-11264.0,-3177.0,64871.0
37,9512.0,-14512.0,-4836.0,-2864.0,10071.0,-8576.0,-1610.0,64877.0
38,9376.0,-15168.0,-3920.0,-2880.0,10415.0,-4844.0,-964.0,64883.0
39,8920.0,-15040.0,-4168.0,-2864.0,10120.0,-1551.0,-887.0,64889.0
40,8644.0,-15224.0,-3624.0,-2864.0,9475.0,888.0,-980.0,64896.0
41,7416.0,-15488.0,-2072.0,-2880.0,8945.0,3122.0,-1034.0,64902.0
42,4340.0,-15808.0,-712.0,-2864.0,8569.0,5570.0,-793.0,64908.0
43,816.0,-16132.0,-1328.0,-2864.0,8362.0,7693.0,-764.0,64914.0
44,-652.0,-16776.0,-2712.0,-2864.0,8325.0,8835.0,-963.0,64920.0
45,332.0,-18244.0,-3196.0,-2864.0,8672.0,8542.0,-1547.0,64926.0
46,1712.0,-20012.0,-2376.0,-2896.0,9310.0,7139.0,-2296.0,64931.0
47,888.0,-20720.0,-620.0,-2880.0,9972.0,5744.0,-2742.0,64937.0
48,-1612.0,-20140.0,812.0,-2880.0,10383.0,4275.0,-3008.0,64944.0
49,-2828.0,-18428.0,1340.0,-2832.0,10331.0,1673.0,-3427.0,64950.0
50,-708.0,-15780.0,1120.0,-2848.0,9792.0,-1431.0,-3571.0,64956.0
51,3528.0,-14844.0,8.0,-2880.0,9371.0,-3724.0,-3673.0,64962.0
52,7440.0,-14624.0,-1116.0,-2848.0,9167.0,-4613.0,-3274.0,64968.0
53,9844.0,-14868.0,-1616.0,-2832.0,9135.0,-3948.0,-2456.0,64974.0
54,10436.0,-15020.0,-1924.0,-2880.0,9060.0,-2255.0,-1464.0,64980.0
55,9712.0,-15564.0,-1936.0,-2864.0,9036.0,-284.0,-537.0,64987.0
56,8108.0,-16488.0,-1696.0,-2864.0,9106.0,1569.0,205.0,64992.0
57,5860.0,-17288.0,-1336.0,-2864.0,9281.0,3035.0,709.0,64998.0
58,3728.0,-17096.0,-1448.0,-2864.0,9372.0,3676.0,876.0,65004.0
59,1968.0,-16580.0,-996.0,-2864.0,9350.0,3636.0,720.0,65010.0
60,860.0,-16068.0,-540.0,-2864.0,9146.0,3237.0,436.0,65016.0
61,-260.0,-16704.0,36.0,-2832.0,9140.0,2871.0,120.0,65022.0
62,-816.0,-17520.0,-816.0,-2880.0,9319.0,2413.0,-250.0,65028.0
63,240.0,-17324.0,-1456.0,-2848.0,9552.0,1440.0,-713.0,65034.0
64,1572.0,-16748.0,-1336.0,-2848.0,9670.0,700.0,-956.0,65040.0
65,2888.0,-16092.0,-768.0,-2848.0,9576.0,538.0,-1068.0,65046.0
66,3568.0,-16004.0,-360.0,-2848.0,9366.0,1018.0,-1142.0,65052.0
67,3980.0,-16332.0,-240.0,-2864.0,9252.0,1825.0,-1355.0,65058.0
68,3784.0,-16784.0,-580.0,-2832.0,9223.0,2376.0,-1017.0,65063.0
69,4492.0,-16388.0,-844.0,-2864.0,9215.0,2959.0,-1171.0,65070.0
70,4492.0,-15284.0,-340.0,-2864.0,8918.0,3264.0,-972.0,65076.0
71,4252.0,-14800.0,-24.0,-2864.0,8539.0,3586.0,-933.0,65082.0
72,3592.0,-15412.0,528.0,-2832.0,8331.0,3870.0,-930.0,65088.0
73,3128.0,-15800.0,472.0,-2832.0,8182.0,3906.0,-1006.0,65093.0
74,2700.0,-15720.0,124.0,-2832.0,7975.0,3605.0,-1084.0,65099.0
75,2684.0,-15596.0,396.0,-2832.0,7742.0,3210.0,-1136.0,65105.0
76,3024.0,-16060.0,624.0,-2864.0,7674.0,2769.0,-1368.0,65112.0
77,3884.0,-15376.0,1088.0,-2864.0,7314.0,2791.0,-734.0,65118.0
78,4152.0,-16152.0,148.0,-2864.0,7414.0,2917.0,-1532.0,65124.0
79,3896.0,-15484.0,140.0,-2864.0,7267.0,2993.0,-1387.0,65130.0
80,4760.0,-15264.0,260.0,-2864.0,7044.0,3157.0,-1409.0,65135.0
81,4776.0,-15448.0,572.0,-2896.0,6790.0,3714.0,-1261.0,65141.0
82,4340.0,-16020.0,1216.0,-2864.0,6522.0,4213.0,-1144.0,65147.0
83,3748.0,-16372.0,780.0,-2880.0,6261.0,4508.0,-963.0,65154.0
84,3740.0,-16576.0,620.0,-2864.0,6115.0,4426.0,-849.0,65160.0
85,3676.0,-16376.0,504.0,-2864.0,5985.0,4079.0,-867.0,65166.0
86,3820.0,-16128.0,612.0,-2864.0,5817.0,3606.0,-766.0,65171.0
87,3904.0,-16392.0,1080.0,-2896.0,5699.0,3349.0,-749.0,65177.0
88,3832.0,-16624.0,1104.0,-2832.0,5614.0,3311.0,-622.0,65183.0
89,3800.0,-16516.0,1060.0,-2864.0,5613.0,3244.0,-565.0,65189.0
90,3912.0,-16496.0,708.0,-2832.0,5686.0,3144.0,-542.0,65196.0
91,4448.0,-16260.0,860.0,-2864.0,5711.0,3041.0,-574.0,65201.0
92,4704.0,-16652.0,844.0,-2880.0,5777.0,2960.0,-514.0,65207.0
93,4672.0,-16736.0,1080.0,-2848.0,5845.0,3008.0,-387.0,65213.0
94,5260.0,-16652.0,1036.0,-2848.0,5873.0,3167.0,-496.0,65219.0
95,5404.0,-16784.0,924.0,-2848.0,5970.0,3373.0,-423.0,65225.0
96,6636.0,-16660.0,1248.0,-2848.0,6053.0,3707.0,-569.0,65231.0
97,7480.0,-17400.0,900.0,-2848.0,6111.0,4413.0,-648.0,65236.0
98,7076.0,-16488.0,788.0,-2848.0,6135.0,5029.0,-493.0,65243.0
99,6824.0,-16800.0,1296.0,-2832.0,6211.0,5702.0,-399.0,65249.0
100,6436.0,-16988.0,1588.0,-2864.0,6315.0,6304.0,-532.0,65255.0
101,6484.0,-17176.0,1672.0,-2864.0,6360.0,6581.0,-644.0,65261.0
102,6624.0,-17064.0,1608.0,-2848.0,6441.0,6860.0,-638.0,65267.0
103,6672.0,-17148.0,1504.0,-2848.0,6443.0,7281.0,-715.0,65272.0
104,6332.0,-17292.0,1772.0,-2848.0,6510.0,7697.0,-684.0,65278.0
105,5832.0,-17348.0,2164.0,-2880.0,6544.0,8119.0,-669.0,65285.0
106,5132.0,-17336.0,2252.0,-2848.0,6611.0,8434.0,-583.0,65291.0
107,4084.0,-17288.0,2288.0,-2880.0,6746.0,8764.0,-568.0,65297.0
108,3036.0,-17132.0,2420.0,-2864.0,6881.0,8944.0,-533.0,65303.0
109,1712.0,-17320.0,2932.0,-2864.0,7064.0,8895.0,-324.0,65308.0
110,536.0,-17740.0,3296.0,-2864.0,7282.0,8697.0,-115.0,65314.0
111,-444.0,-18204.0,3200.0,-2864.0,7521.0,8359.0,130.0,65320.0
112,-732.0,-18292.0,2792.0,-2848.0,7836.0,7883.0,260.0,65327.0
113,-756.0,-18384.0,2928.0,-2848.0,8147.0,7173.0,415.0,65333.0
114,-432.0,-18552.0,2984.0,-2880.0,8450.0,6578.0,566.0,65338.0
115,248.0,-18860.0,3052.0,-2864.0,8742.0,6122.0,731.0,65344.0
116,916.0,-19012.0,3180.0,-2864.0,9053.0,5733.0,1014.0,65350.0
117,1296.0,-19380.0,3028.0,-2864.0,9413.0,5477.0,1267.0,65356.0
118,1704.0,-19420.0,2924.0,-2864.0,9783.0,5179.0,1532.0,65362.0
119,1816.0,-19376.0,3064.0,-2864.0,10135.0,4978.0,1825.0,65369.0
120,2008.0,-19592.0,2980.0,-2848.0,10439.0,4859.0,2126.0,65375.0
121,2040.0,-19772.0,3160.0,-2864.0,10761.0,4837.0,2472.0,65380.0
122,1828.0,-20044.0,3100.0,-2864.0,11150.0,4671.0,2827.0,65386.0
123,1592.0,-19968.0,3140.0,-2864.0,11538.0,4483.0,3189.0,65392.0
124,1176.0,-20148.0,3396.0,-2864.0,11856.0,4306.0,3566.0,65398.0
125,888.0,-20476.0,3272.0,-2848.0,12240.0,4015.0,3961.0,65404.0
126,776.0,-20684.0,3384.0,-2896.0,12653.0,3655.0,4358.0,65411.0
127,872.0,-20688.0,3216.0,-2864.0,12983.0,3335.0,4751.0,65417.0
128,1304.0,-20820.0,3256.0,-2848.0,13288.0,2956.0,5121.0,65423.0
129,1836.0,-20976.0,3168.0,-2832.0,13672.0,2734.0,5474.0,65429.0
130,2848.0,-21312.0,2964.0,-2864.0,14142.0,2543.0,5765.0,65435.0
131,4236.0,-21664.0,2968.0,-2816.0,14576.0,2576.0,6054.0,65441.0
132,5608.0,-22028.0,3016.0,-2896.0,15013.0,2962.0,6267.0,65447.0
133,7044.0,-22596.0,2896.0,-2848.0,15454.0,3606.0,6511.0,65454.0
134,7716.0,-23348.0,3368.0,-2832.0,15978.0,4443.0,6729.0,65459.0
135,7176.0,-24008.0,3104.0,-2848.0,16421.0,5631.0,7144.0,65465.0
136,5032.0,-25012.0,3080.0,-2864.0,16779.0,6693.0,7862.0,65471.0
137,4104.0,-27100.0,3080.0,-2832.0,16975.0,6694.0,8782.0,65477.0
138,5236.0,-28868.0,1784.0,-2848.0,17220.0,6512.0,9439.0,65483.0
139,7668.0,-29104.0,-12.0,-2864.0,17596.0,6494.0,9467.0,65489.0
140,10296.0,-29004.0,-2252.0,-2864.0,17895.0,6857.0,9243.0,65496.0
141,12968.0,-29616.0,-5188.0,-2864.0,18158.0,7977.0,8848.0,65502.0
142,14596.0,-31224.0,-7432.0,-2832.0,18522.0,9519.0,8501.0,65508.0
143,14760.0,-31652.0,-9248.0,-2864.0,18804.0,11029.0,8142.0,65514.0
144,14000.0,-31292.0,-11168.0,-2896.0,18791.0,12758.0,7962.0,65520.0
145,13596.0,-30764.0,-13692.0,-2896.0,18480.0,14760.0,7746.0,65526.0
146,12228.0,-30252.0,-15200.0,-2864.0,18026.0,17029.0,7967.0,65532.0
147,9252.0,-29208.0,-15968.0,-2880.0,17370.0,18741.0,7957.0,65539.0
148,5596.0,-28036.0,-13680.0,-2848.0,16675.0,19494.0,8217.0,65545.0
149,1448.0,-27376.0,-7180.0,-2848.0,16191.0,19129.0,8880.0,65551.0
150,-2592.0,-29424.0,5072.0,-2864.0,17044.0,16294.0,9253.0,65557.0
151,-8312.0,-30008.0,12312.0,-2864.0,17746.0,13203.0,11081.0,65564.0
152,-7428.0,-27752.0,10480.0,-2864.0,17650.0,6675.0,9717.0,65570.0
153,-5296.0,-25484.0,4212.0,-2864.0,16659.0,-780.0,9354.0,65576.0
154,-1380.0,-22632.0,-1004.0,-2880.0,15225.0,-6254.0,8493.0,65583.0
155,2520.0,-19780.0,-4452.0,-2864.0,13389.0,-9847.0,6900.0,65589.0
156,5252.0,-19852.0,-1368.0,-2848.0,13078.0,-11533.0,5568.0,65595.0
157,5280.0,-21224.0,1976.0,-2880.0,14157.0,-10469.0,5545.0,65601.0
158,4224.0,-21500.0,2672.0,-2896.0,15366.0,-7246.0,6608.0,65607.0
159,4488.0,-19048.0,2076.0,-2864.0,15716.0,-4042.0,7168.0,65613.0
160,6276.0,-14464.0,52.0,-2880.0,14923.0,-2644.0,6448.0,65619.0
161,8848.0,-9252.0,-1008.0,-2848.0,12756.0,-3135.0,5005.0,65625.0
162,10428.0,-7456.0,-240.0,-2816.0,10487.0,-2295.0,3819.0,65631.0
163,10020.0,-9164.0,-1172.0,-2832.0,8636.0,1240.0,3272.0,65637.0
164,7428.0,-10532.0,-3560.0,-2832.0,6988.0,4314.0,3411.0,65643.0
165,4448.0,-10212.0,-5288.0,-2880.0,5650.0,5470.0,3786.0,65649.0
166,2812.0,-7572.0,-6364.0,-2864.0,4149.0,5654.0,4346.0,65655.0
167,1988.0,-5340.0,-6752.0,-2864.0,2489.0,5441.0,4462.0,65661.0
168,880.0,-4544.0,-6920.0,-2864.0,982.0,5170.0,4021.0,65668.0
169,-176.0,-2988.0,-6716.0,-2880.0,-617.0,4894.0,3729.0,65673.0
170,-700.0,-1880.0,-6512.0,-2864.0,-2452.0,4610.0,3514.0,65679.0
171,-1184.0,-1152.0,-6252.0,-2864.0,-4485.0,4038.0,2988.0,65685.0
172,-1424.0,-660.0,-6532.0,-2848.0,-6466.0,2985.0,2312.0,65691.0
173,-1244.0,-836.0,-6132.0,-2848.0,-8172.0,1478.0,1173.0,65697.0
174,-1228.0,-1688.0,-5200.0,-2848.0,-9711.0,-19.0,1497.0,65702.0
175,728.0,-1736.0,-5652.0,-2832.0,-10965.0,-810.0,502.0,65709.0
176,-24.0,-1552.0,-4688.0,-2864.0,-12473.0,-2088.0,-761.0,65715.0
177,-948.0,-2080.0,-4196.0,-2864.0,-13803.0,-3287.0,-868.0,65721.0
178,-1044.0,-2040.0,-4544.0,-2832.0,-15343.0,-4249.0,-1188.0,65727.0
179,-656.0,-1960.0,-4972.0,-2880.0,-17179.0,-5373.0,-1800.0,65733.0
180,-68.0,-2476.0,-5536.0,-2864.0,-18898.0,-6508.0,-2365.0,65738.0
181,352.0,-2884.0,-6184.0,-2864.0,-20490.0,-7535.0,-2816.0,65744.0
182,948.0,-3228.0,-6196.0,-2848.0,-22149.0,-8449.0,-3213.0,65751.0
183,1444.0,-3956.0,-6212.0,-2816.0,-23655.0,-9063.0,-3665.0,65757.0
184,1584.0,-4964.0,-6024.0,-2864.0,-25084.0,-9433.0,-3936.0,65763.0
185,1604.0,-5804.0,-5244.0,-2848.0,-26401.0,-9670.0,-4167.0,65769.0
186,1524.0,-6436.0,-4744.0,-2864.0,-27725.0,-9822.0,-4467.0,65775.0
187,1760.0,-7228.0,-4272.0,-2848.0,-29029.0,-10075.0,-4835.0,65781.0
188,2172.0,-8040.0,-3900.0,-2864.0,-30325.0,-10335.0,-5107.0,65787.0
189,2716.0,-9120.0,-4072.0,-2832.0,-31618.0,-10464.0,-5375.0,65794.0
190,3252.0,-10424.0,-3824.0,-2848.0,-32743.0,-10424.0,-5669.0,65800.0
191,3764.0,-11756.0,-3708.0,-2880.0,-32768.0,-10189.0,-5894.0,65806.0
192,4436.0,-12988.0,-3404.0,-2848.0,-32768.0,-9690.0,-6067.0,65812.0
193,5136.0,-14264.0,-2832.0,-2864.0,-32768.0,-9007.0,-6191.0,65818.0
194,5696.0,-15356.0,-2104.0,-2848.0,-32768.0,-8168.0,-6384.0,65824.0
195,5896.0,-16284.0,-1444.0,-2912.0,-32768.0,-7154.0,-6586.0,65830.0
196,5848.0,-17144.0,-940.0,-2864.0,-32768.0,-6400.0,-6786.0,65837.0
197,5660.0,-18080.0,-160.0,-2848.0,-32768.0,-5810.0,-7069.0,65843.0
198,5780.0,-19048.0,-276.0,-2832.0,-32768.0,-5226.0,-7426.0,65849.0
199,6364.0,-20140.0,188.0,-2880.0,-32768.0,-4436.0,-7759.0,65855.0
200,7344.0,-21472.0,60.0,-2864.0,-32768.0,-3333.0,-8140.0,65861.0
201,7940.0,-23096.0,540.0,-2832.0,-32768.0,-2122.0,-8415.0,65867.0
202,8344.0,-24708.0,1180.0,-2912.0,-32768.0,-883.0,-8683.0,65873.0
203,8328.0,-26072.0,1692.0,-2864.0,-32768.0,330.0,-8938.0,65880.0
204,8044.0,-27100.0,2428.0,-2848.0,-32768.0,1476.0,-9228.0,65885.0
205,7500.0,-28208.0,2724.0,-2864.0,-32768.0,2443.0,-9697.0,65891.0
206,6788.0,-29300.0,3492.0,-2864.0,-32768.0,3114.0,-10278.0,65897.0
207,6164.0,-30152.0,4104.0,-2880.0,-32768.0,3427.0,-10885.0,65903.0
208,5396.0,-30832.0,4812.0,-2848.0,-32768.0,3360.0,-11615.0,65909.0
209,4776.0,-31444.0,5372.0,-2880.0,-32768.0,2872.0,-12365.0,65915.0
210,4092.0,-32076.0,6212.0,-2832.0,-32768.0,2265.0,-13002.0,65923.0
211,3536.0,-32424.0,7028.0,-2864.0,-32768.0,1593.0,-13704.0,65929.0
212,3552.0,-32768.0,7612.0,-2864.0,-32768.0,1256.0,-14384.0,65935.0
213,4488.0,-32768.0,8236.0,-2880.0,-32768.0,1336.0,-14886.0,65941.0
214,5384.0,-32768.0,9116.0,-2848.0,-32768.0,1772.0,-15004.0,65947.0
215,6012.0,-32768.0,10084.0,-2832.0,-32768.0,2713.0,-14753.0,65953.0
216,6296.0,-32768.0,11044.0,-2848.0,-32768.0,4350.0,-14187.0,65959.0
217,5640.0,-32768.0,12644.0,-2848.0,-32319.0,6397.0,-13498.0,65966.0
218,3848.0,-32392.0,13688.0,-2864.0,-30932.0,8307.0,-12959.0,65972.0
219,1676.0,-31760.0,14812.0,-2864.0,-29406.0,9375.0,-12713.0,65978.0
220,-1708.0,-32768.0,16420.0,-2896.0,-27431.0,9248.0,-12100.0,65984.0
221,-5784.0,-31900.0,18020.0,-2864.0,-25650.0,8147.0,-11581.0,65991.0
222,-16.0,-31376.0,19356.0,-2880.0,-23439.0,8070.0,-9098.0,65997.0
223,-3832.0,-31140.0,21568.0,-2864.0,-21208.0,8902.0,-10810.0,66003.0
224,-9596.0,-30432.0,24668.0,-2864.0,-18642.0,8773.0,-9697.0,66010.0
225,-10880.0,-29272.0,27120.0,-2864.0,-15895.0,7903.0,-8438.0,66016.0
226,-12580.0,-28208.0,29144.0,-2864.0,-12712.0,6440.0,-6928.0,66022.0
227,-13116.0,-27476.0,30256.0,-2880.0,-9227.0,4770.0,-4900.0,66029.0
228,-12080.0,-25004.0,31216.0,-2880.0,-5844.0,3603.0,-2838.0,66035.0
229,-13692.0,-25940.0,32388.0,-2896.0,-1802.0,2284.0,-1485.0,66041.0
230,-12564.0,-25780.0,31600.0,-2832.0,1907.0,923.0,-41.0,66048.0
231,-13256.0,-24872.0,30780.0,-2880.0,5250.0,-979.0,865.0,66054.0
232,-13932.0,-24168.0,29280.0,-2864.0,8315.0,-3359.0,2110.0,66060.0
233,-14144.0,-22844.0,27832.0,-2848.0,10954.0,-5861.0,3163.0,66066.0
234,-13452.0,-21488.0,25540.0,-2864.0,13152.0,-8353.0,4098.0,66072.0
235,-12268.0,-20672.0,23164.0,-2864.0,14857.0,-10669.0,4555.0,66078.0
236,-10924.0,-20180.0,20976.0,-2848.0,16391.0,-12923.0,4677.0,66084.0
237,-7712.0,-19696.0,14544.0,-2864.0,17132.0,-15112.0,4674.0,66091.0
238,4168.0,-2500.0,-21180.0,-2880.0,11601.0,-16170.0,2535.0,66098.0
239,32767.0,9172.0,-32768.0,-2848.0,-10971.0,-17082.0,-20061.0,66104.0
240,32767.0,-32768.0,-32768.0,-2848.0,1219.0,-32768.0,-31362.0,66110.0
241,12748.0,-32768.0,-1884.0,-2848.0,20759.0,-20315.0,14981.0,66116.0
242,-32768.0,-32768.0,32767.0,-2864.0,23823.0,24029.0,29166.0,66123.0
243,-32768.0,-32768.0,32767.0,-2880.0,22319.0,30704.0,18335.0,66129.0
244,-32768.0,-32768.0,32767.0,-2832.0,20971.0,9403.0,2259.0,66136.0
245,-25784.0,-28160.0,-11760.0,-2864.0,18124.0,-15532.0,-5384.0,66142.0
246,-644.0,-14756.0,-23712.0,-2848.0,17910.0,-23287.0,-1547.0,66148.0
247,29400.0,-3512.0,-3396.0,-2832.0,20190.0,-21330.0,-245.0,66155.0
248,32767.0,-1372.0,13524.0,-2864.0,18933.0,-14065.0,-4031.0,66161.0
249,15192.0,-11460.0,13744.0,-2864.0,15914.0,-6083.0,-2009.0,66167.0
250,6152.0,-15820.0,1860.0,-2848.0,14128.0,-2763.0,455.0,66173.0
251,7044.0,-14440.0,-1804.0,-2864.0,13685.0,-6327.0,-1492.0,66180.0
252,6624.0,-14308.0,-76.0,-2848.0,13358.0,-8353.0,-1388.0,66186.0
253,8228.0,-17032.0,1396.0,-2880.0,13112.0,-5873.0,1130.0,66192.0
254,9424.0,-19408.0,1112.0,-2848.0,13361.0,-1815.0,2445.0,66198.0
255,7492.0,-21352.0,152.0,-2864.0,14071.0,940.0,3204.0,66204.0
256,3768.0,-22304.0,-760.0,-2832.0,15260.0,1799.0,3606.0,66210.0
257,2080.0,-19700.0,-660.0,-2880.0,15658.0,1467.0,3256.0,66216.0
258,2620.0,-16284.0,84.0,-2864.0,14840.0,1058.0,2611.0,66222.0
259,2784.0,-15520.0,2052.0,-2864.0,13729.0,2408.0,2735.0,66228.0
260,1116.0,-15648.0,3020.0,-2880.0,12510.0,5514.0,2669.0,66234.0
261,-628.0,-15100.0,1452.0,-2896.0,11296.0,7338.0,1589.0,66240.0
262,-1312.0,-14956.0,-540.0,-2880.0,10531.0,7162.0,528.0,66246.0
263,-96.0,-14848.0,-1668.0,-2832.0,10310.0,6144.0,-274.0,66252.0
264,608.0,-14744.0,-824.0,-2864.0,9987.0,5446.0,-825.0,66258.0
265,364.0,-15268.0,-16.0,-2880.0,9473.0,4722.0,-1098.0,66265.0
266,796.0,-15780.0,-48.0,-2880.0,9036.0,3716.0,-1256.0,66270.0
267,1844.0,-15716.0,-672.0,-2880.0,8647.0,2910.0,-1612.0,66276.0
268,2480.0,-14972.0,-592.0,-2880.0,8244.0,2112.0,-2030.0,66282.0
269,3648.0,-14656.0,-144.0,-2880.0,7790.0,1161.0,-2068.0,66288.0
270,6348.0,-14676.0,-112.0,-2864.0,7331.0,767.0,-1594.0,66294.0
271,8884.0,-14592.0,-244.0,-2864.0,6926.0,1698.0,-1077.0,66300.0
272,9484.0,-14340.0,-256.0,-2864.0,6524.0,3273.0,-587.0,66307.0
273,8832.0,-14116.0,-144.0,-2864.0,6124.0,4818.0,7.0,66312.0
274,7592.0,-14300.0,84.0,-2880.0,5759.0,6110.0,537.0,66318.0
275,6032.0,-14884.0,280.0,-2880.0,5573.0,7080.0,828.0,66324.0
276,4276.0,-15368.0,312.0,-2864.0,5494.0,7562.0,882.0,66330.0
277,2732.0,-15948.0,-136.0,-2848.0,5516.0,7523.0,847.0,66336.0
278,2028.0,-16132.0,-280.0,-2896.0,5517.0,7198.0,622.0,66341.0
279,1744.0,-16476.0,-564.0,-2896.0,5519.0,6693.0,311.0,66348.0
280,2092.0,-16904.0,-928.0,-2864.0,5573.0,6067.0,99.0,66354.0
281,2372.0,-16680.0,-916.0,-2848.0,5603.0,5442.0,-19.0,66360.0
282,2740.0,-16452.0,-736.0,-2864.0,5540.0,4746.0,-85.0,66365.0
283,3472.0,-16308.0,-472.0,-2896.0,5480.0,3994.0,-86.0,66371.0
284,4172.0,-15996.0,-584.0,-2880.0,5415.0,3364.0,-67.0,66377.0
285,4844.0,-15768.0,-232.0,-2864.0,5328.0,3118.0,-9.0,66383.0
286,5280.0,-15564.0,88.0,-2880.0,5249.0,3154.0,129.0,66388.0
287,5400.0,-15764.0,224.0,-2896.0,5194.0,3353.0,309.0,66395.0
288,5372.0,-16124.0,408.0,-2864.0,5169.0,3650.0,515.0,66401.0
289,5396.0,-16188.0,160.0,-2848.0,5212.0,3858.0,673.0,66407.0
290,5276.0,-16020.0,212.0,-2880.0,5271.0,3999.0,874.0,66412.0
291,4792.0,-15900.0,224.0,-2896.0,5337.0,4057.0,1025.0,66418.0
292,4240.0,-15992.0,204.0,-2864.0,5453.0,3845.0,1138.0,66424.0
293,3948.0,-16156.0,660.0,-2864.0,5579.0,3486.0,1157.0,66430.0
294,3592.0,-16188.0,784.0,-2864.0,5666.0,3072.0,1091.0,66437.0
295,3672.0,-16268.0,728.0,-2864.0,5752.0,2718.0,1099.0,66443.0
296,3660.0,-16336.0,928.0,-2880.0,5839.0,2416.0,1058.0,66448.0
297,3832.0,-16364.0,1144.0,-2880.0,5895.0,2187.0,1043.0,66454.0
298,4232.0,-16404.0,1284.0,-2880.0,5942.0,2065.0,1069.0,66460.0
299,4496.0,-16512.0,1348.0,-2880.0,6001.0,2116.0,1063.0,66466.0
300,4452.0,-16600.0,1348.0,-2864.0,6054.0,2269.0,1100.0,66472.0
301,4600.0,-16656.0,1596.0,-2864.0,6034.0,2539.0,1039.0,66479.0
302,5524.0,-16792.0,1328.0,-2848.0,6086.0,2759.0,870.0,66485.0
303,9580.0,-18480.0,848.0,-2880.0,6054.0,3478.0,118.0,66490.0
304,8564.0,-15972.0,36.0,-2864.0,6044.0,3788.0,387.0,66496.0
305,7472.0,-17276.0,1476.0,-2880.0,6156.0,4997.0,1182.0,66502.0
306,5912.0,-17196.0,1468.0,-2864.0,6138.0,6099.0,408.0,66508.0
307,5460.0,-17072.0,1640.0,-2864.0,6238.0,6060.0,677.0,66514.0
308,5120.0,-16784.0,1576.0,-2864.0,6305.0,6369.0,739.0,66521.0
309,3980.0,-16896.0,1744.0,-2896.0,6394.0,6765.0,729.0,66526.0
310,2928.0,-17136.0,2220.0,-2864.0,6537.0,6813.0,827.0,66532.0
311,1824.0,-17388.0,2484.0,-2864.0,6656.0,6571.0,954.0,66538.0
312,1316.0,-17624.0,2728.0,-2896.0,6782.0,6182.0,1051.0,66544.0
313,1128.0,-17828.0,2584.0,-2880.0,6981.0,5740.0,1089.0,66550.0
314,1132.0,-17924.0,2308.0,-2912.0,7198.0,5258.0,1170.0,66556.0
315,1236.0,-18052.0,2324.0,-2864.0,7442.0,4943.0,1281.0,66563.0
316,828.0,-18236.0,2556.0,-2864.0,7699.0,4754.0,1447.0,66568.0
317,228.0,-18508.0,2360.0,-2864.0,7977.0,4521.0,1706.0,66574.0
318,-1248.0,-19192.0,3000.0,-2864.0,8321.0,4373.0,1951.0,66580.0
319,1264.0,-18660.0,2548.0,-2864.0,8811.0,3815.0,2536.0,66586.0
320,-856.0,-19124.0,2448.0,-2880.0,9139.0,3532.0,2490.0,66592.0
321,196.0,-19372.0,2600.0,-2880.0,9559.0,2766.0,2951.0,66598.0
322,276.0,-19524.0,2588.0,-2912.0,9911.0,2259.0,3258.0,66605.0
323,716.0,-19384.0,2944.0,-2848.0,10300.0,1756.0,3608.0,66610.0
324,1556.0,-19412.0,2596.0,-2880.0,10655.0,1199.0,3854.0,66616.0
325,2484.0,-19384.0,3024.0,-2896.0,10962.0,785.0,4020.0,66622.0
326,3720.0,-19684.0,2728.0,-2864.0,11303.0,620.0,4324.0,66628.0
327,5212.0,-19988.0,2824.0,-2880.0,11648.0,775.0,4574.0,66634.0
328,5928.0,-19764.0,2952.0,-2880.0,11994.0,1143.0,4946.0,66640.0
329,6100.0,-19832.0,2832.0,-2864.0,12302.0,1776.0,5269.0,66647.0
330,6000.0,-19764.0,2948.0,-2848.0,12627.0,2390.0,5620.0,66653.0
331,5212.0,-19740.0,3108.0,-2864.0,12940.0,2998.0,5940.0,66659.0
332,4288.0,-19888.0,3452.0,-2880.0,13214.0,3440.0,6292.0,66665.0
333,3372.0,-20136.0,3272.0,-2864.0,13557.0,3649.0,6725.0,66671.0
334,3220.0,-20724.0,3304.0,-2880.0,13938.0,3710.0,7206.0,66676.0
335,3888.0,-21324.0,3176.0,-2864.0,14396.0,3724.0,7596.0,66682.0
336,5032.0,-21660.0,2752.0,-2864.0,14881.0,3715.0,7845.0,66689.0
337,7120.0,-22516.0,2584.0,-2848.0,15436.0,3945.0,8060.0,66695.0
338,8984.0,-23260.0,2360.0,-2896.0,16050.0,4598.0,8166.0,66701.0
339,10400.0,-24132.0,2272.0,-2848.0,16721.0,5634.0,8338.0,66707.0
340,10392.0,-25608.0,2760.0,-2896.0,17449.0,7085.0,8638.0,66713.0
341,7888.0,-27620.0,2572.0,-2880.0,17767.0,8898.0,9612.0,66719.0
342,7288.0,-31792.0,1784.0,-2864.0,18140.0,9324.0,10473.0,66725.0
343,7620.0,-32768.0,272.0,-2880.0,18647.0,9412.0,11296.0,66732.0
344,9320.0,-32512.0,-2248.0,-2896.0,19184.0,9684.0,11346.0,66738.0
345,11680.0,-31540.0,-5072.0,-2864.0,19605.0,10106.0,11105.0,66744.0
346,13468.0,-32768.0,-7336.0,-2896.0,19936.0,11054.0,10916.0,66750.0
347,14320.0,-32768.0,-9544.0,-2864.0,20283.0,12300.0,10609.0,66756.0
348,13008.0,-32768.0,-12708.0,-2864.0,20691.0,13349.0,10172.0,66762.0
349,10140.0,-32768.0,-15252.0,-2880.0,20740.0,14171.0,9975.0,66768.0
350,7512.0,-32368.0,-17088.0,-2864.0,20211.0,14641.0,9959.0,66776.0
351,4444.0,-30396.0,-17456.0,-2848.0,19559.0,14288.0,10089.0,66782.0
352,500.0,-27700.0,-14456.0,-2864.0,18860.0,12845.0,10249.0,66788.0
353,-2464.0,-25056.0,-9616.0,-2864.0,18002.0,10333.0,10628.0,66794.0
354,-4148.0,-24544.0,-244.0,-2896.0,17630.0,6826.0,11024.0,66800.0
355,-3344.0,-24940.0,7856.0,-2880.0,17559.0,3483.0,11266.0,66806.0
356,-2668.0,-24848.0,7560.0,-2896.0,16729.0,-614.0,10891.0,66812.0
357,1024.0,-22940.0,6960.0,-2864.0,15787.0,-4464.0,9850.0,66819.0
358,976.0,-21908.0,5936.0,-2912.0,15504.0,-7638.0,7486.0,66825.0
359,1308.0,-22284.0,6708.0,-2896.0,15890.0,-10010.0,6570.0,66831.0
360,2428.0,-21412.0,7016.0,-2864.0,16464.0,-10510.0,6295.0,66837.0
361,2516.0,-19388.0,3480.0,-2848.0,15986.0,-9587.0,6109.0,66843.0
362,3740.0,-17220.0,1976.0,-2864.0,15622.0,-8759.0,6095.0,66849.0
363,7312.0,-9428.0,-6744.0,-2848.0,13330.0,-8194.0,6390.0,66855.0
364,9992.0,-5520.0,-6848.0,-2864.0,10454.0,-6662.0,5436.0,66862.0
365,7220.0,-6872.0,-4584.0,-2848.0,8480.0,-2869.0,4690.0,66868.0
366,3464.0,-7488.0,-5328.0,-2880.0,6863.0,-62.0,4815.0,66873.0
367,1636.0,-5824.0,-7196.0,-2864.0,5141.0,303.0,4527.0,66879.0
368,1508.0,-4420.0,-8068.0,-2864.0,3238.0,-423.0,4593.0,66885.0
369,2360.0,-3892.0,-7988.0,-2864.0,1527.0,-830.0,4482.0,66891.0
370,2500.0,-4268.0,-6708.0,-2896.0,262.0,-945.0,3880.0,66897.0
371,2124.0,-4116.0,-6284.0,-2912.0,-830.0,-1146.0,3430.0,66903.0
372,2020.0,-2932.0,-6180.0,-2848.0,-2246.0,-1111.0,3057.0,66909.0
373,2088.0,-1548.0,-5788.0,-2880.0,-4022.0,-1200.0,2305.0,66915.0
374,2092.0,-924.0,-5244.0,-2864.0,-5742.0,-1661.0,1268.0,66921.0
375,1880.0,-1052.0,-4392.0,-2896.0,-7162.0,-2396.0,335.0,66927.0
376,1984.0,-876.0,-3712.0,-2864.0,-8504.0,-2980.0,-244.0,66933.0
377,2084.0,-352.0,-3884.0,-2880.0,-10102.0,-3276.0,-721.0,66938.0
378,1972.0,-244.0,-4532.0,-2864.0,-11930.0,-3558.0,-1251.0,66945.0
379,1776.0,-848.0,-4616.0,-2864.0,-13613.0,-3954.0,-1690.0,66951.0
380,1380.0,-1564.0,-4904.0,-2864.0,-15088.0,-4436.0,-2016.0,66957.0
381,948.0,-2232.0,-5412.0,-2896.0,-16617.0,-5159.0,-2325.0,66963.0
382,616.0,-3000.0,-5672.0,-2896.0,-18026.0,-5996.0,-2579.0,66969.0
383,500.0,-3660.0,-5644.0,-2848.0,-19373.0,-6847.0,-2737.0,66975.0
384,452.0,-4084.0,-5580.0,-2848.0,-20713.0,-7642.0,-2952.0,66981.0
385,504.0,-4604.0,-5368.0,-2864.0,-22064.0,-8204.0,-3104.0,66988.0
386,564.0,-5224.0,-5020.0,-2896.0,-23394.0,-8620.0,-3281.0,66993.0
387,884.0,-5680.0,-4724.0,-2880.0,-24896.0,-8917.0,-3542.0,66999.0
388,1260.0,-6324.0,-4312.0,-2880.0,-26257.0,-9035.0,-3756.0,67005.0
389,1428.0,-7460.0,-3640.0,-2896.0,-27591.0,-8980.0,-3938.0,67011.0
390,1676.0,-8576.0,-3236.0,-2912.0,-28875.0,-8715.0,-4130.0,67017.0
391,2132.0,-9628.0,-2660.0,-2896.0,-30049.0,-8360.0,-4318.0,67023.0
392,2608.0,-10544.0,-2436.0,-2880.0,-31210.0,-7798.0,-4543.0,67030.0
393,3356.0,-11532.0,-2300.0,-2880.0,-32375.0,-7127.0,-4832.0,67036.0
394,4088.0,-12556.0,-2028.0,-2896.0,-32768.0,-6400.0,-5034.0,67042.0
395,4456.0,-13816.0,-1896.0,-2912.0,-32768.0,-5529.0,-5165.0,67048.0
396,4624.0,-14896.0,-1412.0,-2864.0,-32768.0,-4703.0,-5229.0,67054.0
397,4584.0,-16200.0,-484.0,-2864.0,-32768.0,-4001.0,-5288.0,67060.0
398,4396.0,-17196.0,200.0,-2912.0,-32768.0,-3355.0,-5360.0,67066.0
399,4144.0,-18212.0,716.0,-2896.0,-32768.0,-2723.0,-5437.0,67073.0
400,4108.0,-18988.0,816.0,-2848.0,-32768.0,-2164.0,-5669.0,67079.0
401,3920.0,-19636.0,676.0,-2880.0,-32768.0,-1775.0,-6009.0,67085.0
402,3840.0,-20744.0,480.0,-2896.0,-32768.0,-1487.0,-6431.0,67091.0
403,3760.0,-21780.0,636.0,-2848.0,-32768.0,-1324.0,-6835.0,67097.0
404,3760.0,-22856.0,800.0,-2864.0,-32768.0,-1155.0,-7190.0,67103.0
405,3728.0,-24040.0,1168.0,-2848.0,-32768.0,-965.0,-7609.0,67108.0
406,3512.0,-24900.0,1652.0,-2864.0,-32768.0,-792.0,-8038.0,67115.0
407,3528.0,-25540.0,1952.0,-2880.0,-32768.0,-688.0,-8585.0,67121.0
408,3392.0,-26336.0,1980.0,-2864.0,-32768.0,-646.0,-9180.0,67127.0
409,3768.0,-27296.0,2160.0,-2864.0,-32768.0,-603.0,-9842.0,67133.0
410,4324.0,-28256.0,2564.0,-2880.0,-32768.0,-598.0,-10582.0,67139.0
411,5248.0,-29192.0,2864.0,-2880.0,-32768.0,-451.0,-11356.0,67145.0
412,6360.0,-29996.0,3068.0,-2896.0,-32768.0,7.0,-12119.0,67151.0
413,7496.0,-31028.0,3364.0,-2864.0,-32768.0,636.0,-12675.0,67158.0
414,8172.0,-31764.0,4448.0,-2896.0,-32768.0,1505.0,-13214.0,67164.0
415,8380.0,-32448.0,5584.0,-2880.0,-32768.0,2703.0,-13507.0,67170.0
416,8620.0,-32768.0,6984.0,-2880.0,-32768.0,4224.0,-13893.0,67176.0
417,8844.0,-32768.0,8448.0,-2864.0,-32768.0,6084.0,-14246.0,67182.0
418,9592.0,-32768.0,9672.0,-2896.0,-32768.0,8252.0,-14511.0,67188.0
419,10336.0,-32768.0,11112.0,-2864.0,-32768.0,10725.0,-14625.0,67194.0
420,10480.0,-32768.0,12688.0,-2880.0,-31681.0,13520.0,-14555.0,67201.0
421,9536.0,-32768.0,14108.0,-2848.0,-29796.0,16257.0,-14256.0,67207.0
422,6792.0,-32768.0,15488.0,-2864.0,-27799.0,18896.0,-13750.0,67214.0
423,2332.0,-31884.0,15884.0,-2864.0,-25791.0,21288.0,-12976.0,67220.0
424,-3796.0,-30336.0,17060.0,-2864.0,-23477.0,23184.0,-11503.0,67226.0
425,-17104.0,-31420.0,18424.0,-2864.0,-20837.0,23620.0,-9429.0,67232.0
426,-18240.0,-29368.0,21800.0,-2896.0,-18270.0,22508.0,-4443.0,67239.0
427,-25220.0,-27772.0,25128.0,-2864.0,-15415.0,19107.0,-5867.0,67246.0
428,-28676.0,-26920.0,27016.0,-2864.0,-12649.0,13004.0,-4647.0,67252.0
429,-24664.0,-27072.0,29072.0,-2864.0,-9643.0,6586.0,-3319.0,67259.0
430,-19092.0,-27700.0,30452.0,-2864.0,-6265.0,2683.0,-2499.0,67265.0
431,-15148.0,-27768.0,30944.0,-2896.0,-2738.0,1007.0,-1690.0,67271.0
432,-14332.0,-26700.0,31196.0,-2880.0,769.0,-46.0,-895.0,67277.0
433,-16188.0,-26456.0,30140.0,-2864.0,4078.0,-1928.0,497.0,67283.0
434,-17228.0,-25372.0,29296.0,-2880.0,7049.0,-4694.0,1310.0,67290.0
435,-17596.0,-24728.0,27548.0,-2880.0,9727.0,-8354.0,3122.0,67296.0
436,-15240.0,-23844.0,24780.0,-2864.0,11914.0,-11391.0,4479.0,67302.0
437,-11640.0,-22832.0,21776.0,-2864.0,13845.0,-13657.0,5120.0,67308.0
438,-8456.0,-21960.0,19048.0,-2880.0,15227.0,-15194.0,5502.0,67314.0
439,-1212.0,-18660.0,12384.0,-2864.0,15995.0,-15507.0,4575.0,67320.0
440,18156.0,-4424.0,-23812.0,-2864.0,9978.0,-14586.0,354.0,67328.0
441,32767.0,-220.0,-32768.0,-2864.0,-6138.0,-17035.0,-21093.0,67334.0
442,32767.0,-32768.0,-32768.0,-2864.0,2866.0,-29667.0,-27945.0,67340.0
443,18384.0,-32768.0,-4080.0,-2880.0,18416.0,-11287.0,13449.0,67346.0
444,-12204.0,-29320.0,18072.0,-2896.0,18612.0,25044.0,24041.0,67352.0
445,-32768.0,-23404.0,32767.0,-2848.0,16649.0,30544.0,13782.0,67359.0
446,-32768.0,-30860.0,30420.0,-2848.0,17815.0,9371.0,2314.0,67365.0
447,-31884.0,-30252.0,2456.0,-2896.0,16541.0,-7140.0,1168.0,67372.0
448,-4628.0,-18068.0,-11868.0,-2864.0,15172.0,-10259.0,2619.0,67378.0
449,22560.0,-9420.0,-2928.0,-2864.0,15537.0,-13862.0,-1458.0,67384.0
450,29768.0,-10660.0,7568.0,-2896.0,15909.0,-16564.0,-3199.0,67390.0
451,10784.0,-20048.0,11584.0,-2848.0,15739.0,-8157.0,1175.0,67396.0
452,220.0,-18356.0,3340.0,-2880.0,14690.0,-1196.0,2713.0,67402.0
453,1236.0,-14088.0,-1592.0,-2896.0,13505.0,-3965.0,551.0,67408.0
454,4568.0,-16028.0,-1592.0,-2880.0,13576.0,-7547.0,656.0,67415.0
455,8244.0,-20608.0,-116.0,-2880.0,14606.0,-5912.0,2986.0,67421.0
456,9156.0,-22332.0,116.0,-2896.0,15577.0,-1208.0,3818.0,67427.0
457,5568.0,-19720.0,-372.0,-2880.0,15714.0,2846.0,3299.0,67433.0
458,2460.0,-15208.0,-708.0,-2864.0,14705.0,4325.0,2316.0,67439.0
459,2104.0,-12672.0,-624.0,-2880.0,13395.0,3890.0,1724.0,67445.0
460,3268.0,-13040.0,-272.0,-2880.0,12338.0,3703.0,1851.0,67451.0
461,3576.0,-14808.0,420.0,-2864.0,11734.0,4905.0,2197.0,67458.0
462,2408.0,-15224.0,-604.0,-2848.0,11126.0,6115.0,1870.0,67464.0
463,1276.0,-14548.0,-1068.0,-2896.0,10519.0,6324.0,1108.0,67470.0
464,1012.0,-13672.0,16.0,-2880.0,9703.0,5728.0,546.0,67476.0
465,876.0,-14480.0,148.0,-2848.0,8968.0,5140.0,295.0,67481.0
466,660.0,-15876.0,-172.0,-2864.0,8669.0,4343.0,64.0,67487.0
467,452.0,-16096.0,-120.0,-2880.0,8371.0,3158.0,-232.0,67493.0
468,1360.0,-15564.0,-92.0,-2880.0,8001.0,1918.0,-621.0,67500.0
469,3644.0,-15120.0,48.0,-2880.0,7558.0,1222.0,-854.0,67505.0
470,5836.0,-14828.0,-40.0,-2896.0,7059.0,1409.0,-842.0,67511.0
471,7124.0,-14824.0,-104.0,-2896.0,6645.0,2129.0,-509.0,67517.0
472,7128.0,-14644.0,8.0,-2896.0,6236.0,3063.0,-120.0,67523.0
473,6548.0,-14592.0,76.0,-2880.0,5828.0,3820.0,201.0,67529.0
474,5792.0,-14908.0,184.0,-2848.0,5495.0,4326.0,513.0,67534.0
475,5240.0,-15168.0,344.0,-2864.0,5241.0,4674.0,715.0,67540.0
476,4672.0,-15440.0,184.0,-2864.0,5094.0,4846.0,818.0,67547.0
477,4100.0,-15648.0,-40.0,-2896.0,4974.0,4730.0,826.0,67553.0
478,3568.0,-15608.0,-56.0,-2848.0,4923.0,4412.0,753.0,67558.0
479,3172.0,-15596.0,96.0,-2864.0,4859.0,3956.0,649.0,67564.0
480,2956.0,-15796.0,40.0,-2864.0,4813.0,3446.0,536.0,67570.0
481,3168.0,-15796.0,-96.0,-2880.0,4822.0,3008.0,401.0,67576.0
482,3648.0,-15616.0,-272.0,-2864.0,4762.0,2713.0,316.0,67581.0
483,3796.0,-15576.0,-164.0,-2864.0,4754.0,2543.0,222.0,67588.0
484,3844.0,-15676.0,-160.0,-2912.0,4723.0,2402.0,196.0,67594.0
485,4024.0,-15908.0,-360.0,-2880.0,4718.0,2244.0,130.0,67600.0
486,3856.0,-16020.0,420.0,-2880.0,4580.0,2250.0,326.0,67606.0
487,4332.0,-16780.0,152.0,-2896.0,4445.0,2593.0,630.0,67611.0
488,4036.0,-17120.0,80.0,-2864.0,4435.0,2709.0,570.0,67617.0
489,4188.0,-16632.0,132.0,-2912.0,4363.0,2708.0,730.0,67623.0
490,4700.0,-16708.0,80.0,-2912.0,4383.0,2728.0,749.0,67630.0
491,5072.0,-16536.0,-296.0,-2864.0,4420.0,2795.0,849.0,67635.0
492,4780.0,-16300.0,224.0,-2880.0,4403.0,2956.0,1028.0,67641.0
493,4404.0,-16680.0,52.0,-2848.0,4457.0,3088.0,1105.0,67647.0
494,4100.0,-16636.0,24.0,-2912.0,4626.0,3026.0,1164.0,67653.0
495,3996.0,-16360.0,72.0,-2864.0,4809.0,2877.0,1176.0,67658.0
496,4064.0,-16064.0,164.0,-2896.0,4925.0,2715.0,1195.0,67664.0
497,4516.0,-16084.0,376.0,-2864.0,5055.0,2533.0,1256.0,67671.0
498,4844.0,-16468.0,480.0,-2896.0,5175.0,2526.0,1338.0,67677.0
499,4780.0,-16608.0,300.0,-2896.0,5371.0,2483.0,1486.0,67683.0
500,4516.0,-16336.0,216.0,-2896.0,5567.0,2440.0,1646.0,67689.0
501,4408.0,-16408.0,380.0,-2864.0,5724.0,2407.0,1688.0,67694.0
502,4656.0,-16376.0,368.0,-2864.0,5910.0,2328.0,1764.0,67700.0
503,4612.0,-16396.0,600.0,-2864.0,6085.0,2385.0,1862.0,67706.0
504,4492.0,-16468.0,700.0,-2864.0,6251.0,2415.0,1893.0,67713.0
505,4252.0,-16664.0,804.0,-2880.0,6404.0,2460.0,2015.0,67719.0
506,4116.0,-16908.0,1152.0,-2880.0,6529.0,2524.0,1984.0,67725.0
507,4016.0,-16852.0,1212.0,-2896.0,6635.0,2457.0,1965.0,67731.0
508,4920.0,-17172.0,1620.0,-2864.0,6661.0,2554.0,1785.0,67736.0
509,7468.0,-15432.0,704.0,-2896.0,6649.0,2623.0,929.0,67742.0
510,5120.0,-16348.0,1864.0,-2864.0,6657.0,2996.0,2035.0,67748.0
511,4204.0,-16620.0,2432.0,-2896.0,6610.0,4063.0,1702.0,67755.0
512,2848.0,-16504.0,2648.0,-2848.0,6630.0,4085.0,1749.0,67761.0
513,2612.0,-16824.0,2620.0,-2912.0,6710.0,4128.0,1823.0,67767.0
514,2984.0,-16956.0,2160.0,-2864.0,6756.0,4117.0,1739.0,67773.0
515,3560.0,-17156.0,2072.0,-2864.0,6832.0,4138.0,1678.0,67778.0
516,3740.0,-17480.0,2148.0,-2880.0,6947.0,4116.0,1729.0,67784.0
517,3392.0,-17596.0,2132.0,-2880.0,7064.0,4210.0,1839.0,67790.0
518,2692.0,-18008.0,2268.0,-2864.0,7233.0,4232.0,1976.0,67796.0
519,2276.0,-18048.0,2076.0,-2896.0,7431.0,4140.0,2112.0,67803.0
520,1864.0,-18052.0,2092.0,-2880.0,7712.0,3997.0,2274.0,67809.0
521,1616.0,-18308.0,2292.0,-2880.0,7992.0,3784.0,2464.0,67815.0
522,1152.0,-18448.0,2364.0,-2864.0,8352.0,3544.0,2732.0,67821.0
523,396.0,-18740.0,2348.0,-2896.0,8771.0,3181.0,3070.0,67826.0
524,192.0,-19116.0,2572.0,-2864.0,9185.0,2732.0,3489.0,67832.0
525,-440.0,-19736.0,2500.0,-2896.0,9616.0,2252.0,4065.0,67838.0
526,1856.0,-19612.0,2328.0,-2896.0,10078.0,1850.0,4207.0,67845.0
527,660.0,-19712.0,2456.0,-2880.0,10421.0,1472.0,4560.0,67851.0
528,1468.0,-20080.0,2548.0,-2896.0,10854.0,790.0,4855.0,67857.0
529,1108.0,-20028.0,2904.0,-2864.0,11204.0,263.0,5010.0,67863.0
530,1616.0,-20108.0,2816.0,-2880.0,11507.0,-189.0,5321.0,67869.0
531,1844.0,-20240.0,3144.0,-2880.0,11830.0,-349.0,5615.0,67874.0
532,1848.0,-20300.0,3328.0,-2864.0,12154.0,-317.0,5941.0,67880.0
533,1672.0,-20172.0,3148.0,-2896.0,12500.0,-342.0,6360.0,67887.0
534,1672.0,-20316.0,3108.0,-2880.0,12837.0,-388.0,6777.0,67893.0
535,1916.0,-20608.0,3064.0,-2896.0,13286.0,-427.0,7184.0,67899.0
536,2420.0,-20636.0,2932.0,-2896.0,13522.0,-500.0,7534.0,67905.0
537,3260.0,-20944.0,2704.0,-2912.0,13986.0,-538.0,7905.0,67911.0
538,4356.0,-21528.0,2396.0,-2896.0,14447.0,-554.0,8214.0,67917.0
539,5680.0,-21708.0,2512.0,-2864.0,14853.0,-399.0,8471.0,67923.0
540,6900.0,-22108.0,2384.0,-2880.0,15312.0,1.0,8618.0,67930.0
541,7556.0,-22404.0,2616.0,-2896.0,15723.0,620.0,8790.0,67935.0
542,7972.0,-23428.0,3448.0,-2912.0,16219.0,1521.0,9112.0,67941.0
543,5520.0,-23856.0,4184.0,-2864.0,16636.0,2801.0,9884.0,67947.0
544,3580.0,-26036.0,4400.0,-2880.0,16710.0,3562.0,10895.0,67953.0
545,3484.0,-28788.0,4292.0,-2864.0,17006.0,2990.0,11665.0,67959.0
546,5820.0,-28896.0,2872.0,-2848.0,17470.0,2914.0,12035.0,67965.0
547,7588.0,-28084.0,1104.0,-2880.0,17951.0,3416.0,12018.0,67972.0
548,9176.0,-28776.0,-688.0,-2896.0,18301.0,4360.0,12160.0,67978.0
549,11184.0,-30344.0,-3768.0,-2912.0,18511.0,5632.0,12403.0,67984.0
550,13080.0,-31500.0,-6700.0,-2912.0,18727.0,7126.0,12354.0,67990.0
551,14880.0,-31864.0,-8188.0,-2880.0,18893.0,8608.0,12046.0,67996.0
552,15676.0,-32456.0,-10180.0,-2848.0,19051.0,10250.0,11342.0,68002.0
553,14388.0,-32768.0,-12592.0,-2864.0,19415.0,12054.0,10919.0,68008.0
554,12212.0,-32768.0,-14960.0,-2880.0,19535.0,13485.0,11244.0,68016.0
555,10228.0,-32768.0,-16616.0,-2880.0,19222.0,14484.0,11507.0,68022.0
556,6692.0,-30120.0,-16988.0,-2896.0,18727.0,14669.0,11995.0,68028.0
557,3028.0,-28028.0,-13556.0,-2912.0,18233.0,14409.0,12668.0,68034.0
558,-68.0,-27028.0,-6288.0,-2880.0,18193.0,11943.0,13675.0,68040.0
559,-3336.0,-25616.0,4272.0,-2896.0,18525.0,9063.0,13522.0,68046.0
560,-4524.0,-24652.0,8652.0,-2896.0,18441.0,4735.0,14022.0,68052.0
561,-3368.0,-23024.0,4316.0,-2880.0,16710.0,-541.0,13353.0,68059.0
562,-1376.0,-22588.0,604.0,-2848.0,14578.0,-5498.0,12154.0,68065.0
563,1424.0,-23780.0,3488.0,-2896.0,14059.0,-9552.0,11003.0,68071.0
564,3136.0,-23800.0,2308.0,-2896.0,14514.0,-12204.0,10413.0,68077.0
565,4968.0,-24136.0,3472.0,-2896.0,15422.0,-13077.0,10271.0,68083.0
566,6076.0,-24764.0,4436.0,-2864.0,16978.0,-12153.0,10066.0,68089.0
567,6492.0,-21148.0,2012.0,-2864.0,17635.0,-9600.0,9460.0,68096.0
568,7584.0,-11192.0,-4636.0,-2880.0,14855.0,-8032.0,8558.0,68102.0
569,9724.0,-5408.0,-5428.0,-2864.0,11088.0,-6562.0,7224.0,68108.0
570,8112.0,-7520.0,-4340.0,-2880.0,8582.0,-4096.0,6436.0,68114.0
571,6148.0,-8984.0,-5408.0,-2912.0,7012.0,-2563.0,6232.0,68120.0
572,5424.0,-7856.0,-6524.0,-2864.0,5459.0,-2194.0,5603.0,68126.0
573,4872.0,-6172.0,-7332.0,-2896.0,3694.0,-1972.0,5052.0,68132.0
574,3920.0,-5340.0,-7512.0,-2896.0,2076.0,-1728.0,4557.0,68139.0
575,3560.0,-4376.0,-7096.0,-2912.0,499.0,-1435.0,4322.0,68145.0
576,3036.0,-3136.0,-6372.0,-2880.0,-1307.0,-1188.0,4288.0,68150.0
577,4892.0,-3032.0,-6816.0,-2880.0,-2831.0,-617.0,4217.0,68156.0
578,4800.0,-2108.0,-7308.0,-2848.0,-4561.0,-92.0,1984.0,68162.0
579,2832.0,-1364.0,-6948.0,-2880.0,-6310.0,-427.0,889.0,68168.0
580,2408.0,-676.0,-6464.0,-2896.0,-7955.0,-1137.0,398.0,68174.0
581,2212.0,60.0,-6164.0,-2864.0,-9757.0,-2059.0,-298.0,68179.0
582,1652.0,-116.0,-5604.0,-2848.0,-11457.0,-2987.0,-1107.0,68186.0
583,1288.0,-628.0,-4708.0,-2880.0,-13002.0,-3526.0,-1680.0,68192.0
584,1084.0,-648.0,-4700.0,-2896.0,-14596.0,-3832.0,-2137.0,68198.0
585,1104.0,-620.0,-4896.0,-2896.0,-16333.0,-4241.0,-2697.0,68204.0
586,876.0,-816.0,-5244.0,-2880.0,-18064.0,-4909.0,-3233.0,68210.0
587,744.0,-1348.0,-5748.0,-2880.0,-19690.0,-5571.0,-3887.0,68215.0
588,292.0,-2088.0,-5628.0,-2864.0,-21222.0,-6493.0,-4301.0,68221.0
589,308.0,-2944.0,-5380.0,-2896.0,-22681.0,-7411.0,-4618.0,68228.0
590,272.0,-3624.0,-5160.0,-2880.0,-24062.0,-8267.0,-4863.0,68234.0
591,376.0,-4508.0,-5216.0,-2864.0,-25476.0,-9076.0,-4998.0,68240.0
592,428.0,-5376.0,-5024.0,-2864.0,-26792.0,-9725.0,-5166.0,68246.0
593,292.0,-6448.0,-4240.0,-2880.0,-28101.0,-10267.0,-4788.0,68252.0
594,2160.0,-6720.0,-3856.0,-2896.0,-29411.0,-10292.0,-5841.0,68258.0
595,84.0,-8568.0,-3656.0,-2880.0,-30556.0,-11093.0,-6371.0,68264.0
596,1152.0,-9676.0,-3244.0,-2896.0,-31691.0,-11603.0,-5598.0,68271.0
597,2808.0,-10796.0,-2700.0,-2880.0,-32768.0,-11425.0,-5644.0,68277.0
598,4312.0,-12248.0,-2120.0,-2880.0,-32768.0,-10902.0,-5740.0,68283.0
599,5776.0,-13428.0,-1488.0,-2912.0,-32768.0,-10076.0,-5984.0,68289.0
600,6852.0,-14868.0,-340.0,-2880.0,-32768.0,-9144.0,-6273.0,68295.0
601,7392.0,-16052.0,504.0,-2896.0,-32768.0,-8069.0,-6431.0,68301.0
602,7784.0,-16892.0,684.0,-2912.0,-32768.0,-7060.0,-6593.0,68307.0
603,8372.0,-18080.0,1196.0,-2896.0,-32768.0,-6252.0,-6719.0,68314.0
604,8444.0,-19424.0,1716.0,-2880.0,-32768.0,-5551.0,-6916.0,68320.0
605,8500.0,-20432.0,2200.0,-2880.0,-32768.0,-4754.0,-7078.0,68326.0
606,8572.0,-21308.0,2400.0,-2864.0,-32768.0,-3844.0,-7279.0,68332.0
607,8664.0,-22468.0,2532.0,-2880.0,-32768.0,-2885.0,-7636.0,68338.0
608,8576.0,-23568.0,2860.0,-2880.0,-32768.0,-2027.0,-7978.0,68344.0
609,8288.0,-24752.0,3360.0,-2864.0,-32768.0,-1407.0,-8413.0,68350.0
610,8204.0,-25720.0,3840.0,-2896.0,-32768.0,-933.0,-8992.0,68357.0
611,8064.0,-26524.0,4392.0,-2880.0,-32768.0,-489.0,-9725.0,68363.0
612,7936.0,-27404.0,4820.0,-2864.0,-32768.0,-28.0,-10587.0,68369.0
613,7932.0,-28476.0,5188.0,-2896.0,-32768.0,281.0,-11471.0,68374.0
614,7876.0,-29140.0,5528.0,-2896.0,-32768.0,441.0,-12292.0,68380.0
615,7684.0,-29820.0,5864.0,-2880.0,-32768.0,469.0,-13048.0,68386.0
616,7712.0,-30080.0,6360.0,-2896.0,-32768.0,630.0,-13531.0,68392.0
617,7588.0,-30012.0,6656.0,-2912.0,-32768.0,1110.0,-13913.0,68399.0
618,7292.0,-30280.0,7000.0,-2880.0,-32768.0,1812.0,-14216.0,68405.0
619,6744.0,-30760.0,7552.0,-2896.0,-32768.0,2563.0,-14350.0,68411.0
620,6384.0,-31464.0,8220.0,-2896.0,-32768.0,3397.0,-14400.0,68417.0
621,6440.0,-31928.0,8992.0,-2864.0,-32768.0,4241.0,-14240.0,68423.0
622,6940.0,-31792.0,10176.0,-2864.0,-32768.0,5194.0,-13959.0,68430.0
623,7788.0,-31580.0,11300.0,-2896.0,-32051.0,6530.0,-13683.0,68436.0
624,8060.0,-31532.0,12484.0,-2896.0,-30830.0,8247.0,-13550.0,68443.0
625,7700.0,-31508.0,13328.0,-2864.0,-29484.0,9918.0,-13565.0,68449.0
626,6428.0,-31440.0,14608.0,-2896.0,-27898.0,11244.0,-13673.0,68455.0
627,4392.0,-31988.0,16036.0,-2896.0,-25945.0,12015.0,-13644.0,68461.0
628,1708.0,-32260.0,18348.0,-2880.0,-23667.0,12422.0,-13502.0,68467.0
629,-548.0,-31884.0,20160.0,-2864.0,-21280.0,12599.0,-13196.0,68473.0
630,-2864.0,-31080.0,21540.0,-2896.0,-19032.0,12812.0,-12794.0,68480.0
631,-5312.0,-30216.0,22788.0,-2896.0,-16572.0,13009.0,-12145.0,68487.0
632,-8240.0,-29248.0,23692.0,-2896.0,-13992.0,13222.0,-10766.0,68493.0
633,-12216.0,-27852.0,25436.0,-2896.0,-11064.0,13185.0,-8703.0,68499.0
634,-15748.0,-25956.0,26424.0,-2864.0,-8105.0,12148.0,-6445.0,68506.0
635,-18560.0,-24200.0,27520.0,-2864.0,-5110.0,9664.0,-4550.0,68512.0
636,-18932.0,-23804.0,28016.0,-2896.0,-2242.0,6351.0,-2996.0,68518.0
637,-17180.0,-24400.0,27520.0,-2912.0,772.0,2734.0,-1812.0,68525.0
638,-14716.0,-25456.0,27232.0,-2896.0,3817.0,-285.0,-954.0,68531.0
639,-13964.0,-24604.0,26228.0,-2880.0,6608.0,-2959.0,-342.0,68537.0
640,-11428.0,-23688.0,25444.0,-2912.0,9288.0,-5108.0,440.0,68543.0
641,-12104.0,-22716.0,24196.0,-2912.0,11523.0,-6896.0,1432.0,68549.0
642,-11408.0,-21388.0,21844.0,-2880.0,13447.0,-8598.0,2137.0,68555.0
643,-11668.0,-20548.0,19840.0,-2896.0,15011.0,-10338.0,2695.0,68561.0
644,-10852.0,-19664.0,17604.0,-2912.0,16225.0,-12013.0,3272.0,68569.0
645,-8860.0,-18192.0,13676.0,-2864.0,16947.0,-13472.0,3649.0,68575.0
646,-7380.0,-12232.0,3072.0,-2880.0,16211.0,-14996.0,3911.0,68581.0
647,13156.0,11436.0,-32768.0,-2880.0,1969.0,-13655.0,-916.0,68587.0
648,32767.0,-9964.0,-32768.0,-2896.0,-12454.0,-18973.0,-32768.0,68593.0
649,32767.0,-32768.0,-23304.0,-2912.0,11006.0,-32768.0,-12035.0,68600.0
650,-1632.0,-32768.0,18964.0,-2896.0,19473.0,-548.0,29176.0,68606.0
651,-32768.0,-32768.0,32767.0,-2928.0,21816.0,32767.0,24068.0,68613.0
652,-32768.0,-32768.0,32767.0,-2848.0,21838.0,23552.0,7816.0,68619.0
653,-32768.0,-32768.0,1584.0,-2864.0,17788.0,-5552.0,-3920.0,68625.0
654,-15468.0,-16524.0,-26520.0,-2880.0,14736.0,-18610.0,-3230.0,68631.0
655,24280.0,3216.0,-16292.0,-2880.0,15162.0,-16467.0,-2413.0,68638.0
656,32544.0,5376.0,3720.0,-2864.0,14730.0,-11297.0,-4527.0,68644.0
657,23800.0,-8080.0,11148.0,-2880.0,13633.0,-2510.0,-3180.0,68651.0
658,13824.0,-16296.0,9784.0,-2880.0,12685.0,4269.0,-1945.0,68657.0
659,11972.0,-16300.0,5552.0,-2896.0,11979.0,662.0,-3145.0,68663.0
660,8376.0,-17080.0,1496.0,-2896.0,11699.0,-6433.0,-2212.0,68669.0
661,6448.0,-17772.0,24.0,-2880.0,11773.0,-7352.0,1052.0,68675.0
662,7460.0,-16288.0,-356.0,-2880.0,12082.0,-5944.0,2069.0,68681.0
663,9116.0,-15112.0,-400.0,-2896.0,12015.0,-5412.0,1923.0,68687.0
664,9944.0,-15860.0,652.0,-2912.0,11584.0,-3784.0,2429.0,68694.0
665,9552.0,-16464.0,1384.0,-2896.0,11033.0,-1273.0,2828.0,68700.0
666,7052.0,-17140.0,1196.0,-2880.0,10580.0,-48.0,3028.0,68706.0
667,4496.0,-17220.0,788.0,-2896.0,10169.0,375.0,3589.0,68712.0
668,2860.0,-17476.0,652.0,-2896.0,9941.0,1251.0,3529.0,68717.0
669,1936.0,-16116.0,820.0,-2864.0,9436.0,2289.0,3024.0,68723.0
670,1148.0,-15404.0,60.0,-2896.0,8786.0,3268.0,2359.0,68729.0
671,108.0,-16104.0,-856.0,-2928.0,8391.0,3895.0,1623.0,68736.0
672,-1136.0,-17300.0,-1448.0,-2896.0,8431.0,3673.0,702.0,68742.0
673,-1544.0,-17228.0,-1092.0,-2912.0,8604.0,2657.0,-310.0,68748.0
674,-336.0,-16196.0,-364.0,-2896.0,8419.0,948.0,-1076.0,68754.0
675,1860.0,-15520.0,-440.0,-2880.0,7989.0,-638.0,-1476.0,68759.0
676,4220.0,-15704.0,-552.0,-2880.0,7702.0,-1610.0,-1560.0,68765.0
677,6880.0,-16420.0,-704.0,-2896.0,7678.0,-1622.0,-1199.0,68771.0
678,8916.0,-16596.0,-1424.0,-2896.0,7902.0,-929.0,-1232.0,68777.0
679,9524.0,-15328.0,-896.0,-2880.0,7941.0,324.0,-855.0,68784.0
680,9992.0,-14060.0,-288.0,-2880.0,7441.0,2112.0,-189.0,68790.0
681,9460.0,-14288.0,124.0,-2880.0,6869.0,4252.0,553.0,68795.0
682,8084.0,-15004.0,680.0,-2912.0,6382.0,6428.0,1138.0,68801.0
683,6532.0,-15496.0,496.0,-2848.0,5979.0,8043.0,1434.0,68807.0
684,5376.0,-15680.0,-88.0,-2848.0,5753.0,8998.0,1360.0,68813.0
685,4456.0,-15364.0,-268.0,-2848.0,5588.0,8813.0,1082.0,68819.0
686,3928.0,-15000.0,-344.0,-2864.0,5378.0,8319.0,945.0,68826.0
687,3524.0,-15356.0,-604.0,-2896.0,5296.0,7845.0,763.0,68832.0
688,3340.0,-15576.0,-388.0,-2896.0,5344.0,7051.0,517.0,68837.0
689,3540.0,-15424.0,-420.0,-2880.0,5272.0,6174.0,280.0,68843.0
690,4208.0,-15484.0,-24.0,-2880.0,5207.0,5530.0,127.0,68849.0
691,4556.0,-15632.0,72.0,-2928.0,5110.0,5181.0,84.0,68855.0
692,4752.0,-15584.0,140.0,-2880.0,5067.0,4972.0,68.0,68860.0
693,5116.0,-15444.0,152.0,-2928.0,4950.0,4827.0,103.0,68867.0
694,5556.0,-15500.0,228.0,-2864.0,4861.0,4749.0,229.0,68873.0
695,5764.0,-15504.0,12.0,-2880.0,4853.0,4856.0,309.0,68879.0
696,5968.0,-15336.0,-48.0,-2880.0,4799.0,4982.0,461.0,68884.0
697,5812.0,-15456.0,36.0,-2896.0,4738.0,5003.0,577.0,68890.0
698,5740.0,-16064.0,-276.0,-2880.0,4776.0,5099.0,729.0,68896.0
699,5520.0,-16120.0,84.0,-2880.0,4816.0,5299.0,1020.0,68902.0
700,4980.0,-16216.0,-80.0,-2864.0,4870.0,5427.0,1168.0,68908.0
701,4808.0,-16460.0,-256.0,-2896.0,4988.0,5346.0,1255.0,68914.0
702,4576.0,-16336.0,-156.0,-2896.0,5140.0,5160.0,1289.0,68920.0
703,4556.0,-15980.0,128.0,-2896.0,5202.0,4832.0,1366.0,68926.0
704,4568.0,-16512.0,-56.0,-2896.0,5335.0,4714.0,1527.0,68932.0
705,4272.0,-16408.0,196.0,-2896.0,5488.0,4557.0,1542.0,68938.0
706,4440.0,-16276.0,388.0,-2896.0,5595.0,4221.0,1585.0,68943.0
707,4748.0,-16456.0,372.0,-2896.0,5753.0,3895.0,1680.0,68950.0
708,5044.0,-16416.0,448.0,-2864.0,5846.0,3704.0,1797.0,68956.0
709,5396.0,-16508.0,248.0,-2896.0,6004.0,3759.0,1834.0,68962.0
710,5524.0,-16304.0,624.0,-2880.0,6117.0,3867.0,1901.0,68968.0
711,5636.0,-16304.0,820.0,-2880.0,6227.0,3929.0,1960.0,68974.0
712,6468.0,-16388.0,656.0,-2880.0,6287.0,4059.0,1804.0,68979.0
713,7140.0,-15996.0,588.0,-2880.0,6363.0,4137.0,1727.0,68985.0
714,6008.0,-16472.0,1220.0,-2848.0,6505.0,4489.0,2207.0,68992.0
715,5480.0,-16708.0,1488.0,-2864.0,6643.0,4902.0,2135.0,68998.0
716,5088.0,-16500.0,1452.0,-2896.0,6794.0,4915.0,2123.0,69004.0
717,5236.0,-16620.0,1276.0,-2896.0,6947.0,4985.0,2065.0,69010.0
718,5312.0,-16768.0,1292.0,-2912.0,7152.0,5155.0,1994.0,69016.0
719,4984.0,-17064.0,1604.0,-2880.0,7314.0,5334.0,1962.0,69021.0
720,4948.0,-17012.0,2016.0,-2864.0,7478.0,5460.0,1862.0,69027.0
721,5068.0,-16924.0,1896.0,-2864.0,7614.0,5446.0,1776.0,69033.0
722,5056.0,-17036.0,1940.0,-2896.0,7746.0,5583.0,1837.0,69040.0
723,4772.0,-17108.0,2220.0,-2912.0,7888.0,5775.0,1869.0,69046.0
724,4308.0,-17100.0,2868.0,-2896.0,8022.0,5941.0,1969.0,69052.0
725,2764.0,-18236.0,2312.0,-2896.0,8224.0,6170.0,2343.0,69058.0
726,5264.0,-17036.0,2532.0,-2880.0,8368.0,6504.0,2072.0,69064.0
727,3024.0,-18000.0,2484.0,-2912.0,8560.0,6778.0,2498.0,69069.0
728,3448.0,-18588.0,2264.0,-2896.0,8937.0,6518.0,2918.0,69075.0
729,1996.0,-18416.0,2816.0,-2896.0,9216.0,6209.0,2804.0,69082.0
730,1576.0,-18748.0,2592.0,-2896.0,9582.0,5678.0,3016.0,69088.0
731,1356.0,-19348.0,2920.0,-2912.0,9999.0,5215.0,3397.0,69094.0
732,1008.0,-19484.0,2932.0,-2880.0,10439.0,4809.0,3674.0,69100.0
733,1072.0,-19632.0,2928.0,-2896.0,10859.0,4152.0,4092.0,69106.0
734,1172.0,-19820.0,2772.0,-2880.0,11286.0,3616.0,4417.0,69112.0
735,1380.0,-20236.0,2960.0,-2896.0,11727.0,3117.0,4695.0,69118.0
736,1300.0,-20912.0,3032.0,-2880.0,12157.0,2787.0,4990.0,69125.0
737,1180.0,-21144.0,3488.0,-2896.0,12582.0,2427.0,5385.0,69131.0
738,1088.0,-21508.0,3588.0,-2912.0,12875.0,2251.0,5764.0,69137.0
739,948.0,-21824.0,3620.0,-2896.0,13354.0,2077.0,6060.0,69142.0
740,1116.0,-22108.0,3212.0,-2928.0,13625.0,1784.0,6324.0,69148.0
741,1960.0,-22180.0,3344.0,-2912.0,14130.0,1644.0,6680.0,69154.0
742,2880.0,-22448.0,2952.0,-2896.0,14566.0,1657.0,6928.0,69160.0
743,3820.0,-22896.0,2936.0,-2912.0,15045.0,1815.0,7210.0,69167.0
744,4504.0,-23132.0,2480.0,-2928.0,15502.0,1997.0,7471.0,69173.0
745,5608.0,-23600.0,2728.0,-2928.0,15948.0,2353.0,7693.0,69179.0
746,6992.0,-24112.0,2324.0,-2896.0,16416.0,2947.0,7994.0,69185.0
747,7320.0,-25116.0,2040.0,-2912.0,16878.0,3880.0,8338.0,69191.0
748,4700.0,-25948.0,3248.0,-2912.0,17314.0,5180.0,9291.0,69197.0
749,3444.0,-28780.0,4468.0,-2896.0,17533.0,5028.0,10284.0,69203.0
750,3832.0,-31576.0,2892.0,-2896.0,17883.0,4958.0,11233.0,69210.0
751,6344.0,-32076.0,1380.0,-2880.0,18517.0,5090.0,11262.0,69216.0
752,8372.0,-31152.0,8.0,-2896.0,19170.0,5547.0,11308.0,69222.0
753,10160.0,-31696.0,-2796.0,-2896.0,19581.0,6773.0,11287.0,69228.0
754,12412.0,-32768.0,-6240.0,-2864.0,20033.0,8489.0,11149.0,69234.0
755,13492.0,-32768.0,-9604.0,-2896.0,20426.0,10414.0,11103.0,69240.0
756,13568.0,-32768.0,-12328.0,-2944.0,20683.0,12271.0,10951.0,69246.0
757,12104.0,-32768.0,-14812.0,-2944.0,20662.0,13260.0,10759.0,69253.0
758,10444.0,-32768.0,-17672.0,-2896.0,20260.0,14430.0,10384.0,69259.0
759,8940.0,-32200.0,-20088.0,-2912.0,19626.0,15510.0,10395.0,69265.0
760,5888.0,-29908.0,-20544.0,-2912.0,18784.0,15889.0,10739.0,69271.0
761,2688.0,-27356.0,-17288.0,-2864.0,17930.0,15425.0,11458.0,69278.0
762,-888.0,-25572.0,-9012.0,-2896.0,17487.0,13359.0,12108.0,69284.0
763,-4772.0,-25884.0,3052.0,-2896.0,17951.0,9520.0,12945.0,69291.0
764,-6636.0,-25712.0,10244.0,-2928.0,18285.0,4344.0,13176.0,69297.0
765,-5968.0,-25184.0,7040.0,-2896.0,16853.0,-2709.0,11909.0,69303.0
766,-2856.0,-26452.0,2908.0,-2896.0,14951.0,-8990.0,10215.0,69309.0
767,1804.0,-29676.0,5672.0,-2880.0,15136.0,-12929.0,8356.0,69315.0
768,4316.0,-31084.0,5824.0,-2880.0,17212.0,-14971.0,7309.0,69321.0
769,4848.0,-29996.0,5800.0,-2912.0,19347.0,-13914.0,8158.0,69327.0
770,5496.0,-25524.0,3164.0,-2896.0,20153.0,-10996.0,9446.0,69334.0
771,6988.0,-17960.0,-704.0,-2896.0,19285.0,-8969.0,9277.0,69340.0
772,11044.0,-9360.0,-6100.0,-2880.0,15882.0,-8342.0,8126.0,69346.0
773,15324.0,-6588.0,-5896.0,-2896.0,12504.0,-5899.0,6137.0,69352.0
774,14912.0,-9696.0,-6668.0,-2880.0,10284.0,-1059.0,4916.0,69358.0
775,12628.0,-9480.0,-9444.0,-2896.0,8337.0,2475.0,4743.0,69364.0
776,10476.0,-7328.0,-11156.0,-2880.0,6148.0,4441.0,4765.0,69370.0
777,8120.0,-5836.0,-10288.0,-2864.0,4047.0,5641.0,4838.0,69377.0
778,6104.0,-5900.0,-8324.0,-2880.0,2492.0,6642.0,5088.0,69383.0
779,4676.0,-5320.0,-6892.0,-2912.0,1154.0,7739.0,5370.0,69388.0
780,3772.0,-4324.0,-6292.0,-2880.0,-533.0,9111.0,5316.0,69394.0
781,2804.0,-3020.0,-6612.0,-2880.0,-2646.0,10250.0,4817.0,69400.0
782,2184.0,-2312.0,-6620.0,-2896.0,-4781.0,10657.0,3863.0,69406.0
783,1308.0,-1420.0,-6852.0,-2912.0,-6800.0,9957.0,2729.0,69412.0
784,528.0,-724.0,-6648.0,-2912.0,-8614.0,8540.0,1783.0,69419.0
785,-464.0,-248.0,-6528.0,-2928.0,-10302.0,6938.0,1009.0,69425.0
786,-1604.0,-8.0,-5648.0,-2896.0,-12000.0,5574.0,442.0,69430.0
787,-2336.0,-108.0,-5256.0,-2928.0,-13692.0,4447.0,-87.0,69436.0
788,-2868.0,-196.0,-5272.0,-2912.0,-15388.0,3325.0,-745.0,69442.0
789,-2860.0,-516.0,-5392.0,-2912.0,-17124.0,1869.0,-1598.0,69448.0
790,-2572.0,-968.0,-5912.0,-2896.0,-18797.0,68.0,-2500.0,69454.0
791,-2104.0,-1220.0,-6172.0,-2896.0,-20351.0,-1843.0,-3405.0,69459.0
792,-1316.0,-1404.0,-6148.0,-2912.0,-21955.0,-3678.0,-4178.0,69466.0
793,-468.0,-1944.0,-6268.0,-2896.0,-23584.0,-5102.0,-4737.0,69472.0
794,580.0,-2588.0,-6240.0,-2896.0,-25134.0,-6004.0,-5229.0,69478.0
795,1528.0,-3508.0,-6148.0,-2880.0,-26630.0,-6498.0,-5773.0,69484.0
796,2236.0,-4224.0,-6232.0,-2896.0,-28084.0,-6777.0,-6425.0,69490.0
797,2528.0,-5028.0,-5988.0,-2912.0,-29474.0,-7005.0,-7074.0,69496.0
798,2888.0,-6176.0,-4892.0,-2864.0,-30599.0,-7269.0,-7547.0,69502.0
799,3348.0,-7292.0,-4268.0,-2880.0,-31663.0,-7326.0,-7915.0,69509.0
800,3828.0,-8044.0,-3868.0,-2896.0,-32768.0,-7224.0,-8319.0,69515.0
801,4408.0,-8552.0,-3652.0,-2912.0,-32768.0,-6800.0,-8671.0,69521.0
802,4768.0,-9740.0,-3500.0,-2896.0,-32768.0,-6242.0,-9037.0,69527.0
803,5396.0,-11092.0,-3592.0,-2880.0,-32768.0,-5398.0,-9442.0,69533.0
804,6028.0,-12472.0,-3304.0,-2880.0,-32768.0,-4436.0,-9822.0,69539.0
805,6272.0,-13956.0,-2920.0,-2896.0,-32768.0,-3382.0,-10063.0,69545.0
806,6428.0,-15544.0,-1896.0,-2864.0,-32768.0,-2203.0,-10233.0,69552.0
807,6148.0,-16868.0,-1100.0,-2896.0,-32768.0,-1176.0,-10356.0,69558.0
808,5820.0,-18204.0,-584.0,-2864.0,-32768.0,-189.0,-10518.0,69564.0
809,5192.0,-19676.0,-204.0,-2912.0,-32768.0,650.0,-10723.0,69570.0
810,4812.0,-21080.0,588.0,-2928.0,-32768.0,1256.0,-10954.0,69576.0
811,4652.0,-22216.0,1160.0,-2880.0,-32768.0,1810.0,-11237.0,69582.0
812,4672.0,-23280.0,1144.0,-2880.0,-32768.0,2219.0,-11719.0,69588.0
813,4972.0,-24476.0,1376.0,-2928.0,-32768.0,2548.0,-12340.0,69595.0
814,5056.0,-26200.0,1748.0,-2896.0,-32768.0,2612.0,-12870.0,69601.0
815,4708.0,-27476.0,2596.0,-2864.0,-32768.0,2510.0,-13552.0,69607.0
816,3876.0,-28556.0,3836.0,-2896.0,-32768.0,2225.0,-14108.0,69613.0
817,2676.0,-29264.0,4656.0,-2912.0,-32768.0,1414.0,-14738.0,69619.0
818,636.0,-30512.0,5852.0,-2912.0,-32768.0,-123.0,-15425.0,69625.0
819,-868.0,-31712.0,7048.0,-2896.0,-32768.0,-2057.0,-16101.0,69632.0
820,-1104.0,-32332.0,8028.0,-2880.0,-32768.0,-3805.0,-16753.0,69638.0
821,276.0,-32768.0,9264.0,-2880.0,-32768.0,-4812.0,-17231.0,69644.0
822,2136.0,-32768.0,10096.0,-2896.0,-32768.0,-5021.0,-17474.0,69650.0
823,4324.0,-32768.0,11036.0,-2864.0,-32768.0,-4454.0,-17269.0,69656.0
824,6340.0,-32768.0,12344.0,-2944.0,-32768.0,-3359.0,-16599.0,69662.0
825,7348.0,-32768.0,13816.0,-2912.0,-32768.0,-2023.0,-15514.0,69668.0
826,7572.0,-32768.0,15304.0,-2928.0,-32768.0,-402.0,-14450.0,69676.0
827,7836.0,-32768.0,16816.0,-2928.0,-32031.0,1419.0,-13650.0,69682.0
828,8396.0,-32768.0,18428.0,-2880.0,-30402.0,3637.0,-13139.0,69688.0
829,8480.0,-32768.0,20708.0,-2896.0,-28389.0,6064.0,-12945.0,69694.0
830,6980.0,-32768.0,23064.0,-2896.0,-26177.0,8162.0,-12963.0,69700.0
831,4280.0,-32768.0,25416.0,-2912.0,-23703.0,10096.0,-12999.0,69706.0
832,-580.0,-32768.0,28184.0,-2928.0,-20802.0,11022.0,-12683.0,69713.0
833,-5624.0,-32768.0,29988.0,-2912.0,-17588.0,11328.0,-11802.0,69720.0
834,-11500.0,-32000.0,31384.0,-2912.0,-14112.0,11171.0,-10029.0,69726.0
835,-16356.0,-30228.0,32440.0,-2896.0,-10336.0,10001.0,-7760.0,69733.0
836,-20700.0,-28396.0,32767.0,-2896.0,-6527.0,7600.0,-5437.0,69739.0
837,-22072.0,-27032.0,32767.0,-2912.0,-2790.0,4274.0,-3243.0,69745.0
838,-21396.0,-26328.0,32767.0,-2912.0,858.0,876.0,-1481.0,69751.0
839,-19156.0,-26156.0,32767.0,-2896.0,4471.0,-2111.0,-235.0,69757.0
840,-15692.0,-25664.0,32520.0,-2928.0,8063.0,-4858.0,314.0,69764.0
841,-18196.0,-29092.0,28100.0,-2880.0,12240.0,-7916.0,-1100.0,69770.0
842,-10172.0,-23580.0,28024.0,-2896.0,13941.0,-10254.0,7419.0,69776.0
843,-9528.0,-22912.0,24960.0,-2928.0,16451.0,-10679.0,3935.0,69782.0
844,-14220.0,-20592.0,22164.0,-2896.0,17935.0,-12413.0,3128.0,69789.0
845,-13708.0,-20504.0,17604.0,-2912.0,19162.0,-15541.0,3836.0,69795.0
846,-5244.0,-6152.0,-12920.0,-2880.0,15985.0,-17976.0,2823.0,69801.0
847,32767.0,23960.0,-32768.0,-2912.0,-15493.0,-15520.0,-11620.0,69808.0
848,32767.0,-32768.0,-32768.0,-2896.0,-5209.0,-31764.0,-32768.0,69815.0
849,16648.0,-32768.0,-3260.0,-2912.0,22014.0,-25969.0,16411.0,69821.0
850,-32768.0,-32768.0,32767.0,-2928.0,24387.0,26191.0,32443.0,69827.0
851,-32768.0,-32768.0,32767.0,-2880.0,25760.0,29153.0,18478.0,69833.0
852,-32768.0,-32768.0,32767.0,-2896.0,23181.0,5122.0,-303.0,69840.0
853,-32064.0,-22248.0,-20056.0,-2912.0,16916.0,-19997.0,-7111.0,69847.0
854,152.0,-7812.0,-28348.0,-2880.0,16832.0,-25740.0,-3435.0,69853.0
855,28780.0,7864.0,-6868.0,-2880.0,17677.0,-22191.0,-3221.0,69859.0
856,26944.0,2912.0,11096.0,-2880.0,16016.0,-13600.0,-2747.0,69865.0
857,17348.0,-10376.0,10796.0,-2912.0,13315.0,-1164.0,-114.0,69871.0
858,13896.0,-15708.0,5760.0,-2912.0,11914.0,4922.0,-1559.0,69877.0
859,15516.0,-17768.0,3156.0,-2864.0,11976.0,-1346.0,-4746.0,69883.0
860,10472.0,-21664.0,1908.0,-2896.0,12511.0,-6735.0,-2291.0,69890.0
861,6080.0,-20692.0,2404.0,-2864.0,12647.0,-3206.0,1805.0,69896.0
862,4808.0,-16604.0,1396.0,-2912.0,12313.0,-167.0,2534.0,69902.0
863,4836.0,-15860.0,-316.0,-2896.0,12114.0,-421.0,1665.0,69908.0
864,4692.0,-18112.0,-52.0,-2880.0,12387.0,-229.0,1849.0,69914.0
865,5448.0,-18244.0,1128.0,-2880.0,12461.0,564.0,2109.0,69920.0
866,5168.0,-17804.0,1496.0,-2880.0,12198.0,371.0,1786.0,69926.0
867,3444.0,-17640.0,1272.0,-2896.0,11785.0,-64.0,2001.0,69933.0
868,2660.0,-16776.0,1804.0,-2896.0,11282.0,767.0,2324.0,69939.0
869,2804.0,-15588.0,1312.0,-2880.0,10346.0,2878.0,1936.0,69945.0
870,1888.0,-15124.0,84.0,-2896.0,9447.0,4714.0,1436.0,69951.0
871,396.0,-16124.0,-1112.0,-2896.0,9215.0,5286.0,960.0,69956.0
872,-1000.0,-16684.0,-1888.0,-2896.0,9337.0,5070.0,69.0,69962.0
873,-1640.0,-16204.0,-1800.0,-2880.0,9269.0,4202.0,-1120.0,69968.0
874,-868.0,-15624.0,-476.0,-2880.0,8913.0,2700.0,-1830.0,69975.0
875,972.0,-16044.0,252.0,-2928.0,8607.0,1210.0,-1963.0,69981.0
876,2872.0,-16876.0,-236.0,-2896.0,8605.0,311.0,-1828.0,69987.0
877,4764.0,-16456.0,-1196.0,-2864.0,8611.0,-30.0,-1793.0,69993.0
878,6436.0,-14992.0,-728.0,-2896.0,8345.0,-167.0,-1837.0,69998.0
879,7808.0,-14300.0,-128.0,-2896.0,7917.0,218.0,-1417.0,70004.0
880,9020.0,-14272.0,124.0,-2864.0,7444.0,1348.0,-655.0,70010.0
881,8832.0,-14756.0,192.0,-2896.0,7084.0,3059.0,119.0,70017.0
882,7592.0,-14856.0,60.0,-2896.0,6739.0,4746.0,612.0,70023.0
883,6484.0,-14968.0,-60.0,-2880.0,6536.0,5695.0,801.0,70028.0
884,5008.0,-15384.0,-532.0,-2944.0,6382.0,6262.0,923.0,70034.0
885,3392.0,-16156.0,-656.0,-2880.0,6430.0,6288.0,833.0,70040.0
886,2128.0,-15792.0,-740.0,-2880.0,6383.0,5913.0,698.0,70046.0
887,1920.0,-16016.0,-676.0,-2912.0,6397.0,5501.0,433.0,70052.0
888,1660.0,-16392.0,-836.0,-2912.0,6482.0,4996.0,70.0,70059.0
889,2188.0,-16156.0,-788.0,-2896.0,6461.0,4230.0,-173.0,70064.0
890,2944.0,-16156.0,-404.0,-2928.0,6431.0,3370.0,-360.0,70070.0
891,3368.0,-16088.0,-336.0,-2880.0,6333.0,2644.0,-440.0,70076.0
892,4292.0,-15988.0,-212.0,-2912.0,6244.0,2053.0,-378.0,70082.0
893,5144.0,-15892.0,-152.0,-2912.0,6162.0,1812.0,-252.0,70087.0
894,5584.0,-15720.0,-108.0,-2896.0,6097.0,1837.0,-28.0,70093.0
895,6072.0,-15428.0,196.0,-2928.0,6037.0,2189.0,191.0,70099.0
896,6052.0,-15376.0,388.0,-2928.0,5918.0,2677.0,398.0,70106.0
897,5684.0,-15860.0,400.0,-2912.0,5874.0,3128.0,546.0,70112.0
898,5064.0,-16276.0,356.0,-2912.0,5893.0,3407.0,655.0,70117.0
899,4436.0,-16472.0,372.0,-2912.0,5968.0,3452.0,659.0,70123.0
900,3988.0,-16384.0,320.0,-2928.0,6008.0,3362.0,646.0,70129.0
901,3888.0,-16156.0,560.0,-2928.0,6019.0,3211.0,593.0,70135.0
902,3576.0,-16228.0,872.0,-2912.0,6045.0,3026.0,589.0,70140.0
903,3356.0,-16468.0,1060.0,-2912.0,6062.0,2914.0,561.0,70147.0
904,3272.0,-16484.0,932.0,-2912.0,6081.0,2742.0,516.0,70153.0
905,3552.0,-16560.0,1200.0,-2912.0,6092.0,2413.0,458.0,70159.0
906,4128.0,-16576.0,1260.0,-2912.0,6127.0,2255.0,408.0,70165.0
907,4536.0,-16780.0,1420.0,-2912.0,6144.0,2373.0,475.0,70171.0
908,4880.0,-17240.0,1380.0,-2912.0,6235.0,2689.0,481.0,70176.0
909,5088.0,-17152.0,1132.0,-2912.0,6336.0,3031.0,500.0,70182.0
910,6172.0,-16928.0,1024.0,-2912.0,6469.0,3366.0,425.0,70189.0
911,6912.0,-16972.0,788.0,-2880.0,6579.0,3766.0,377.0,70195.0
912,8708.0,-17288.0,172.0,-2912.0,6666.0,4470.0,35.0,70201.0
913,7144.0,-16504.0,812.0,-2896.0,6861.0,4972.0,492.0,70206.0
914,5948.0,-16980.0,1572.0,-2928.0,7055.0,5631.0,809.0,70212.0
915,4424.0,-17148.0,1772.0,-2928.0,7215.0,6287.0,721.0,70218.0
916,3780.0,-17240.0,1724.0,-2896.0,7463.0,6176.0,820.0,70224.0
917,4076.0,-17228.0,1828.0,-2896.0,7668.0,5828.0,773.0,70231.0
918,4528.0,-17280.0,1820.0,-2896.0,7840.0,5714.0,743.0,70237.0
919,4976.0,-17412.0,1824.0,-2928.0,8028.0,5676.0,753.0,70242.0
920,4772.0,-17624.0,2328.0,-2896.0,8184.0,5841.0,1064.0,70248.0
921,4364.0,-17808.0,2416.0,-2912.0,8370.0,6116.0,1326.0,70254.0
922,3572.0,-18016.0,2656.0,-2912.0,8612.0,6317.0,1530.0,70260.0
923,2984.0,-18516.0,2540.0,-2896.0,8911.0,6312.0,1866.0,70266.0
924,2076.0,-18836.0,2452.0,-2896.0,9233.0,6229.0,2245.0,70273.0
925,1436.0,-19352.0,2628.0,-2912.0,9586.0,6028.0,2649.0,70279.0
926,1188.0,-19828.0,2592.0,-2928.0,9981.0,5785.0,2964.0,70285.0
927,940.0,-20148.0,2436.0,-2928.0,10451.0,5379.0,3289.0,70290.0
928,792.0,-20608.0,2664.0,-2928.0,10857.0,4994.0,3608.0,70296.0
929,652.0,-21292.0,2776.0,-2912.0,11322.0,4499.0,3953.0,70302.0
930,1024.0,-21440.0,2856.0,-2896.0,11743.0,4030.0,4303.0,70308.0
931,1508.0,-21936.0,2760.0,-2896.0,12141.0,3735.0,4646.0,70315.0
932,1756.0,-22064.0,2676.0,-2880.0,12610.0,3485.0,5025.0,70321.0
933,1952.0,-22272.0,2768.0,-2896.0,13072.0,3329.0,5403.0,70327.0
934,1828.0,-21680.0,2904.0,-2912.0,13471.0,3265.0,5441.0,70333.0
935,2440.0,-23160.0,2412.0,-2896.0,14180.0,2825.0,6194.0,70339.0
936,1912.0,-22044.0,2860.0,-2912.0,14449.0,3312.0,6588.0,70345.0
937,2572.0,-23040.0,2516.0,-2928.0,15016.0,3298.0,7187.0,70351.0
938,2872.0,-22884.0,2164.0,-2928.0,15540.0,3398.0,7488.0,70358.0
939,3456.0,-22876.0,1672.0,-2896.0,16065.0,3390.0,7756.0,70364.0
940,4764.0,-23128.0,1696.0,-2912.0,16620.0,3482.0,8022.0,70369.0
941,5668.0,-23468.0,1416.0,-2928.0,17143.0,3847.0,8215.0,70375.0
942,6616.0,-24140.0,1368.0,-2896.0,17689.0,4365.0,8517.0,70381.0
943,7632.0,-24668.0,1932.0,-2912.0,18367.0,4986.0,8743.0,70387.0
944,8160.0,-25176.0,2184.0,-2896.0,19008.0,5792.0,9170.0,70393.0
945,8960.0,-25832.0,1444.0,-2880.0,19584.0,7137.0,9283.0,70400.0
946,9424.0,-26908.0,796.0,-2896.0,20242.0,8340.0,9600.0,70406.0
947,7616.0,-27088.0,-32.0,-2896.0,20523.0,10245.0,10588.0,70412.0
948,7084.0,-30840.0,-1384.0,-2880.0,20500.0,10800.0,11337.0,70418.0
949,7996.0,-32768.0,-3176.0,-2912.0,20580.0,11057.0,12048.0,70424.0
950,9548.0,-32768.0,-6580.0,-2912.0,20679.0,11782.0,12135.0,70430.0
951,10952.0,-32448.0,-8892.0,-2912.0,20668.0,12139.0,12006.0,70436.0
952,12412.0,-32768.0,-12728.0,-2944.0,20229.0,13121.0,11854.0,70443.0
953,13376.0,-32768.0,-17204.0,-2896.0,20179.0,15728.0,11755.0,70449.0
954,12152.0,-32768.0,-20924.0,-2912.0,20415.0,17140.0,11763.0,70455.0
955,7288.0,-32768.0,-21616.0,-2896.0,20053.0,17134.0,12527.0,70462.0
956,3748.0,-30884.0,-18040.0,-2928.0,19503.0,15728.0,12772.0,70468.0
957,-1216.0,-29316.0,-8780.0,-2912.0,19433.0,12578.0,13269.0,70474.0
958,-5544.0,-29888.0,4312.0,-2960.0,20068.0,8639.0,13767.0,70480.0
959,-7476.0,-29720.0,12148.0,-2896.0,20458.0,3684.0,13792.0,70487.0
960,-6480.0,-28404.0,8080.0,-2928.0,19239.0,-2852.0,12450.0,70493.0
961,-3312.0,-27776.0,4768.0,-2896.0,17757.0,-8707.0,11499.0,70499.0
962,2072.0,-26584.0,2728.0,-2928.0,17546.0,-12550.0,10227.0,70505.0
963,5984.0,-23696.0,924.0,-2896.0,17632.0,-14645.0,8881.0,70511.0
964,7704.0,-22992.0,2660.0,-2912.0,18190.0,-15212.0,8345.0,70517.0
965,9508.0,-22692.0,2040.0,-2880.0,18222.0,-12648.0,8309.0,70523.0
966,11652.0,-21324.0,544.0,-2928.0,17442.0,-8571.0,8381.0,70530.0
967,12444.0,-16272.0,-3544.0,-2912.0,15927.0,-5977.0,8202.0,70536.0
968,15724.0,-7964.0,-6696.0,-2912.0,13080.0,-5670.0,7164.0,70542.0
969,18400.0,-5088.0,-6100.0,-2896.0,10313.0,-3476.0,5531.0,70548.0
970,16972.0,-5328.0,-6636.0,-2928.0,7445.0,1842.0,4351.0,70554.0
971,12616.0,-5812.0,-7576.0,-2928.0,4990.0,6512.0,4149.0,70560.0
972,8624.0,-5520.0,-8952.0,-2912.0,3016.0,9310.0,4470.0,70566.0
973,6140.0,-3644.0,-8944.0,-2880.0,1149.0,10727.0,4681.0,70573.0
974,4752.0,-2296.0,-8060.0,-2896.0,-744.0,11529.0,4443.0,70579.0
975,3144.0,-2156.0,-7144.0,-2928.0,-2352.0,12124.0,3882.0,70585.0
976,1368.0,-1912.0,-6144.0,-2912.0,-3949.0,12454.0,3503.0,70591.0
977,-344.0,-1404.0,-5860.0,-2896.0,-5774.0,12206.0,2999.0,70596.0
978,-1952.0,-940.0,-5740.0,-2864.0,-7525.0,11167.0,2241.0,70602.0
979,-3192.0,-416.0,-5624.0,-2928.0,-9235.0,9243.0,1198.0,70608.0
980,-4004.0,56.0,-5380.0,-2896.0,-10849.0,6752.0,114.0,70615.0
981,-4572.0,572.0,-5244.0,-2896.0,-12454.0,3997.0,-893.0,70621.0
982,-4720.0,928.0,-5048.0,-2928.0,-14144.0,1348.0,-1846.0,70627.0
983,-4396.0,644.0,-5296.0,-2896.0,-15879.0,-959.0,-2806.0,70632.0
984,-3632.0,132.0,-5444.0,-2896.0,-17610.0,-2877.0,-3735.0,70638.0
985,-2064.0,-320.0,-6080.0,-2880.0,-19427.0,-4491.0,-4695.0,70644.0
986,-584.0,-964.0,-6200.0,-2896.0,-21132.0,-5823.0,-5653.0,70650.0
987,664.0,-1784.0,-6100.0,-2928.0,-22625.0,-6942.0,-6318.0,70657.0
988,1772.0,-2520.0,-5660.0,-2928.0,-23934.0,-7650.0,-6788.0,70663.0
989,2196.0,-2776.0,-5460.0,-2896.0,-25286.0,-8085.0,-7124.0,70669.0
990,2264.0,-3248.0,-5240.0,-2912.0,-26620.0,-8494.0,-7455.0,70675.0
991,2188.0,-3664.0,-4956.0,-2928.0,-27989.0,-8811.0,-7788.0,70681.0
992,2284.0,-4276.0,-4912.0,-2912.0,-29392.0,-9161.0,-8174.0,70687.0
993,2488.0,-5084.0,-5288.0,-2896.0,-30884.0,-9559.0,-8629.0,70693.0
994,2952.0,-6300.0,-5596.0,-2928.0,-32274.0,-9856.0,-9109.0,70700.0
995,3548.0,-8204.0,-5608.0,-2896.0,-32768.0,-9975.0,-9533.0,70705.0
996,3940.0,-9924.0,-5052.0,-2912.0,-32768.0,-9771.0,-9858.0,70711.0
997,4568.0,-11572.0,-4332.0,-2928.0,-32768.0,-9047.0,-10039.0,70717.0
998,5084.0,-12836.0,-3656.0,-2896.0,-32768.0,-7769.0,-10086.0,70723.0
999,5692.0,-13612.0,-3312.0,-2896.0,-32768.0,-6160.0,-10246.0,70729.0
1000,5832.0,-14936.0,-2744.0,-2912.0,-32768.0,-4528.0,-10464.0,70736.0
1001,5292.0,-16492.0,-2372.0,-2912.0,-32768.0,-3062.0,-10586.0,70743.0
1002,4200.0,-17624.0,-1796.0,-2912.0,-32768.0,-2049.0,-10563.0,70749.0
1003,3324.0,-18576.0,-1048.0,-2944.0,-32768.0,-1611.0,-10462.0,70755.0
1004,2544.0,-19544.0,-96.0,-2896.0,-32768.0,-1248.0,-10348.0,70761.0
1005,2236.0,-20744.0,124.0,-2896.0,-32768.0,-757.0,-10334.0,70767.0
1006,2500.0,-21904.0,268.0,-2880.0,-32768.0,-183.0,-10479.0,70773.0
1007,3288.0,-22968.0,92.0,-2928.0,-32768.0,424.0,-10791.0,70779.0
1008,3944.0,-24200.0,180.0,-2896.0,-32768.0,841.0,-11189.0,70785.0
1009,4388.0,-25624.0,336.0,-2912.0,-32768.0,1176.0,-11581.0,70791.0
1010,4336.0,-26988.0,1100.0,-2928.0,-32768.0,1300.0,-11952.0,70797.0
1011,3380.0,-28336.0,2096.0,-2896.0,-32768.0,1076.0,-12532.0,70803.0
1012,752.0,-30104.0,4236.0,-2896.0,-32768.0,215.0,-13036.0,70809.0
1013,-1856.0,-31376.0,5632.0,-2928.0,-32768.0,-1458.0,-13706.0,70815.0
1014,-3772.0,-32732.0,7424.0,-2928.0,-32768.0,-3978.0,-14533.0,70821.0
1015,-4504.0,-32768.0,8756.0,-2928.0,-32768.0,-6623.0,-15304.0,70828.0
1016,-3516.0,-32768.0,9696.0,-2928.0,-32768.0,-8622.0,-15871.0,70834.0
1017,-812.0,-32768.0,10624.0,-2912.0,-32768.0,-9554.0,-16106.0,70841.0
1018,1500.0,-32768.0,12052.0,-2864.0,-32768.0,-9699.0,-15919.0,70847.0
1019,3952.0,-32768.0,13996.0,-2896.0,-32768.0,-9300.0,-15293.0,70853.0
1020,5856.0,-32768.0,15728.0,-2912.0,-32768.0,-8322.0,-14290.0,70859.0
1021,7564.0,-32768.0,17500.0,-2928.0,-32768.0,-6688.0,-13100.0,70866.0
1022,9008.0,-32768.0,20248.0,-2928.0,-30927.0,-4448.0,-12067.0,70873.0
1023,10356.0,-32768.0,21724.0,-2944.0,-28755.0,-1886.0,-11472.0,70879.0
1024,11516.0,-32768.0,23808.0,-2912.0,-26438.0,1190.0,-11320.0,70885.0
1025,10920.0,-32768.0,25936.0,-2896.0,-24020.0,4814.0,-11433.0,70892.0
1026,7816.0,-32768.0,28672.0,-2928.0,-21228.0,8553.0,-11326.0,70898.0
1027,3296.0,-32768.0,30812.0,-2928.0,-18206.0,11352.0,-10672.0,70904.0
1028,-2340.0,-31972.0,32376.0,-2896.0,-14728.0,13273.0,-8934.0,70910.0
1029,-9544.0,-30104.0,32767.0,-2912.0,-11047.0,14091.0,-6460.0,70917.0
1030,-15304.0,-28400.0,32767.0,-2896.0,-7123.0,13321.0,-3778.0,70924.0
1031,-20616.0,-26556.0,32767.0,-2912.0,-3097.0,10954.0,-1180.0,70930.0
1032,-22632.0,-25784.0,32767.0,-2944.0,835.0,7432.0,1073.0,70936.0
1033,-22432.0,-25744.0,32767.0,-2928.0,4352.0,3700.0,2500.0,70942.0
1034,-21036.0,-26412.0,32767.0,-2896.0,7899.0,-156.0,3475.0,70948.0
1035,-17184.0,-27128.0,32767.0,-2896.0,11234.0,-4061.0,1875.0,70955.0
1036,-15720.0,-24144.0,29412.0,-2912.0,13589.0,-8274.0,7998.0,70961.0
1037,-10280.0,-23884.0,25988.0,-2880.0,16164.0,-10312.0,5505.0,70967.0
1038,-14924.0,-22448.0,21948.0,-2928.0,17713.0,-12370.0,4652.0,70973.0
1039,-7128.0,-12140.0,2604.0,-2928.0,16543.0,-14837.0,2554.0,70980.0
1040,32767.0,18572.0,-32768.0,-2896.0,-5920.0,-15041.0,-8219.0,70986.0
1041,32767.0,-32768.0,-32768.0,-2944.0,-9593.0,-29467.0,-32768.0,70992.0
1042,32767.0,-32768.0,-11528.0,-2928.0,19824.0,-32768.0,-1023.0,70999.0
1043,-4540.0,-32768.0,20860.0,-2928.0,22212.0,9498.0,24405.0,71006.0
1044,-32768.0,-32768.0,32767.0,-2896.0,22972.0,30011.0,21903.0,71012.0
1045,-32768.0,-32768.0,32767.0,-2912.0,23205.0,18240.0,8159.0,71018.0
1046,-32768.0,-31672.0,3652.0,-2928.0,19929.0,-4911.0,-2022.0,71024.0
1047,-19788.0,-18812.0,-22060.0,-2928.0,17332.0,-16283.0,-613.0,71030.0
1048,12988.0,-5552.0,-14908.0,-2896.0,17999.0,-19621.0,304.0,71036.0
1049,32767.0,3448.0,7324.0,-2928.0,18581.0,-20762.0,-3625.0,71044.0
1050,25372.0,-5512.0,14820.0,-2928.0,16447.0,-13980.0,-2296.0,71050.0
1051,11012.0,-16716.0,7576.0,-2928.0,13963.0,-3006.0,1324.0,71056.0
1052,6008.0,-18184.0,436.0,-2928.0,13408.0,-1843.0,447.0,71062.0
1053,4648.0,-19320.0,-1092.0,-2928.0,14230.0,-6127.0,-345.0,71068.0
1054,4340.0,-20280.0,1688.0,-2944.0,14724.0,-6460.0,1487.0,71073.0
1055,5896.0,-19364.0,1808.0,-2896.0,14250.0,-2371.0,2886.0,71079.0
1056,5360.0,-19708.0,1672.0,-2928.0,14081.0,1632.0,2776.0,71086.0
1057,1216.0,-20564.0,788.0,-2912.0,14244.0,4015.0,2032.0,71092.0
1058,-1200.0,-19120.0,-704.0,-2912.0,14127.0,3662.0,1198.0,71098.0
1059,764.0,-15996.0,-664.0,-2928.0,13551.0,1637.0,377.0,71104.0
1060,3528.0,-13616.0,-136.0,-2864.0,12771.0,267.0,218.0,71110.0
1061,4436.0,-13340.0,1312.0,-2928.0,11786.0,1411.0,879.0,71116.0
1062,3664.0,-14192.0,1328.0,-2912.0,10800.0,3908.0,1064.0,71122.0
1063,2048.0,-15036.0,652.0,-2928.0,10155.0,5808.0,460.0,71129.0
1064,796.0,-15260.0,180.0,-2896.0,9614.0,6090.0,-293.0,71135.0
1065,596.0,-15376.0,-140.0,-2928.0,9150.0,5371.0,-718.0,71140.0
1066,1020.0,-15676.0,36.0,-2896.0,8811.0,4524.0,-723.0,71146.0
1067,1056.0,-15724.0,16.0,-2912.0,8483.0,3953.0,-951.0,71152.0
1068,720.0,-15896.0,12.0,-2912.0,8191.0,3247.0,-1431.0,71158.0
1069,760.0,-15920.0,-84.0,-2912.0,7987.0,2220.0,-1815.0,71164.0
1070,2548.0,-15672.0,-24.0,-2896.0,7695.0,1194.0,-1943.0,71170.0
1071,4844.0,-15104.0,-120.0,-2944.0,7344.0,728.0,-1786.0,71176.0
1072,6736.0,-14852.0,-60.0,-2912.0,7006.0,976.0,-1433.0,71182.0
1073,6988.0,-14792.0,44.0,-2928.0,6684.0,1749.0,-949.0,71188.0
1074,6548.0,-14740.0,436.0,-2896.0,6368.0,2790.0,-551.0,71194.0
1075,5660.0,-14896.0,368.0,-2928.0,6063.0,3671.0,-271.0,71199.0
1076,4896.0,-15068.0,360.0,-2928.0,5783.0,4289.0,-41.0,71205.0
1077,4192.0,-15368.0,68.0,-2912.0,5500.0,4519.0,61.0,71212.0
1078,3420.0,-15656.0,-128.0,-2896.0,5278.0,4487.0,131.0,71218.0
1079,2804.0,-16076.0,-484.0,-2928.0,5099.0,4282.0,92.0,71223.0
1080,2192.0,-16356.0,-508.0,-2912.0,5012.0,3949.0,19.0,71229.0
1081,2032.0,-16564.0,-488.0,-2928.0,4939.0,3433.0,-116.0,71235.0
1082,1996.0,-16928.0,-384.0,-2896.0,4937.0,2911.0,-267.0,71241.0
1083,2424.0,-17016.0,-476.0,-2896.0,4933.0,2382.0,-420.0,71246.0
1084,3004.0,-16652.0,-308.0,-2896.0,4906.0,1921.0,-449.0,71252.0
1085,3472.0,-16336.0,-296.0,-2928.0,4882.0,1527.0,-470.0,71259.0
1086,3896.0,-16224.0,-148.0,-2912.0,4843.0,1262.0,-414.0,71265.0
1087,4344.0,-16144.0,8.0,-2912.0,4822.0,1142.0,-301.0,71271.0
1088,4764.0,-15876.0,96.0,-2928.0,4780.0,1198.0,-114.0,71276.0
1089,5488.0,-15876.0,132.0,-2912.0,4785.0,1410.0,82.0,71282.0
1090,5636.0,-15600.0,328.0,-2912.0,4790.0,1803.0,247.0,71288.0
1091,5596.0,-15640.0,440.0,-2960.0,4804.0,2270.0,349.0,71294.0
1092,5252.0,-15820.0,292.0,-2928.0,4830.0,2583.0,500.0,71300.0
1093,4820.0,-16032.0,544.0,-2912.0,4858.0,2682.0,620.0,71306.0
1094,4376.0,-16192.0,640.0,-2944.0,4908.0,2728.0,639.0,71312.0
1095,4008.0,-16232.0,580.0,-2912.0,4962.0,2727.0,642.0,71318.0
1096,3468.0,-16352.0,900.0,-2960.0,5009.0,2696.0,619.0,71324.0
1097,3384.0,-16288.0,1048.0,-2928.0,5036.0,2521.0,654.0,71329.0
1098,3456.0,-16456.0,1076.0,-2896.0,5097.0,2481.0,635.0,71335.0
1099,3456.0,-16316.0,1048.0,-2896.0,5144.0,2389.0,596.0,71342.0
1100,3544.0,-16456.0,1188.0,-2896.0,5222.0,2251.0,564.0,71348.0
1101,3632.0,-16276.0,1324.0,-2912.0,5263.0,2077.0,592.0,71354.0
1102,3840.0,-16360.0,1368.0,-2944.0,5269.0,1995.0,576.0,71360.0
1103,4156.0,-16428.0,1360.0,-2944.0,5345.0,2013.0,528.0,71365.0
1104,4572.0,-16464.0,1444.0,-2912.0,5392.0,2136.0,553.0,71371.0
1105,5140.0,-16468.0,1388.0,-2944.0,5423.0,2422.0,481.0,71377.0
1106,4968.0,-16636.0,1372.0,-2912.0,5475.0,2797.0,579.0,71384.0
1107,4848.0,-16892.0,1348.0,-2912.0,5550.0,3234.0,648.0,71390.0
1108,6332.0,-17572.0,1252.0,-2880.0,5538.0,3625.0,166.0,71396.0
1109,6152.0,-16072.0,772.0,-2912.0,5617.0,3675.0,184.0,71401.0
1110,5320.0,-16580.0,1980.0,-2912.0,5735.0,4030.0,871.0,71407.0
1111,4268.0,-17100.0,2072.0,-2912.0,5784.0,4880.0,376.0,71413.0
1112,4072.0,-16720.0,1892.0,-2912.0,5893.0,4822.0,349.0,71419.0
1113,4260.0,-16952.0,1744.0,-2944.0,6092.0,4778.0,544.0,71426.0
1114,4220.0,-16948.0,1756.0,-2928.0,6192.0,5034.0,552.0,71432.0
1115,4248.0,-17068.0,2100.0,-2928.0,6363.0,5096.0,681.0,71437.0
1116,4116.0,-17160.0,2092.0,-2896.0,6570.0,5132.0,870.0,71443.0
1117,4028.0,-17188.0,1752.0,-2896.0,6803.0,5207.0,1034.0,71449.0
1118,3656.0,-17480.0,1468.0,-2928.0,7086.0,5343.0,1218.0,71455.0
1119,3496.0,-17704.0,1884.0,-2944.0,7421.0,5240.0,1435.0,71461.0
1120,3404.0,-17880.0,1964.0,-2944.0,7764.0,5084.0,1708.0,71468.0
1121,3484.0,-18252.0,1988.0,-2928.0,8169.0,4835.0,1999.0,71474.0
1122,3584.0,-18276.0,1800.0,-2928.0,8543.0,4547.0,2286.0,71479.0
1123,3748.0,-18620.0,1992.0,-2944.0,8955.0,4323.0,2580.0,71485.0
1124,3668.0,-18780.0,2308.0,-2944.0,9329.0,4186.0,2882.0,71491.0
1125,3428.0,-19096.0,2224.0,-2928.0,9706.0,4111.0,3276.0,71497.0
1126,2816.0,-19144.0,2644.0,-2928.0,10079.0,4093.0,3620.0,71503.0
1127,2320.0,-19204.0,2852.0,-2944.0,10449.0,3949.0,4021.0,71510.0
1128,1876.0,-19272.0,2948.0,-2928.0,10818.0,3774.0,4379.0,71516.0
1129,1336.0,-19496.0,3220.0,-2912.0,11213.0,3533.0,4733.0,71522.0
1130,1052.0,-19620.0,3464.0,-2928.0,11602.0,3282.0,5103.0,71528.0
1131,1012.0,-19804.0,3180.0,-2912.0,11974.0,3007.0,5558.0,71534.0
1132,1412.0,-20332.0,3188.0,-2928.0,12425.0,2719.0,5969.0,71540.0
1133,2340.0,-20832.0,3028.0,-2912.0,12884.0,2442.0,6414.0,71546.0
1134,3476.0,-21320.0,2568.0,-2928.0,13483.0,2365.0,6789.0,71552.0
1135,5000.0,-22004.0,2204.0,-2912.0,14033.0,2506.0,7232.0,71558.0
1136,6392.0,-22480.0,2132.0,-2896.0,14593.0,2872.0,7565.0,71564.0
1137,7548.0,-23224.0,1764.0,-2944.0,15233.0,3499.0,7933.0,71570.0
1138,7856.0,-24196.0,1472.0,-2928.0,15874.0,4341.0,8366.0,71576.0
1139,6184.0,-25256.0,2256.0,-2928.0,16479.0,5247.0,9261.0,71582.0
1140,5128.0,-27504.0,3320.0,-2944.0,17030.0,5022.0,10134.0,71588.0
1141,4500.0,-31012.0,1512.0,-2928.0,17538.0,4367.0,11484.0,71595.0
1142,6904.0,-30304.0,1648.0,-2896.0,18067.0,4195.0,10780.0,71601.0
1143,9848.0,-30496.0,800.0,-2944.0,18908.0,3976.0,11415.0,71607.0
1144,12388.0,-30780.0,664.0,-2928.0,19690.0,5056.0,11277.0,71613.0
1145,12940.0,-31924.0,460.0,-2928.0,20455.0,6609.0,10783.0,71619.0
1146,13592.0,-32768.0,-1344.0,-2912.0,21021.0,8299.0,10387.0,71625.0
1147,14440.0,-32768.0,-3736.0,-2928.0,21379.0,9975.0,9772.0,71631.0
1148,15308.0,-32632.0,-7328.0,-2928.0,21259.0,11758.0,8834.0,71638.0
1149,15300.0,-32768.0,-11248.0,-2928.0,20876.0,14216.0,8179.0,71644.0
1150,14904.0,-32768.0,-14784.0,-2896.0,20547.0,16712.0,8343.0,71650.0
1151,12892.0,-32768.0,-17092.0,-2960.0,19970.0,18940.0,9093.0,71656.0
1152,9576.0,-29288.0,-18580.0,-2912.0,18887.0,20423.0,9824.0,71662.0
1153,6020.0,-25784.0,-19752.0,-2912.0,17512.0,20737.0,10360.0,71668.0
1154,2644.0,-21848.0,-19196.0,-2896.0,15754.0,19297.0,10709.0,71675.0
1155,-644.0,-18052.0,-14344.0,-2896.0,13939.0,15959.0,10986.0,71682.0
1156,-484.0,-16056.0,-4948.0,-2896.0,13207.0,11592.0,11050.0,71688.0
1157,-44.0,-16416.0,4152.0,-2896.0,13047.0,7633.0,11232.0,71694.0
1158,1360.0,-16772.0,8452.0,-2944.0,12702.0,4790.0,11073.0,71700.0
1159,-216.0,-18772.0,8444.0,-2928.0,11840.0,1790.0,9477.0,71706.0
1160,-1356.0,-20880.0,6260.0,-2928.0,10931.0,-1639.0,8423.0,71712.0
1161,-48.0,-22232.0,5084.0,-2912.0,10689.0,-3896.0,7388.0,71718.0
1162,1536.0,-22732.0,3984.0,-2944.0,10993.0,-4981.0,6374.0,71725.0
1163,3908.0,-22720.0,5624.0,-2928.0,12133.0,-4612.0,5019.0,71731.0
1164,5704.0,-19016.0,2812.0,-2944.0,13154.0,-2640.0,3943.0,71736.0
1165,8168.0,-11620.0,-1536.0,-2928.0,11669.0,330.0,3648.0,71742.0
1166,9004.0,-6884.0,-3660.0,-2944.0,8828.0,4209.0,3233.0,71748.0
1167,7448.0,-6160.0,-4824.0,-2944.0,6450.0,7544.0,2572.0,71754.0
1168,5688.0,-4668.0,-6860.0,-2944.0,4278.0,9403.0,2091.0,71760.0
1169,4624.0,-2612.0,-9180.0,-2928.0,1948.0,10271.0,1525.0,71767.0
1170,3156.0,-1824.0,-10104.0,-2896.0,-111.0,10675.0,884.0,71773.0
1171,1044.0,-1940.0,-9304.0,-2928.0,-1698.0,10610.0,571.0,71779.0
1172,-656.0,-2336.0,-7824.0,-2928.0,-2926.0,10011.0,549.0,71785.0
1173,-2288.0,-2444.0,-6540.0,-2944.0,-4117.0,8840.0,356.0,71790.0
1174,-2948.0,-2332.0,-6052.0,-2912.0,-5446.0,7439.0,-156.0,71796.0
1175,-3392.0,-2480.0,-5084.0,-2912.0,-6740.0,5727.0,-944.0,71802.0
1176,-3572.0,-2608.0,-4516.0,-2880.0,-7910.0,3776.0,-1892.0,71809.0
1177,-3592.0,-2236.0,-4116.0,-2928.0,-9235.0,1556.0,-2899.0,71815.0
1178,-3216.0,-1816.0,-4340.0,-2928.0,-10656.0,-509.0,-3866.0,71821.0
1179,-2728.0,-1516.0,-4832.0,-2912.0,-12313.0,-2169.0,-4797.0,71827.0
1180,-1936.0,-1480.0,-4960.0,-2928.0,-14027.0,-3318.0,-5658.0,71833.0
1181,-1152.0,-1888.0,-4904.0,-2912.0,-15765.0,-4057.0,-6428.0,71838.0
1182,-448.0,-2484.0,-5212.0,-2928.0,-17480.0,-4623.0,-7080.0,71844.0
1183,220.0,-3312.0,-5372.0,-2912.0,-19031.0,-5070.0,-7650.0,71851.0
1184,712.0,-4380.0,-5160.0,-2928.0,-20440.0,-5276.0,-8119.0,71857.0
1185,868.0,-5420.0,-4916.0,-2928.0,-21664.0,-5377.0,-8489.0,71863.0
1186,904.0,-6076.0,-4632.0,-2928.0,-22786.0,-5471.0,-8737.0,71869.0
1187,656.0,-6956.0,-4168.0,-2944.0,-23937.0,-5624.0,-8975.0,71875.0
1188,540.0,-7448.0,-4112.0,-2896.0,-25063.0,-5766.0,-9195.0,71881.0
1189,572.0,-8204.0,-3844.0,-2944.0,-26219.0,-5969.0,-9462.0,71887.0
1190,696.0,-8940.0,-3720.0,-2944.0,-27308.0,-6176.0,-9774.0,71894.0
1191,1072.0,-9964.0,-3456.0,-2896.0,-28438.0,-6363.0,-10082.0,71900.0
1192,1552.0,-11308.0,-3140.0,-2912.0,-29425.0,-6286.0,-10267.0,71906.0
1193,1896.0,-12416.0,-2792.0,-2944.0,-30291.0,-5981.0,-10349.0,71912.0
1194,2036.0,-13460.0,-1880.0,-2928.0,-31049.0,-5498.0,-10447.0,71918.0
1195,2044.0,-14516.0,-1168.0,-2944.0,-31784.0,-4932.0,-10532.0,71924.0
1196,1996.0,-15476.0,-656.0,-2912.0,-32532.0,-4464.0,-10646.0,71930.0
1197,1820.0,-16500.0,-68.0,-2928.0,-32768.0,-4106.0,-10789.0,71937.0
1198,1616.0,-17696.0,708.0,-2944.0,-32768.0,-3833.0,-10865.0,71943.0
1199,1368.0,-18648.0,1428.0,-2928.0,-32768.0,-3690.0,-10912.0,71949.0
1200,1192.0,-19504.0,1672.0,-2960.0,-32768.0,-3670.0,-11051.0,71955.0
1201,1492.0,-20104.0,1676.0,-2928.0,-32768.0,-3742.0,-11264.0,71961.0
1202,1812.0,-20840.0,1684.0,-2928.0,-32768.0,-3920.0,-11571.0,71967.0
1203,2372.0,-21804.0,1676.0,-2896.0,-32768.0,-4175.0,-11922.0,71973.0
1204,3148.0,-23068.0,1856.0,-2912.0,-32768.0,-4416.0,-12315.0,71980.0
1205,3808.0,-24208.0,2136.0,-2960.0,-32768.0,-4681.0,-12605.0,71986.0
1206,4136.0,-25296.0,2636.0,-2928.0,-32768.0,-4771.0,-13008.0,71992.0
1207,3632.0,-25968.0,3440.0,-2912.0,-32768.0,-4817.0,-13416.0,71998.0
1208,2400.0,-26236.0,4192.0,-2928.0,-32768.0,-5207.0,-13930.0,72004.0
1209,708.0,-26688.0,4984.0,-2928.0,-32768.0,-6225.0,-14562.0,72011.0
1210,-636.0,-27464.0,5668.0,-2960.0,-32768.0,-7906.0,-15327.0,72017.0
1211,-1544.0,-28756.0,6500.0,-2944.0,-32768.0,-10137.0,-16052.0,72024.0
1212,-1580.0,-29644.0,7596.0,-2912.0,-32768.0,-12459.0,-16672.0,72030.0
1213,-616.0,-30620.0,9056.0,-2944.0,-32768.0,-14275.0,-17051.0,72036.0
1214,2104.0,-30644.0,10004.0,-2928.0,-32768.0,-14593.0,-17043.0,72043.0
1215,5484.0,-30664.0,10276.0,-2928.0,-32139.0,-13384.0,-16402.0,72049.0
1216,7352.0,-31284.0,11136.0,-2928.0,-31052.0,-11215.0,-15152.0,72055.0
1217,8148.0,-31316.0,12344.0,-2928.0,-29663.0,-8369.0,-13945.0,72062.0
1218,8064.0,-30532.0,13352.0,-2896.0,-28324.0,-5600.0,-12911.0,72069.0
1219,8484.0,-29864.0,14540.0,-2960.0,-26947.0,-3400.0,-12188.0,72075.0
1220,9564.0,-29564.0,16088.0,-2960.0,-25155.0,-1195.0,-11123.0,72081.0
1221,10268.0,-29100.0,18052.0,-2912.0,-23261.0,1441.0,-10167.0,72087.0
1222,9964.0,-28320.0,20312.0,-2944.0,-21311.0,4694.0,-9557.0,72094.0
1223,8116.0,-28116.0,22664.0,-2944.0,-19354.0,7859.0,-9287.0,72100.0
1224,4768.0,-27948.0,24284.0,-2912.0,-17171.0,10427.0,-9099.0,72107.0
1225,-232.0,-27684.0,25312.0,-2944.0,-14825.0,12058.0,-8718.0,72113.0
1226,-5264.0,-27692.0,26700.0,-2896.0,-12105.0,12410.0,-7740.0,72119.0
1227,-9676.0,-26772.0,27724.0,-2944.0,-9208.0,11760.0,-6215.0,72125.0
1228,-13896.0,-25952.0,28908.0,-2960.0,-6298.0,10174.0,-4291.0,72131.0
1229,-13588.0,-23568.0,29008.0,-2944.0,-3556.0,7810.0,-2626.0,72138.0
1230,-18860.0,-25028.0,30588.0,-2928.0,-483.0,4557.0,1726.0,72144.0
1231,-10464.0,-24932.0,28012.0,-2944.0,2687.0,2949.0,1710.0,72151.0
1232,-15676.0,-23932.0,27384.0,-2944.0,5434.0,1330.0,-229.0,72157.0
1233,-18012.0,-23660.0,26292.0,-2928.0,7834.0,-1563.0,930.0,72163.0
1234,-14540.0,-22532.0,23856.0,-2928.0,9846.0,-4517.0,367.0,72169.0
1235,-14076.0,-22276.0,18796.0,-2912.0,11456.0,-8069.0,1998.0,72175.0
1236,-9668.0,-13364.0,1632.0,-2944.0,10603.0,-12137.0,2654.0,72181.0
1237,13664.0,2272.0,-32768.0,-2944.0,-2103.0,-15452.0,-4667.0,72187.0
1238,30560.0,-28976.0,-32768.0,-2976.0,-5804.0,-17069.0,-16445.0,72194.0
1239,13576.0,-32768.0,-22484.0,-2928.0,7294.0,-22369.0,-4143.0,72200.0
1240,908.0,-32768.0,2776.0,-2912.0,15509.0,-10446.0,10997.0,72207.0
1241,-16424.0,-32680.0,23020.0,-2912.0,16717.0,9116.0,12947.0,72213.0
1242,-19840.0,-32768.0,32452.0,-2912.0,16758.0,11932.0,7395.0,72219.0
1243,-10612.0,-32768.0,23008.0,-2896.0,18188.0,-3592.0,-1879.0,72225.0
1244,-2860.0,-31584.0,956.0,-2912.0,18362.0,-16776.0,-3890.0,72231.0
1245,8700.0,-20832.0,-9648.0,-2912.0,18882.0,-18335.0,-1020.0,72238.0
1246,13392.0,-14020.0,-4300.0,-2960.0,19989.0,-13099.0,1438.0,72244.0
1247,10904.0,-5284.0,3636.0,-2928.0,17415.0,-6856.0,1371.0,72250.0
1248,3216.0,-6904.0,6268.0,-2912.0,14412.0,-3899.0,908.0,72256.0
1249,4844.0,-11496.0,2296.0,-2928.0,13248.0,-6629.0,270.0,72262.0
1250,10668.0,-13592.0,-1892.0,-2960.0,12979.0,-11275.0,-935.0,72268.0
1251,13356.0,-14720.0,-2892.0,-2912.0,12878.0,-11640.0,168.0,72274.0
1252,13232.0,-14684.0,-1640.0,-2928.0,12397.0,-6498.0,1966.0,72281.0
1253,9224.0,-15568.0,360.0,-2928.0,11521.0,758.0,2810.0,72287.0
1254,2340.0,-16760.0,1600.0,-2928.0,10514.0,5936.0,2691.0,72293.0
1255,-1660.0,-17740.0,124.0,-2944.0,9704.0,7311.0,1698.0,72299.0
1256,-1956.0,-17932.0,-2016.0,-2960.0,9468.0,5575.0,489.0,72305.0
1257,-164.0,-16652.0,-2396.0,-2928.0,9318.0,3219.0,-158.0,72311.0
1258,1716.0,-15448.0,-1384.0,-2928.0,8944.0,2164.0,-139.0,72317.0
1259,3080.0,-15444.0,-1308.0,-2928.0,8585.0,2648.0,-200.0,72324.0
1260,3224.0,-14796.0,-1352.0,-2912.0,8195.0,3670.0,-763.0,72330.0
1261,1924.0,-14348.0,-1132.0,-2928.0,7756.0,4150.0,-1411.0,72335.0
1262,420.0,-14840.0,-988.0,-2944.0,7507.0,3814.0,-1804.0,72341.0
1263,-152.0,-15816.0,-552.0,-2912.0,7317.0,3025.0,-2068.0,72347.0
1264,88.0,-16496.0,-864.0,-2944.0,7143.0,2077.0,-2446.0,72353.0
1265,1380.0,-16312.0,-1160.0,-2912.0,6995.0,795.0,-2755.0,72359.0
1266,3352.0,-15696.0,-1260.0,-2944.0,6753.0,-296.0,-2811.0,72366.0
1267,5588.0,-15000.0,-1704.0,-2928.0,6485.0,-763.0,-2696.0,72372.0
1268,7384.0,-14548.0,-1652.0,-2928.0,6163.0,-410.0,-2423.0,72377.0
1269,7880.0,-14496.0,-1580.0,-2912.0,5803.0,556.0,-2056.0,72383.0
1270,7376.0,-14464.0,-1400.0,-2944.0,5465.0,1715.0,-1643.0,72389.0
1271,6380.0,-14764.0,-1300.0,-2928.0,5139.0,2869.0,-1234.0,72395.0
1272,5116.0,-15248.0,-1020.0,-2944.0,4897.0,3718.0,-1035.0,72401.0
1273,4336.0,-15624.0,-1032.0,-2928.0,4692.0,3932.0,-939.0,72408.0
1274,3752.0,-15896.0,-1140.0,-2928.0,4487.0,3508.0,-913.0,72414.0
1275,3476.0,-15864.0,-1244.0,-2912.0,4339.0,2642.0,-900.0,72420.0
1276,3952.0,-15688.0,-1328.0,-2928.0,4195.0,1620.0,-832.0,72426.0
1277,4480.0,-15472.0,-1228.0,-2928.0,4061.0,768.0,-882.0,72432.0
