id,AcX,AcY,AcZ,Tmp,GyX,GyY,GyZ,Timer
0,1068.0,-18544.0,7644.0,-3008.0,4351.0,-4659.0,1873.0,99149.0
1,1872.0,-18632.0,8032.0,-3024.0,5250.0,-4517.0,2123.0,99155.0
2,2372.0,-18464.0,8844.0,-3008.0,6177.0,-4220.0,2303.0,99162.0
3,2360.0,-18528.0,9232.0,-3024.0,7135.0,-3839.0,2536.0,99168.0
4,1856.0,-18592.0,9716.0,-3008.0,8094.0,-3580.0,2769.0,99174.0
5,1156.0,-18704.0,10024.0,-3008.0,9042.0,-3413.0,3061.0,99180.0
6,624.0,-19016.0,10468.0,-3008.0,10098.0,-3487.0,3374.0,99186.0
7,-84.0,-19112.0,10896.0,-2992.0,11135.0,-3654.0,3687.0,99192.0
8,-964.0,-18620.0,10968.0,-3008.0,12107.0,-3996.0,3934.0,99198.0
9,-1896.0,-17308.0,9972.0,-3024.0,12767.0,-4493.0,4018.0,99205.0
10,692.0,-10644.0,808.0,-3040.0,12144.0,-4767.0,3163.0,99211.0
11,16832.0,-1244.0,-32452.0,-3056.0,5739.0,-3567.0,-711.0,99216.0
12,32767.0,456.0,-32768.0,-3040.0,-8017.0,-2762.0,-12757.0,99222.0
13,32767.0,-32340.0,-32768.0,-3024.0,-4868.0,-11691.0,-19621.0,99228.0
14,22496.0,-32768.0,-15768.0,-3008.0,9280.0,-5903.0,7255.0,99234.0
15,2644.0,-20568.0,524.0,-3024.0,9724.0,20358.0,13994.0,99241.0
16,-32768.0,-22424.0,17812.0,-3040.0,8432.0,29506.0,9170.0,99247.0
17,-32768.0,-30740.0,24536.0,-3040.0,9842.0,16852.0,5424.0,99254.0
18,-25280.0,-32768.0,21764.0,-3008.0,12875.0,-2729.0,730.0,99260.0
19,-11116.0,-26428.0,8228.0,-3008.0,13274.0,-12408.0,-340.0,99266.0
20,3452.0,-10028.0,-5148.0,-3024.0,10355.0,-11073.0,-1246.0,99272.0
21,13376.0,-4588.0,-10808.0,-3024.0,7684.0,-8143.0,-2249.0,99278.0
22,15816.0,-9296.0,-7892.0,-3024.0,7365.0,-5838.0,-2917.0,99284.0
23,12204.0,-15152.0,-2052.0,-3040.0,8124.0,-2702.0,-2417.0,99291.0
24,6872.0,-18344.0,1756.0,-3024.0,8809.0,551.0,-1306.0,99297.0
25,5404.0,-17608.0,1540.0,-2992.0,8979.0,662.0,-443.0,99303.0
26,8340.0,-17880.0,-900.0,-3056.0,9200.0,-2156.0,-434.0,99308.0
27,9896.0,-20044.0,-2448.0,-3024.0,10004.0,-4550.0,-109.0,99314.0
28,8544.0,-19432.0,-1360.0,-3008.0,10773.0,-4221.0,708.0,99320.0
29,6368.0,-15972.0,168.0,-3024.0,10445.0,-2742.0,1242.0,99326.0
30,5632.0,-13152.0,776.0,-3024.0,9319.0,-1729.0,1514.0,99333.0
31,6396.0,-13156.0,-300.0,-3008.0,8387.0,-855.0,1721.0,99339.0
32,6048.0,-15516.0,-624.0,-3008.0,8055.0,498.0,1780.0,99345.0
33,3880.0,-17144.0,-996.0,-3008.0,8111.0,1707.0,1703.0,99351.0
34,1816.0,-17684.0,-1768.0,-3008.0,8150.0,2073.0,1587.0,99356.0
35,332.0,-17676.0,-2200.0,-3024.0,8269.0,1773.0,1188.0,99362.0
36,-692.0,-17260.0,-2096.0,-2992.0,8344.0,1229.0,501.0,99368.0
37,-1704.0,-16740.0,-1264.0,-3024.0,8219.0,633.0,-348.0,99375.0
38,-2052.0,-16500.0,-832.0,-3024.0,7872.0,32.0,-1112.0,99381.0
39,-944.0,-15912.0,-1032.0,-2992.0,7421.0,-618.0,-1559.0,99387.0
40,1884.0,-15760.0,-1352.0,-2992.0,6979.0,-1168.0,-1764.0,99393.0
41,4288.0,-16332.0,-1732.0,-3008.0,6945.0,-1558.0,-1988.0,99398.0
42,6244.0,-16364.0,-1992.0,-3024.0,7090.0,-1600.0,-1838.0,99404.0
43,7392.0,-16164.0,-2084.0,-3008.0,7261.0,-1090.0,-1405.0,99410.0
44,7544.0,-15976.0,-1676.0,-3024.0,7387.0,-41.0,-931.0,99417.0
45,7084.0,-16512.0,-1012.0,-3008.0,7605.0,1149.0,-466.0,99423.0
46,6036.0,-16692.0,-904.0,-3024.0,7816.0,2077.0,-152.0,99429.0
47,5364.0,-16292.0,-824.0,-2992.0,7910.0,2554.0,18.0,99435.0
48,5376.0,-15612.0,-600.0,-3040.0,7802.0,2610.0,336.0,99441.0
49,5236.0,-15120.0,-580.0,-3040.0,7661.0,2462.0,55.0,99446.0
50,4132.0,-15460.0,-4.0,-3008.0,7367.0,2634.0,118.0,99452.0
51,3496.0,-15748.0,-56.0,-3024.0,7122.0,2994.0,10.0,99459.0
52,3328.0,-15952.0,-460.0,-3008.0,7005.0,3015.0,-225.0,99465.0
53,3672.0,-15916.0,-612.0,-3024.0,6958.0,2699.0,-372.0,99470.0
54,4096.0,-16012.0,-140.0,-3024.0,6847.0,2580.0,-360.0,99476.0
55,4488.0,-16440.0,-104.0,-3024.0,6786.0,3080.0,-406.0,99482.0
56,4392.0,-16660.0,-128.0,-3040.0,6776.0,3566.0,-409.0,99488.0
57,4220.0,-16040.0,-220.0,-3040.0,6697.0,3910.0,-343.0,99494.0
58,4144.0,-15644.0,-348.0,-3008.0,6537.0,4130.0,-451.0,99500.0
59,3964.0,-15280.0,56.0,-3024.0,6294.0,4156.0,-542.0,99506.0
60,3980.0,-14900.0,140.0,-3024.0,5962.0,3961.0,-582.0,99512.0
61,4060.0,-15068.0,288.0,-3024.0,5717.0,3801.0,-598.0,99518.0
62,4100.0,-15292.0,608.0,-3056.0,5466.0,3709.0,-635.0,99524.0
63,4184.0,-15592.0,500.0,-3040.0,5312.0,3613.0,-641.0,99529.0
64,4404.0,-16132.0,504.0,-3040.0,5291.0,3574.0,-729.0,99535.0
65,4372.0,-16084.0,136.0,-3008.0,5102.0,3562.0,-446.0,99542.0
66,5068.0,-15956.0,72.0,-3024.0,4979.0,3738.0,-663.0,99548.0
67,4616.0,-15976.0,56.0,-2992.0,4938.0,3683.0,-517.0,99553.0
68,4836.0,-15940.0,-20.0,-3040.0,4893.0,3454.0,-448.0,99559.0
69,5176.0,-15976.0,-236.0,-3024.0,4854.0,3315.0,-319.0,99565.0
70,5124.0,-15780.0,44.0,-3024.0,4814.0,3228.0,-228.0,99571.0
71,4952.0,-15568.0,360.0,-3008.0,4655.0,3278.0,-104.0,99577.0
72,4724.0,-15724.0,548.0,-3008.0,4553.0,3225.0,56.0,99582.0
73,4832.0,-15744.0,620.0,-3056.0,4444.0,3224.0,134.0,99589.0
74,5000.0,-15624.0,528.0,-3024.0,4344.0,3213.0,211.0,99595.0
75,5116.0,-15844.0,560.0,-3024.0,4251.0,3235.0,360.0,99601.0
76,4836.0,-15832.0,452.0,-3008.0,4219.0,3334.0,420.0,99606.0
77,4536.0,-15716.0,836.0,-3056.0,4182.0,3380.0,452.0,99612.0
78,4604.0,-15884.0,816.0,-2992.0,4176.0,3363.0,410.0,99618.0
79,4540.0,-16124.0,812.0,-3024.0,4149.0,3348.0,465.0,99624.0
80,4428.0,-16264.0,820.0,-3024.0,4213.0,3309.0,501.0,99631.0
81,4432.0,-16116.0,828.0,-3008.0,4245.0,3229.0,559.0,99636.0
82,4560.0,-16164.0,796.0,-3040.0,4321.0,3103.0,626.0,99642.0
83,4708.0,-16072.0,904.0,-3024.0,4396.0,2980.0,702.0,99648.0
84,5140.0,-16012.0,764.0,-3024.0,4451.0,2846.0,738.0,99654.0
85,5192.0,-16128.0,764.0,-3008.0,4533.0,2864.0,844.0,99659.0
86,5056.0,-16152.0,1156.0,-3008.0,4593.0,2950.0,918.0,99665.0
87,4844.0,-16092.0,1336.0,-3008.0,4666.0,3068.0,969.0,99672.0
88,4928.0,-16232.0,1376.0,-3040.0,4730.0,3131.0,980.0,99678.0
89,4796.0,-16344.0,1396.0,-3040.0,4794.0,3243.0,999.0,99684.0
90,4800.0,-16376.0,1292.0,-3040.0,4870.0,3319.0,1009.0,99690.0
91,4748.0,-16312.0,1520.0,-3056.0,4953.0,3444.0,980.0,99695.0
92,4740.0,-16352.0,1512.0,-3024.0,5066.0,3612.0,1012.0,99701.0
93,4948.0,-16340.0,1640.0,-3024.0,5109.0,3767.0,893.0,99707.0
94,4920.0,-16072.0,1608.0,-3024.0,5185.0,3839.0,815.0,99714.0
95,4876.0,-16244.0,1796.0,-3024.0,5256.0,4035.0,949.0,99720.0
96,4728.0,-16532.0,1912.0,-3008.0,5348.0,4297.0,855.0,99726.0
97,4368.0,-16188.0,1908.0,-3008.0,5450.0,4242.0,908.0,99732.0
98,3832.0,-16544.0,1980.0,-3040.0,5564.0,4237.0,1085.0,99737.0
99,3660.0,-16888.0,2164.0,-3008.0,5720.0,4233.0,1104.0,99743.0
100,3604.0,-17212.0,2092.0,-3024.0,5904.0,4018.0,1073.0,99749.0
101,4336.0,-17356.0,2176.0,-3024.0,6182.0,3929.0,965.0,99756.0
102,4984.0,-17188.0,1708.0,-3056.0,6351.0,3870.0,871.0,99762.0
103,5132.0,-17156.0,1616.0,-3024.0,6561.0,4000.0,947.0,99768.0
104,4900.0,-17512.0,1880.0,-3024.0,6813.0,4377.0,1074.0,99774.0
105,4088.0,-17716.0,2188.0,-3008.0,7046.0,4601.0,1137.0,99779.0
106,3556.0,-18064.0,2380.0,-3024.0,7377.0,4584.0,1423.0,99785.0
107,3272.0,-18256.0,2300.0,-3024.0,7663.0,4368.0,1620.0,99791.0
108,3356.0,-18184.0,2252.0,-3024.0,7961.0,4104.0,1793.0,99798.0
109,2900.0,-18224.0,2296.0,-3008.0,8278.0,3876.0,2032.0,99804.0
110,2864.0,-18284.0,2460.0,-3040.0,8600.0,3626.0,2238.0,99810.0
111,2280.0,-18600.0,2764.0,-3024.0,8916.0,3344.0,2551.0,99816.0
112,1820.0,-18852.0,2948.0,-3040.0,9249.0,2929.0,2938.0,99822.0
113,1916.0,-19096.0,2836.0,-3008.0,9603.0,2504.0,3167.0,99828.0
114,2016.0,-19280.0,3100.0,-3008.0,9920.0,2080.0,3513.0,99833.0
115,2044.0,-19640.0,3364.0,-3024.0,10228.0,1744.0,3788.0,99840.0
116,2216.0,-19944.0,3488.0,-3040.0,10517.0,1538.0,4144.0,99846.0
117,2400.0,-20236.0,3432.0,-3024.0,10807.0,1472.0,4497.0,99852.0
118,2416.0,-20468.0,3604.0,-2992.0,11144.0,1468.0,4788.0,99858.0
119,2528.0,-20752.0,3440.0,-3008.0,11465.0,1456.0,5055.0,99864.0
120,2924.0,-20968.0,3432.0,-3024.0,11838.0,1455.0,5244.0,99870.0
121,3288.0,-21120.0,3464.0,-3040.0,12226.0,1508.0,5492.0,99876.0
122,3936.0,-21112.0,3160.0,-3024.0,12579.0,1675.0,5743.0,99883.0
123,4156.0,-21356.0,3116.0,-2976.0,12960.0,1914.0,6015.0,99889.0
124,4716.0,-21532.0,3128.0,-3024.0,13219.0,2244.0,6276.0,99895.0
125,5272.0,-21876.0,3012.0,-3040.0,13590.0,2613.0,6533.0,99901.0
126,5784.0,-22020.0,2688.0,-3024.0,14058.0,3040.0,6819.0,99907.0
127,6440.0,-22568.0,2628.0,-3056.0,14445.0,3615.0,7063.0,99913.0
128,5564.0,-22992.0,2448.0,-3008.0,14816.0,4317.0,7499.0,99918.0
129,3760.0,-23916.0,3360.0,-3056.0,15096.0,4793.0,8329.0,99924.0
130,3620.0,-26112.0,3164.0,-3008.0,15318.0,4191.0,9064.0,99931.0
131,5124.0,-26848.0,1840.0,-3024.0,15708.0,3819.0,9452.0,99937.0
132,7144.0,-26156.0,576.0,-3040.0,16219.0,4018.0,9314.0,99943.0
133,8580.0,-26044.0,280.0,-3024.0,16771.0,4630.0,9245.0,99949.0
134,9516.0,-27932.0,1576.0,-2992.0,17395.0,5737.0,9215.0,99955.0
135,9748.0,-29380.0,544.0,-3040.0,17952.0,7349.0,9288.0,99961.0
136,10364.0,-30708.0,-1360.0,-3040.0,18504.0,9181.0,9092.0,99968.0
137,10808.0,-31000.0,-2876.0,-3024.0,18990.0,10857.0,8982.0,99974.0
138,11620.0,-30908.0,-4988.0,-3008.0,19187.0,12574.0,8745.0,99980.0
139,11716.0,-31584.0,-7644.0,-3024.0,19186.0,14413.0,8326.0,99986.0
140,10580.0,-32768.0,-10760.0,-3024.0,19144.0,16290.0,8371.0,99992.0
141,8764.0,-31764.0,-14452.0,-2992.0,18823.0,17245.0,9075.0,99998.0
142,7080.0,-28092.0,-19136.0,-3008.0,17825.0,18278.0,9956.0,100004.0
143,6156.0,-25356.0,-19280.0,-3008.0,16807.0,19365.0,10482.0,100011.0
144,3616.0,-23104.0,-16932.0,-3024.0,15840.0,19191.0,10828.0,100017.0
145,-416.0,-20848.0,-9764.0,-2992.0,15221.0,17106.0,11329.0,100024.0
146,-3804.0,-20496.0,116.0,-3040.0,15289.0,13103.0,11738.0,100030.0
147,-5992.0,-21876.0,10640.0,-3008.0,16047.0,7685.0,11933.0,100036.0
148,-6628.0,-22632.0,11956.0,-3008.0,15878.0,1531.0,11132.0,100042.0
149,-5588.0,-22848.0,8896.0,-3024.0,14678.0,-4886.0,9275.0,100048.0
150,-2732.0,-23244.0,5840.0,-3008.0,13913.0,-10526.0,7606.0,100055.0
151,1288.0,-23588.0,5404.0,-3040.0,14161.0,-14546.0,6234.0,100061.0
152,5704.0,-24240.0,5980.0,-3008.0,15641.0,-15976.0,5852.0,100067.0
153,7964.0,-22148.0,3480.0,-3008.0,16521.0,-13359.0,6069.0,100073.0
154,9572.0,-16860.0,-340.0,-2976.0,15599.0,-8991.0,5964.0,100079.0
155,10932.0,-11844.0,-1376.0,-3024.0,13916.0,-5180.0,5509.0,100085.0
156,11976.0,-7696.0,-2960.0,-3024.0,11771.0,-2047.0,5124.0,100091.0
157,14324.0,-5376.0,-4336.0,-3024.0,9323.0,1378.0,4302.0,100098.0
158,14476.0,-5796.0,-5528.0,-3040.0,7053.0,5555.0,3151.0,100104.0
159,12028.0,-6460.0,-7328.0,-3008.0,5047.0,9548.0,2528.0,100110.0
160,8948.0,-5800.0,-8840.0,-3024.0,3434.0,11669.0,2351.0,100116.0
161,6892.0,-3772.0,-9452.0,-3008.0,1701.0,12375.0,2422.0,100122.0
162,5052.0,-2492.0,-9456.0,-2992.0,-50.0,12145.0,2423.0,100128.0
163,3228.0,-2652.0,-8252.0,-3056.0,-1435.0,11563.0,2192.0,100134.0
164,720.0,-2996.0,-6940.0,-3024.0,-2699.0,10823.0,1789.0,100141.0
165,-832.0,-2968.0,-5992.0,-2992.0,-4087.0,10261.0,1491.0,100147.0
166,-1664.0,-2916.0,-5128.0,-3040.0,-5676.0,9502.0,849.0,100153.0
167,-2528.0,-2620.0,-5108.0,-3024.0,-7377.0,8236.0,-147.0,100159.0
168,-3168.0,-2636.0,-4508.0,-3024.0,-8906.0,6312.0,-1240.0,100165.0
169,-3672.0,-2804.0,-4252.0,-3008.0,-10337.0,3984.0,-2320.0,100171.0
170,-3988.0,-2800.0,-4188.0,-3040.0,-11750.0,1439.0,-3242.0,100177.0
171,-3936.0,-2788.0,-3972.0,-3024.0,-13147.0,-943.0,-3928.0,100184.0
172,-3764.0,-2736.0,-3752.0,-3008.0,-14624.0,-2879.0,-4420.0,100190.0
173,-3072.0,-2544.0,-4476.0,-3040.0,-16304.0,-4385.0,-4887.0,100196.0
174,-2048.0,-2456.0,-4716.0,-3024.0,-18032.0,-5532.0,-5276.0,100202.0
175,-1292.0,-3140.0,-4620.0,-3024.0,-19683.0,-6429.0,-5708.0,100208.0
176,-512.0,-3984.0,-4436.0,-3040.0,-21163.0,-7135.0,-6092.0,100214.0
177,164.0,-4384.0,-4440.0,-3024.0,-22616.0,-7791.0,-6471.0,100220.0
178,780.0,-4908.0,-4008.0,-3008.0,-23971.0,-8404.0,-6800.0,100227.0
179,1296.0,-5360.0,-4140.0,-3024.0,-25275.0,-8898.0,-7175.0,100233.0
180,1744.0,-6052.0,-4272.0,-3024.0,-26566.0,-9279.0,-7579.0,100239.0
181,2384.0,-6796.0,-4256.0,-3040.0,-27793.0,-9578.0,-7954.0,100245.0
182,3308.0,-8152.0,-4220.0,-3040.0,-29008.0,-9649.0,-8364.0,100251.0
183,4368.0,-9380.0,-4248.0,-3024.0,-30097.0,-9476.0,-8704.0,100257.0
184,5792.0,-11224.0,-3520.0,-3056.0,-31101.0,-8961.0,-8958.0,100263.0
185,6680.0,-12584.0,-3156.0,-3040.0,-31897.0,-7957.0,-9151.0,100270.0
186,7016.0,-13716.0,-2616.0,-3008.0,-32656.0,-6566.0,-9289.0,100276.0
187,6760.0,-14440.0,-1708.0,-3040.0,-32768.0,-5048.0,-9349.0,100282.0
188,5460.0,-15232.0,-1360.0,-3008.0,-32768.0,-3582.0,-9415.0,100288.0
189,4060.0,-16024.0,-1296.0,-3056.0,-32768.0,-2475.0,-9523.0,100294.0
190,2820.0,-17268.0,-1084.0,-3008.0,-32768.0,-1755.0,-9611.0,100300.0
191,1628.0,-18760.0,-992.0,-3040.0,-32768.0,-1361.0,-9718.0,100306.0
192,1100.0,-20000.0,-584.0,-3040.0,-32768.0,-1116.0,-9885.0,100314.0
193,1068.0,-21284.0,-284.0,-3056.0,-32768.0,-784.0,-10029.0,100320.0
194,1380.0,-22684.0,28.0,-3024.0,-32768.0,-423.0,-10224.0,100326.0
195,1664.0,-23816.0,100.0,-3056.0,-32768.0,-182.0,-10461.0,100332.0
196,1744.0,-24720.0,228.0,-3024.0,-32768.0,-202.0,-10800.0,100338.0
197,1608.0,-25604.0,652.0,-3040.0,-32768.0,-443.0,-11189.0,100344.0
198,1460.0,-26516.0,900.0,-3040.0,-32768.0,-774.0,-11678.0,100350.0
199,1568.0,-27256.0,1080.0,-3040.0,-32768.0,-1123.0,-12307.0,100357.0
200,1552.0,-28448.0,1548.0,-3040.0,-32768.0,-1572.0,-12868.0,100363.0
201,1072.0,-29576.0,2480.0,-3024.0,-32768.0,-2316.0,-13325.0,100370.0
202,36.0,-30520.0,3884.0,-3008.0,-32768.0,-3600.0,-13748.0,100376.0
203,-1172.0,-31096.0,5364.0,-3040.0,-32768.0,-5167.0,-14040.0,100382.0
204,-1904.0,-31896.0,6768.0,-3040.0,-32768.0,-6706.0,-14280.0,100388.0
205,-1828.0,-32516.0,7836.0,-3008.0,-32768.0,-7871.0,-14442.0,100395.0
206,-532.0,-32768.0,8972.0,-3040.0,-32768.0,-8677.0,-14390.0,100402.0
207,748.0,-32768.0,10148.0,-3024.0,-32768.0,-9092.0,-14030.0,100408.0
208,2604.0,-32768.0,11860.0,-3024.0,-32768.0,-9278.0,-13293.0,100414.0
209,4120.0,-32768.0,13572.0,-3040.0,-31455.0,-9031.0,-12291.0,100420.0
210,5512.0,-32768.0,15752.0,-3008.0,-29525.0,-8081.0,-11420.0,100427.0
211,6220.0,-32768.0,17840.0,-3040.0,-27441.0,-6631.0,-10653.0,100433.0
212,8084.0,-32768.0,22396.0,-3008.0,-25194.0,-4929.0,-10790.0,100440.0
213,3256.0,-32728.0,24860.0,-3008.0,-22538.0,-4007.0,-7810.0,100447.0
214,8384.0,-30664.0,25360.0,-3024.0,-19932.0,-1734.0,-8298.0,100453.0
215,2940.0,-28468.0,26304.0,-3024.0,-17907.0,822.0,-10414.0,100459.0
216,-808.0,-28304.0,26872.0,-3024.0,-15866.0,2574.0,-9552.0,100465.0
217,-2572.0,-28380.0,26928.0,-3040.0,-13282.0,3676.0,-8005.0,100471.0
218,-2284.0,-25696.0,29364.0,-3024.0,-10782.0,4522.0,-5820.0,100478.0
219,-5252.0,-25820.0,30620.0,-3024.0,-7106.0,4903.0,-3621.0,100485.0
220,-6908.0,-24812.0,30148.0,-2992.0,-3813.0,4732.0,-1942.0,100491.0
221,-8480.0,-24048.0,30000.0,-3040.0,-488.0,4137.0,-196.0,100497.0
222,-9196.0,-24172.0,29104.0,-3024.0,2627.0,2966.0,1001.0,100503.0
223,-8924.0,-23480.0,28104.0,-3056.0,5555.0,1376.0,1730.0,100509.0
224,-8908.0,-22540.0,26628.0,-3008.0,8188.0,-410.0,2290.0,100515.0
225,-8560.0,-21552.0,24200.0,-2992.0,10388.0,-2205.0,2713.0,100521.0
226,-7640.0,-21308.0,21312.0,-3040.0,12156.0,-4439.0,2879.0,100528.0
227,-3052.0,-16520.0,15884.0,-3040.0,12301.0,-7712.0,2027.0,100534.0
228,19636.0,-4512.0,-24920.0,-3024.0,4057.0,-11319.0,-4601.0,100541.0
229,32492.0,-26176.0,-32768.0,-3008.0,-146.0,-13300.0,-13942.0,100547.0
230,21096.0,-32768.0,-20640.0,-3008.0,7155.0,-16178.0,-6351.0,100553.0
231,2008.0,-32768.0,-884.0,-3040.0,16744.0,-4620.0,8223.0,100559.0
232,-15084.0,-32768.0,16096.0,-3008.0,20421.0,13206.0,12641.0,100566.0
233,-18988.0,-32768.0,24332.0,-3008.0,21307.0,14686.0,8468.0,100573.0
234,-10792.0,-31604.0,17876.0,-3024.0,21433.0,-37.0,1278.0,100579.0
235,-5072.0,-28560.0,4132.0,-3024.0,21313.0,-12256.0,-533.0,100585.0
236,4320.0,-18504.0,-7840.0,-3056.0,21398.0,-15386.0,1921.0,100591.0
237,11976.0,-8196.0,-8172.0,-3008.0,21050.0,-14465.0,3032.0,100597.0
238,13656.0,212.0,-2952.0,-3024.0,18765.0,-13191.0,2036.0,100603.0
239,8724.0,2444.0,4520.0,-3008.0,15135.0,-10083.0,1.0,100610.0
240,3860.0,-4176.0,5640.0,-3008.0,12601.0,-7511.0,304.0,100616.0
241,4284.0,-10908.0,3416.0,-3024.0,11064.0,-7180.0,17.0,100622.0
242,5420.0,-17100.0,2004.0,-3040.0,10438.0,-7020.0,-377.0,100628.0
243,5448.0,-21732.0,992.0,-3024.0,10464.0,-4275.0,521.0,100634.0
244,5608.0,-23068.0,376.0,-3008.0,10741.0,-232.0,1472.0,100640.0
245,5304.0,-21832.0,120.0,-3024.0,10924.0,2660.0,1371.0,100646.0
246,4260.0,-20588.0,-416.0,-3008.0,11114.0,3923.0,801.0,100653.0
247,2584.0,-19788.0,-924.0,-3024.0,11417.0,4542.0,568.0,100659.0
248,512.0,-18500.0,-1352.0,-3056.0,11578.0,5308.0,366.0,100665.0
249,-1444.0,-16536.0,-208.0,-3040.0,11354.0,5893.0,-25.0,100671.0
250,-1608.0,-15608.0,1416.0,-3024.0,10857.0,5808.0,-461.0,100677.0
251,-840.0,-15496.0,1084.0,-3040.0,10155.0,5606.0,-1006.0,100683.0
252,904.0,-15108.0,628.0,-2992.0,9512.0,4960.0,-1791.0,100689.0
253,2612.0,-14572.0,332.0,-3008.0,8939.0,3942.0,-2309.0,100695.0
254,4268.0,-14784.0,-200.0,-3024.0,8472.0,3260.0,-2288.0,100701.0
255,5372.0,-15512.0,-856.0,-3024.0,8255.0,3308.0,-2214.0,100707.0
256,5040.0,-15648.0,-908.0,-3008.0,8025.0,3816.0,-2111.0,100713.0
257,4536.0,-15024.0,-276.0,-3056.0,7601.0,4109.0,-1913.0,100719.0
258,4568.0,-14932.0,-444.0,-3040.0,7218.0,4387.0,-1854.0,100725.0
259,4876.0,-14816.0,-536.0,-2992.0,6886.0,4498.0,-1899.0,100731.0
260,5320.0,-14840.0,-388.0,-3008.0,6646.0,4520.0,-1947.0,100738.0
261,5904.0,-15084.0,-100.0,-3008.0,6500.0,4825.0,-1770.0,100744.0
262,6392.0,-15316.0,252.0,-3024.0,6350.0,5357.0,-1394.0,100750.0
263,6444.0,-15288.0,564.0,-3040.0,6197.0,6218.0,-1031.0,100756.0
264,6012.0,-14940.0,436.0,-3056.0,6070.0,6810.0,-717.0,100762.0
265,5360.0,-14736.0,104.0,-3024.0,5857.0,7008.0,-436.0,100768.0
266,4776.0,-14560.0,-336.0,-3008.0,5546.0,6889.0,-194.0,100773.0
267,4148.0,-14864.0,-664.0,-3008.0,5241.0,6447.0,20.0,100780.0
268,3896.0,-15104.0,-820.0,-3040.0,4925.0,5773.0,140.0,100786.0
269,4012.0,-15416.0,-752.0,-3040.0,4677.0,5130.0,241.0,100792.0
270,3784.0,-16072.0,-432.0,-3024.0,4461.0,4558.0,325.0,100798.0
271,3816.0,-16640.0,-464.0,-3024.0,4299.0,4142.0,347.0,100804.0
272,3992.0,-17000.0,-900.0,-3024.0,4345.0,3870.0,243.0,100810.0
273,3640.0,-16844.0,-1100.0,-3008.0,4410.0,3589.0,210.0,100815.0
274,3104.0,-16716.0,-444.0,-3024.0,4463.0,3574.0,163.0,100822.0
275,2836.0,-16548.0,-376.0,-3024.0,4525.0,3391.0,48.0,100828.0
276,3256.0,-16556.0,-128.0,-2992.0,4595.0,2986.0,-56.0,100834.0
277,4100.0,-16184.0,4.0,-3040.0,4629.0,2546.0,-144.0,100840.0
278,4848.0,-16120.0,-208.0,-3024.0,4662.0,2342.0,-167.0,100846.0
279,5592.0,-15980.0,164.0,-3008.0,4735.0,2279.0,41.0,100851.0
280,6000.0,-15920.0,272.0,-3024.0,4761.0,2557.0,219.0,100857.0
281,6048.0,-16024.0,220.0,-3024.0,4801.0,2908.0,400.0,100864.0
282,5904.0,-15772.0,232.0,-3024.0,4878.0,3254.0,583.0,100870.0
283,5380.0,-15992.0,156.0,-3056.0,4956.0,3506.0,741.0,100876.0
284,4932.0,-16224.0,588.0,-3024.0,5041.0,3608.0,864.0,100882.0
285,4728.0,-16376.0,616.0,-3008.0,5113.0,3647.0,939.0,100887.0
286,4696.0,-16372.0,548.0,-3040.0,5221.0,3598.0,961.0,100893.0
287,4592.0,-16468.0,392.0,-3040.0,5295.0,3550.0,943.0,100899.0
288,4324.0,-16480.0,636.0,-3040.0,5404.0,3515.0,973.0,100905.0
289,4208.0,-16500.0,1124.0,-3040.0,5490.0,3530.0,997.0,100912.0
290,4080.0,-16380.0,1084.0,-3024.0,5567.0,3569.0,1048.0,100918.0
291,4132.0,-16468.0,1208.0,-3040.0,5621.0,3713.0,1036.0,100924.0
292,4148.0,-16804.0,1320.0,-3008.0,5738.0,3767.0,1061.0,100930.0
293,4704.0,-16672.0,1420.0,-3056.0,5831.0,3738.0,1069.0,100935.0
294,7252.0,-16876.0,1416.0,-3040.0,5918.0,3999.0,578.0,100941.0
295,6876.0,-16084.0,472.0,-3024.0,5937.0,4203.0,804.0,100947.0
296,6032.0,-16820.0,1028.0,-3024.0,6114.0,4792.0,1268.0,100954.0
297,4204.0,-16740.0,2040.0,-3024.0,6141.0,5440.0,1221.0,100960.0
298,3352.0,-17100.0,2116.0,-3040.0,6250.0,5299.0,1339.0,100966.0
299,3212.0,-17340.0,2076.0,-3056.0,6413.0,5120.0,1412.0,100972.0
300,3856.0,-17116.0,1804.0,-3024.0,6534.0,5012.0,1256.0,100978.0
301,4444.0,-16992.0,1836.0,-3024.0,6657.0,4818.0,1185.0,100984.0
302,4664.0,-17024.0,1972.0,-3008.0,6809.0,4790.0,1162.0,100990.0
303,4112.0,-16756.0,1784.0,-3024.0,6897.0,5025.0,1170.0,100997.0
304,3268.0,-16856.0,2168.0,-3040.0,7042.0,5228.0,1210.0,101003.0
305,2376.0,-16920.0,2568.0,-3040.0,7191.0,5248.0,1322.0,101009.0
306,1900.0,-17132.0,2864.0,-2992.0,7345.0,5093.0,1485.0,101014.0
307,1812.0,-17344.0,2580.0,-3040.0,7581.0,4924.0,1665.0,101020.0
308,2084.0,-17432.0,2392.0,-3024.0,7859.0,4704.0,1899.0,101026.0
309,2156.0,-17836.0,2160.0,-3040.0,8219.0,4486.0,2167.0,101032.0
310,2172.0,-17908.0,2096.0,-3056.0,8567.0,4130.0,2408.0,101039.0
311,2128.0,-18216.0,2084.0,-3040.0,8939.0,3642.0,2746.0,101045.0
312,2148.0,-18320.0,2484.0,-2992.0,9295.0,3249.0,3032.0,101051.0
313,2216.0,-18736.0,2544.0,-3056.0,9652.0,2831.0,3315.0,101057.0
314,2392.0,-18836.0,2608.0,-3008.0,10024.0,2408.0,3621.0,101063.0
315,2844.0,-19188.0,2720.0,-3040.0,10374.0,2133.0,3907.0,101069.0
316,3112.0,-19492.0,2956.0,-3024.0,10701.0,1958.0,4206.0,101075.0
317,3252.0,-19716.0,3088.0,-3040.0,11039.0,1980.0,4611.0,101082.0
318,3040.0,-20000.0,3204.0,-3040.0,11395.0,2130.0,4934.0,101088.0
319,2588.0,-20120.0,3236.0,-3024.0,11808.0,2231.0,5289.0,101094.0
320,940.0,-20648.0,3268.0,-3040.0,12141.0,2413.0,5772.0,101100.0
321,3496.0,-20516.0,3368.0,-3056.0,12654.0,2364.0,6030.0,101106.0
322,1104.0,-20620.0,3008.0,-3056.0,12942.0,2352.0,6427.0,101112.0
323,2644.0,-21476.0,2920.0,-3008.0,13444.0,1968.0,6765.0,101118.0
324,3232.0,-21360.0,2980.0,-3024.0,13935.0,1954.0,7085.0,101125.0
325,4428.0,-21664.0,2916.0,-3024.0,14375.0,1937.0,7271.0,101131.0
326,5308.0,-22028.0,2716.0,-3040.0,14844.0,2094.0,7468.0,101137.0
327,6420.0,-22368.0,2360.0,-3056.0,15317.0,2410.0,7731.0,101143.0
328,7512.0,-22856.0,2188.0,-3024.0,15798.0,3066.0,8009.0,101149.0
329,8280.0,-23620.0,2260.0,-3008.0,16277.0,4020.0,8327.0,101155.0
330,7632.0,-24712.0,2004.0,-3056.0,16760.0,5221.0,8832.0,101161.0
331,5140.0,-25680.0,2756.0,-3024.0,17118.0,6410.0,9884.0,101168.0
332,4252.0,-28388.0,3068.0,-3040.0,17383.0,6208.0,10900.0,101174.0
333,5184.0,-31212.0,3928.0,-3040.0,18061.0,5921.0,11576.0,101180.0
334,6200.0,-31672.0,1708.0,-3024.0,18720.0,6150.0,11805.0,101186.0
335,9040.0,-31592.0,-824.0,-3024.0,19407.0,6670.0,11707.0,101192.0
336,11248.0,-32628.0,-2476.0,-3024.0,20039.0,7812.0,11749.0,101198.0
337,13676.0,-32768.0,-5092.0,-3056.0,20368.0,9738.0,11526.0,101204.0
338,16064.0,-32768.0,-7596.0,-3024.0,20535.0,11923.0,10922.0,101211.0
339,16396.0,-32768.0,-12572.0,-3040.0,20688.0,15111.0,10346.0,101217.0
340,14512.0,-32768.0,-16764.0,-3024.0,20806.0,17227.0,10519.0,101223.0
341,10520.0,-32768.0,-20076.0,-3008.0,20391.0,18198.0,11637.0,101230.0
342,7564.0,-31676.0,-22048.0,-3008.0,19161.0,18736.0,12471.0,101236.0
343,4396.0,-28868.0,-21668.0,-3056.0,17790.0,17906.0,12510.0,101242.0
344,1464.0,-25668.0,-15132.0,-3024.0,16652.0,15679.0,12714.0,101249.0
345,-1776.0,-24496.0,-2560.0,-3008.0,16478.0,12216.0,13122.0,101255.0
346,-5444.0,-26956.0,15508.0,-3024.0,19239.0,7270.0,14521.0,101261.0
347,-8420.0,-24672.0,15916.0,-2992.0,19999.0,1407.0,14761.0,101268.0
348,-9280.0,-24936.0,10804.0,-3008.0,18637.0,-5744.0,13996.0,101274.0
349,-4548.0,-26900.0,8508.0,-3040.0,18119.0,-12077.0,12566.0,101280.0
350,740.0,-27916.0,7080.0,-3056.0,18899.0,-16311.0,11282.0,101286.0
351,4008.0,-27216.0,6140.0,-3056.0,19442.0,-17295.0,10558.0,101293.0
352,6888.0,-23496.0,32.0,-3024.0,18049.0,-15899.0,9950.0,101299.0
353,11736.0,-21756.0,-716.0,-3008.0,17394.0,-12453.0,8502.0,101305.0
354,15680.0,-12380.0,-8928.0,-3040.0,14611.0,-9501.0,7054.0,101311.0
355,17152.0,-6700.0,-7896.0,-3008.0,12016.0,-7080.0,6046.0,101317.0
356,16496.0,-5312.0,-8444.0,-3040.0,9572.0,-1838.0,5855.0,101323.0
357,13960.0,-4464.0,-9636.0,-3024.0,6887.0,3413.0,5947.0,101329.0
358,9672.0,-3828.0,-10484.0,-3040.0,4227.0,7046.0,6394.0,101336.0
359,5856.0,-3848.0,-9348.0,-3024.0,2265.0,9197.0,6845.0,101342.0
360,3456.0,-3532.0,-7600.0,-3040.0,806.0,10178.0,6849.0,101348.0
361,2276.0,-2988.0,-6284.0,-3024.0,-669.0,10307.0,6358.0,101354.0
362,976.0,-2772.0,-5336.0,-3040.0,-2214.0,9719.0,5422.0,101360.0
363,-444.0,-2240.0,-5440.0,-3024.0,-3928.0,8541.0,4318.0,101366.0
364,-1868.0,-1456.0,-5820.0,-3024.0,-5740.0,7029.0,3255.0,101372.0
365,-2656.0,-448.0,-6152.0,-3040.0,-7597.0,5253.0,2127.0,101379.0
366,-2948.0,424.0,-6188.0,-3056.0,-9479.0,3246.0,1059.0,101385.0
367,-3076.0,744.0,-5916.0,-3024.0,-11281.0,1387.0,114.0,101391.0
368,-3220.0,684.0,-5824.0,-3040.0,-13061.0,-393.0,-810.0,101396.0
369,-3340.0,472.0,-5812.0,-3040.0,-14767.0,-2186.0,-1711.0,101402.0
370,-2976.0,44.0,-5904.0,-3024.0,-16431.0,-4096.0,-2571.0,101408.0
371,-2408.0,-176.0,-5956.0,-3024.0,-18048.0,-5991.0,-3416.0,101414.0
372,-1220.0,-464.0,-6348.0,-3040.0,-19648.0,-7728.0,-4159.0,101421.0
373,-300.0,-792.0,-5944.0,-3024.0,-21170.0,-9153.0,-4738.0,101427.0
374,460.0,-908.0,-5824.0,-3040.0,-22678.0,-10162.0,-5221.0,101433.0
375,1224.0,-1012.0,-5956.0,-3024.0,-24378.0,-10794.0,-5723.0,101439.0
376,2056.0,-1344.0,-5652.0,-3056.0,-26141.0,-11146.0,-6199.0,101445.0
377,2808.0,-2160.0,-5620.0,-3024.0,-27913.0,-11229.0,-6592.0,101451.0
378,3524.0,-3324.0,-5728.0,-3072.0,-29588.0,-11341.0,-6945.0,101457.0
379,4032.0,-4580.0,-5516.0,-3040.0,-30989.0,-11415.0,-7263.0,101464.0
380,4552.0,-5856.0,-4816.0,-3040.0,-32177.0,-11392.0,-7581.0,101470.0
381,5200.0,-7360.0,-4048.0,-3008.0,-32768.0,-11074.0,-7854.0,101476.0
382,6304.0,-8528.0,-4132.0,-3056.0,-32768.0,-10313.0,-8236.0,101482.0
383,8000.0,-9932.0,-3932.0,-3024.0,-32768.0,-9282.0,-8662.0,101488.0
384,8804.0,-11756.0,-3640.0,-2992.0,-32768.0,-7881.0,-9058.0,101494.0
385,9140.0,-13448.0,-2928.0,-3040.0,-32768.0,-6091.0,-9364.0,101500.0
386,9080.0,-14592.0,-2312.0,-3040.0,-32768.0,-4296.0,-9665.0,101507.0
387,8236.0,-15904.0,-1740.0,-3056.0,-32768.0,-2581.0,-9873.0,101513.0
388,7020.0,-17048.0,-752.0,-3008.0,-32768.0,-1261.0,-10010.0,101520.0
389,5608.0,-18064.0,-80.0,-3056.0,-32768.0,-401.0,-10149.0,101526.0
390,4612.0,-19328.0,476.0,-3024.0,-32768.0,158.0,-10424.0,101532.0
391,4188.0,-21052.0,748.0,-3040.0,-32768.0,514.0,-10843.0,101538.0
392,4332.0,-22536.0,1172.0,-3040.0,-32768.0,794.0,-11282.0,101544.0
393,4752.0,-23884.0,1300.0,-3056.0,-32768.0,1043.0,-11763.0,101551.0
394,5188.0,-25256.0,1676.0,-3040.0,-32768.0,1180.0,-12276.0,101557.0
395,5392.0,-26792.0,2444.0,-3056.0,-32768.0,1327.0,-12760.0,101563.0
396,5260.0,-27804.0,3188.0,-3024.0,-32768.0,1463.0,-13261.0,101569.0
397,4712.0,-28828.0,3976.0,-3008.0,-32768.0,1429.0,-13997.0,101576.0
398,3624.0,-29736.0,4660.0,-3008.0,-32768.0,907.0,-14814.0,101582.0
399,2112.0,-30900.0,5380.0,-3008.0,-32768.0,-284.0,-15675.0,101588.0
400,692.0,-31948.0,6264.0,-3024.0,-32768.0,-1894.0,-16430.0,101595.0
401,-540.0,-32768.0,7388.0,-3008.0,-32768.0,-3741.0,-17076.0,101601.0
402,-468.0,-32768.0,8472.0,-3024.0,-32768.0,-5273.0,-17486.0,101607.0
403,976.0,-32768.0,9652.0,-3072.0,-32768.0,-5972.0,-17546.0,101613.0
404,2428.0,-32768.0,10692.0,-3024.0,-32768.0,-5697.0,-17129.0,101620.0
405,3680.0,-32768.0,12300.0,-3056.0,-32768.0,-4835.0,-16373.0,101626.0
406,4832.0,-32768.0,14312.0,-3056.0,-32768.0,-3700.0,-15449.0,101633.0
407,5720.0,-32768.0,16508.0,-3056.0,-32755.0,-2565.0,-14553.0,101640.0
408,7172.0,-32768.0,18820.0,-3024.0,-30813.0,-1179.0,-13652.0,101646.0
409,8624.0,-32768.0,20296.0,-3040.0,-28739.0,623.0,-13028.0,101652.0
410,9592.0,-32768.0,22592.0,-3024.0,-26498.0,3003.0,-12579.0,101658.0
411,9164.0,-32768.0,24876.0,-3072.0,-24161.0,6095.0,-12503.0,101665.0
412,7476.0,-32444.0,26564.0,-3056.0,-21804.0,9477.0,-12597.0,101671.0
413,2780.0,-31788.0,28560.0,-3024.0,-19183.0,12601.0,-12556.0,101678.0
414,-3596.0,-31276.0,29892.0,-3056.0,-16145.0,14906.0,-11201.0,101684.0
415,-12004.0,-30224.0,31612.0,-3024.0,-12651.0,15561.0,-8923.0,101691.0
416,-19500.0,-28172.0,32767.0,-3040.0,-8864.0,13909.0,-5813.0,101697.0
417,-22256.0,-24392.0,32600.0,-3008.0,-5305.0,10302.0,-2582.0,101703.0
418,-27868.0,-26888.0,32767.0,-3040.0,-1282.0,4902.0,1710.0,101710.0
419,-16388.0,-28052.0,32767.0,-2992.0,3060.0,1464.0,3033.0,101716.0
420,-19308.0,-27964.0,32767.0,-3024.0,6826.0,-887.0,1421.0,101723.0
421,-19412.0,-27192.0,32336.0,-3072.0,10045.0,-4308.0,1786.0,101729.0
422,-16868.0,-26308.0,30024.0,-3040.0,13168.0,-7995.0,2757.0,101735.0
423,-15120.0,-25136.0,27604.0,-3056.0,15788.0,-10945.0,3865.0,101741.0
424,-12720.0,-23740.0,23892.0,-3024.0,18000.0,-13166.0,5028.0,101748.0
425,-14084.0,-23892.0,20432.0,-3024.0,19816.0,-15195.0,5571.0,101754.0
426,-9520.0,-12996.0,1072.0,-3056.0,19234.0,-17432.0,5987.0,101761.0
427,31028.0,26248.0,-32768.0,-3024.0,-4823.0,-14110.0,-4333.0,101767.0
428,32767.0,-23520.0,-32768.0,-3024.0,-15360.0,-27434.0,-32768.0,101774.0
429,32767.0,-32768.0,-6704.0,-3056.0,23039.0,-32768.0,1059.0,101780.0
430,8328.0,-9844.0,12136.0,-3056.0,16675.0,9897.0,24224.0,101787.0
431,-30988.0,-21008.0,32767.0,-3024.0,16932.0,26548.0,15605.0,101793.0
432,-32768.0,-32768.0,32767.0,-3040.0,17818.0,16644.0,8710.0,101799.0
433,-32768.0,-32768.0,23944.0,-3056.0,17310.0,142.0,4201.0,101806.0
434,-32768.0,-29836.0,-9924.0,-3056.0,15314.0,-10675.0,2115.0,101812.0
435,-4092.0,-11920.0,-17924.0,-3024.0,13792.0,-14476.0,125.0,101818.0
436,24916.0,-5192.0,-764.0,-3040.0,14082.0,-18012.0,-4528.0,101825.0
437,30236.0,-12432.0,10432.0,-3024.0,15539.0,-19020.0,-5613.0,101831.0
438,17136.0,-20876.0,6532.0,-3056.0,14973.0,-11393.0,-306.0,101837.0
439,6468.0,-15880.0,332.0,-2992.0,12709.0,-1317.0,1264.0,101843.0
440,4532.0,-10032.0,-2060.0,-3040.0,11334.0,-1680.0,-364.0,101850.0
441,6192.0,-11392.0,-404.0,-3072.0,11014.0,-6935.0,-1550.0,101856.0
442,5468.0,-16860.0,860.0,-3056.0,11358.0,-7050.0,-261.0,101862.0
443,3460.0,-18664.0,-1068.0,-3040.0,11590.0,-4155.0,1125.0,101868.0
444,4148.0,-17136.0,-1956.0,-3040.0,11527.0,-3506.0,1152.0,101874.0
445,6380.0,-15936.0,-1284.0,-3040.0,11203.0,-4322.0,723.0,101880.0
446,8312.0,-15856.0,-316.0,-3024.0,10722.0,-3564.0,977.0,101886.0
447,8120.0,-16956.0,56.0,-3040.0,10363.0,-1115.0,1088.0,101893.0
448,5944.0,-17032.0,472.0,-3056.0,9888.0,1969.0,1402.0,101899.0
449,3088.0,-16544.0,472.0,-3056.0,9398.0,4686.0,1472.0,101905.0
450,-272.0,-16180.0,24.0,-3040.0,8819.0,6394.0,1048.0,101911.0
451,-2272.0,-16624.0,-288.0,-3040.0,8463.0,6595.0,186.0,101917.0
452,-3312.0,-17736.0,-260.0,-3056.0,8505.0,5671.0,-1009.0,101923.0
453,-3416.0,-18416.0,-620.0,-3040.0,8742.0,4018.0,-2093.0,101929.0
454,-1924.0,-17776.0,-680.0,-3040.0,8914.0,1730.0,-2826.0,101936.0
455,1056.0,-16720.0,-744.0,-3024.0,8815.0,-777.0,-3122.0,101941.0
456,4452.0,-16076.0,-1088.0,-3040.0,8642.0,-2209.0,-3080.0,101947.0
457,6540.0,-15832.0,-964.0,-3056.0,8503.0,-2170.0,-2744.0,101953.0
458,7884.0,-15912.0,-1348.0,-3040.0,8454.0,-999.0,-2412.0,101959.0
459,8932.0,-15268.0,-1668.0,-3056.0,8423.0,532.0,-2127.0,101965.0
460,9636.0,-13988.0,-892.0,-3056.0,8059.0,2129.0,-1710.0,101971.0
461,9548.0,-13524.0,156.0,-3024.0,7388.0,4156.0,-969.0,101978.0
462,9044.0,-13984.0,8.0,-3056.0,6756.0,5895.0,-283.0,101984.0
463,8000.0,-14580.0,-372.0,-3056.0,6394.0,7258.0,341.0,101990.0
464,6360.0,-15260.0,-500.0,-3056.0,6246.0,7948.0,550.0,101996.0
465,5400.0,-15012.0,-228.0,-3040.0,5851.0,7927.0,683.0,102002.0
466,4360.0,-15288.0,120.0,-3040.0,5577.0,7676.0,815.0,102007.0
467,3648.0,-15580.0,-192.0,-3040.0,5318.0,7217.0,864.0,102013.0
468,3224.0,-15544.0,-384.0,-3024.0,5161.0,6459.0,868.0,102020.0
469,3244.0,-15556.0,-348.0,-3056.0,5073.0,5731.0,817.0,102026.0
470,3388.0,-15364.0,-272.0,-3056.0,4976.0,5059.0,729.0,102032.0
471,3964.0,-15388.0,-288.0,-3008.0,4893.0,4368.0,633.0,102038.0
472,4128.0,-15544.0,-252.0,-3040.0,4849.0,3907.0,634.0,102044.0
473,4252.0,-15784.0,-512.0,-3072.0,4821.0,3709.0,698.0,102050.0
474,4216.0,-16104.0,-692.0,-3024.0,4854.0,3798.0,770.0,102055.0
475,4332.0,-16464.0,-684.0,-3024.0,4959.0,4076.0,831.0,102062.0
476,4512.0,-16516.0,-840.0,-3040.0,5091.0,4335.0,887.0,102068.0
477,4692.0,-16336.0,-888.0,-3072.0,5237.0,4459.0,972.0,102074.0
478,4728.0,-15984.0,-968.0,-3024.0,5338.0,4391.0,1049.0,102080.0
479,4664.0,-15808.0,-508.0,-3024.0,5419.0,4187.0,1143.0,102086.0
480,4536.0,-15904.0,-460.0,-3040.0,5546.0,3845.0,1161.0,102092.0
481,4696.0,-15540.0,-308.0,-3024.0,5642.0,3336.0,1174.0,102098.0
482,4828.0,-15420.0,28.0,-3024.0,5633.0,2952.0,1210.0,102105.0
483,4788.0,-15588.0,336.0,-3040.0,5657.0,2769.0,1231.0,102110.0
484,4532.0,-15944.0,616.0,-3040.0,5688.0,2559.0,1242.0,102116.0
485,4500.0,-16132.0,536.0,-3040.0,5731.0,2402.0,1234.0,102122.0
486,4452.0,-16012.0,500.0,-3024.0,5785.0,2228.0,1179.0,102128.0
487,4304.0,-16192.0,608.0,-3056.0,5836.0,2060.0,1206.0,102134.0
488,4216.0,-16320.0,688.0,-3040.0,5947.0,1916.0,1234.0,102140.0
489,4084.0,-16508.0,660.0,-3040.0,6095.0,1895.0,1278.0,102147.0
490,4264.0,-16856.0,840.0,-3040.0,6228.0,1925.0,1314.0,102153.0
491,4508.0,-16792.0,692.0,-3056.0,6307.0,1879.0,1397.0,102158.0
492,4820.0,-16728.0,720.0,-3056.0,6388.0,1989.0,1561.0,102164.0
493,4852.0,-17016.0,928.0,-3040.0,6525.0,2365.0,1657.0,102170.0
494,4908.0,-17008.0,832.0,-3008.0,6672.0,2683.0,1661.0,102176.0
495,4588.0,-17004.0,1104.0,-3040.0,6808.0,2901.0,1679.0,102182.0
496,4664.0,-16860.0,1544.0,-3024.0,6925.0,3043.0,1679.0,102189.0
497,4392.0,-16892.0,1236.0,-3040.0,6998.0,3202.0,1700.0,102195.0
498,4888.0,-16244.0,1520.0,-3056.0,7079.0,3280.0,1545.0,102201.0
499,4640.0,-16412.0,1648.0,-3040.0,7164.0,3252.0,1712.0,102207.0
500,4296.0,-16920.0,1956.0,-3056.0,7254.0,3427.0,1775.0,102213.0
501,4408.0,-17200.0,1920.0,-3040.0,7391.0,3544.0,1707.0,102219.0
502,5068.0,-17460.0,2020.0,-3024.0,7495.0,3736.0,1558.0,102225.0
503,5056.0,-17648.0,2008.0,-3072.0,7605.0,3839.0,1667.0,102231.0
504,4876.0,-17888.0,2104.0,-3056.0,7776.0,4274.0,1749.0,102237.0
505,4740.0,-18520.0,2360.0,-3024.0,8032.0,4745.0,1613.0,102243.0
506,5196.0,-17448.0,1360.0,-3040.0,8189.0,4751.0,1341.0,102249.0
507,4436.0,-17768.0,1544.0,-3024.0,8440.0,4990.0,1735.0,102255.0
508,3664.0,-17768.0,2020.0,-3040.0,8671.0,5455.0,1761.0,102261.0
509,2904.0,-17940.0,2324.0,-3024.0,8988.0,5394.0,1908.0,102267.0
510,2584.0,-17928.0,2448.0,-3040.0,9298.0,5148.0,2111.0,102274.0
511,2448.0,-18168.0,2460.0,-3024.0,9639.0,4803.0,2386.0,102280.0
512,2140.0,-18440.0,2516.0,-3040.0,10010.0,4385.0,2701.0,102286.0
513,1996.0,-18680.0,2832.0,-3056.0,10402.0,4033.0,3130.0,102292.0
514,2064.0,-19100.0,2832.0,-3072.0,10760.0,3714.0,3380.0,102298.0
515,2192.0,-19432.0,2976.0,-3040.0,11213.0,3321.0,3856.0,102304.0
516,2192.0,-19720.0,2916.0,-3024.0,11621.0,3081.0,4250.0,102310.0
517,2408.0,-20060.0,2904.0,-3040.0,12068.0,2891.0,4617.0,102317.0
518,2556.0,-20544.0,2668.0,-3040.0,12566.0,2721.0,5037.0,102323.0
519,2436.0,-20884.0,2620.0,-3056.0,13156.0,2592.0,5411.0,102329.0
520,2384.0,-21020.0,2908.0,-3040.0,13547.0,2537.0,5843.0,102335.0
521,1320.0,-21380.0,4156.0,-3040.0,14118.0,2599.0,6185.0,102341.0
522,4612.0,-21668.0,2644.0,-3056.0,14930.0,2294.0,6767.0,102347.0
523,2116.0,-22056.0,2044.0,-3040.0,15338.0,2707.0,6787.0,102353.0
524,4268.0,-22760.0,2388.0,-3040.0,15913.0,2383.0,7973.0,102360.0
525,4880.0,-22784.0,2392.0,-3056.0,16503.0,2647.0,7900.0,102366.0
526,5760.0,-23596.0,2052.0,-3040.0,17083.0,2870.0,7932.0,102372.0
527,7252.0,-24612.0,1940.0,-3008.0,17774.0,3264.0,8269.0,102378.0
528,8384.0,-25324.0,2116.0,-3056.0,18428.0,4168.0,8565.0,102384.0
529,8740.0,-25964.0,1976.0,-3056.0,19172.0,5412.0,8786.0,102390.0
530,8896.0,-27108.0,3252.0,-3040.0,20057.0,6867.0,9129.0,102396.0
531,8036.0,-28176.0,3476.0,-3024.0,20814.0,8482.0,9759.0,102403.0
532,7920.0,-30116.0,2252.0,-3024.0,21589.0,10258.0,10149.0,102409.0
533,6640.0,-31784.0,2484.0,-3056.0,22114.0,12032.0,11093.0,102415.0
534,7524.0,-32768.0,2244.0,-3024.0,22150.0,12555.0,11834.0,102421.0
535,10372.0,-32768.0,108.0,-3056.0,22111.0,13325.0,11852.0,102427.0
536,14696.0,-32768.0,-6264.0,-3056.0,22277.0,15147.0,10973.0,102433.0
537,16472.0,-32768.0,-12516.0,-3040.0,22971.0,16856.0,10529.0,102439.0
538,16440.0,-32768.0,-16904.0,-3056.0,23206.0,18242.0,11116.0,102446.0
539,16192.0,-32768.0,-20204.0,-3040.0,22800.0,19978.0,11922.0,102453.0
540,15292.0,-32768.0,-22384.0,-3056.0,21988.0,22844.0,12014.0,102459.0
541,10796.0,-30660.0,-22052.0,-3024.0,20714.0,25108.0,11999.0,102465.0
542,5064.0,-28696.0,-17904.0,-3040.0,19497.0,24699.0,12317.0,102471.0
543,668.0,-25768.0,-9944.0,-3040.0,18970.0,22373.0,12366.0,102477.0
544,-4316.0,-23968.0,5380.0,-3072.0,19748.0,17699.0,12599.0,102483.0
545,-7508.0,-23408.0,12480.0,-3056.0,20497.0,11043.0,12409.0,102491.0
546,-9160.0,-23644.0,10788.0,-3024.0,19709.0,3065.0,10906.0,102497.0
547,-7780.0,-23788.0,7308.0,-3024.0,18576.0,-4910.0,8977.0,102503.0
548,-3424.0,-22676.0,4796.0,-3008.0,17706.0,-11887.0,6962.0,102509.0
549,252.0,-21772.0,6896.0,-3040.0,17514.0,-17104.0,5768.0,102515.0
550,3132.0,-21196.0,7112.0,-3056.0,18317.0,-17963.0,5954.0,102521.0
551,5792.0,-18980.0,4264.0,-3056.0,17891.0,-14588.0,6044.0,102528.0
552,8880.0,-15088.0,1368.0,-3056.0,16623.0,-9473.0,5221.0,102534.0
553,11644.0,-7608.0,-5272.0,-3040.0,13368.0,-6220.0,3736.0,102540.0
554,15348.0,-2904.0,-6624.0,-3072.0,9588.0,-3988.0,1691.0,102546.0
555,16236.0,-2312.0,-6732.0,-3056.0,6627.0,519.0,383.0,102552.0
556,13484.0,-3028.0,-7992.0,-3040.0,4002.0,5427.0,242.0,102558.0
557,8336.0,-2940.0,-8448.0,-3056.0,1793.0,8563.0,1122.0,102564.0
558,3956.0,-2432.0,-7920.0,-3024.0,27.0,10115.0,2224.0,102571.0
559,1572.0,-1944.0,-6484.0,-3056.0,-1484.0,10781.0,2864.0,102577.0
560,616.0,-1640.0,-4936.0,-3056.0,-2927.0,11038.0,2694.0,102583.0
561,-432.0,-1480.0,-4324.0,-3040.0,-4272.0,11067.0,2028.0,102589.0
562,-1544.0,-532.0,-4576.0,-3056.0,-5869.0,10967.0,1349.0,102595.0
563,-2288.0,740.0,-5320.0,-3040.0,-7656.0,10137.0,469.0,102601.0
564,-2668.0,1644.0,-5632.0,-3008.0,-9402.0,8362.0,-537.0,102606.0
565,-2976.0,1832.0,-5472.0,-3024.0,-11040.0,6094.0,-1538.0,102612.0
566,-3424.0,1356.0,-4960.0,-3008.0,-12504.0,3759.0,-2332.0,102619.0
567,-3756.0,712.0,-4220.0,-3056.0,-13889.0,1509.0,-2933.0,102625.0
568,-3816.0,208.0,-4164.0,-3056.0,-15282.0,-348.0,-3527.0,102631.0
569,-3168.0,-344.0,-3980.0,-3040.0,-16837.0,-1979.0,-4107.0,102637.0
570,-2500.0,-1024.0,-4712.0,-3056.0,-18345.0,-3228.0,-4748.0,102643.0
571,-1784.0,-1652.0,-5344.0,-3056.0,-19986.0,-4344.0,-5437.0,102649.0
572,-988.0,-2272.0,-5552.0,-3040.0,-21580.0,-5414.0,-5948.0,102656.0
573,-388.0,-3048.0,-5548.0,-3056.0,-22941.0,-6320.0,-6283.0,102662.0
574,-264.0,-4092.0,-5552.0,-3040.0,-24138.0,-7101.0,-6547.0,102668.0
575,-372.0,-4836.0,-4736.0,-3024.0,-25159.0,-7868.0,-6646.0,102674.0
576,-92.0,-5616.0,-4076.0,-3040.0,-26255.0,-8505.0,-6788.0,102680.0
577,316.0,-5888.0,-3784.0,-3088.0,-27452.0,-8983.0,-7123.0,102686.0
578,1000.0,-6632.0,-3816.0,-3040.0,-28795.0,-9265.0,-7591.0,102692.0
579,1764.0,-7524.0,-3872.0,-3024.0,-30021.0,-9374.0,-8059.0,102699.0
580,2228.0,-8772.0,-3452.0,-3024.0,-31129.0,-9371.0,-8487.0,102705.0
581,2616.0,-9872.0,-2936.0,-3040.0,-32112.0,-9260.0,-8813.0,102711.0
582,2888.0,-10892.0,-2604.0,-3088.0,-32768.0,-9009.0,-9079.0,102717.0
583,3328.0,-12232.0,-1920.0,-3056.0,-32768.0,-8711.0,-9245.0,102723.0
584,3900.0,-13348.0,-1008.0,-3056.0,-32768.0,-8207.0,-9311.0,102729.0
585,4196.0,-14420.0,-600.0,-3024.0,-32768.0,-7470.0,-9503.0,102735.0
586,4260.0,-15328.0,88.0,-3024.0,-32768.0,-6740.0,-9689.0,102742.0
587,4048.0,-16500.0,560.0,-3040.0,-32768.0,-6069.0,-9694.0,102748.0
588,3704.0,-17168.0,656.0,-3040.0,-32768.0,-5590.0,-9694.0,102754.0
589,3272.0,-17712.0,1116.0,-3040.0,-32768.0,-5235.0,-9757.0,102760.0
590,3000.0,-18488.0,1284.0,-3024.0,-32768.0,-4905.0,-9837.0,102766.0
591,3288.0,-19608.0,1380.0,-2992.0,-32768.0,-4571.0,-9933.0,102772.0
592,3592.0,-20872.0,1288.0,-3040.0,-32768.0,-4169.0,-10232.0,102778.0
593,3724.0,-21776.0,1552.0,-3024.0,-32768.0,-3698.0,-10693.0,102786.0
594,3852.0,-22728.0,1504.0,-3040.0,-32768.0,-3324.0,-11235.0,102792.0
595,4352.0,-23556.0,1900.0,-3040.0,-32768.0,-2888.0,-11834.0,102798.0
596,4716.0,-25156.0,2252.0,-3056.0,-32768.0,-2342.0,-12331.0,102804.0
597,4968.0,-26288.0,2208.0,-3040.0,-32768.0,-1936.0,-12977.0,102811.0
598,4576.0,-27544.0,2712.0,-3056.0,-32768.0,-1931.0,-13637.0,102817.0
599,3420.0,-28776.0,3772.0,-3024.0,-32768.0,-2465.0,-14253.0,102823.0
600,2092.0,-29556.0,4704.0,-3040.0,-32768.0,-3365.0,-14755.0,102830.0
601,600.0,-30304.0,6048.0,-3056.0,-32768.0,-4509.0,-15204.0,102836.0
602,-148.0,-30900.0,6896.0,-3040.0,-32768.0,-5712.0,-15581.0,102843.0
603,-128.0,-32084.0,7536.0,-3024.0,-32768.0,-6784.0,-16001.0,102849.0
604,752.0,-32768.0,7824.0,-3040.0,-32768.0,-7573.0,-16303.0,102855.0
605,1788.0,-32768.0,8748.0,-3056.0,-32768.0,-8164.0,-16247.0,102861.0
606,2784.0,-32768.0,9808.0,-3040.0,-32768.0,-8497.0,-15906.0,102867.0
607,3788.0,-32768.0,10876.0,-3072.0,-32768.0,-8466.0,-15328.0,102875.0
608,4780.0,-32768.0,12388.0,-2992.0,-32768.0,-8034.0,-14550.0,102881.0
609,5604.0,-32768.0,15132.0,-3072.0,-31174.0,-6995.0,-13739.0,102887.0
610,6324.0,-32768.0,18292.0,-2992.0,-29008.0,-5848.0,-13120.0,102894.0
611,7060.0,-32768.0,22488.0,-3056.0,-26417.0,-4543.0,-12783.0,102900.0
612,7452.0,-32768.0,25488.0,-3056.0,-23729.0,-3020.0,-12878.0,102906.0
613,7388.0,-32536.0,27252.0,-3024.0,-21210.0,-785.0,-12764.0,102914.0
614,6328.0,-31656.0,28692.0,-3024.0,-18566.0,2508.0,-12206.0,102920.0
615,2728.0,-30752.0,30528.0,-3040.0,-15623.0,6350.0,-10795.0,102926.0
616,-2020.0,-29568.0,32148.0,-3024.0,-12275.0,9764.0,-8547.0,102932.0
617,-7988.0,-27716.0,32767.0,-3024.0,-8513.0,12048.0,-5282.0,102938.0
618,-9220.0,-25144.0,32767.0,-3072.0,-4518.0,13100.0,-2468.0,102945.0
619,-19304.0,-26416.0,32767.0,-3024.0,-105.0,11652.0,4298.0,102951.0
620,-12616.0,-27828.0,32767.0,-3040.0,4946.0,10105.0,5080.0,102958.0
621,-18476.0,-26668.0,32767.0,-3040.0,8871.0,7281.0,4203.0,102964.0
622,-19324.0,-26072.0,31284.0,-3072.0,12194.0,2796.0,5083.0,102970.0
623,-17088.0,-25616.0,28292.0,-3056.0,15202.0,-1990.0,5763.0,102976.0
624,-14984.0,-25012.0,26724.0,-3040.0,17530.0,-5786.0,5965.0,102983.0
625,-11448.0,-22552.0,23028.0,-3024.0,19013.0,-8284.0,5700.0,102989.0
626,-11712.0,-12956.0,2876.0,-3024.0,17923.0,-11093.0,4007.0,102995.0
627,21136.0,23080.0,-32768.0,-3072.0,-5962.0,-8888.0,-4741.0,103002.0
628,32767.0,-22952.0,-32768.0,-3024.0,-14949.0,-18817.0,-32768.0,103009.0
629,32767.0,-32768.0,-15400.0,-3056.0,18102.0,-32768.0,-9407.0,103015.0
630,11972.0,-26980.0,5240.0,-3008.0,17691.0,-3418.0,18923.0,103021.0
631,-29424.0,-28516.0,32767.0,-3072.0,17398.0,30765.0,20552.0,103028.0
632,-32768.0,-32768.0,32767.0,-3008.0,17575.0,26386.0,10317.0,103034.0
633,-32768.0,-32768.0,30672.0,-3040.0,18962.0,5492.0,523.0,103041.0
634,-21184.0,-31732.0,-8400.0,-3040.0,18152.0,-7579.0,-248.0,103047.0
635,7532.0,-14532.0,-16696.0,-3008.0,17428.0,-13687.0,993.0,103053.0
636,30512.0,-5400.0,-4132.0,-3040.0,17766.0,-16815.0,1107.0,103060.0
637,27104.0,-5960.0,9044.0,-3056.0,16290.0,-7146.0,478.0,103066.0
638,4228.0,-12392.0,8000.0,-3040.0,13874.0,4196.0,1569.0,103072.0
639,-4728.0,-14216.0,1972.0,-3056.0,12668.0,5040.0,2550.0,103078.0
640,-188.0,-12404.0,-372.0,-3024.0,11604.0,-2284.0,-262.0,103085.0
641,5128.0,-15128.0,456.0,-3040.0,11237.0,-6906.0,-450.0,103091.0
642,7472.0,-19980.0,660.0,-3024.0,11829.0,-4410.0,1229.0,103097.0
643,5472.0,-22292.0,-1092.0,-3024.0,12735.0,-47.0,2380.0,103103.0
644,3704.0,-21440.0,-3316.0,-3024.0,13733.0,1563.0,2615.0,103109.0
645,3744.0,-18316.0,-2720.0,-3072.0,14225.0,942.0,1903.0,103115.0
646,4508.0,-14964.0,-1084.0,-3024.0,13299.0,618.0,1375.0,103121.0
647,4932.0,-13688.0,116.0,-3024.0,12069.0,1589.0,1408.0,103128.0
648,4260.0,-13728.0,884.0,-3040.0,11047.0,3630.0,1567.0,103133.0
649,3124.0,-13292.0,452.0,-3024.0,10057.0,5682.0,1459.0,103139.0
650,1664.0,-13816.0,-776.0,-3072.0,9291.0,6530.0,871.0,103145.0
651,820.0,-14848.0,-1492.0,-3040.0,8996.0,6229.0,192.0,103151.0
652,128.0,-15180.0,-756.0,-3056.0,8612.0,5110.0,-565.0,103157.0
653,-108.0,-15336.0,-336.0,-3088.0,7922.0,3659.0,-981.0,103163.0
654,292.0,-16000.0,-124.0,-2992.0,7332.0,2139.0,-1049.0,103170.0
655,1400.0,-16056.0,-768.0,-3056.0,6977.0,782.0,-1141.0,103176.0
656,2556.0,-15420.0,-1328.0,-3040.0,6680.0,-430.0,-1448.0,103182.0
657,4108.0,-14668.0,-1220.0,-3056.0,6340.0,-1336.0,-1639.0,103188.0
658,6340.0,-14264.0,-980.0,-3040.0,5960.0,-1493.0,-1361.0,103194.0
659,8092.0,-14816.0,-1172.0,-3056.0,5729.0,-560.0,-930.0,103199.0
660,8480.0,-15268.0,-1232.0,-3024.0,5701.0,900.0,-459.0,103205.0
661,7772.0,-15896.0,-1080.0,-3040.0,5859.0,2301.0,-4.0,103212.0
662,6660.0,-16076.0,-1148.0,-3040.0,6107.0,3241.0,316.0,103218.0
663,5664.0,-15692.0,-884.0,-3056.0,6243.0,3701.0,520.0,103224.0
664,4888.0,-15516.0,-660.0,-3056.0,6343.0,3672.0,509.0,103230.0
665,4352.0,-15676.0,-788.0,-3056.0,6461.0,3487.0,410.0,103236.0
666,4184.0,-15960.0,-1120.0,-3024.0,6593.0,3221.0,290.0,103242.0
667,4376.0,-15744.0,-1456.0,-3024.0,6621.0,2913.0,361.0,103248.0
668,4252.0,-15644.0,-1500.0,-3056.0,6461.0,2757.0,486.0,103254.0
669,3996.0,-15996.0,-1364.0,-3072.0,6327.0,2789.0,629.0,103260.0
670,3812.0,-16240.0,-1276.0,-3056.0,6238.0,2817.0,622.0,103266.0
671,3644.0,-16424.0,-916.0,-3072.0,6180.0,2757.0,587.0,103272.0
672,3884.0,-16436.0,-984.0,-3040.0,6160.0,2624.0,529.0,103278.0
673,4064.0,-16408.0,-816.0,-3072.0,6127.0,2517.0,570.0,103284.0
674,4416.0,-16332.0,-696.0,-3088.0,6081.0,2544.0,652.0,103290.0
675,4876.0,-16332.0,-648.0,-3056.0,6145.0,2747.0,737.0,103297.0
676,5088.0,-16368.0,-632.0,-3040.0,6217.0,3005.0,988.0,103303.0
677,5248.0,-16336.0,-884.0,-3040.0,6315.0,3287.0,1150.0,103308.0
678,5084.0,-16036.0,-704.0,-3040.0,6440.0,3471.0,1282.0,103314.0
679,5200.0,-15668.0,-476.0,-3056.0,6468.0,3390.0,1434.0,103320.0
680,4984.0,-15592.0,-80.0,-3056.0,6515.0,3248.0,1554.0,103326.0
681,4792.0,-15648.0,-160.0,-3024.0,6549.0,3117.0,1616.0,103332.0
682,4528.0,-15852.0,108.0,-3040.0,6647.0,2865.0,1587.0,103339.0
683,4508.0,-15668.0,312.0,-3024.0,6652.0,2637.0,1579.0,103345.0
684,4292.0,-15740.0,532.0,-3056.0,6641.0,2546.0,1572.0,103351.0
685,4084.0,-16128.0,824.0,-3040.0,6604.0,2660.0,1592.0,103357.0
686,3920.0,-16244.0,992.0,-3040.0,6552.0,2811.0,1593.0,103362.0
687,3836.0,-16280.0,1224.0,-3072.0,6519.0,2920.0,1608.0,103368.0
688,3768.0,-16296.0,1204.0,-3056.0,6454.0,2914.0,1553.0,103374.0
689,3780.0,-16248.0,1216.0,-3072.0,6405.0,2834.0,1528.0,103380.0
690,3792.0,-16176.0,1248.0,-3024.0,6374.0,2776.0,1495.0,103387.0
691,3836.0,-16224.0,1388.0,-3040.0,6331.0,2711.0,1459.0,103393.0
692,3768.0,-16276.0,1624.0,-3056.0,6249.0,2599.0,1395.0,103399.0
693,3976.0,-16376.0,1724.0,-3056.0,6202.0,2485.0,1287.0,103405.0
694,4108.0,-16472.0,1672.0,-3072.0,6154.0,2516.0,1254.0,103411.0
695,4160.0,-16444.0,1908.0,-3056.0,6060.0,2644.0,1154.0,103417.0
696,4160.0,-16740.0,1784.0,-3040.0,6048.0,2795.0,1163.0,103424.0
697,4076.0,-16760.0,2180.0,-3088.0,5999.0,3086.0,1104.0,103430.0
698,4184.0,-16964.0,2096.0,-3040.0,5978.0,3443.0,1069.0,103436.0
699,4468.0,-16856.0,1616.0,-3088.0,6068.0,3707.0,938.0,103442.0
700,4168.0,-16664.0,2144.0,-3072.0,6099.0,3768.0,1076.0,103447.0
701,4892.0,-16636.0,2096.0,-3072.0,6065.0,3892.0,822.0,103453.0
702,4560.0,-16284.0,2436.0,-3056.0,6003.0,3961.0,1003.0,103459.0
703,4392.0,-16888.0,2600.0,-3088.0,6002.0,4258.0,1136.0,103465.0
704,4012.0,-17020.0,2636.0,-3056.0,5983.0,4582.0,1057.0,103472.0
705,4012.0,-17264.0,2584.0,-3056.0,5988.0,4790.0,1108.0,103478.0
706,3880.0,-17584.0,2624.0,-3072.0,6089.0,5096.0,1205.0,103484.0
707,4308.0,-17800.0,2356.0,-3056.0,6225.0,5392.0,1110.0,103490.0
708,4364.0,-17780.0,2192.0,-3072.0,6461.0,5554.0,1194.0,103496.0
709,4064.0,-17836.0,1580.0,-3056.0,6788.0,5662.0,1398.0,103502.0
710,3308.0,-18084.0,1848.0,-3040.0,7196.0,5801.0,1704.0,103508.0
711,1588.0,-18992.0,1904.0,-3056.0,7692.0,5612.0,2272.0,103515.0
712,3376.0,-17972.0,2208.0,-3056.0,8015.0,5354.0,2144.0,103521.0
713,1648.0,-18600.0,2452.0,-3056.0,8417.0,4867.0,2705.0,103527.0
714,2100.0,-18864.0,2348.0,-3056.0,8854.0,4263.0,3183.0,103532.0
715,1992.0,-18796.0,2500.0,-3040.0,9252.0,3812.0,3338.0,103538.0
716,1872.0,-18868.0,2704.0,-3056.0,9672.0,3236.0,3622.0,103544.0
717,2324.0,-19136.0,2720.0,-3040.0,10086.0,2842.0,4033.0,103550.0
718,2516.0,-19364.0,2988.0,-3088.0,10470.0,2680.0,4464.0,103557.0
719,2768.0,-19500.0,2864.0,-3056.0,10881.0,2506.0,4920.0,103563.0
720,2848.0,-19820.0,3168.0,-3072.0,11264.0,2401.0,5294.0,103569.0
721,2884.0,-19980.0,3012.0,-3024.0,11670.0,2276.0,5648.0,103575.0
722,3044.0,-20176.0,3072.0,-3024.0,12078.0,2153.0,5989.0,103581.0
723,3412.0,-20464.0,2936.0,-3040.0,12500.0,2105.0,6372.0,103587.0
724,3992.0,-20708.0,3020.0,-3024.0,12916.0,2143.0,6699.0,103593.0
725,4552.0,-20964.0,3072.0,-3040.0,13411.0,2346.0,6970.0,103600.0
726,5264.0,-21388.0,2960.0,-3056.0,13662.0,2592.0,7248.0,103606.0
727,6256.0,-21856.0,2732.0,-3056.0,14258.0,2980.0,7489.0,103612.0
728,7240.0,-22208.0,2708.0,-3040.0,14720.0,3513.0,7720.0,103618.0
729,8160.0,-22676.0,2452.0,-3040.0,15206.0,4225.0,7912.0,103624.0
730,8828.0,-23488.0,2552.0,-3056.0,15677.0,5168.0,8144.0,103630.0
731,8300.0,-24452.0,2736.0,-3040.0,16142.0,6306.0,8534.0,103636.0
732,6348.0,-25404.0,4156.0,-3024.0,16539.0,7315.0,9490.0,103643.0
733,5360.0,-28568.0,4900.0,-3024.0,16979.0,7234.0,10454.0,103649.0
734,6280.0,-29892.0,3868.0,-3040.0,17455.0,7637.0,11069.0,103655.0
735,8424.0,-29484.0,2432.0,-3040.0,18253.0,8022.0,11021.0,103661.0
736,10328.0,-28664.0,1436.0,-3072.0,18988.0,8802.0,11120.0,103667.0
737,12708.0,-30120.0,-936.0,-3072.0,19451.0,10233.0,10814.0,103673.0
738,14976.0,-31308.0,-3920.0,-3040.0,19649.0,11757.0,10204.0,103680.0
739,16680.0,-32768.0,-8292.0,-3088.0,19813.0,14255.0,9538.0,103686.0
740,16940.0,-32768.0,-12540.0,-3056.0,20243.0,16896.0,9296.0,103693.0
741,14624.0,-32768.0,-15516.0,-3072.0,20463.0,18739.0,9882.0,103699.0
742,11192.0,-32768.0,-16176.0,-3056.0,20349.0,19777.0,10733.0,103705.0
743,7112.0,-32768.0,-18160.0,-3040.0,19972.0,20112.0,11345.0,103711.0
744,4316.0,-31072.0,-18352.0,-3056.0,19304.0,19671.0,12148.0,103717.0
745,960.0,-28288.0,-19528.0,-3024.0,17927.0,19328.0,13010.0,103724.0
746,-1180.0,-24060.0,-19124.0,-3056.0,16140.0,18180.0,13668.0,103731.0
747,-2856.0,-19244.0,-11936.0,-3024.0,14700.0,15284.0,14434.0,103737.0
748,-2464.0,-17640.0,84.0,-3040.0,14734.0,11149.0,15079.0,103743.0
749,-1616.0,-17616.0,6728.0,-3056.0,14382.0,6355.0,14961.0,103749.0
750,-2232.0,-19844.0,7188.0,-3056.0,12782.0,186.0,13647.0,103755.0
751,-3408.0,-23704.0,7244.0,-3056.0,11612.0,-7142.0,11811.0,103761.0
752,-3964.0,-26488.0,8252.0,-3056.0,11831.0,-14389.0,10376.0,103768.0
753,-2200.0,-28400.0,9056.0,-3088.0,12776.0,-19447.0,9063.0,103774.0
754,724.0,-28408.0,7644.0,-3088.0,14587.0,-21119.0,7911.0,103780.0
755,3616.0,-23812.0,4092.0,-3024.0,15242.0,-19693.0,7497.0,103786.0
756,6644.0,-17400.0,1896.0,-3024.0,14513.0,-16026.0,7074.0,103792.0
757,8732.0,-10476.0,-2284.0,-3056.0,12312.0,-12005.0,6616.0,103798.0
758,11504.0,-4576.0,-4680.0,-3056.0,9056.0,-9064.0,5746.0,103805.0
759,12800.0,-4500.0,-5340.0,-3072.0,6069.0,-5661.0,4711.0,103812.0
760,12024.0,-5720.0,-6640.0,-3024.0,3795.0,-1592.0,4103.0,103817.0
761,10432.0,-5212.0,-8916.0,-3056.0,1857.0,1829.0,3999.0,103823.0
762,9028.0,-2956.0,-9952.0,-3040.0,-110.0,4186.0,3633.0,103829.0
763,5084.0,-1840.0,-9464.0,-3072.0,-2153.0,5261.0,4255.0,103835.0
764,5564.0,-2512.0,-8804.0,-3056.0,-3149.0,6025.0,4365.0,103841.0
765,3520.0,-1204.0,-6956.0,-3056.0,-4539.0,5777.0,2079.0,103847.0
766,104.0,-796.0,-4748.0,-3088.0,-6089.0,4266.0,1967.0,103854.0
767,-164.0,-596.0,-4348.0,-3088.0,-7737.0,3046.0,2174.0,103860.0
768,-116.0,-136.0,-4772.0,-3056.0,-9659.0,2147.0,815.0,103866.0
769,-1104.0,-180.0,-5060.0,-3040.0,-11520.0,810.0,-1070.0,103872.0
770,-1648.0,-56.0,-5288.0,-3056.0,-13269.0,-1278.0,-2317.0,103877.0
771,-784.0,-68.0,-5196.0,-3056.0,-14880.0,-3477.0,-3410.0,103883.0
772,152.0,-500.0,-4908.0,-3024.0,-16461.0,-5255.0,-4544.0,103889.0
773,724.0,-980.0,-4868.0,-3040.0,-18040.0,-6307.0,-5375.0,103896.0
774,1464.0,-1532.0,-4848.0,-3040.0,-19556.0,-6700.0,-5907.0,103902.0
775,1784.0,-2120.0,-4848.0,-3072.0,-21104.0,-6621.0,-6206.0,103908.0
776,2444.0,-2364.0,-5368.0,-3056.0,-22735.0,-6243.0,-6535.0,103914.0
777,3032.0,-2476.0,-5968.0,-3072.0,-24537.0,-5712.0,-6967.0,103920.0
778,3272.0,-3164.0,-6604.0,-3056.0,-26177.0,-5385.0,-7404.0,103926.0
779,3200.0,-4408.0,-6692.0,-3056.0,-27629.0,-5077.0,-7668.0,103932.0
780,2824.0,-5504.0,-6460.0,-3056.0,-28860.0,-4779.0,-7950.0,103939.0
781,2444.0,-6408.0,-5788.0,-3040.0,-29965.0,-4779.0,-8340.0,103945.0
782,2144.0,-7332.0,-5224.0,-3056.0,-31085.0,-4906.0,-8862.0,103951.0
783,2340.0,-8548.0,-4348.0,-3056.0,-32272.0,-5122.0,-9453.0,103957.0
784,3312.0,-9976.0,-3352.0,-3040.0,-32768.0,-5139.0,-10098.0,103963.0
785,4264.0,-11420.0,-2892.0,-3040.0,-32768.0,-4742.0,-10803.0,103969.0
786,4972.0,-13020.0,-2132.0,-3040.0,-32768.0,-4239.0,-11364.0,103975.0
787,5536.0,-14476.0,-1788.0,-3040.0,-32768.0,-3627.0,-11797.0,103982.0
788,5756.0,-16032.0,-1708.0,-3040.0,-32768.0,-2678.0,-12152.0,103988.0
789,5292.0,-16644.0,-1464.0,-3040.0,-32768.0,-1630.0,-12520.0,103995.0
790,4964.0,-17768.0,-1584.0,-3008.0,-32768.0,-701.0,-12600.0,104001.0
791,4456.0,-18664.0,-1548.0,-3056.0,-32768.0,282.0,-13596.0,104007.0
792,3204.0,-20340.0,-1200.0,-3040.0,-32768.0,562.0,-14337.0,104013.0
793,2116.0,-22636.0,-544.0,-3072.0,-32768.0,121.0,-14609.0,104019.0
794,1844.0,-24356.0,104.0,-3040.0,-32768.0,-655.0,-14513.0,104026.0
795,2020.0,-25344.0,868.0,-3008.0,-32768.0,-1152.0,-14609.0,104032.0
796,2420.0,-26472.0,1324.0,-3088.0,-32768.0,-1306.0,-14889.0,104039.0
797,2740.0,-27892.0,1436.0,-3072.0,-32768.0,-1324.0,-15412.0,104045.0
798,2648.0,-29220.0,1840.0,-3056.0,-32768.0,-1342.0,-15993.0,104051.0
799,1652.0,-30456.0,2628.0,-3072.0,-32768.0,-1643.0,-16485.0,104057.0
800,492.0,-31552.0,4032.0,-3104.0,-32768.0,-2293.0,-16919.0,104065.0
801,-756.0,-32496.0,5292.0,-3072.0,-32768.0,-3396.0,-17369.0,104071.0
802,-1732.0,-32768.0,7016.0,-3056.0,-32768.0,-4740.0,-17790.0,104077.0
803,-1616.0,-32768.0,8540.0,-3056.0,-32768.0,-5973.0,-17955.0,104083.0
804,-864.0,-32768.0,10208.0,-3056.0,-32768.0,-6829.0,-17863.0,104089.0
805,-264.0,-32768.0,11568.0,-3056.0,-32768.0,-7199.0,-17425.0,104096.0
806,584.0,-32768.0,12836.0,-3056.0,-32768.0,-7314.0,-16850.0,104102.0
807,1160.0,-32768.0,14324.0,-3040.0,-32768.0,-7420.0,-16083.0,104109.0
808,1676.0,-32768.0,16120.0,-3104.0,-31397.0,-7362.0,-14939.0,104116.0
809,2776.0,-32768.0,18016.0,-3040.0,-29278.0,-6745.0,-13540.0,104122.0
810,4388.0,-32768.0,20108.0,-3040.0,-26943.0,-5650.0,-12069.0,104128.0
811,5520.0,-32768.0,22560.0,-3040.0,-24364.0,-3850.0,-10885.0,104135.0
812,5852.0,-32312.0,25616.0,-3072.0,-21840.0,-1219.0,-10096.0,104141.0
813,5464.0,-30788.0,27692.0,-3072.0,-19401.0,2191.0,-9749.0,104147.0
814,3412.0,-30256.0,29512.0,-3040.0,-16840.0,5524.0,-9352.0,104154.0
815,-932.0,-30112.0,31236.0,-3056.0,-13894.0,8335.0,-8317.0,104160.0
816,-5736.0,-29436.0,32548.0,-3056.0,-10621.0,10048.0,-6523.0,104167.0
817,-10564.0,-28336.0,32767.0,-3088.0,-6880.0,10705.0,-3954.0,104173.0
818,-15904.0,-29048.0,32767.0,-3056.0,-2704.0,10285.0,-1389.0,104179.0
819,-21708.0,-27800.0,32767.0,-3024.0,1190.0,7931.0,534.0,104186.0
820,-16292.0,-26464.0,32767.0,-3056.0,4844.0,5333.0,5519.0,104193.0
821,-16220.0,-25656.0,31300.0,-3056.0,8497.0,2524.0,4763.0,104199.0
822,-18356.0,-24132.0,30408.0,-3056.0,11318.0,-389.0,4382.0,104205.0
823,-16808.0,-23944.0,27944.0,-3056.0,13835.0,-4141.0,5230.0,104211.0
824,-13468.0,-22672.0,24924.0,-3040.0,16025.0,-7317.0,5663.0,104217.0
825,-11280.0,-22016.0,21892.0,-3024.0,17724.0,-9508.0,6183.0,104223.0
826,-7316.0,-17876.0,13696.0,-3040.0,18417.0,-10776.0,6427.0,104229.0
827,8768.0,-2340.0,-28156.0,-3072.0,11374.0,-9615.0,3055.0,104237.0
828,32767.0,9316.0,-32768.0,-3056.0,-10535.0,-7748.0,-16299.0,104243.0
829,32767.0,-32768.0,-32768.0,-3056.0,-2843.0,-25317.0,-29237.0,104249.0
830,21768.0,-32768.0,-8572.0,-3056.0,18774.0,-17463.0,13137.0,104256.0
831,-14824.0,-25972.0,18428.0,-3024.0,18995.0,27059.0,25316.0,104262.0
832,-32768.0,-26848.0,32767.0,-3040.0,17386.0,32767.0,19003.0,104268.0
833,-32768.0,-32768.0,32767.0,-3072.0,18718.0,17741.0,6300.0,104274.0
834,-29636.0,-32768.0,19848.0,-3040.0,20128.0,-7969.0,-2365.0,104282.0
835,-6380.0,-19684.0,-9292.0,-3040.0,18496.0,-22019.0,-4598.0,104288.0
836,16904.0,-6424.0,-10652.0,-3056.0,16805.0,-26036.0,-1450.0,104294.0
837,26916.0,-7488.0,6832.0,-3056.0,16709.0,-18054.0,1654.0,104301.0
838,15544.0,-15924.0,11948.0,-3056.0,15982.0,-4233.0,3251.0,104307.0
839,2616.0,-21452.0,4624.0,-3072.0,15103.0,3700.0,3228.0,104313.0
840,1000.0,-20164.0,-800.0,-3056.0,15014.0,1501.0,1553.0,104320.0
841,4764.0,-16944.0,-2856.0,-3056.0,15018.0,-3663.0,649.0,104326.0
842,8884.0,-16840.0,-772.0,-3072.0,15210.0,-3868.0,2307.0,104332.0
843,10600.0,-16760.0,40.0,-3056.0,15108.0,1929.0,3230.0,104338.0
844,6620.0,-15592.0,548.0,-3072.0,14425.0,8084.0,3072.0,104344.0
845,344.0,-14824.0,1672.0,-3088.0,13289.0,10323.0,2313.0,104350.0
846,-2156.0,-14656.0,328.0,-3056.0,12376.0,8438.0,1079.0,104356.0
847,524.0,-13864.0,-1412.0,-3040.0,11621.0,5475.0,427.0,104363.0
848,3376.0,-13784.0,-444.0,-3088.0,11056.0,3792.0,586.0,104369.0
849,4292.0,-14784.0,320.0,-3072.0,10634.0,4361.0,1162.0,104375.0
850,3988.0,-15212.0,568.0,-3056.0,9998.0,5961.0,1046.0,104381.0
851,2656.0,-14476.0,656.0,-3040.0,8995.0,6787.0,305.0,104386.0
852,1672.0,-14600.0,404.0,-3040.0,8305.0,6423.0,-23.0,104392.0
853,1136.0,-14956.0,0.0,-3072.0,7884.0,5445.0,-128.0,104398.0
854,536.0,-15460.0,-292.0,-3056.0,7535.0,4371.0,-394.0,104404.0
855,668.0,-15504.0,-148.0,-3056.0,7286.0,2909.0,-724.0,104411.0
856,1932.0,-15404.0,336.0,-3056.0,6996.0,1693.0,-1079.0,104417.0
857,3812.0,-15324.0,156.0,-3072.0,6785.0,1013.0,-1239.0,104423.0
858,5908.0,-15056.0,68.0,-3072.0,6574.0,976.0,-1101.0,104428.0
859,7088.0,-14736.0,164.0,-3072.0,6321.0,1588.0,-750.0,104434.0
860,6972.0,-14808.0,12.0,-3056.0,6060.0,2519.0,-324.0,104440.0
861,6164.0,-15000.0,112.0,-3088.0,5816.0,3393.0,31.0,104446.0
862,5108.0,-15112.0,120.0,-3040.0,5519.0,3929.0,215.0,104453.0
863,4308.0,-15292.0,84.0,-3056.0,5240.0,4089.0,262.0,104459.0
864,3724.0,-15700.0,-64.0,-3072.0,5019.0,3877.0,332.0,104464.0
865,3332.0,-15852.0,48.0,-3104.0,4793.0,3435.0,323.0,104470.0
866,3208.0,-15744.0,128.0,-3056.0,4590.0,2914.0,250.0,104476.0
867,2996.0,-15872.0,180.0,-3056.0,4427.0,2400.0,154.0,104482.0
868,2892.0,-16132.0,280.0,-3088.0,4305.0,2024.0,65.0,104488.0
869,2924.0,-16400.0,220.0,-3056.0,4207.0,1783.0,-71.0,104494.0
870,3036.0,-16388.0,300.0,-3040.0,4130.0,1588.0,-179.0,104500.0
871,3176.0,-16424.0,192.0,-3040.0,4075.0,1496.0,-296.0,104506.0
872,3316.0,-16384.0,408.0,-3040.0,4056.0,1478.0,-395.0,104512.0
873,3480.0,-16244.0,680.0,-3088.0,4022.0,1463.0,-458.0,104518.0
874,3864.0,-16052.0,604.0,-3024.0,3943.0,1328.0,-438.0,104524.0
875,4392.0,-15860.0,956.0,-3056.0,3826.0,1237.0,-378.0,104529.0
876,4916.0,-15716.0,808.0,-3056.0,3753.0,1289.0,-292.0,104536.0
877,5328.0,-15832.0,808.0,-3088.0,3700.0,1504.0,-187.0,104542.0
878,5440.0,-15916.0,688.0,-3056.0,3668.0,1792.0,-55.0,104548.0
879,5400.0,-15928.0,836.0,-3056.0,3632.0,2165.0,91.0,104554.0
880,5184.0,-16144.0,584.0,-3056.0,3710.0,2527.0,226.0,104560.0
881,4976.0,-16156.0,608.0,-3056.0,3763.0,2841.0,363.0,104565.0
882,4652.0,-16076.0,772.0,-3040.0,3811.0,2993.0,455.0,104571.0
883,4476.0,-15948.0,880.0,-3072.0,3872.0,3021.0,495.0,104578.0
884,4348.0,-15832.0,904.0,-3056.0,3946.0,2882.0,521.0,104584.0
885,4196.0,-15868.0,1048.0,-3088.0,4037.0,2642.0,577.0,104590.0
886,4152.0,-16040.0,1204.0,-3088.0,4044.0,2501.0,608.0,104596.0
887,3952.0,-16360.0,1500.0,-3056.0,4119.0,2379.0,682.0,104601.0
888,3788.0,-16736.0,1432.0,-3040.0,4210.0,2311.0,756.0,104607.0
889,3928.0,-16784.0,884.0,-3040.0,4387.0,2255.0,848.0,104613.0
890,4416.0,-16624.0,692.0,-3072.0,4562.0,2222.0,919.0,104620.0
891,5016.0,-16824.0,556.0,-3072.0,4745.0,2206.0,957.0,104626.0
892,5528.0,-16748.0,660.0,-3040.0,4947.0,2268.0,1048.0,104632.0
893,5452.0,-16664.0,596.0,-3072.0,5131.0,2479.0,1205.0,104638.0
894,5248.0,-16768.0,952.0,-3056.0,5308.0,2832.0,1354.0,104644.0
895,4912.0,-16692.0,1200.0,-3088.0,5494.0,3050.0,1451.0,104649.0
896,4600.0,-16596.0,1288.0,-3040.0,5648.0,3093.0,1525.0,104655.0
897,4584.0,-16680.0,1500.0,-3056.0,5808.0,3147.0,1549.0,104662.0
898,5076.0,-17004.0,1468.0,-3088.0,6014.0,3239.0,1539.0,104668.0
899,4916.0,-16704.0,1100.0,-3040.0,6163.0,3162.0,1702.0,104674.0
900,4644.0,-16744.0,1584.0,-3056.0,6314.0,3239.0,1932.0,104680.0
901,3968.0,-16920.0,2084.0,-3040.0,6455.0,3356.0,1948.0,104686.0
902,3820.0,-17152.0,2120.0,-3056.0,6576.0,3151.0,2061.0,104692.0
903,3864.0,-17268.0,1940.0,-3040.0,6719.0,3222.0,2095.0,104698.0
904,3888.0,-17528.0,2032.0,-3056.0,6848.0,3421.0,2149.0,104705.0
905,4088.0,-17624.0,2164.0,-3040.0,7031.0,3596.0,2153.0,104711.0
906,4120.0,-17612.0,2104.0,-3072.0,7222.0,3817.0,2163.0,104717.0
907,4112.0,-17648.0,2016.0,-3056.0,7420.0,4036.0,2168.0,104723.0
908,3612.0,-17508.0,1636.0,-3072.0,7683.0,4250.0,2324.0,104729.0
909,2944.0,-17760.0,2084.0,-3056.0,7965.0,4459.0,2579.0,104734.0
910,2408.0,-18136.0,2592.0,-3040.0,8286.0,4401.0,2843.0,104740.0
911,2140.0,-18404.0,2544.0,-3056.0,8619.0,4067.0,3210.0,104747.0
912,2060.0,-18552.0,2464.0,-3088.0,8987.0,3680.0,3568.0,104753.0
913,2076.0,-18752.0,2232.0,-3072.0,9398.0,3342.0,3963.0,104759.0
914,2140.0,-18832.0,2264.0,-3056.0,9789.0,2925.0,4248.0,104765.0
915,1840.0,-18836.0,2432.0,-3040.0,10205.0,2508.0,4605.0,104771.0
916,1408.0,-19024.0,2864.0,-3088.0,10604.0,2144.0,4909.0,104777.0
917,1012.0,-19344.0,2904.0,-3072.0,10958.0,1705.0,5249.0,104783.0
918,676.0,-19452.0,3508.0,-3040.0,11368.0,1264.0,5584.0,104790.0
919,312.0,-18872.0,3400.0,-3024.0,11610.0,855.0,5394.0,104796.0
920,1480.0,-19896.0,3260.0,-3088.0,12209.0,138.0,6789.0,104802.0
921,92.0,-19408.0,3556.0,-3072.0,12416.0,411.0,6356.0,104808.0
922,1820.0,-20032.0,3344.0,-3072.0,12832.0,-14.0,7147.0,104814.0
923,2280.0,-20468.0,3240.0,-3072.0,13280.0,-136.0,7348.0,104820.0
924,3580.0,-20740.0,3204.0,-3056.0,13559.0,-301.0,7697.0,104825.0
925,5388.0,-21232.0,3044.0,-3072.0,13977.0,-263.0,7960.0,104832.0
926,6864.0,-21848.0,2744.0,-3056.0,14394.0,129.0,8156.0,104838.0
927,7944.0,-22904.0,2852.0,-3072.0,14799.0,797.0,8503.0,104844.0
928,7132.0,-23412.0,3236.0,-3056.0,15193.0,1980.0,9149.0,104850.0
929,5344.0,-24836.0,4424.0,-3072.0,15383.0,2807.0,10110.0,104856.0
930,5316.0,-26980.0,4636.0,-3072.0,15665.0,2608.0,10976.0,104862.0
931,6372.0,-27596.0,4016.0,-3088.0,16207.0,2814.0,11334.0,104868.0
932,6908.0,-27364.0,2892.0,-3056.0,16748.0,3668.0,11525.0,104875.0
933,7276.0,-28140.0,2420.0,-3056.0,17410.0,4544.0,11865.0,104881.0
934,7056.0,-29676.0,2216.0,-3072.0,18068.0,5793.0,12316.0,104887.0
935,7220.0,-31248.0,1140.0,-3072.0,18768.0,6865.0,12586.0,104893.0
936,7868.0,-32184.0,-824.0,-3072.0,19448.0,7708.0,12665.0,104899.0
937,8936.0,-32628.0,-3868.0,-3056.0,19875.0,8247.0,12277.0,104905.0
938,10700.0,-32768.0,-7356.0,-3056.0,19926.0,8785.0,11491.0,104912.0
939,12456.0,-32768.0,-11480.0,-3024.0,20020.0,10259.0,10932.0,104919.0
940,13092.0,-32768.0,-14252.0,-3072.0,20414.0,11588.0,11312.0,104925.0
941,11124.0,-32768.0,-15876.0,-3072.0,20309.0,12803.0,12152.0,104931.0
942,8296.0,-32768.0,-16732.0,-3056.0,19764.0,13193.0,13000.0,104937.0
943,5652.0,-30536.0,-17956.0,-3056.0,18922.0,12948.0,13713.0,104943.0
944,3064.0,-27008.0,-17492.0,-3040.0,17803.0,11554.0,14125.0,104950.0
945,1276.0,-23104.0,-14784.0,-3056.0,16475.0,9246.0,14292.0,104956.0
946,2340.0,-21304.0,-4820.0,-3088.0,16132.0,6281.0,13846.0,104963.0
947,2440.0,-19992.0,6144.0,-3056.0,16971.0,1500.0,15665.0,104969.0
948,-2572.0,-18952.0,8536.0,-3024.0,16291.0,-2549.0,11392.0,104975.0
949,-5100.0,-21200.0,6296.0,-3056.0,14722.0,-8511.0,12257.0,104981.0
950,-592.0,-22472.0,4920.0,-3056.0,13181.0,-13215.0,11302.0,104987.0
951,2264.0,-24980.0,6164.0,-3056.0,13274.0,-15566.0,9515.0,104993.0
952,4608.0,-26240.0,6636.0,-3056.0,14727.0,-15779.0,8216.0,104999.0
953,6544.0,-24584.0,3828.0,-3024.0,15499.0,-13955.0,7496.0,105006.0
954,8468.0,-20416.0,1868.0,-3088.0,15207.0,-11011.0,7463.0,105012.0
955,10528.0,-13336.0,-1504.0,-3056.0,14009.0,-7116.0,7421.0,105018.0
956,12352.0,-6928.0,-4312.0,-3056.0,11277.0,-3809.0,7014.0,105025.0
957,14120.0,-4476.0,-5212.0,-3040.0,8416.0,-560.0,5881.0,105031.0
958,13732.0,-4916.0,-6116.0,-3056.0,6035.0,3302.0,4757.0,105037.0
959,11160.0,-4800.0,-8464.0,-3072.0,3903.0,6423.0,4152.0,105042.0
960,8048.0,-3444.0,-9912.0,-3056.0,1850.0,8077.0,3845.0,105049.0
961,5588.0,-2248.0,-9472.0,-3072.0,-55.0,8472.0,3606.0,105055.0
962,3700.0,-2420.0,-8304.0,-3072.0,-1515.0,8215.0,3006.0,105061.0
963,2400.0,-2768.0,-6180.0,-3056.0,-2783.0,7823.0,2825.0,105067.0
964,2040.0,-2892.0,-4752.0,-3040.0,-4033.0,7735.0,2508.0,105073.0
965,940.0,-2564.0,-4392.0,-3056.0,-5613.0,7666.0,1382.0,105079.0
966,-144.0,-2188.0,-4512.0,-3024.0,-7321.0,6821.0,463.0,105085.0
967,-964.0,-1532.0,-4508.0,-3024.0,-9126.0,5339.0,-667.0,105092.0
968,-396.0,-1616.0,-4908.0,-3056.0,-10541.0,3638.0,-1420.0,105098.0
969,-596.0,-1096.0,-4700.0,-3072.0,-12184.0,1869.0,-3212.0,105104.0
970,-1140.0,-1120.0,-4920.0,-3056.0,-13664.0,-129.0,-3837.0,105110.0
971,-1404.0,-1108.0,-4648.0,-3072.0,-15234.0,-1756.0,-4616.0,105115.0
972,-1504.0,-1792.0,-4044.0,-3024.0,-16643.0,-3246.0,-5175.0,105121.0
973,-1308.0,-2432.0,-4096.0,-3088.0,-18161.0,-4451.0,-5752.0,105127.0
974,-836.0,-2524.0,-4452.0,-3072.0,-19736.0,-5443.0,-6278.0,105134.0
975,-188.0,-3028.0,-4996.0,-3056.0,-21306.0,-6287.0,-6866.0,105140.0
976,320.0,-3444.0,-5368.0,-3072.0,-22910.0,-7146.0,-7483.0,105146.0
977,724.0,-3876.0,-5372.0,-3088.0,-24389.0,-7983.0,-8061.0,105152.0
978,1024.0,-4292.0,-5708.0,-3072.0,-25861.0,-8587.0,-8447.0,105158.0
979,1172.0,-4808.0,-5728.0,-3056.0,-27308.0,-9108.0,-8745.0,105164.0
980,1376.0,-5844.0,-5824.0,-3056.0,-28729.0,-9463.0,-8982.0,105170.0
981,1952.0,-6792.0,-5632.0,-3072.0,-30079.0,-9630.0,-9190.0,105177.0
982,2956.0,-7844.0,-5460.0,-3072.0,-31355.0,-9495.0,-9473.0,105183.0
983,4116.0,-9064.0,-4972.0,-3056.0,-32499.0,-9135.0,-9795.0,105189.0
984,5232.0,-10364.0,-4772.0,-3072.0,-32768.0,-8532.0,-10067.0,105195.0
985,6344.0,-12008.0,-4160.0,-3040.0,-32768.0,-7563.0,-10355.0,105201.0
986,7096.0,-13256.0,-3504.0,-3040.0,-32768.0,-6269.0,-10633.0,105207.0
987,7908.0,-14592.0,-3056.0,-3056.0,-32768.0,-4818.0,-10942.0,105214.0
988,8172.0,-15816.0,-2852.0,-3056.0,-32768.0,-3038.0,-11226.0,105221.0
989,7856.0,-16656.0,-2960.0,-3088.0,-32768.0,-1103.0,-11560.0,105227.0
990,6836.0,-17352.0,-2820.0,-3056.0,-32768.0,492.0,-11895.0,105233.0
991,6060.0,-18512.0,-2580.0,-3056.0,-32768.0,1685.0,-12288.0,105240.0
992,5532.0,-20208.0,-2408.0,-3056.0,-32768.0,2592.0,-12690.0,105246.0
993,5360.0,-22220.0,-1816.0,-3072.0,-32768.0,3485.0,-13075.0,105252.0
994,5508.0,-24136.0,-1424.0,-3056.0,-32768.0,4449.0,-13545.0,105259.0
995,5796.0,-26160.0,-1212.0,-3072.0,-32768.0,5368.0,-14067.0,105266.0
996,5676.0,-27980.0,-728.0,-3088.0,-32768.0,6207.0,-14587.0,105272.0
997,5452.0,-29504.0,-164.0,-3072.0,-32768.0,6806.0,-15206.0,105278.0
998,4244.0,-31220.0,1012.0,-3056.0,-32768.0,7027.0,-15940.0,105284.0
999,2436.0,-32528.0,2496.0,-3056.0,-32768.0,6745.0,-16710.0,105290.0
1000,324.0,-32768.0,4388.0,-3072.0,-32768.0,5625.0,-17540.0,105296.0
1001,-1764.0,-32768.0,6316.0,-3056.0,-32768.0,3961.0,-18261.0,105303.0
1002,-3372.0,-32768.0,8680.0,-3056.0,-32768.0,1841.0,-18855.0,105310.0
1003,-3852.0,-32768.0,10060.0,-3040.0,-32768.0,-355.0,-19243.0,105316.0
1004,-3492.0,-32768.0,11428.0,-3040.0,-32768.0,-2470.0,-19339.0,105322.0
1005,-2748.0,-32768.0,12188.0,-3088.0,-32768.0,-4120.0,-18984.0,105329.0
1006,-2412.0,-32768.0,13788.0,-3056.0,-32768.0,-5222.0,-18129.0,105335.0
1007,-2532.0,-32768.0,15440.0,-3088.0,-31896.0,-5801.0,-16677.0,105341.0
1008,-2116.0,-32768.0,17388.0,-3040.0,-29923.0,-5659.0,-14893.0,105349.0
1009,-1520.0,-32768.0,19912.0,-3056.0,-27573.0,-5409.0,-13146.0,105355.0
1010,-1516.0,-32768.0,22740.0,-3072.0,-24896.0,-5064.0,-11575.0,105361.0
1011,-1364.0,-32768.0,25860.0,-3072.0,-22265.0,-4677.0,-10488.0,105368.0
1012,1284.0,-30868.0,29148.0,-3056.0,-19433.0,-4064.0,-10815.0,105374.0
1013,-596.0,-31072.0,31924.0,-3056.0,-16781.0,-3342.0,-6861.0,105381.0
1014,3260.0,-31236.0,32767.0,-3072.0,-13557.0,-583.0,-8163.0,105388.0
1015,-2952.0,-29836.0,32767.0,-3056.0,-10221.0,2442.0,-7879.0,105394.0
1016,-5188.0,-28580.0,32767.0,-3072.0,-6612.0,4661.0,-5612.0,105400.0
1017,-8048.0,-27912.0,32767.0,-3072.0,-2679.0,5981.0,-3104.0,105406.0
1018,-11504.0,-27188.0,32767.0,-3056.0,1634.0,6209.0,-247.0,105412.0
1019,-14528.0,-26848.0,32767.0,-3088.0,5722.0,5344.0,2433.0,105418.0
1020,-16024.0,-25608.0,32368.0,-3056.0,9324.0,3345.0,4446.0,105425.0
1021,-15836.0,-23888.0,30116.0,-3024.0,12415.0,902.0,5765.0,105432.0
1022,-15452.0,-22968.0,28048.0,-3088.0,14526.0,-1640.0,6415.0,105438.0
1023,-12536.0,-22632.0,23532.0,-3072.0,16358.0,-3666.0,6477.0,105444.0
1024,-9520.0,-17624.0,14888.0,-3056.0,16586.0,-5333.0,5577.0,105450.0
1025,17264.0,6448.0,-32768.0,-3056.0,4550.0,-4978.0,-266.0,105456.0
1026,32767.0,-12416.0,-32768.0,-3072.0,-8273.0,-8351.0,-20637.0,105462.0
1027,32767.0,-32768.0,-32768.0,-3056.0,7201.0,-21325.0,-11866.0,105469.0
1028,5040.0,-32768.0,4712.0,-3040.0,20734.0,-5273.0,18113.0,105476.0
1029,-27128.0,-31428.0,21368.0,-3040.0,20964.0,25683.0,23334.0,105482.0
1030,-32768.0,-25492.0,32767.0,-3056.0,18345.0,25898.0,13716.0,105488.0
1031,-24976.0,-31976.0,29472.0,-3056.0,19282.0,1477.0,516.0,105495.0
1032,-15412.0,-32768.0,10920.0,-3088.0,20875.0,-20348.0,-3222.0,105501.0
1033,5964.0,-15192.0,-8132.0,-3072.0,19988.0,-26573.0,-413.0,105507.0
1034,21108.0,-3964.0,-5272.0,-3072.0,17815.0,-22126.0,2050.0,105513.0
1035,22144.0,-5536.0,8136.0,-3056.0,15144.0,-11760.0,1160.0,105520.0
1036,10828.0,-17568.0,8596.0,-3088.0,14714.0,-3393.0,2412.0,105527.0
1037,3456.0,-22804.0,4856.0,-3056.0,15100.0,523.0,3305.0,105533.0
1038,2980.0,-20816.0,-36.0,-3040.0,15029.0,172.0,2394.0,105539.0
1039,5148.0,-18444.0,-2120.0,-3040.0,14888.0,-1473.0,2177.0,105544.0
1040,9016.0,-17560.0,-836.0,-3072.0,15028.0,34.0,3045.0,105550.0
1041,8352.0,-16176.0,400.0,-3072.0,14658.0,4897.0,3549.0,105556.0
1042,2540.0,-15144.0,1560.0,-3056.0,13573.0,9516.0,3548.0,105563.0
1043,-2764.0,-14844.0,1164.0,-3056.0,12407.0,10033.0,2560.0,105569.0
1044,-3748.0,-14716.0,-376.0,-3056.0,11559.0,7426.0,1022.0,105575.0
1045,-1248.0,-14156.0,-1200.0,-3072.0,10940.0,4360.0,59.0,105581.0
1046,1656.0,-14248.0,-600.0,-3088.0,10480.0,2978.0,31.0,105587.0
1047,3800.0,-15096.0,52.0,-3088.0,10111.0,3445.0,219.0,105593.0
1048,3840.0,-15112.0,368.0,-3056.0,9411.0,4871.0,25.0,105600.0
1049,2972.0,-14480.0,608.0,-3088.0,8521.0,5594.0,-381.0,105606.0
1050,2020.0,-14392.0,428.0,-3072.0,7832.0,5264.0,-599.0,105612.0
1051,1916.0,-14760.0,68.0,-3040.0,7329.0,4312.0,-718.0,105618.0
1052,1912.0,-15364.0,-156.0,-3072.0,6935.0,3283.0,-892.0,105623.0
1053,2444.0,-15620.0,24.0,-3056.0,6731.0,2308.0,-1158.0,105629.0
1054,3756.0,-15536.0,-300.0,-3056.0,6582.0,1649.0,-1307.0,105635.0
1055,5140.0,-15156.0,-224.0,-3104.0,6385.0,1502.0,-1265.0,105641.0
1056,6352.0,-14828.0,-148.0,-3072.0,6138.0,1936.0,-1008.0,105648.0
1057,7056.0,-14736.0,-48.0,-3088.0,5849.0,2668.0,-684.0,105654.0
1058,6944.0,-14820.0,-240.0,-3088.0,5568.0,3598.0,-336.0,105660.0
1059,5992.0,-14940.0,-208.0,-3088.0,5270.0,4434.0,24.0,105666.0
1060,4848.0,-15424.0,-156.0,-3056.0,4963.0,4959.0,227.0,105671.0
1061,3900.0,-15660.0,-296.0,-3040.0,4730.0,5021.0,316.0,105677.0
1062,3456.0,-15772.0,-256.0,-3072.0,4499.0,4711.0,278.0,105683.0
1063,3148.0,-15952.0,-296.0,-3040.0,4312.0,4251.0,276.0,105690.0
1064,3056.0,-16224.0,-68.0,-3056.0,4129.0,3802.0,244.0,105696.0
1065,2976.0,-16260.0,-176.0,-3040.0,3979.0,3452.0,153.0,105702.0
1066,2932.0,-16252.0,-32.0,-3088.0,3868.0,3183.0,46.0,105708.0
1067,3060.0,-16272.0,-24.0,-3040.0,3786.0,2882.0,-56.0,105713.0
1068,3208.0,-16396.0,88.0,-3056.0,3730.0,2618.0,-136.0,105719.0
1069,3328.0,-16212.0,152.0,-3056.0,3691.0,2554.0,-198.0,105725.0
1070,3684.0,-16076.0,388.0,-3024.0,3651.0,2553.0,-238.0,105732.0
1071,3884.0,-15960.0,336.0,-3088.0,3590.0,2575.0,-247.0,105738.0
1072,4300.0,-15868.0,312.0,-3056.0,3523.0,2568.0,-225.0,105743.0
1073,4344.0,-15976.0,320.0,-3056.0,3483.0,2489.0,-214.0,105749.0
1074,4396.0,-16040.0,320.0,-3040.0,3441.0,2395.0,-147.0,105755.0
1075,4588.0,-15952.0,364.0,-3040.0,3454.0,2280.0,-11.0,105761.0
1076,4928.0,-15484.0,536.0,-3040.0,3362.0,2340.0,258.0,105767.0
1077,4744.0,-16284.0,312.0,-3040.0,3505.0,2474.0,195.0,105774.0
1078,4652.0,-15924.0,176.0,-3040.0,3571.0,2475.0,344.0,105779.0
1079,4852.0,-15928.0,320.0,-3056.0,3670.0,2423.0,433.0,105785.0
1080,5060.0,-15876.0,260.0,-3072.0,3773.0,2405.0,530.0,105791.0
1081,5080.0,-15944.0,280.0,-3072.0,3885.0,2400.0,645.0,105797.0
1082,4848.0,-15756.0,368.0,-3072.0,3986.0,2399.0,750.0,105803.0
1083,4508.0,-15988.0,808.0,-3072.0,4055.0,2370.0,866.0,105809.0
1084,4200.0,-16272.0,764.0,-3040.0,4139.0,2324.0,956.0,105816.0
1085,3976.0,-16320.0,788.0,-3072.0,4232.0,2285.0,1068.0,105821.0
1086,3812.0,-16332.0,756.0,-3040.0,4334.0,2195.0,1152.0,105827.0
1087,3952.0,-16432.0,808.0,-3056.0,4458.0,1954.0,1229.0,105833.0
1088,4336.0,-16388.0,612.0,-3088.0,4576.0,1805.0,1274.0,105839.0
1089,4444.0,-16488.0,696.0,-3072.0,4734.0,1751.0,1351.0,105845.0
1090,4572.0,-16452.0,600.0,-3072.0,4876.0,1798.0,1462.0,105851.0
1091,4472.0,-16176.0,704.0,-3072.0,5040.0,1878.0,1590.0,105858.0
1092,4304.0,-16280.0,848.0,-3088.0,5205.0,1918.0,1653.0,105863.0
1093,4208.0,-16368.0,968.0,-3088.0,5366.0,1911.0,1699.0,105869.0
1094,4180.0,-16404.0,1212.0,-3056.0,5511.0,1870.0,1740.0,105875.0
1095,3996.0,-16748.0,824.0,-3104.0,5700.0,1904.0,1826.0,105881.0
1096,4292.0,-15888.0,1332.0,-3056.0,5722.0,1989.0,2046.0,105887.0
1097,4072.0,-16540.0,1396.0,-3024.0,5912.0,2189.0,1997.0,105893.0
1098,2416.0,-16056.0,1572.0,-3072.0,6020.0,1861.0,1832.0,105900.0
1099,2728.0,-16320.0,1888.0,-3056.0,6112.0,1166.0,1897.0,105906.0
1100,3632.0,-16324.0,2092.0,-3072.0,6171.0,896.0,1945.0,105912.0
1101,4172.0,-16424.0,2092.0,-3104.0,6257.0,975.0,2121.0,105918.0
1102,4668.0,-16728.0,2100.0,-3056.0,6335.0,1327.0,2200.0,105924.0
1103,5152.0,-16932.0,1928.0,-3072.0,6437.0,1781.0,2216.0,105929.0
1104,4880.0,-16748.0,1672.0,-3072.0,6571.0,2140.0,2563.0,105935.0
1105,4076.0,-17148.0,1504.0,-3056.0,6806.0,2575.0,2673.0,105942.0
1106,3084.0,-17216.0,1696.0,-3072.0,7084.0,2811.0,2727.0,105948.0
1107,2792.0,-17652.0,1920.0,-3056.0,7437.0,2753.0,2886.0,105954.0
1108,2544.0,-18244.0,1788.0,-3072.0,7841.0,2693.0,3054.0,105960.0
1109,2564.0,-18280.0,1828.0,-3072.0,8208.0,2503.0,3285.0,105966.0
1110,2628.0,-18372.0,1840.0,-3088.0,8599.0,2168.0,3494.0,105972.0
1111,2748.0,-18392.0,2176.0,-3040.0,8969.0,1797.0,3722.0,105978.0
1112,2068.0,-18696.0,3200.0,-3056.0,9357.0,1571.0,4013.0,105985.0
1113,5192.0,-17272.0,2376.0,-3040.0,9649.0,1394.0,3996.0,105991.0
1114,2788.0,-18492.0,2476.0,-3088.0,10021.0,1249.0,4659.0,105997.0
1115,4048.0,-18484.0,2632.0,-3056.0,10404.0,950.0,4930.0,106003.0
1116,2864.0,-18556.0,2680.0,-3056.0,10739.0,811.0,4975.0,106009.0
1117,2904.0,-19036.0,3332.0,-3072.0,11127.0,661.0,5168.0,106015.0
1118,1952.0,-19240.0,3312.0,-3072.0,11448.0,633.0,5642.0,106021.0
1119,968.0,-19380.0,3256.0,-3056.0,11793.0,641.0,6148.0,106027.0
1120,472.0,-19916.0,3460.0,-3040.0,12194.0,398.0,6643.0,106033.0
1121,976.0,-20580.0,3416.0,-3040.0,12617.0,64.0,7121.0,106039.0
1122,2204.0,-21176.0,2872.0,-3072.0,13040.0,-89.0,7425.0,106045.0
1123,3856.0,-21664.0,2716.0,-3056.0,13578.0,-183.0,7650.0,106051.0
1124,5112.0,-22564.0,2724.0,-3104.0,14069.0,-48.0,7753.0,106057.0
1125,6536.0,-23268.0,2652.0,-3040.0,14503.0,272.0,7902.0,106063.0
1126,7644.0,-23644.0,2192.0,-3088.0,14962.0,1000.0,8134.0,106070.0
1127,8308.0,-24492.0,2524.0,-3072.0,15502.0,2022.0,8387.0,106076.0
1128,7616.0,-25308.0,2864.0,-3040.0,15974.0,3332.0,8866.0,106082.0
1129,5956.0,-26624.0,4280.0,-3088.0,16415.0,4358.0,9780.0,106088.0
1130,4944.0,-28868.0,4236.0,-3072.0,16688.0,4441.0,10794.0,106094.0
1131,6488.0,-29688.0,2904.0,-3104.0,17145.0,4545.0,11377.0,106100.0
1132,8520.0,-29352.0,1596.0,-3024.0,17873.0,5005.0,11334.0,106106.0
1133,10432.0,-29768.0,3004.0,-3056.0,18758.0,5693.0,11195.0,106113.0
1134,11028.0,-31392.0,2040.0,-3056.0,19388.0,7238.0,11403.0,106119.0
1135,11484.0,-32768.0,744.0,-3088.0,20172.0,9099.0,11176.0,106125.0
1136,11280.0,-32768.0,-1096.0,-3056.0,20882.0,10551.0,10985.0,106131.0
1137,11016.0,-32768.0,-3868.0,-3056.0,20998.0,11953.0,10655.0,106137.0
1138,10940.0,-32768.0,-7744.0,-3040.0,21017.0,13739.0,10255.0,106143.0
1139,10312.0,-32768.0,-11904.0,-3088.0,21152.0,14988.0,10446.0,106149.0
1140,9508.0,-32768.0,-15356.0,-3072.0,20993.0,15484.0,11099.0,106157.0
1141,8672.0,-32768.0,-17420.0,-3024.0,20376.0,16050.0,11611.0,106163.0
1142,6944.0,-30460.0,-19348.0,-3056.0,19385.0,16328.0,12115.0,106169.0
1143,4812.0,-25396.0,-20204.0,-3104.0,17858.0,15156.0,12637.0,106175.0
1144,3136.0,-20880.0,-19804.0,-3088.0,15600.0,13589.0,12901.0,106181.0
1145,1356.0,-16632.0,-17860.0,-3056.0,13213.0,11711.0,13125.0,106188.0
1146,1468.0,-15192.0,-5760.0,-3088.0,12296.0,8595.0,13185.0,106194.0
1147,1528.0,-15044.0,5108.0,-3040.0,12864.0,4760.0,12681.0,106201.0
1148,684.0,-15948.0,10220.0,-3072.0,13230.0,660.0,11887.0,106207.0
1149,-860.0,-18080.0,10280.0,-3088.0,12851.0,-3254.0,10823.0,106213.0
1150,-2052.0,-21700.0,10716.0,-3072.0,12515.0,-6718.0,9803.0,106219.0
1151,-1468.0,-24176.0,9876.0,-3072.0,13149.0,-8975.0,9096.0,106225.0
1152,872.0,-23380.0,6820.0,-3056.0,13593.0,-9909.0,7920.0,106231.0
1153,4104.0,-20828.0,4276.0,-3040.0,13887.0,-8958.0,6513.0,106237.0
1154,7832.0,-12348.0,-1936.0,-3040.0,12355.0,-6633.0,5578.0,106244.0
1155,10972.0,-5716.0,-4832.0,-3072.0,9025.0,-3712.0,4448.0,106250.0
1156,12140.0,-3932.0,-5880.0,-3056.0,5855.0,-262.0,3180.0,106256.0
1157,10456.0,-4248.0,-7604.0,-3040.0,3300.0,2989.0,2565.0,106262.0
1158,7932.0,-3444.0,-9560.0,-3056.0,1177.0,4733.0,2662.0,106268.0
1159,5724.0,-2368.0,-9692.0,-3056.0,-647.0,5439.0,3030.0,106274.0
1160,3996.0,-2380.0,-8268.0,-3040.0,-2088.0,5994.0,3366.0,106280.0
1161,2264.0,-3020.0,-6444.0,-3024.0,-3100.0,6338.0,3423.0,106287.0
1162,724.0,-3136.0,-5716.0,-3056.0,-4047.0,6467.0,3252.0,106293.0
1163,-464.0,-2876.0,-4980.0,-3072.0,-5313.0,6126.0,2834.0,106299.0
1164,-1016.0,-2492.0,-4532.0,-3088.0,-6747.0,5142.0,2016.0,106304.0
1165,-1572.0,-1928.0,-4064.0,-3040.0,-8213.0,3327.0,782.0,106310.0
1166,-2000.0,-1588.0,-3884.0,-3040.0,-9602.0,888.0,-456.0,106316.0
1167,-2064.0,-1276.0,-3508.0,-3072.0,-11060.0,-1659.0,-1540.0,106322.0
1168,-1928.0,-1256.0,-3420.0,-3072.0,-12606.0,-4176.0,-2593.0,106329.0
1169,-1324.0,-1196.0,-3192.0,-3056.0,-14193.0,-6304.0,-3441.0,106335.0
1170,-436.0,-1288.0,-3492.0,-3072.0,-15912.0,-7869.0,-4086.0,106341.0
1171,820.0,-1716.0,-3772.0,-3056.0,-17616.0,-8892.0,-4632.0,106347.0
1172,1936.0,-2396.0,-4040.0,-3072.0,-19287.0,-9432.0,-5024.0,106353.0
1173,2528.0,-2984.0,-4220.0,-3056.0,-20785.0,-9737.0,-5280.0,106359.0
1174,2732.0,-3772.0,-4172.0,-3056.0,-22181.0,-9883.0,-5465.0,106365.0
1175,2576.0,-4588.0,-4104.0,-3008.0,-23433.0,-10073.0,-5747.0,106372.0
1176,2064.0,-5340.0,-3956.0,-3072.0,-24604.0,-10466.0,-6075.0,106378.0
1177,1716.0,-6100.0,-3648.0,-3056.0,-25714.0,-10983.0,-6367.0,106384.0
1178,1704.0,-7236.0,-2896.0,-3056.0,-26793.0,-11624.0,-6577.0,106390.0
1179,2312.0,-8188.0,-2304.0,-3088.0,-27816.0,-12189.0,-6769.0,106396.0
1180,3468.0,-9156.0,-1844.0,-3056.0,-28860.0,-12208.0,-7060.0,106402.0
1181,4712.0,-10244.0,-1652.0,-3072.0,-29878.0,-12128.0,-7396.0,106408.0
1182,5948.0,-11456.0,-1144.0,-3040.0,-30773.0,-11929.0,-7676.0,106415.0
1183,6752.0,-12532.0,-700.0,-3072.0,-31593.0,-11040.0,-7892.0,106421.0
1184,7220.0,-13720.0,-216.0,-3040.0,-32250.0,-10030.0,-7977.0,106427.0
1185,7208.0,-14616.0,544.0,-3056.0,-32768.0,-8976.0,-8062.0,106434.0
1186,6392.0,-15748.0,1436.0,-3056.0,-32768.0,-8174.0,-8126.0,106440.0
1187,5740.0,-16536.0,1584.0,-3056.0,-32768.0,-7561.0,-8261.0,106446.0
1188,5284.0,-17344.0,1872.0,-3072.0,-32768.0,-7305.0,-8455.0,106452.0
1189,5084.0,-18396.0,2416.0,-3056.0,-32768.0,-7270.0,-8679.0,106459.0
1190,5536.0,-19276.0,2688.0,-3056.0,-32768.0,-7048.0,-8923.0,106465.0
1191,6264.0,-20320.0,2996.0,-3040.0,-32768.0,-6543.0,-9243.0,106471.0
1192,7276.0,-21588.0,3080.0,-3040.0,-32768.0,-5818.0,-9517.0,106478.0
1193,7620.0,-22752.0,3272.0,-3088.0,-32768.0,-5004.0,-9888.0,106484.0
1194,7720.0,-23748.0,3704.0,-3088.0,-32768.0,-4294.0,-10348.0,106490.0
1195,7508.0,-24984.0,4324.0,-3024.0,-32768.0,-3666.0,-10860.0,106497.0
1196,7116.0,-25600.0,4724.0,-3104.0,-32768.0,-3247.0,-11458.0,106503.0
1197,6744.0,-26468.0,5520.0,-3056.0,-32768.0,-3077.0,-12135.0,106509.0
1198,6300.0,-27324.0,6136.0,-3040.0,-32768.0,-3241.0,-12814.0,106516.0
1199,5552.0,-27920.0,6688.0,-3088.0,-32768.0,-3692.0,-13576.0,106522.0
1200,4728.0,-28748.0,7520.0,-3056.0,-32768.0,-4553.0,-14299.0,106528.0
1201,3788.0,-29444.0,7992.0,-3040.0,-32768.0,-5603.0,-14991.0,106534.0
1202,3292.0,-30232.0,8488.0,-3024.0,-32768.0,-6737.0,-15656.0,106542.0
1203,3452.0,-30688.0,9404.0,-3072.0,-32512.0,-7530.0,-16177.0,106548.0
1204,5176.0,-30368.0,9524.0,-3072.0,-31850.0,-7263.0,-16352.0,106554.0
1205,7564.0,-30636.0,9524.0,-3056.0,-31103.0,-5844.0,-16059.0,106560.0
1206,8764.0,-30688.0,9828.0,-3072.0,-30056.0,-3569.0,-15384.0,106567.0
1207,8840.0,-30308.0,10524.0,-3056.0,-28927.0,-684.0,-14584.0,106573.0
1208,8324.0,-29608.0,11960.0,-3072.0,-27728.0,2000.0,-13930.0,106579.0
1209,8164.0,-28828.0,12672.0,-3072.0,-26394.0,4338.0,-13357.0,106586.0
1210,7948.0,-28724.0,14480.0,-3056.0,-24932.0,6358.0,-12838.0,106592.0
1211,7824.0,-28704.0,15628.0,-3040.0,-23377.0,8310.0,-12457.0,106599.0
1212,7480.0,-29112.0,16752.0,-3056.0,-21679.0,10438.0,-12446.0,106605.0
1213,6312.0,-29636.0,18580.0,-3024.0,-19686.0,12668.0,-12350.0,106611.0
1214,3472.0,-29712.0,19568.0,-3088.0,-17510.0,15052.0,-11657.0,106617.0
1215,-1692.0,-28704.0,20300.0,-3024.0,-15186.0,17257.0,-10376.0,106625.0
1216,-7184.0,-25500.0,19456.0,-3056.0,-12928.0,18466.0,-8687.0,106631.0
1217,-15092.0,-25680.0,23040.0,-3072.0,-10193.0,17521.0,-4579.0,106637.0
1218,-13576.0,-25356.0,23100.0,-3072.0,-6906.0,16305.0,-3904.0,106644.0
1219,-20324.0,-24276.0,24772.0,-3040.0,-4014.0,13671.0,-3807.0,106650.0
1220,-21072.0,-24640.0,26184.0,-3040.0,-1264.0,9718.0,-1978.0,106657.0
1221,-16972.0,-24776.0,25392.0,-3056.0,1696.0,6006.0,-788.0,106663.0
1222,-17364.0,-25600.0,24272.0,-3056.0,4638.0,2552.0,66.0,106670.0
1223,-12936.0,-24544.0,22816.0,-3072.0,7326.0,-114.0,1328.0,106676.0
1224,-13136.0,-23420.0,21468.0,-3088.0,9559.0,-2419.0,1427.0,106682.0
1225,-13316.0,-22304.0,19780.0,-3040.0,11548.0,-4895.0,2243.0,106688.0
1226,-12820.0,-21528.0,17856.0,-3056.0,13190.0,-7363.0,2841.0,106694.0
1227,-12212.0,-21084.0,15940.0,-3040.0,14544.0,-9719.0,3561.0,106700.0
1228,-10004.0,-20480.0,13544.0,-3040.0,15691.0,-11524.0,4178.0,106707.0
1229,-8836.0,-17508.0,8256.0,-3056.0,16062.0,-13109.0,4581.0,106714.0
1230,-2088.0,-4512.0,-26228.0,-3040.0,11071.0,-14306.0,3804.0,106720.0
1231,32767.0,12428.0,-32768.0,-3056.0,-10438.0,-12266.0,-9961.0,106726.0
1232,32767.0,-32768.0,-32768.0,-3104.0,-7810.0,-22102.0,-26500.0,106733.0
1233,22488.0,-32768.0,-17884.0,-3056.0,13031.0,-27264.0,5284.0,106739.0
1234,2356.0,-27040.0,8072.0,-3056.0,13793.0,5656.0,18300.0,106745.0
1235,-32768.0,-32200.0,32767.0,-3056.0,14284.0,25836.0,15338.0,106752.0
1236,-32768.0,-32768.0,32767.0,-3040.0,16824.0,17357.0,7832.0,106759.0
1237,-29552.0,-32768.0,25284.0,-3072.0,17706.0,-1537.0,-1326.0,106765.0
1238,-11728.0,-25028.0,-4244.0,-3056.0,14880.0,-16038.0,-5631.0,106771.0
1239,14136.0,-13316.0,-11628.0,-3072.0,13551.0,-22978.0,-5533.0,106778.0
1240,24392.0,-11476.0,3332.0,-3056.0,14638.0,-19371.0,-2553.0,106784.0
1241,12808.0,-13564.0,8172.0,-3040.0,13899.0,-7261.0,-26.0,106790.0
1242,2144.0,-13696.0,2520.0,-3088.0,11868.0,-2418.0,1331.0,106797.0
1243,4756.0,-13160.0,-3224.0,-3056.0,10529.0,-5669.0,406.0,106803.0
1244,10416.0,-13940.0,-2148.0,-3056.0,10665.0,-10252.0,-1381.0,106809.0
1245,11396.0,-14768.0,-1176.0,-3056.0,10837.0,-9515.0,162.0,106815.0
1246,11328.0,-14292.0,-1564.0,-3088.0,10315.0,-5172.0,2255.0,106822.0
1247,10364.0,-15492.0,-1676.0,-3088.0,10068.0,-1144.0,2814.0,106828.0
1248,6892.0,-17612.0,-1592.0,-3040.0,10377.0,1575.0,2277.0,106834.0
1249,3492.0,-17052.0,-1496.0,-3072.0,10396.0,3217.0,1395.0,106841.0
1250,2332.0,-15620.0,-1380.0,-3088.0,9829.0,3863.0,928.0,106847.0
1251,2640.0,-15524.0,-940.0,-3040.0,9248.0,4013.0,969.0,106853.0
1252,2640.0,-15648.0,-396.0,-3088.0,8800.0,4352.0,1085.0,106859.0
1253,2380.0,-15664.0,-144.0,-3024.0,8336.0,4891.0,733.0,106865.0
1254,1520.0,-15812.0,-180.0,-3056.0,7954.0,4970.0,-17.0,106870.0
1255,692.0,-16076.0,-832.0,-3088.0,7774.0,4136.0,-708.0,106876.0
1256,788.0,-16080.0,-1288.0,-3056.0,7778.0,2496.0,-1278.0,106883.0
1257,1016.0,-16348.0,-988.0,-3072.0,7867.0,782.0,-1865.0,106889.0
1258,956.0,-16316.0,-408.0,-3056.0,7737.0,-466.0,-2280.0,106895.0
1259,1852.0,-15880.0,-36.0,-3024.0,7416.0,-1513.0,-2521.0,106901.0
1260,3788.0,-15484.0,-360.0,-3024.0,7052.0,-2415.0,-2591.0,106907.0
1261,5944.0,-15484.0,-888.0,-3072.0,6846.0,-2597.0,-2552.0,106913.0
1262,7800.0,-15408.0,-892.0,-3088.0,6750.0,-1744.0,-2348.0,106919.0
1263,8820.0,-15092.0,-612.0,-3072.0,6518.0,-9.0,-2061.0,106925.0
1264,8820.0,-14884.0,-792.0,-3040.0,6265.0,1990.0,-1619.0,106931.0
1265,8204.0,-14628.0,-980.0,-3056.0,5924.0,3804.0,-1067.0,106937.0
1266,7176.0,-14380.0,-1052.0,-3056.0,5608.0,4978.0,-692.0,106943.0
1267,5804.0,-14560.0,-1128.0,-3072.0,5327.0,5106.0,-514.0,106949.0
1268,4888.0,-14596.0,-1056.0,-3056.0,5023.0,4387.0,-351.0,106955.0
1269,4836.0,-14904.0,-1204.0,-3056.0,4730.0,3343.0,-286.0,106961.0
1270,5348.0,-15136.0,-1124.0,-3056.0,4512.0,2222.0,-109.0,106968.0
1271,5988.0,-15204.0,-1080.0,-3088.0,4271.0,1562.0,113.0,106974.0
1272,6364.0,-15200.0,-936.0,-3072.0,4007.0,1591.0,362.0,106980.0
1273,6556.0,-15236.0,-788.0,-3088.0,3809.0,2024.0,666.0,106986.0
1274,6448.0,-15508.0,-740.0,-3088.0,3661.0,2652.0,856.0,106991.0
1275,5968.0,-15796.0,-916.0,-3056.0,3601.0,3230.0,1009.0,106997.0
1276,5480.0,-16068.0,-868.0,-3040.0,3598.0,3613.0,1134.0,107003.0
1277,5248.0,-16052.0,-772.0,-3088.0,3612.0,3780.0,1205.0,107010.0
1278,5156.0,-16212.0,-888.0,-3072.0,3656.0,3873.0,1320.0,107016.0
1279,5324.0,-16260.0,-1036.0,-3072.0,3751.0,3949.0,1406.0,107022.0
1280,5396.0,-16300.0,-1036.0,-3056.0,3817.0,4088.0,1456.0,107028.0
1281,5408.0,-16000.0,-940.0,-3056.0,3912.0,4191.0,1502.0,107034.0
1282,5288.0,-16040.0,-820.0,-3056.0,4038.0,4206.0,1559.0,107040.0
1283,5300.0,-15944.0,-944.0,-3040.0,4184.0,4257.0,1584.0,107046.0
1284,5364.0,-15772.0,-788.0,-3088.0,4268.0,4237.0,1646.0,107053.0
1285,5336.0,-15696.0,-392.0,-3040.0,4370.0,4212.0,1651.0,107059.0
1286,5196.0,-15680.0,-300.0,-3040.0,4436.0,4177.0,1693.0,107065.0
1287,5080.0,-15640.0,-216.0,-3088.0,4497.0,4064.0,1734.0,107071.0
1288,5032.0,-15840.0,-136.0,-3040.0,4549.0,3917.0,1737.0,107076.0
1289,4848.0,-15820.0,164.0,-3088.0,4576.0,3761.0,1742.0,107082.0
1290,4700.0,-15696.0,280.0,-3088.0,4569.0,3599.0,1794.0,107088.0
1291,4612.0,-15592.0,488.0,-3024.0,4583.0,3492.0,1812.0,107095.0
1292,4620.0,-15924.0,372.0,-3040.0,4621.0,3371.0,1795.0,107101.0
1293,4416.0,-15920.0,444.0,-3040.0,4642.0,3164.0,1813.0,107107.0
1294,4532.0,-16064.0,520.0,-3088.0,4641.0,3019.0,1781.0,107113.0
1295,4476.0,-16148.0,620.0,-3056.0,4663.0,2955.0,1788.0,107119.0
1296,4280.0,-16332.0,404.0,-3072.0,4731.0,3001.0,1768.0,107125.0
1297,4256.0,-16156.0,632.0,-3040.0,4793.0,3074.0,1776.0,107130.0
1298,4200.0,-16156.0,896.0,-3056.0,4810.0,3062.0,1659.0,107137.0
1299,4224.0,-15876.0,868.0,-3056.0,4836.0,2914.0,1598.0,107143.0
1300,4204.0,-15884.0,1212.0,-3056.0,4855.0,2785.0,1619.0,107149.0
1301,4288.0,-15784.0,1208.0,-3072.0,4843.0,2726.0,1582.0,107155.0
1302,4244.0,-15848.0,1496.0,-3088.0,4871.0,2706.0,1557.0,107161.0
1303,4436.0,-15636.0,1396.0,-3072.0,4899.0,2680.0,1480.0,107167.0
1304,4552.0,-15568.0,1436.0,-3072.0,4915.0,2640.0,1419.0,107173.0
1305,4668.0,-15708.0,1484.0,-3056.0,4941.0,2623.0,1411.0,107180.0
1306,4524.0,-15840.0,1528.0,-3008.0,5008.0,2755.0,1402.0,107186.0
1307,4536.0,-16044.0,1448.0,-3088.0,5057.0,2937.0,1374.0,107192.0
1308,4344.0,-16284.0,1352.0,-3072.0,5169.0,3106.0,1341.0,107198.0
1309,4412.0,-16424.0,1328.0,-3056.0,5344.0,3275.0,1335.0,107204.0
1310,4228.0,-16452.0,1340.0,-3040.0,5483.0,3339.0,1356.0,107209.0
1311,4268.0,-16476.0,1176.0,-3056.0,5683.0,3304.0,1479.0,107215.0
1312,4484.0,-16528.0,1092.0,-3056.0,5916.0,3197.0,1472.0,107222.0
1313,4816.0,-16588.0,1280.0,-3072.0,6189.0,3002.0,1589.0,107228.0
1314,4992.0,-16444.0,992.0,-3056.0,6367.0,2827.0,1365.0,107234.0
1315,6480.0,-17704.0,700.0,-3088.0,6905.0,2782.0,2438.0,107240.0
1316,6524.0,-16424.0,776.0,-3056.0,7048.0,3706.0,1674.0,107246.0
1317,5608.0,-16552.0,860.0,-3072.0,7320.0,3362.0,2283.0,107252.0
1318,5492.0,-16700.0,1452.0,-3040.0,7628.0,3220.0,2815.0,107258.0
1319,5128.0,-16432.0,1796.0,-3088.0,7898.0,3381.0,3077.0,107265.0
1320,4580.0,-16564.0,1844.0,-3040.0,8183.0,3274.0,3315.0,107271.0
1321,4072.0,-16732.0,2176.0,-3056.0,8484.0,3028.0,3618.0,107277.0
1322,3884.0,-16812.0,2188.0,-3072.0,8768.0,2737.0,3736.0,107282.0
1323,3748.0,-17084.0,2540.0,-3056.0,9024.0,2431.0,3891.0,107288.0
1324,3856.0,-17416.0,2828.0,-3056.0,9281.0,2133.0,4119.0,107294.0
1325,3852.0,-17488.0,2808.0,-3072.0,9538.0,2030.0,4358.0,107300.0
1326,3956.0,-17716.0,2932.0,-3088.0,9771.0,2002.0,4626.0,107307.0
1327,4004.0,-17804.0,3056.0,-3072.0,10034.0,2010.0,4839.0,107313.0
1328,4212.0,-18092.0,3044.0,-3024.0,10257.0,2066.0,4995.0,107319.0
1329,4672.0,-18228.0,3276.0,-3056.0,10492.0,2040.0,5201.0,107325.0
1330,5224.0,-18652.0,3184.0,-3072.0,10705.0,2079.0,5370.0,107331.0
1331,5712.0,-19084.0,3308.0,-3056.0,10939.0,2247.0,5617.0,107337.0
1332,6128.0,-20048.0,3652.0,-3040.0,11209.0,2668.0,5890.0,107343.0
1333,6092.0,-20924.0,3684.0,-3056.0,11449.0,3243.0,6257.0,107350.0
1334,4700.0,-21684.0,4340.0,-3088.0,11597.0,3821.0,7042.0,107356.0
1335,4584.0,-23556.0,4932.0,-3040.0,11733.0,3639.0,7691.0,107362.0
1336,5448.0,-25060.0,3992.0,-3056.0,11988.0,3408.0,7894.0,107368.0
1337,6792.0,-25100.0,2380.0,-3056.0,12401.0,3704.0,7707.0,107374.0
1338,6944.0,-25044.0,1956.0,-3072.0,12870.0,4405.0,7611.0,107380.0
1339,6140.0,-25616.0,2880.0,-3088.0,13245.0,5448.0,7790.0,107386.0
1340,4612.0,-26380.0,3524.0,-3040.0,13769.0,6533.0,8161.0,107393.0
1341,3140.0,-26952.0,2648.0,-3072.0,14402.0,7282.0,8633.0,107399.0
1342,1880.0,-27348.0,2080.0,-3056.0,14962.0,7474.0,8944.0,107405.0
1343,1684.0,-28012.0,2064.0,-3072.0,15577.0,7178.0,9182.0,107411.0
1344,2620.0,-28744.0,1392.0,-3024.0,16236.0,6771.0,9215.0,107417.0
1345,4396.0,-29164.0,868.0,-3056.0,16975.0,6539.0,9008.0,107423.0
1346,6512.0,-29696.0,1120.0,-3056.0,17706.0,6654.0,8627.0,107429.0
1347,8736.0,-30448.0,2284.0,-3024.0,18429.0,7155.0,8265.0,107436.0
1348,10228.0,-31888.0,932.0,-3040.0,18927.0,8657.0,7976.0,107442.0
1349,11080.0,-32768.0,-1500.0,-3088.0,19514.0,10185.0,7685.0,107448.0
1350,10700.0,-32188.0,-4668.0,-3056.0,19848.0,11566.0,7944.0,107454.0
1351,10096.0,-29776.0,-9220.0,-3024.0,19727.0,12547.0,8192.0,107460.0
1352,9716.0,-25876.0,-14120.0,-3072.0,18971.0,13002.0,8074.0,107466.0
1353,9232.0,-23448.0,-16616.0,-3072.0,18036.0,13148.0,7820.0,107472.0
1354,8276.0,-20716.0,-16940.0,-3056.0,16988.0,12527.0,7719.0,107479.0
1355,6620.0,-17648.0,-15888.0,-3056.0,15666.0,11533.0,7479.0,107485.0
1356,5248.0,-15308.0,-14244.0,-3088.0,14070.0,9933.0,7181.0,107492.0
1357,5372.0,-12764.0,-12352.0,-3056.0,12222.0,8266.0,6488.0,107498.0
1358,6292.0,-10812.0,-8564.0,-3056.0,10501.0,7155.0,5863.0,107504.0
1359,7852.0,-10808.0,440.0,-3088.0,10074.0,6833.0,5373.0,107510.0
1360,8432.0,-12164.0,7292.0,-3008.0,10778.0,7314.0,4713.0,107516.0
1361,6420.0,-15008.0,12188.0,-3072.0,11792.0,8791.0,4184.0,107523.0
1362,2548.0,-16972.0,12500.0,-3056.0,12392.0,10447.0,3820.0,107529.0
1363,136.0,-15828.0,8688.0,-3056.0,11719.0,10561.0,2971.0,107535.0
1364,2704.0,-12836.0,1024.0,-3056.0,10421.0,10364.0,1403.0,107541.0
1365,7936.0,-9424.0,-3404.0,-3040.0,8744.0,10855.0,-310.0,107547.0
1366,10248.0,-5152.0,-9112.0,-3056.0,6050.0,12560.0,-1340.0,107553.0
1367,8392.0,-3728.0,-9668.0,-3072.0,3266.0,14933.0,-1557.0,107559.0
1368,4536.0,-4392.0,-9124.0,-3072.0,1145.0,16415.0,-1116.0,107566.0
1369,1552.0,-4644.0,-8412.0,-3088.0,-379.0,16378.0,-601.0,107572.0
1370,-204.0,-5180.0,-7188.0,-3056.0,-1503.0,16104.0,-206.0,107578.0
1371,-1324.0,-5556.0,-5820.0,-3056.0,-2384.0,16216.0,-201.0,107584.0
1372,-2264.0,-5088.0,-5396.0,-3088.0,-3496.0,16320.0,-638.0,107589.0
1373,-2488.0,-4288.0,-5288.0,-3040.0,-4910.0,15777.0,-1456.0,107595.0
1374,-2704.0,-3752.0,-5012.0,-3088.0,-6360.0,14367.0,-2570.0,107601.0
1375,-3096.0,-3640.0,-4592.0,-3072.0,-7732.0,12158.0,-3768.0,107608.0
1376,-3368.0,-3852.0,-4192.0,-3040.0,-8978.0,9360.0,-5025.0,107614.0
1377,-3380.0,-4144.0,-3212.0,-3040.0,-10078.0,6743.0,-6123.0,107620.0
1378,-2660.0,-3808.0,-2768.0,-3056.0,-11349.0,4681.0,-7088.0,107626.0
1379,-1212.0,-3056.0,-3164.0,-3056.0,-12917.0,3249.0,-8070.0,107632.0
1380,212.0,-2728.0,-3736.0,-3040.0,-14693.0,2547.0,-9128.0,107638.0
1381,1412.0,-3080.0,-4236.0,-3056.0,-16485.0,2180.0,-10139.0,107644.0
1382,2240.0,-3648.0,-4600.0,-3056.0,-18118.0,2033.0,-11083.0,107651.0
1383,2776.0,-4680.0,-4680.0,-3072.0,-19558.0,1805.0,-11910.0,107657.0
1384,2724.0,-6052.0,-4124.0,-3040.0,-20783.0,1510.0,-12616.0,107663.0
1385,2252.0,-7064.0,-3696.0,-3072.0,-21818.0,1292.0,-13046.0,107669.0
1386,1796.0,-7676.0,-3388.0,-3056.0,-22871.0,1099.0,-13435.0,107675.0
1387,1624.0,-8500.0,-3160.0,-3088.0,-23958.0,916.0,-13847.0,107681.0
1388,1572.0,-9320.0,-2876.0,-3072.0,-25068.0,721.0,-14355.0,107687.0
1389,1952.0,-10308.0,-2696.0,-3056.0,-26178.0,618.0,-14910.0,107694.0
1390,2776.0,-11928.0,-2392.0,-3056.0,-27245.0,611.0,-15392.0,107701.0
1391,3472.0,-13640.0,-1928.0,-3056.0,-28093.0,936.0,-15780.0,107707.0
1392,3896.0,-15008.0,-1128.0,-3056.0,-28770.0,1554.0,-16103.0,107713.0
1393,3916.0,-15896.0,-696.0,-3056.0,-29342.0,2255.0,-16477.0,107719.0
1394,3260.0,-16992.0,-192.0,-3024.0,-29885.0,2899.0,-16856.0,107725.0
1395,2520.0,-17692.0,-56.0,-3040.0,-30377.0,3122.0,-17305.0,107731.0
1396,1596.0,-18864.0,56.0,-3056.0,-30792.0,3005.0,-17715.0,107738.0
1397,1012.0,-20200.0,416.0,-3024.0,-31070.0,2670.0,-18053.0,107744.0
1398,360.0,-21416.0,800.0,-3072.0,-31214.0,2120.0,-18326.0,107750.0
1399,-344.0,-22692.0,1668.0,-3056.0,-31225.0,1346.0,-18581.0,107756.0
1400,-1136.0,-24036.0,2620.0,-3088.0,-31248.0,298.0,-18891.0,107762.0
1401,-1968.0,-25036.0,3528.0,-3088.0,-31283.0,-985.0,-19362.0,107768.0
1402,-2632.0,-26288.0,4476.0,-3056.0,-31314.0,-2505.0,-19981.0,107774.0
1403,-2988.0,-27920.0,5508.0,-3056.0,-31170.0,-4226.0,-20751.0,107781.0
1404,-2916.0,-28952.0,6240.0,-3056.0,-30995.0,-6144.0,-21512.0,107788.0
1405,-2244.0,-29540.0,6924.0,-3056.0,-30707.0,-7577.0,-22118.0,107794.0
