id,AcX,AcY,AcZ,Tmp,GyX,GyY,GyZ,Timer
0,3680.0,-8424.0,-5032.0,-2752.0,-5263.0,-11958.0,-2330.0,23412.0
1,4612.0,-8592.0,-4748.0,-2768.0,-5967.0,-12393.0,-2805.0,23418.0
2,5336.0,-8796.0,-4648.0,-2720.0,-6706.0,-12372.0,-3279.0,23425.0
3,6004.0,-8504.0,-4332.0,-2736.0,-7560.0,-11809.0,-3593.0,23431.0
4,7076.0,-8576.0,-4500.0,-2752.0,-8644.0,-10420.0,-3878.0,23437.0
5,7180.0,-9472.0,-3960.0,-2768.0,-9594.0,-8823.0,-4422.0,23443.0
6,7432.0,-9916.0,-4336.0,-2784.0,-10349.0,-7150.0,-4529.0,23449.0
7,6992.0,-9900.0,-4068.0,-2736.0,-11336.0,-5268.0,-4899.0,23455.0
8,6160.0,-10996.0,-3840.0,-2752.0,-12056.0,-3732.0,-4868.0,23461.0
9,5456.0,-11260.0,-3912.0,-2768.0,-12785.0,-2345.0,-4996.0,23468.0
10,4616.0,-12064.0,-3420.0,-2752.0,-13452.0,-1224.0,-5019.0,23474.0
11,4176.0,-12388.0,-3020.0,-2752.0,-14091.0,-96.0,-4983.0,23480.0
12,3820.0,-12848.0,-3132.0,-2752.0,-14767.0,946.0,-4982.0,23485.0
13,3396.0,-13504.0,-2996.0,-2736.0,-15394.0,1813.0,-5152.0,23491.0
14,2828.0,-14080.0,-2772.0,-2736.0,-16025.0,2409.0,-5359.0,23497.0
15,2916.0,-14612.0,-2748.0,-2752.0,-16599.0,2860.0,-5527.0,23503.0
16,3056.0,-15132.0,-2448.0,-2768.0,-17083.0,3335.0,-5712.0,23510.0
17,2640.0,-15744.0,-2276.0,-2768.0,-17380.0,3620.0,-6492.0,23516.0
18,2176.0,-15988.0,-1920.0,-2784.0,-17731.0,3616.0,-6745.0,23522.0
19,1980.0,-16304.0,-1676.0,-2768.0,-18152.0,3552.0,-7121.0,23528.0
20,1940.0,-16792.0,-1464.0,-2768.0,-18528.0,3382.0,-7514.0,23534.0
21,1616.0,-17608.0,-1412.0,-2752.0,-18817.0,3156.0,-8019.0,23540.0
22,1328.0,-18240.0,-1252.0,-2736.0,-19038.0,2718.0,-8490.0,23546.0
23,968.0,-18856.0,-888.0,-2752.0,-19201.0,2240.0,-8821.0,23553.0
24,988.0,-19232.0,-548.0,-2736.0,-19324.0,1870.0,-9075.0,23559.0
25,836.0,-19776.0,-660.0,-2768.0,-19438.0,1610.0,-9259.0,23565.0
26,812.0,-20004.0,-488.0,-2752.0,-19515.0,1396.0,-9407.0,23571.0
27,876.0,-20244.0,-488.0,-2736.0,-19566.0,1166.0,-9514.0,23577.0
28,836.0,-20576.0,-384.0,-2768.0,-19531.0,976.0,-9575.0,23583.0
29,1136.0,-21052.0,-380.0,-2736.0,-19474.0,875.0,-9625.0,23588.0
30,1708.0,-21048.0,-64.0,-2720.0,-19357.0,943.0,-9701.0,23595.0
31,700.0,-21240.0,-104.0,-2752.0,-19294.0,789.0,-9185.0,23601.0
32,2268.0,-21220.0,-64.0,-2752.0,-19229.0,1116.0,-8882.0,23607.0
33,2212.0,-21284.0,96.0,-2752.0,-19154.0,1530.0,-8995.0,23613.0
34,2184.0,-21608.0,-116.0,-2752.0,-18984.0,1891.0,-9049.0,23619.0
35,2048.0,-21524.0,-192.0,-2736.0,-18852.0,2131.0,-8955.0,23625.0
36,2220.0,-21456.0,-332.0,-2752.0,-18750.0,2356.0,-9026.0,23631.0
37,2124.0,-21628.0,-228.0,-2736.0,-18623.0,2485.0,-8786.0,23638.0
38,2392.0,-21612.0,356.0,-2784.0,-18393.0,2616.0,-8636.0,23644.0
39,2236.0,-21528.0,764.0,-2736.0,-18065.0,2764.0,-8509.0,23649.0
40,2200.0,-21500.0,1136.0,-2752.0,-17758.0,2871.0,-8508.0,23655.0
41,1516.0,-21520.0,1568.0,-2768.0,-17411.0,2807.0,-8431.0,23661.0
42,1664.0,-21336.0,2116.0,-2752.0,-16975.0,2781.0,-8438.0,23667.0
43,1300.0,-21260.0,2400.0,-2752.0,-16522.0,2578.0,-8454.0,23673.0
44,1184.0,-21012.0,2720.0,-2768.0,-16025.0,2389.0,-8477.0,23680.0
45,912.0,-20976.0,3312.0,-2752.0,-15490.0,2237.0,-8328.0,23686.0
46,664.0,-20768.0,3388.0,-2736.0,-14924.0,2282.0,-8146.0,23692.0
47,596.0,-20456.0,3716.0,-2752.0,-14390.0,2477.0,-7798.0,23698.0
48,328.0,-20324.0,3980.0,-2720.0,-13810.0,2758.0,-7629.0,23704.0
49,-180.0,-19808.0,3756.0,-2736.0,-13264.0,2935.0,-7387.0,23710.0
50,-852.0,-19412.0,3620.0,-2752.0,-12734.0,2986.0,-6982.0,23716.0
51,-1564.0,-19180.0,3156.0,-2736.0,-12217.0,2910.0,-6540.0,23723.0
52,-2456.0,-18896.0,3224.0,-2752.0,-11658.0,2590.0,-6007.0,23729.0
53,-3476.0,-18780.0,3416.0,-2736.0,-11017.0,1899.0,-5659.0,23735.0
54,-4024.0,-18816.0,4236.0,-2768.0,-10257.0,861.0,-5226.0,23741.0
55,-4188.0,-18616.0,4740.0,-2784.0,-9453.0,-332.0,-4893.0,23747.0
56,-4304.0,-18360.0,5236.0,-2752.0,-8639.0,-1402.0,-4520.0,23753.0
57,-4248.0,-18072.0,5680.0,-2768.0,-7849.0,-2316.0,-4216.0,23759.0
58,-4132.0,-18116.0,6264.0,-2752.0,-7026.0,-3032.0,-3945.0,23764.0
59,-3848.0,-17968.0,6688.0,-2768.0,-6149.0,-3616.0,-3635.0,23771.0
60,-3624.0,-18184.0,7620.0,-2736.0,-5200.0,-4046.0,-3138.0,23777.0
61,-2352.0,-18300.0,8792.0,-2768.0,-4031.0,-4264.0,-3090.0,23783.0
62,-332.0,-18448.0,9664.0,-2768.0,-2721.0,-4072.0,-2455.0,23790.0
63,-176.0,-18276.0,10124.0,-2752.0,-1464.0,-3834.0,-2246.0,23795.0
64,-728.0,-18064.0,10288.0,-2720.0,-167.0,-3647.0,-1470.0,23802.0
65,-1140.0,-17484.0,9744.0,-2736.0,971.0,-3462.0,-759.0,23809.0
66,-1840.0,-17016.0,9336.0,-2736.0,1970.0,-3358.0,-36.0,23814.0
67,-1544.0,-17112.0,9064.0,-2736.0,3021.0,-3468.0,510.0,23820.0
68,-856.0,-17272.0,9652.0,-2704.0,4154.0,-3796.0,805.0,23826.0
69,1408.0,-16656.0,8548.0,-2768.0,4908.0,-4219.0,591.0,23832.0
70,9216.0,-13272.0,-4620.0,-2752.0,3278.0,-4390.0,-1084.0,23838.0
71,22180.0,-10660.0,-22360.0,-2768.0,-773.0,-3960.0,-4982.0,23844.0
72,32767.0,-15760.0,-32768.0,-2752.0,-4205.0,-2897.0,-9757.0,23851.0
73,28636.0,-26392.0,-30756.0,-2752.0,-1992.0,-349.0,-8210.0,23857.0
74,12104.0,-29732.0,-12052.0,-2736.0,3145.0,5663.0,404.0,23863.0
75,1488.0,-23172.0,436.0,-2752.0,4526.0,12392.0,2439.0,23869.0
76,-8176.0,-24360.0,7888.0,-2768.0,4691.0,13650.0,754.0,23875.0
77,-12536.0,-27232.0,14816.0,-2720.0,6589.0,7806.0,1188.0,23881.0
78,-11732.0,-28632.0,13524.0,-2768.0,8675.0,650.0,1082.0,23887.0
79,-8780.0,-23696.0,1396.0,-2768.0,8443.0,-4151.0,557.0,23894.0
80,-1196.0,-17432.0,-8892.0,-2736.0,7118.0,-7276.0,11.0,23900.0
81,7248.0,-14752.0,-9704.0,-2768.0,6845.0,-9346.0,-91.0,23905.0
82,11452.0,-14100.0,-4248.0,-2768.0,7407.0,-8585.0,160.0,23911.0
83,9268.0,-14252.0,292.0,-2784.0,7323.0,-4756.0,527.0,23917.0
84,5328.0,-15368.0,252.0,-2784.0,6626.0,-1409.0,798.0,23923.0
85,4312.0,-15984.0,-2520.0,-2720.0,6028.0,-66.0,1285.0,23929.0
86,6132.0,-16772.0,-4704.0,-2752.0,6183.0,80.0,1211.0,23936.0
87,7024.0,-16884.0,-5016.0,-2752.0,6838.0,495.0,1098.0,23941.0
88,6708.0,-16544.0,-4524.0,-2752.0,7415.0,1414.0,1195.0,23947.0
89,5572.0,-16088.0,-4192.0,-2768.0,7526.0,2308.0,1308.0,23953.0
90,4168.0,-15644.0,-3044.0,-2752.0,7254.0,2981.0,1456.0,23959.0
91,3472.0,-15560.0,-1960.0,-2736.0,6870.0,3278.0,1442.0,23965.0
92,3332.0,-15880.0,-1148.0,-2784.0,6464.0,3340.0,1285.0,23971.0
93,3108.0,-17052.0,-1740.0,-2752.0,6370.0,3649.0,1177.0,23977.0
94,3112.0,-17640.0,-3352.0,-2736.0,6583.0,3813.0,907.0,23984.0
95,2780.0,-16392.0,-4128.0,-2720.0,6699.0,3303.0,629.0,23990.0
96,2616.0,-14572.0,-3820.0,-2752.0,6497.0,2429.0,320.0,23996.0
97,2820.0,-13816.0,-3316.0,-2736.0,6027.0,1634.0,26.0,24002.0
98,3144.0,-14736.0,-2556.0,-2768.0,5840.0,1255.0,-240.0,24007.0
99,3640.0,-15636.0,-2300.0,-2768.0,5741.0,1024.0,-399.0,24013.0
100,4052.0,-15544.0,-1868.0,-2768.0,5528.0,1083.0,-590.0,24019.0
101,4624.0,-15244.0,-1916.0,-2752.0,5113.0,1439.0,-705.0,24026.0
102,5160.0,-15484.0,-1784.0,-2752.0,4799.0,1946.0,-622.0,24032.0
103,5680.0,-15976.0,-2116.0,-2768.0,4630.0,2682.0,-429.0,24038.0
104,5464.0,-15936.0,-2684.0,-2768.0,4524.0,3204.0,-238.0,24044.0
105,5048.0,-15188.0,-2612.0,-2736.0,4419.0,3195.0,-130.0,24049.0
106,4528.0,-14448.0,-2032.0,-2720.0,4215.0,2923.0,-305.0,24055.0
107,4220.0,-14988.0,-1936.0,-2752.0,4022.0,2568.0,-331.0,24061.0
108,4268.0,-15732.0,-2292.0,-2736.0,3951.0,2287.0,-197.0,24068.0
109,4188.0,-15812.0,-2640.0,-2768.0,3940.0,2084.0,-170.0,24074.0
110,4300.0,-15484.0,-2636.0,-2768.0,3934.0,1541.0,-226.0,24080.0
111,4900.0,-15132.0,-2396.0,-2752.0,3901.0,867.0,-230.0,24086.0
112,5900.0,-15004.0,-2620.0,-2736.0,3815.0,524.0,-214.0,24091.0
113,6616.0,-15080.0,-2276.0,-2736.0,3746.0,671.0,24.0,24097.0
114,6624.0,-15372.0,-2496.0,-2736.0,3728.0,1165.0,165.0,24103.0
115,6240.0,-15528.0,-2624.0,-2768.0,3772.0,1402.0,296.0,24110.0
116,5736.0,-15344.0,-2592.0,-2736.0,3826.0,1410.0,448.0,24116.0
117,5656.0,-15240.0,-2360.0,-2768.0,3857.0,1275.0,463.0,24122.0
118,5692.0,-15356.0,-2376.0,-2768.0,3857.0,1227.0,474.0,24127.0
119,5784.0,-15608.0,-2448.0,-2736.0,3887.0,1406.0,505.0,24133.0
120,5140.0,-15448.0,-2508.0,-2752.0,3940.0,1566.0,450.0,24139.0
121,4632.0,-15212.0,-2336.0,-2784.0,3973.0,1409.0,324.0,24145.0
122,4108.0,-15188.0,-1940.0,-2752.0,3979.0,1123.0,185.0,24152.0
123,3820.0,-15472.0,-1712.0,-2752.0,3969.0,788.0,46.0,24158.0
124,3724.0,-15636.0,-1388.0,-2752.0,3937.0,480.0,-72.0,24163.0
125,3584.0,-15836.0,-1068.0,-2736.0,3882.0,236.0,-212.0,24169.0
126,3620.0,-15888.0,-1012.0,-2736.0,3804.0,39.0,-361.0,24175.0
127,4268.0,-15720.0,-796.0,-2752.0,3717.0,-224.0,-486.0,24181.0
128,4868.0,-15480.0,-892.0,-2736.0,3551.0,-294.0,-594.0,24186.0
129,5280.0,-15592.0,-588.0,-2736.0,3379.0,11.0,-547.0,24193.0
130,4880.0,-15764.0,-568.0,-2784.0,3145.0,457.0,-447.0,24199.0
131,4376.0,-15912.0,-120.0,-2736.0,2954.0,741.0,-441.0,24205.0
132,4120.0,-15728.0,148.0,-2768.0,2703.0,787.0,-510.0,24210.0
133,4484.0,-15652.0,-76.0,-2752.0,2451.0,724.0,-526.0,24216.0
134,4776.0,-15816.0,176.0,-2768.0,2239.0,815.0,-544.0,24222.0
135,4308.0,-16164.0,92.0,-2752.0,2007.0,1035.0,-336.0,24228.0
136,4120.0,-16008.0,64.0,-2784.0,1787.0,1135.0,-373.0,24233.0
137,4168.0,-15844.0,4.0,-2768.0,1568.0,1029.0,-358.0,24240.0
138,4464.0,-15908.0,-20.0,-2768.0,1394.0,888.0,-256.0,24246.0
139,4804.0,-15708.0,-184.0,-2736.0,1242.0,882.0,-267.0,24251.0
140,4432.0,-15988.0,-304.0,-2752.0,1099.0,942.0,-195.0,24257.0
141,4452.0,-16016.0,-308.0,-2768.0,974.0,964.0,-104.0,24263.0
142,4672.0,-16140.0,-536.0,-2752.0,945.0,977.0,13.0,24269.0
143,4940.0,-16340.0,-824.0,-2736.0,980.0,952.0,99.0,24274.0
144,5040.0,-16124.0,-800.0,-2768.0,1011.0,889.0,208.0,24281.0
145,5488.0,-16172.0,-420.0,-2720.0,1001.0,1061.0,298.0,24287.0
146,5324.0,-16844.0,-1500.0,-2752.0,1224.0,1431.0,319.0,24292.0
147,5332.0,-15600.0,-1348.0,-2752.0,1294.0,1266.0,380.0,24298.0
148,5888.0,-15272.0,-900.0,-2752.0,1229.0,1200.0,360.0,24304.0
149,5768.0,-15780.0,-460.0,-2752.0,1247.0,1332.0,462.0,24310.0
150,5260.0,-15812.0,-456.0,-2768.0,1199.0,1528.0,586.0,24316.0
151,4840.0,-15708.0,-672.0,-2768.0,1225.0,1492.0,494.0,24322.0
152,4852.0,-15884.0,-720.0,-2768.0,1234.0,1513.0,418.0,24328.0
153,5092.0,-15964.0,-836.0,-2768.0,1250.0,1493.0,391.0,24334.0
154,4696.0,-15828.0,-368.0,-2752.0,1239.0,1528.0,339.0,24340.0
155,4424.0,-16064.0,-524.0,-2752.0,1220.0,1600.0,328.0,24346.0
156,4032.0,-16112.0,-160.0,-2752.0,1202.0,1627.0,298.0,24351.0
157,3752.0,-16272.0,-308.0,-2768.0,1235.0,1530.0,233.0,24357.0
158,4100.0,-16032.0,-388.0,-2768.0,1181.0,1370.0,171.0,24364.0
159,4400.0,-15812.0,-504.0,-2768.0,1169.0,1306.0,129.0,24370.0
160,4540.0,-15788.0,-384.0,-2752.0,1181.0,1234.0,147.0,24376.0
161,4516.0,-15708.0,-500.0,-2784.0,1181.0,1193.0,142.0,24381.0
162,4596.0,-15740.0,-324.0,-2768.0,1181.0,1132.0,162.0,24387.0
163,4876.0,-15680.0,-504.0,-2736.0,1187.0,1127.0,160.0,24393.0
164,5088.0,-15816.0,-560.0,-2800.0,1197.0,1179.0,196.0,24399.0
165,5004.0,-15744.0,-640.0,-2752.0,1271.0,1177.0,245.0,24404.0
166,4968.0,-15684.0,-544.0,-2752.0,1264.0,1172.0,256.0,24411.0
167,4848.0,-15788.0,-544.0,-2752.0,1273.0,1162.0,276.0,24417.0
168,4816.0,-15740.0,-316.0,-2768.0,1299.0,1116.0,286.0,24423.0
169,4844.0,-15748.0,-268.0,-2736.0,1288.0,1005.0,283.0,24429.0
170,5056.0,-15752.0,-236.0,-2768.0,1277.0,939.0,301.0,24434.0
171,4916.0,-15800.0,-108.0,-2752.0,1225.0,980.0,296.0,24440.0
172,4796.0,-15668.0,-124.0,-2768.0,1201.0,945.0,302.0,24446.0
173,4716.0,-15704.0,-136.0,-2768.0,1173.0,984.0,314.0,24453.0
174,4464.0,-16008.0,-276.0,-2752.0,1190.0,998.0,337.0,24458.0
175,4332.0,-16048.0,-180.0,-2768.0,1221.0,946.0,322.0,24464.0
176,4160.0,-16064.0,-116.0,-2768.0,1209.0,815.0,290.0,24470.0
177,4156.0,-16056.0,-44.0,-2784.0,1221.0,637.0,302.0,24476.0
178,4368.0,-16048.0,-256.0,-2800.0,1233.0,469.0,281.0,24481.0
179,4400.0,-15964.0,-188.0,-2752.0,1237.0,388.0,292.0,24487.0
180,4384.0,-15948.0,-208.0,-2768.0,1254.0,289.0,316.0,24494.0
181,4480.0,-15840.0,96.0,-2784.0,1280.0,176.0,305.0,24499.0
182,4736.0,-15848.0,56.0,-2768.0,1264.0,133.0,361.0,24505.0
183,5100.0,-15756.0,-148.0,-2752.0,1282.0,88.0,417.0,24511.0
184,5152.0,-15988.0,-128.0,-2800.0,1340.0,155.0,484.0,24516.0
185,5080.0,-16020.0,4.0,-2752.0,1390.0,218.0,536.0,24522.0
186,4948.0,-16020.0,-44.0,-2784.0,1475.0,253.0,624.0,24528.0
187,4896.0,-15968.0,16.0,-2768.0,1501.0,237.0,677.0,24534.0
188,4796.0,-15904.0,196.0,-2736.0,1524.0,235.0,717.0,24540.0
189,4772.0,-16056.0,88.0,-2768.0,1555.0,263.0,760.0,24546.0
190,4628.0,-16176.0,-144.0,-2784.0,1612.0,208.0,832.0,24552.0
191,4628.0,-15816.0,-132.0,-2768.0,1606.0,112.0,870.0,24557.0
192,4820.0,-15500.0,8.0,-2752.0,1615.0,-67.0,828.0,24563.0
193,5000.0,-15684.0,-108.0,-2752.0,1637.0,-133.0,813.0,24569.0
194,4840.0,-15680.0,-244.0,-2736.0,1681.0,-191.0,824.0,24574.0
195,5036.0,-15664.0,-332.0,-2736.0,1722.0,-373.0,768.0,24581.0
196,5536.0,-15344.0,-520.0,-2752.0,1744.0,-613.0,678.0,24587.0
197,5720.0,-15252.0,-424.0,-2800.0,1772.0,-753.0,717.0,24593.0
198,5908.0,-14896.0,88.0,-2768.0,1830.0,-887.0,708.0,24598.0
199,5856.0,-15016.0,-36.0,-2752.0,1897.0,-1005.0,721.0,24604.0
200,5612.0,-15284.0,160.0,-2768.0,1932.0,-923.0,823.0,24610.0
201,5400.0,-15712.0,-48.0,-2784.0,1982.0,-824.0,898.0,24615.0
202,5148.0,-16076.0,-104.0,-2768.0,2150.0,-693.0,986.0,24622.0
203,4708.0,-16344.0,-208.0,-2768.0,2281.0,-633.0,989.0,24628.0
204,4516.0,-16888.0,-296.0,-2752.0,2462.0,-557.0,1051.0,24634.0
205,4236.0,-16816.0,-144.0,-2752.0,2664.0,-533.0,1025.0,24639.0
206,4260.0,-16432.0,152.0,-2752.0,2747.0,-579.0,1038.0,24645.0
207,3920.0,-16420.0,560.0,-2768.0,2843.0,-609.0,1029.0,24651.0
208,3852.0,-16352.0,620.0,-2736.0,2919.0,-672.0,1028.0,24657.0
209,4036.0,-16152.0,776.0,-2768.0,2927.0,-739.0,1042.0,24664.0
210,4512.0,-16128.0,736.0,-2752.0,2924.0,-761.0,1104.0,24669.0
211,4856.0,-15888.0,672.0,-2816.0,2913.0,-660.0,1131.0,24675.0
212,4972.0,-15692.0,808.0,-2768.0,2882.0,-536.0,1117.0,24681.0
213,5052.0,-15540.0,800.0,-2736.0,2834.0,-469.0,1157.0,24687.0
214,4988.0,-15280.0,804.0,-2768.0,2794.0,-458.0,1121.0,24693.0
215,4920.0,-15244.0,644.0,-2768.0,2830.0,-588.0,1039.0,24698.0
216,4708.0,-15172.0,788.0,-2736.0,2756.0,-548.0,973.0,24705.0
217,4700.0,-15472.0,1036.0,-2784.0,2705.0,-573.0,969.0,24711.0
218,4684.0,-15656.0,1000.0,-2784.0,2725.0,-498.0,1029.0,24717.0
219,4412.0,-15856.0,956.0,-2752.0,2765.0,-461.0,1051.0,24722.0
220,4048.0,-15900.0,1288.0,-2752.0,2776.0,-320.0,1120.0,24728.0
221,3648.0,-16464.0,1352.0,-2752.0,2764.0,-206.0,1215.0,24734.0
222,3468.0,-16744.0,900.0,-2784.0,2888.0,-185.0,1238.0,24740.0
223,3496.0,-16512.0,788.0,-2736.0,2998.0,-342.0,1218.0,24747.0
224,3624.0,-16284.0,1044.0,-2768.0,3057.0,-478.0,1114.0,24753.0
225,3720.0,-16176.0,1612.0,-2736.0,3115.0,-398.0,1082.0,24758.0
226,3572.0,-16820.0,1204.0,-2784.0,3251.0,-149.0,1073.0,24764.0
227,3568.0,-16608.0,1136.0,-2752.0,3373.0,-219.0,1083.0,24770.0
228,4256.0,-16052.0,1316.0,-2784.0,3376.0,-318.0,970.0,24776.0
229,4744.0,-15724.0,1664.0,-2784.0,3320.0,-339.0,956.0,24782.0
230,4876.0,-15816.0,1664.0,-2768.0,3229.0,-135.0,1038.0,24788.0
231,4528.0,-15848.0,1560.0,-2768.0,3147.0,67.0,1032.0,24794.0
232,4108.0,-15504.0,1776.0,-2768.0,3060.0,23.0,999.0,24800.0
233,4060.0,-15496.0,1852.0,-2784.0,2981.0,-73.0,875.0,24806.0
234,3952.0,-15344.0,2104.0,-2784.0,2923.0,-119.0,812.0,24812.0
235,3560.0,-15544.0,2452.0,-2768.0,2811.0,25.0,740.0,24817.0
236,3264.0,-15976.0,2468.0,-2736.0,2751.0,150.0,678.0,24823.0
237,3052.0,-16340.0,2232.0,-2752.0,2725.0,382.0,576.0,24829.0
238,3016.0,-16420.0,2140.0,-2752.0,2664.0,431.0,472.0,24836.0
239,3080.0,-16396.0,2276.0,-2768.0,2610.0,471.0,366.0,24841.0
240,3308.0,-16364.0,2420.0,-2768.0,2521.0,502.0,291.0,24847.0
241,3680.0,-16204.0,2464.0,-2720.0,2429.0,571.0,234.0,24853.0
242,3944.0,-16116.0,2336.0,-2800.0,2420.0,665.0,184.0,24859.0
243,4184.0,-15940.0,2168.0,-2768.0,2388.0,731.0,180.0,24864.0
244,4484.0,-15808.0,2528.0,-2768.0,2343.0,885.0,177.0,24870.0
245,4684.0,-15868.0,2516.0,-2752.0,2344.0,1023.0,203.0,24877.0
246,4916.0,-15928.0,2500.0,-2784.0,2377.0,1264.0,258.0,24883.0
247,5076.0,-16164.0,2392.0,-2784.0,2465.0,1498.0,385.0,24889.0
248,4880.0,-16300.0,2340.0,-2768.0,2532.0,1734.0,497.0,24895.0
249,4444.0,-16568.0,2220.0,-2768.0,2644.0,1881.0,611.0,24900.0
250,4116.0,-16492.0,2172.0,-2768.0,2756.0,1920.0,666.0,24906.0
251,3980.0,-16716.0,1880.0,-2768.0,2874.0,1837.0,730.0,24912.0
252,4016.0,-16812.0,1748.0,-2768.0,3004.0,1827.0,753.0,24919.0
253,4156.0,-17084.0,1308.0,-2768.0,3212.0,1725.0,836.0,24925.0
254,4500.0,-16876.0,1164.0,-2736.0,3355.0,1519.0,965.0,24931.0
255,5052.0,-16884.0,1364.0,-2768.0,3473.0,1510.0,1022.0,24936.0
256,4916.0,-16988.0,1248.0,-2768.0,3610.0,1560.0,1193.0,24942.0
257,5068.0,-17016.0,1616.0,-2768.0,3702.0,1685.0,1331.0,24948.0
258,5032.0,-16660.0,1780.0,-2720.0,3746.0,1926.0,1455.0,24954.0
259,4772.0,-16964.0,2060.0,-2752.0,3776.0,2156.0,1626.0,24961.0
260,4336.0,-17424.0,2268.0,-2736.0,3818.0,2493.0,1847.0,24967.0
261,3240.0,-18292.0,2784.0,-2736.0,3866.0,2792.0,2285.0,24973.0
262,3500.0,-19196.0,4408.0,-2752.0,3882.0,2505.0,2582.0,24978.0
263,6544.0,-18324.0,4284.0,-2784.0,4039.0,1751.0,2216.0,24984.0
264,5604.0,-17988.0,396.0,-2736.0,3765.0,2247.0,2780.0,24990.0
265,5880.0,-17580.0,1220.0,-2768.0,3896.0,3311.0,2543.0,24996.0
266,3548.0,-17724.0,2428.0,-2768.0,3927.0,4065.0,2629.0,25003.0
267,1320.0,-18044.0,2796.0,-2768.0,4061.0,4384.0,2705.0,25009.0
268,-888.0,-18040.0,2992.0,-2752.0,4167.0,4327.0,3026.0,25015.0
269,-1628.0,-18216.0,3256.0,-2752.0,4341.0,3639.0,3128.0,25021.0
270,-1216.0,-18600.0,3280.0,-2768.0,4540.0,2441.0,3187.0,25026.0
271,-188.0,-18696.0,3044.0,-2768.0,4637.0,1380.0,3209.0,25032.0
272,1076.0,-18444.0,3056.0,-2736.0,4778.0,596.0,3257.0,25038.0
273,2424.0,-18100.0,3000.0,-2768.0,4797.0,241.0,3255.0,25044.0
274,3336.0,-17956.0,2928.0,-2768.0,4851.0,241.0,3342.0,25051.0
275,3840.0,-17544.0,2856.0,-2768.0,4903.0,444.0,3429.0,25057.0
276,4136.0,-17268.0,3008.0,-2736.0,4934.0,778.0,3527.0,25062.0
277,4364.0,-17360.0,2956.0,-2768.0,4948.0,1165.0,3703.0,25068.0
278,4364.0,-17276.0,3120.0,-2752.0,4977.0,1602.0,3911.0,25074.0
279,4068.0,-17292.0,3016.0,-2720.0,5025.0,1943.0,4058.0,25080.0
280,3520.0,-17008.0,3020.0,-2768.0,5071.0,2179.0,4266.0,25086.0
281,3456.0,-16884.0,2936.0,-2768.0,5172.0,2287.0,4193.0,25093.0
282,3524.0,-16576.0,2996.0,-2800.0,5258.0,2217.0,4215.0,25099.0
283,3900.0,-16512.0,2924.0,-2752.0,5388.0,2287.0,4301.0,25105.0
284,4008.0,-16480.0,3112.0,-2784.0,5512.0,2428.0,4321.0,25110.0
285,4140.0,-16488.0,3196.0,-2768.0,5579.0,2548.0,4330.0,25116.0
286,4308.0,-16508.0,3376.0,-2768.0,5660.0,2752.0,4455.0,25122.0
287,4280.0,-16696.0,3316.0,-2784.0,5783.0,3069.0,4520.0,25128.0
288,4172.0,-16656.0,3372.0,-2752.0,5864.0,3405.0,4649.0,25135.0
289,3988.0,-16868.0,3156.0,-2752.0,5982.0,3753.0,4833.0,25141.0
290,3552.0,-16980.0,3080.0,-2768.0,6143.0,4107.0,4995.0,25147.0
291,3204.0,-16916.0,3120.0,-2768.0,6324.0,4307.0,5097.0,25153.0
292,3116.0,-16948.0,3080.0,-2752.0,6547.0,4409.0,5210.0,25158.0
293,2956.0,-17060.0,2920.0,-2752.0,6795.0,4423.0,5326.0,25164.0
294,2848.0,-17212.0,2900.0,-2800.0,7052.0,4483.0,5468.0,25170.0
295,2632.0,-17492.0,2744.0,-2768.0,7321.0,4547.0,5634.0,25177.0
296,2420.0,-17516.0,2684.0,-2736.0,7570.0,4607.0,5842.0,25183.0
297,2180.0,-17928.0,2660.0,-2784.0,7888.0,4562.0,6101.0,25189.0
298,2072.0,-18332.0,2516.0,-2784.0,8224.0,4343.0,6327.0,25195.0
299,2084.0,-18488.0,2568.0,-2768.0,8594.0,4059.0,6567.0,25201.0
300,2260.0,-18976.0,2148.0,-2768.0,9001.0,3759.0,6786.0,25206.0
301,2596.0,-19336.0,2204.0,-2768.0,9437.0,3344.0,6980.0,25212.0
302,2936.0,-19784.0,2080.0,-2768.0,9828.0,2987.0,7188.0,25219.0
303,3516.0,-20532.0,2160.0,-2752.0,10282.0,2815.0,7347.0,25225.0
304,3664.0,-21112.0,1864.0,-2768.0,10795.0,2815.0,7495.0,25231.0
305,3404.0,-21420.0,1724.0,-2752.0,11238.0,2756.0,7694.0,25237.0
306,3428.0,-21620.0,1656.0,-2768.0,11564.0,2710.0,7944.0,25243.0
307,3452.0,-22236.0,1616.0,-2784.0,11880.0,2833.0,8231.0,25249.0
308,3560.0,-22576.0,1272.0,-2736.0,12206.0,2943.0,8405.0,25255.0
309,3644.0,-22840.0,804.0,-2752.0,12499.0,3073.0,8480.0,25262.0
310,3984.0,-23460.0,172.0,-2720.0,12857.0,3367.0,8452.0,25267.0
311,4404.0,-24264.0,-612.0,-2752.0,13360.0,3381.0,8311.0,25273.0
312,4588.0,-24688.0,-1396.0,-2768.0,13667.0,3568.0,8286.0,25279.0
313,4632.0,-24684.0,-2332.0,-2752.0,14159.0,3795.0,8220.0,25285.0
314,4372.0,-24636.0,-2512.0,-2768.0,14519.0,4095.0,8255.0,25291.0
315,3732.0,-24460.0,-1904.0,-2752.0,14885.0,4155.0,8374.0,25297.0
316,2704.0,-23508.0,-2164.0,-2768.0,15031.0,4055.0,8518.0,25304.0
317,1492.0,-22508.0,-2304.0,-2752.0,14984.0,3786.0,8635.0,25310.0
318,732.0,-21528.0,-1352.0,-2768.0,14952.0,3187.0,8713.0,25316.0
319,172.0,-20668.0,-48.0,-2736.0,14865.0,2317.0,8798.0,25322.0
320,-172.0,-20412.0,2840.0,-2736.0,14866.0,1176.0,8910.0,25328.0
321,-736.0,-20516.0,5732.0,-2752.0,14959.0,-94.0,9104.0,25333.0
322,-1404.0,-20884.0,8004.0,-2736.0,15037.0,-1522.0,9173.0,25339.0
323,-1284.0,-20692.0,7916.0,-2752.0,14801.0,-3170.0,9011.0,25346.0
324,-12.0,-19756.0,6136.0,-2768.0,14137.0,-5109.0,8438.0,25352.0
325,2556.0,-17864.0,3244.0,-2752.0,13182.0,-7156.0,7597.0,25358.0
326,4556.0,-16292.0,872.0,-2736.0,11921.0,-8366.0,6939.0,25364.0
327,5440.0,-15564.0,444.0,-2752.0,10862.0,-8782.0,6404.0,25370.0
328,6020.0,-15384.0,1328.0,-2720.0,10262.0,-8445.0,6039.0,25376.0
329,6132.0,-15648.0,4140.0,-2768.0,10234.0,-7715.0,5774.0,25382.0
330,6220.0,-15836.0,5472.0,-2752.0,10403.0,-6473.0,5737.0,25389.0
331,5820.0,-14920.0,4656.0,-2768.0,10611.0,-4594.0,5693.0,25395.0
332,5200.0,-13364.0,5548.0,-2752.0,10449.0,-3203.0,5638.0,25401.0
333,4540.0,-10828.0,6020.0,-2736.0,9991.0,-2688.0,5523.0,25407.0
334,3396.0,-6460.0,2648.0,-2752.0,8162.0,-2910.0,5461.0,25412.0
335,2736.0,-7288.0,3264.0,-2784.0,6866.0,-2895.0,5054.0,25418.0
336,5244.0,-5280.0,928.0,-2784.0,5149.0,-1263.0,4834.0,25424.0
337,6916.0,-4324.0,-1868.0,-2752.0,3011.0,962.0,4100.0,25431.0
338,8228.0,-4352.0,-3712.0,-2768.0,819.0,3248.0,2726.0,25437.0
339,8312.0,-5032.0,-4904.0,-2768.0,-927.0,4785.0,1318.0,25442.0
340,7600.0,-4636.0,-6880.0,-2768.0,-2416.0,4891.0,680.0,25448.0
341,7212.0,-3616.0,-8400.0,-2736.0,-3903.0,4220.0,443.0,25454.0
342,6472.0,-2964.0,-8848.0,-2768.0,-5296.0,3745.0,267.0,25460.0
343,5112.0,-2804.0,-8460.0,-2736.0,-6551.0,3692.0,174.0,25466.0
344,3312.0,-2828.0,-7548.0,-2752.0,-7653.0,3934.0,178.0,25472.0
345,1536.0,-3104.0,-6524.0,-2752.0,-8827.0,4279.0,124.0,25478.0
346,-32.0,-3488.0,-5124.0,-2784.0,-10073.0,4481.0,-49.0,25484.0
347,-1528.0,-3820.0,-4096.0,-2768.0,-11387.0,4410.0,-533.0,25490.0
348,-2808.0,-3924.0,-3060.0,-2752.0,-12861.0,3773.0,-1071.0,25496.0
349,-3864.0,-4400.0,-2188.0,-2768.0,-14260.0,2462.0,-1573.0,25502.0
350,-4352.0,-4988.0,-1712.0,-2768.0,-15572.0,707.0,-2169.0,25508.0
351,-4528.0,-5392.0,-1600.0,-2752.0,-16914.0,-1223.0,-2711.0,25513.0
352,-4064.0,-5588.0,-1616.0,-2736.0,-18273.0,-3011.0,-3165.0,25520.0
353,-3572.0,-6184.0,-1848.0,-2784.0,-19616.0,-4530.0,-3620.0,25526.0
354,-2312.0,-6384.0,-1360.0,-2736.0,-21070.0,-5584.0,-4000.0,25532.0
355,-1548.0,-7288.0,-1756.0,-2752.0,-22225.0,-6743.0,-4431.0,25538.0
356,-884.0,-8712.0,-1788.0,-2736.0,-23027.0,-8098.0,-4862.0,25544.0
357,68.0,-9536.0,-1296.0,-2784.0,-23902.0,-8923.0,-5218.0,25550.0
358,852.0,-10088.0,-536.0,-2752.0,-24745.0,-9442.0,-5536.0,25556.0
359,1772.0,-10724.0,-76.0,-2736.0,-25635.0,-9778.0,-5836.0,25563.0
360,2620.0,-11660.0,256.0,-2768.0,-26461.0,-9777.0,-6121.0,25569.0
361,3716.0,-12876.0,716.0,-2752.0,-27240.0,-9462.0,-6430.0,25575.0
362,4452.0,-14180.0,976.0,-2736.0,-27948.0,-9070.0,-6655.0,25581.0
363,4836.0,-15616.0,1896.0,-2720.0,-28430.0,-8599.0,-6907.0,25587.0
364,4980.0,-16824.0,2712.0,-2768.0,-28729.0,-7978.0,-7032.0,25593.0
365,4556.0,-17652.0,3456.0,-2768.0,-29035.0,-7182.0,-7154.0,25600.0
366,3916.0,-18372.0,3972.0,-2752.0,-29291.0,-6459.0,-7263.0,25605.0
367,3476.0,-19204.0,4528.0,-2768.0,-29523.0,-5752.0,-7419.0,25611.0
368,2920.0,-19832.0,4916.0,-2768.0,-29726.0,-5257.0,-7581.0,25617.0
369,2512.0,-20696.0,4984.0,-2752.0,-29805.0,-4972.0,-7713.0,25623.0
370,2232.0,-21192.0,4912.0,-2768.0,-29832.0,-4810.0,-7839.0,25629.0
371,2244.0,-21852.0,4776.0,-2768.0,-29761.0,-4780.0,-7978.0,25635.0
372,2676.0,-22408.0,4996.0,-2752.0,-29656.0,-4693.0,-8102.0,25641.0
373,3356.0,-22832.0,5240.0,-2736.0,-29440.0,-4469.0,-8170.0,25648.0
374,4032.0,-23404.0,5436.0,-2752.0,-29180.0,-4048.0,-8176.0,25654.0
375,4180.0,-23640.0,5800.0,-2720.0,-28970.0,-3283.0,-8159.0,25660.0
376,4008.0,-24288.0,6476.0,-2736.0,-28729.0,-2462.0,-8314.0,25666.0
377,3480.0,-24660.0,6604.0,-2784.0,-28388.0,-1863.0,-8691.0,25672.0
378,3012.0,-24596.0,7068.0,-2784.0,-27886.0,-1934.0,-9210.0,25678.0
379,2484.0,-24860.0,7648.0,-2768.0,-27195.0,-2597.0,-9657.0,25684.0
380,1612.0,-24664.0,7928.0,-2784.0,-26517.0,-3385.0,-10558.0,25691.0
381,240.0,-23928.0,9388.0,-2784.0,-26119.0,-4809.0,-9106.0,25697.0
382,2224.0,-23840.0,9660.0,-2768.0,-25529.0,-5275.0,-9135.0,25703.0
383,1924.0,-23688.0,9616.0,-2784.0,-24962.0,-5413.0,-9933.0,25709.0
384,2236.0,-22976.0,9232.0,-2752.0,-24660.0,-5452.0,-10104.0,25715.0
385,3772.0,-22752.0,8580.0,-2768.0,-24513.0,-4960.0,-10133.0,25721.0
386,5244.0,-22780.0,8040.0,-2736.0,-24288.0,-3969.0,-10266.0,25729.0
387,5952.0,-22924.0,7628.0,-2752.0,-23833.0,-2763.0,-9862.0,25735.0
388,6444.0,-22928.0,7604.0,-2752.0,-23300.0,-1424.0,-9273.0,25741.0
389,6184.0,-22556.0,7548.0,-2752.0,-22712.0,-53.0,-8708.0,25747.0
390,5140.0,-22520.0,8356.0,-2736.0,-22022.0,1039.0,-8436.0,25753.0
391,3548.0,-22424.0,10176.0,-2816.0,-21158.0,1772.0,-8257.0,25759.0
392,2568.0,-22264.0,11376.0,-2784.0,-20360.0,2299.0,-8231.0,25765.0
393,2584.0,-22136.0,11884.0,-2768.0,-19710.0,2680.0,-8480.0,25772.0
394,3364.0,-22136.0,11828.0,-2752.0,-19029.0,2986.0,-8845.0,25778.0
395,3968.0,-22556.0,11836.0,-2784.0,-18100.0,3187.0,-9180.0,25784.0
396,4104.0,-23028.0,12724.0,-2752.0,-16900.0,3368.0,-9222.0,25790.0
397,3592.0,-22868.0,13400.0,-2768.0,-15611.0,3756.0,-9010.0,25796.0
398,2900.0,-22324.0,13480.0,-2768.0,-14473.0,4495.0,-8802.0,25802.0
399,2164.0,-21920.0,13616.0,-2768.0,-13309.0,5422.0,-8580.0,25808.0
400,1116.0,-21892.0,14060.0,-2736.0,-12041.0,6169.0,-8242.0,25815.0
401,-216.0,-21872.0,14476.0,-2768.0,-10615.0,6632.0,-7638.0,25821.0
402,-1776.0,-22200.0,15492.0,-2768.0,-9030.0,6875.0,-6848.0,25827.0
403,-3236.0,-22168.0,16216.0,-2768.0,-7302.0,6986.0,-5923.0,25833.0
404,-4512.0,-21948.0,16964.0,-2768.0,-5508.0,6975.0,-4979.0,25839.0
405,-5956.0,-22100.0,17844.0,-2768.0,-3619.0,6879.0,-3922.0,25845.0
406,-7844.0,-21612.0,18272.0,-2768.0,-1669.0,6459.0,-2922.0,25852.0
407,-9032.0,-21488.0,17960.0,-2800.0,268.0,5773.0,-1957.0,25859.0
408,-10416.0,-21400.0,17872.0,-2784.0,2183.0,4562.0,-1010.0,25865.0
409,-11516.0,-21428.0,17464.0,-2720.0,4135.0,2992.0,81.0,25871.0
410,-12460.0,-21020.0,17200.0,-2784.0,5904.0,1090.0,1017.0,25876.0
411,-12720.0,-20900.0,16408.0,-2752.0,7638.0,-1224.0,1853.0,25882.0
412,-11992.0,-20872.0,15576.0,-2752.0,9157.0,-3494.0,2480.0,25889.0
413,-10648.0,-19668.0,13556.0,-2768.0,10423.0,-5359.0,2913.0,25895.0
414,-7104.0,-14332.0,3412.0,-2768.0,9950.0,-6322.0,2648.0,25902.0
415,10944.0,-4120.0,-32768.0,-2784.0,1600.0,-4436.0,-2251.0,25908.0
416,32767.0,5040.0,-32768.0,-2736.0,-16478.0,-4484.0,-19899.0,25914.0
417,32767.0,-32768.0,-32768.0,-2800.0,-5250.0,-11632.0,-22994.0,25920.0
418,18448.0,-32768.0,-6624.0,-2768.0,7789.0,-5804.0,11885.0,25926.0
419,4064.0,-9224.0,3312.0,-2752.0,2992.0,23778.0,13584.0,25932.0
420,-26868.0,-19612.0,10224.0,-2768.0,1172.0,32767.0,9563.0,25938.0
421,-27096.0,-24552.0,15416.0,-2800.0,3114.0,25623.0,3516.0,25945.0
422,-21308.0,-27696.0,12296.0,-2768.0,6139.0,6685.0,-2675.0,25951.0
423,-8840.0,-20220.0,208.0,-2768.0,6424.0,-2381.0,-1091.0,25957.0
424,3056.0,-13428.0,-7392.0,-2768.0,4471.0,298.0,791.0,25963.0
425,9696.0,-13084.0,-8488.0,-2768.0,3029.0,3998.0,-820.0,25969.0
426,11436.0,-17076.0,-3488.0,-2800.0,3292.0,1328.0,-3854.0,25975.0
427,9540.0,-23672.0,1172.0,-2768.0,4747.0,-4041.0,-4325.0,25981.0
428,5300.0,-25608.0,5600.0,-2736.0,6206.0,-5490.0,-2200.0,25988.0
429,1644.0,-21172.0,6976.0,-2784.0,7330.0,-5278.0,-463.0,25994.0
430,1420.0,-14584.0,2372.0,-2736.0,7219.0,-7955.0,-276.0,26000.0
431,5912.0,-12604.0,-5624.0,-2736.0,6529.0,-11487.0,-124.0,26006.0
432,11680.0,-13956.0,-10384.0,-2784.0,6468.0,-12024.0,340.0,26011.0
433,15564.0,-14636.0,-8752.0,-2752.0,7066.0,-9907.0,1098.0,26017.0
434,15812.0,-14128.0,-4124.0,-2768.0,7443.0,-5967.0,2002.0,26023.0
435,13544.0,-14692.0,-1384.0,-2784.0,7176.0,-1059.0,3098.0,26030.0
436,10032.0,-15780.0,-1356.0,-2752.0,6649.0,3354.0,3711.0,26036.0
437,6936.0,-16268.0,-2388.0,-2800.0,6280.0,6150.0,3769.0,26042.0
438,4788.0,-15824.0,-2984.0,-2752.0,6224.0,7553.0,3499.0,26048.0
439,3000.0,-14988.0,-3252.0,-2784.0,6228.0,7872.0,3002.0,26054.0
440,1048.0,-14672.0,-3108.0,-2800.0,6192.0,7160.0,2382.0,26060.0
441,-1256.0,-15212.0,-2908.0,-2752.0,6045.0,5399.0,1808.0,26066.0
442,-2588.0,-16060.0,-2424.0,-2800.0,5944.0,3001.0,1193.0,26073.0
443,-2324.0,-16644.0,-2084.0,-2784.0,5807.0,426.0,576.0,26079.0
444,-828.0,-16956.0,-2084.0,-2816.0,5796.0,-1939.0,7.0,26085.0
445,1388.0,-16564.0,-2364.0,-2800.0,5795.0,-3681.0,-375.0,26090.0
446,3664.0,-16192.0,-2820.0,-2784.0,5830.0,-4564.0,-656.0,26096.0
447,5420.0,-15904.0,-2936.0,-2784.0,5927.0,-4585.0,-697.0,26102.0
448,6448.0,-15100.0,-2672.0,-2768.0,5918.0,-3962.0,-583.0,26108.0
449,7016.0,-15704.0,-2780.0,-2768.0,5980.0,-3132.0,-410.0,26115.0
450,7236.0,-15544.0,-2648.0,-2752.0,5969.0,-2299.0,-132.0,26121.0
451,6976.0,-15432.0,-2488.0,-2768.0,5867.0,-1374.0,100.0,26127.0
452,6240.0,-15352.0,-2248.0,-2768.0,5717.0,-464.0,275.0,26133.0
453,5180.0,-15444.0,-2000.0,-2768.0,5582.0,179.0,319.0,26139.0
454,4184.0,-15552.0,-1904.0,-2800.0,5486.0,410.0,231.0,26144.0
455,3356.0,-15888.0,-1792.0,-2768.0,5421.0,116.0,147.0,26150.0
456,2836.0,-16308.0,-1896.0,-2768.0,5392.0,-473.0,19.0,26157.0
457,2788.0,-16512.0,-2044.0,-2768.0,5423.0,-1099.0,-106.0,26163.0
458,2800.0,-16336.0,-2372.0,-2768.0,5408.0,-1738.0,-278.0,26169.0
459,3052.0,-16204.0,-2080.0,-2784.0,5429.0,-2376.0,-387.0,26175.0
460,3928.0,-15936.0,-2348.0,-2784.0,5512.0,-2891.0,-591.0,26180.0
461,4656.0,-15848.0,-2508.0,-2752.0,5572.0,-3018.0,-687.0,26186.0
462,5308.0,-15588.0,-2296.0,-2800.0,5685.0,-2910.0,-729.0,26192.0
463,5536.0,-15220.0,-2124.0,-2768.0,5693.0,-2671.0,-796.0,26199.0
464,5428.0,-15348.0,-1400.0,-2784.0,5669.0,-2275.0,-823.0,26205.0
465,5528.0,-15632.0,-1024.0,-2800.0,5567.0,-1767.0,-851.0,26211.0
466,5092.0,-16272.0,-1288.0,-2768.0,5536.0,-1156.0,-568.0,26217.0
467,5876.0,-16604.0,-1444.0,-2752.0,5704.0,-539.0,-476.0,26223.0
468,4880.0,-15620.0,-1144.0,-2752.0,5569.0,-547.0,-778.0,26228.0
469,4712.0,-15936.0,-440.0,-2752.0,5413.0,-629.0,-623.0,26234.0
470,4544.0,-16540.0,-420.0,-2784.0,5379.0,-536.0,-693.0,26241.0
471,4436.0,-16368.0,-792.0,-2784.0,5370.0,-372.0,-683.0,26247.0
472,4628.0,-15596.0,-588.0,-2768.0,5210.0,-474.0,-672.0,26253.0
473,4672.0,-15348.0,-332.0,-2768.0,4908.0,-469.0,-685.0,26258.0
474,4432.0,-15412.0,-148.0,-2800.0,4533.0,-171.0,-719.0,26264.0
475,4184.0,-15552.0,-8.0,-2752.0,4202.0,176.0,-819.0,26270.0
476,3992.0,-15780.0,36.0,-2768.0,3907.0,345.0,-945.0,26276.0
477,4212.0,-15872.0,-332.0,-2784.0,3689.0,327.0,-1048.0,26281.0
478,4560.0,-15644.0,-640.0,-2784.0,3499.0,243.0,-1128.0,26288.0
479,4860.0,-15688.0,-584.0,-2784.0,3389.0,256.0,-1184.0,26294.0
480,5052.0,-15936.0,-512.0,-2752.0,3317.0,447.0,-1136.0,26300.0
481,5208.0,-16116.0,-428.0,-2752.0,3328.0,823.0,-1081.0,26306.0
482,5664.0,-16216.0,-836.0,-2752.0,3396.0,1315.0,-1083.0,26312.0
483,6188.0,-15908.0,-888.0,-2768.0,3454.0,1674.0,-1003.0,26317.0
484,6608.0,-15428.0,-736.0,-2800.0,3408.0,1966.0,-859.0,26323.0
485,6460.0,-15444.0,-356.0,-2800.0,3320.0,2324.0,-649.0,26330.0
486,6408.0,-15476.0,-248.0,-2768.0,3236.0,2723.0,-470.0,26336.0
487,6408.0,-15696.0,-628.0,-2736.0,3257.0,3123.0,-298.0,26342.0
488,6464.0,-15304.0,-560.0,-2784.0,3184.0,3357.0,-148.0,26347.0
489,6144.0,-15092.0,-136.0,-2752.0,3054.0,3359.0,25.0,26353.0
490,5964.0,-15360.0,-148.0,-2784.0,2870.0,3314.0,250.0,26359.0
491,5680.0,-15332.0,-176.0,-2768.0,2747.0,3293.0,439.0,26365.0
492,5724.0,-15320.0,-88.0,-2768.0,2622.0,3319.0,587.0,26372.0
493,5596.0,-15428.0,84.0,-2784.0,2497.0,3330.0,692.0,26377.0
494,5576.0,-15700.0,-104.0,-2800.0,2429.0,3397.0,789.0,26383.0
495,5420.0,-15604.0,-20.0,-2768.0,2357.0,3416.0,915.0,26389.0
496,5208.0,-15632.0,108.0,-2784.0,2265.0,3442.0,1013.0,26395.0
497,4936.0,-15660.0,184.0,-2816.0,2197.0,3409.0,1075.0,26400.0
498,4932.0,-15836.0,204.0,-2752.0,2144.0,3294.0,1079.0,26406.0
499,5000.0,-15808.0,-40.0,-2784.0,2124.0,3143.0,1088.0,26413.0
500,5104.0,-15596.0,104.0,-2784.0,2092.0,2929.0,1122.0,26419.0
501,5100.0,-15408.0,320.0,-2752.0,1996.0,2803.0,1130.0,26425.0
502,4868.0,-15632.0,508.0,-2816.0,1886.0,2771.0,1149.0,26430.0
503,4760.0,-15692.0,468.0,-2752.0,1805.0,2705.0,1163.0,26436.0
504,4572.0,-15664.0,352.0,-2784.0,1736.0,2738.0,1133.0,26442.0
505,4464.0,-15744.0,524.0,-2784.0,1672.0,2677.0,1118.0,26448.0
506,4384.0,-16216.0,288.0,-2752.0,1705.0,2644.0,1065.0,26455.0
507,4300.0,-15920.0,392.0,-2752.0,1613.0,2767.0,1125.0,26461.0
508,4452.0,-15924.0,960.0,-2752.0,1702.0,1993.0,865.0,26466.0
509,3456.0,-15824.0,332.0,-2752.0,1596.0,2283.0,855.0,26472.0
510,4128.0,-15424.0,416.0,-2800.0,1559.0,1914.0,885.0,26478.0
511,3856.0,-15880.0,480.0,-2768.0,1693.0,1968.0,681.0,26484.0
512,4448.0,-15956.0,708.0,-2752.0,1638.0,1724.0,835.0,26490.0
513,4316.0,-15936.0,616.0,-2752.0,1523.0,1671.0,643.0,26496.0
514,4728.0,-16288.0,700.0,-2800.0,1835.0,1214.0,474.0,26502.0
515,3968.0,-15304.0,676.0,-2768.0,1445.0,1555.0,801.0,26508.0
516,4936.0,-15972.0,764.0,-2768.0,1721.0,1387.0,576.0,26514.0
517,4504.0,-16016.0,416.0,-2752.0,1614.0,1522.0,664.0,26519.0
518,4584.0,-15920.0,548.0,-2752.0,1739.0,1483.0,628.0,26525.0
519,4460.0,-15740.0,808.0,-2800.0,1676.0,1399.0,609.0,26531.0
520,4608.0,-15920.0,740.0,-2800.0,1692.0,1374.0,629.0,26537.0
521,4596.0,-15860.0,708.0,-2768.0,1686.0,1370.0,601.0,26543.0
522,4700.0,-15972.0,740.0,-2784.0,1715.0,1368.0,605.0,26549.0
523,4668.0,-15904.0,624.0,-2784.0,1746.0,1390.0,581.0,26555.0
524,4648.0,-15880.0,856.0,-2800.0,1772.0,1326.0,596.0,26561.0
525,4504.0,-15828.0,1088.0,-2800.0,1792.0,1295.0,590.0,26567.0
526,4436.0,-15944.0,828.0,-2800.0,1810.0,1289.0,604.0,26572.0
527,4204.0,-16112.0,820.0,-2784.0,1928.0,1204.0,615.0,26578.0
528,4376.0,-15936.0,868.0,-2784.0,1935.0,1031.0,545.0,26585.0
529,4452.0,-15964.0,960.0,-2784.0,1988.0,865.0,561.0,26591.0
530,4396.0,-15952.0,928.0,-2800.0,2017.0,809.0,516.0,26596.0
531,4484.0,-15932.0,1000.0,-2816.0,2055.0,760.0,535.0,26602.0
532,4496.0,-15928.0,944.0,-2768.0,2081.0,747.0,561.0,26608.0
533,4556.0,-15936.0,1100.0,-2768.0,2125.0,756.0,561.0,26614.0
534,4692.0,-16104.0,1064.0,-2784.0,2158.0,766.0,560.0,26619.0
535,4836.0,-16004.0,896.0,-2784.0,2223.0,795.0,636.0,26626.0
536,4716.0,-15892.0,948.0,-2768.0,2262.0,785.0,651.0,26632.0
537,4936.0,-15900.0,896.0,-2784.0,2321.0,781.0,697.0,26638.0
538,4844.0,-15960.0,1032.0,-2768.0,2418.0,794.0,784.0,26643.0
539,4772.0,-15964.0,1028.0,-2768.0,2475.0,827.0,813.0,26649.0
540,4712.0,-15924.0,1112.0,-2768.0,2563.0,796.0,864.0,26655.0
541,4584.0,-15848.0,1116.0,-2784.0,2586.0,729.0,895.0,26661.0
542,4448.0,-15984.0,1116.0,-2752.0,2653.0,748.0,958.0,26667.0
543,4408.0,-16168.0,1300.0,-2768.0,2740.0,686.0,1001.0,26673.0
544,4532.0,-16160.0,1112.0,-2768.0,2846.0,703.0,1015.0,26679.0
545,4536.0,-15816.0,1292.0,-2800.0,2874.0,613.0,1047.0,26685.0
546,4464.0,-15740.0,1372.0,-2768.0,2934.0,574.0,1035.0,26691.0
547,4584.0,-15820.0,1488.0,-2768.0,2973.0,536.0,1050.0,26696.0
548,4636.0,-15928.0,1484.0,-2800.0,3012.0,542.0,1072.0,26702.0
549,4824.0,-15756.0,1432.0,-2800.0,3077.0,579.0,1128.0,26708.0
550,4892.0,-15692.0,1580.0,-2768.0,3087.0,665.0,1169.0,26715.0
551,4848.0,-15696.0,1692.0,-2800.0,3086.0,760.0,1207.0,26721.0
552,4852.0,-15736.0,1840.0,-2768.0,3061.0,836.0,1238.0,26727.0
553,4816.0,-15892.0,1676.0,-2800.0,3083.0,970.0,1315.0,26732.0
554,4872.0,-15876.0,1768.0,-2768.0,3120.0,1069.0,1315.0,26738.0
555,4772.0,-15920.0,1892.0,-2784.0,3174.0,1134.0,1401.0,26744.0
556,4720.0,-15924.0,1800.0,-2784.0,3217.0,1220.0,1476.0,26750.0
557,4628.0,-15840.0,1812.0,-2768.0,3299.0,1345.0,1547.0,26757.0
558,4460.0,-15912.0,1976.0,-2736.0,3343.0,1344.0,1578.0,26763.0
559,4580.0,-16336.0,1988.0,-2784.0,3413.0,1232.0,1594.0,26769.0
560,4636.0,-16400.0,2040.0,-2784.0,3453.0,1155.0,1664.0,26775.0
561,4672.0,-16468.0,2104.0,-2784.0,3489.0,1161.0,1795.0,26780.0
562,4744.0,-16292.0,2140.0,-2800.0,3550.0,1226.0,1890.0,26786.0
563,4832.0,-16312.0,2120.0,-2768.0,3622.0,1319.0,1960.0,26792.0
564,4824.0,-16332.0,1928.0,-2784.0,3741.0,1308.0,2074.0,26799.0
565,4996.0,-16140.0,2088.0,-2784.0,3768.0,1352.0,2148.0,26805.0
566,5056.0,-16172.0,2272.0,-2784.0,3814.0,1484.0,2312.0,26811.0
567,5096.0,-16164.0,2332.0,-2800.0,3856.0,1680.0,2435.0,26817.0
568,5128.0,-16164.0,2388.0,-2768.0,3909.0,1879.0,2538.0,26823.0
569,4872.0,-16172.0,2396.0,-2800.0,3931.0,2127.0,2637.0,26828.0
570,4832.0,-16164.0,2672.0,-2784.0,3928.0,2340.0,2685.0,26834.0
571,4608.0,-16284.0,2828.0,-2736.0,3952.0,2597.0,2780.0,26841.0
572,4296.0,-16544.0,2984.0,-2768.0,3918.0,2785.0,2930.0,26847.0
573,3896.0,-16928.0,3016.0,-2800.0,3949.0,2919.0,3125.0,26853.0
574,3308.0,-17256.0,3240.0,-2752.0,3951.0,2932.0,3405.0,26859.0
575,3208.0,-17776.0,3900.0,-2752.0,3940.0,2608.0,3673.0,26865.0
576,4388.0,-18068.0,3496.0,-2800.0,3890.0,1919.0,3815.0,26871.0
577,5704.0,-17584.0,2808.0,-2800.0,3897.0,1859.0,3855.0,26876.0
578,5908.0,-17552.0,2208.0,-2784.0,4001.0,2490.0,3902.0,26883.0
579,5120.0,-17432.0,2300.0,-2784.0,4140.0,3152.0,3990.0,26889.0
580,3720.0,-18056.0,3144.0,-2752.0,4316.0,3747.0,4149.0,26895.0
581,1880.0,-18144.0,4072.0,-2768.0,4513.0,3920.0,4459.0,26901.0
582,-156.0,-18100.0,2872.0,-2768.0,4548.0,3787.0,4802.0,26907.0
583,60.0,-18320.0,2624.0,-2784.0,4704.0,3171.0,4578.0,26913.0
584,580.0,-18432.0,3280.0,-2768.0,4904.0,2287.0,4631.0,26918.0
585,1764.0,-18924.0,3212.0,-2768.0,4957.0,1826.0,4525.0,26925.0
586,3000.0,-19428.0,3084.0,-2768.0,5051.0,1556.0,4309.0,26931.0
587,3796.0,-19348.0,2780.0,-2784.0,5132.0,1558.0,4349.0,26937.0
588,3620.0,-19176.0,2988.0,-2784.0,5223.0,1817.0,4510.0,26943.0
589,3332.0,-19076.0,2944.0,-2800.0,5261.0,2230.0,4520.0,26949.0
590,2932.0,-18816.0,3360.0,-2768.0,5326.0,2514.0,4565.0,26955.0
591,2648.0,-18612.0,3580.0,-2800.0,5380.0,2740.0,4783.0,26960.0
592,2284.0,-18496.0,3480.0,-2768.0,5459.0,2998.0,4948.0,26967.0
