id,AcX,AcY,AcZ,Tmp,GyX,GyY,GyZ,Timer
0,4220.0,-16244.0,-1264.0,-2752.0,7139.0,2824.0,482.0,70135.0
1,4016.0,-16076.0,-1184.0,-2736.0,7106.0,2607.0,320.0,70141.0
2,3240.0,-16044.0,-912.0,-2736.0,7075.0,2545.0,145.0,70148.0
3,2824.0,-15780.0,-872.0,-2736.0,6935.0,2311.0,-89.0,70154.0
4,2792.0,-15780.0,-764.0,-2752.0,6773.0,1694.0,-412.0,70160.0
5,2832.0,-15760.0,-548.0,-2784.0,6547.0,1018.0,-191.0,70165.0
6,3912.0,-15532.0,-648.0,-2752.0,6291.0,643.0,-557.0,70171.0
7,4420.0,-15392.0,-764.0,-2736.0,6053.0,547.0,-539.0,70177.0
8,5040.0,-15692.0,-656.0,-2768.0,5913.0,669.0,-400.0,70183.0
9,5848.0,-16112.0,-504.0,-2752.0,5831.0,1103.0,-292.0,70189.0
10,6604.0,-16308.0,-488.0,-2752.0,5887.0,1881.0,-84.0,70195.0
11,6712.0,-16436.0,-480.0,-2752.0,5921.0,2781.0,316.0,70201.0
12,6440.0,-16564.0,-932.0,-2768.0,6013.0,3757.0,567.0,70207.0
13,5868.0,-16012.0,-1208.0,-2768.0,6152.0,4369.0,754.0,70213.0
14,5540.0,-15384.0,-680.0,-2736.0,6121.0,4545.0,814.0,70218.0
15,4928.0,-15120.0,-444.0,-2704.0,5980.0,4614.0,941.0,70224.0
16,4720.0,-15152.0,-496.0,-2736.0,5877.0,4516.0,976.0,70231.0
17,4568.0,-15320.0,-220.0,-2768.0,5769.0,4254.0,1087.0,70237.0
18,4568.0,-15684.0,-520.0,-2736.0,5796.0,3990.0,1087.0,70243.0
19,4284.0,-15532.0,-348.0,-2768.0,5684.0,3592.0,925.0,70248.0
20,4748.0,-15616.0,-120.0,-2736.0,5565.0,3212.0,1214.0,70254.0
21,4528.0,-15484.0,116.0,-2768.0,5450.0,3071.0,1065.0,70260.0
22,4360.0,-15616.0,392.0,-2768.0,5324.0,3002.0,1110.0,70266.0
23,4324.0,-16044.0,52.0,-2768.0,5334.0,3010.0,1155.0,70273.0
24,4468.0,-15876.0,320.0,-2736.0,5208.0,2975.0,1177.0,70279.0
25,4424.0,-15544.0,444.0,-2768.0,5032.0,2896.0,1111.0,70284.0
26,4224.0,-15572.0,580.0,-2768.0,4902.0,2922.0,1145.0,70290.0
27,3876.0,-15712.0,636.0,-2768.0,4779.0,2872.0,1147.0,70296.0
28,3656.0,-15916.0,860.0,-2768.0,4636.0,2773.0,1177.0,70302.0
29,3732.0,-15976.0,880.0,-2752.0,4567.0,2568.0,1093.0,70308.0
30,3816.0,-16000.0,748.0,-2720.0,4552.0,2396.0,1049.0,70315.0
31,4180.0,-16092.0,728.0,-2720.0,4547.0,2327.0,1029.0,70320.0
32,4508.0,-15960.0,856.0,-2752.0,4525.0,2407.0,1015.0,70326.0
33,4868.0,-16060.0,708.0,-2784.0,4546.0,2503.0,1012.0,70332.0
34,4704.0,-16060.0,796.0,-2768.0,4561.0,2675.0,1092.0,70338.0
35,4480.0,-16180.0,1008.0,-2768.0,4577.0,2808.0,1144.0,70344.0
36,4312.0,-16112.0,928.0,-2736.0,4620.0,2826.0,1197.0,70350.0
37,4196.0,-16208.0,948.0,-2704.0,4675.0,2753.0,1225.0,70356.0
38,4464.0,-16096.0,936.0,-2720.0,4738.0,2634.0,1295.0,70362.0
39,4588.0,-16016.0,948.0,-2720.0,4803.0,2577.0,1309.0,70368.0
40,4744.0,-15980.0,896.0,-2720.0,4835.0,2560.0,1384.0,70374.0
41,3984.0,-16260.0,1212.0,-2720.0,4964.0,2608.0,1506.0,70380.0
42,5212.0,-16016.0,1172.0,-2752.0,5072.0,2648.0,1497.0,70386.0
43,3784.0,-16340.0,1248.0,-2736.0,5206.0,2784.0,1650.0,70392.0
44,3636.0,-16324.0,1416.0,-2768.0,5353.0,2699.0,1719.0,70398.0
45,3392.0,-16240.0,1456.0,-2752.0,5483.0,2514.0,1776.0,70404.0
46,3700.0,-16644.0,1372.0,-2752.0,5642.0,2325.0,1679.0,70410.0
47,4048.0,-16832.0,1204.0,-2736.0,5814.0,1962.0,1689.0,70416.0
48,4568.0,-16508.0,1420.0,-2768.0,5915.0,1721.0,1706.0,70422.0
49,4884.0,-16488.0,1744.0,-2768.0,5967.0,1776.0,1704.0,70428.0
50,4960.0,-16656.0,2032.0,-2752.0,6030.0,1999.0,1747.0,70434.0
51,4688.0,-16488.0,2104.0,-2752.0,6091.0,2250.0,1791.0,70440.0
52,4640.0,-16848.0,1988.0,-2736.0,6219.0,2563.0,1735.0,70447.0
53,4476.0,-16880.0,2248.0,-2736.0,6265.0,2799.0,1712.0,70453.0
54,4356.0,-16700.0,2376.0,-2752.0,6317.0,3048.0,1694.0,70458.0
55,3636.0,-17032.0,2556.0,-2752.0,6375.0,3400.0,1946.0,70464.0
56,3164.0,-17324.0,2720.0,-2768.0,6455.0,3671.0,2084.0,70470.0
57,2588.0,-17500.0,2624.0,-2768.0,6607.0,3661.0,2191.0,70476.0
58,2360.0,-17364.0,2540.0,-2752.0,6763.0,3384.0,2251.0,70482.0
59,2448.0,-17436.0,2532.0,-2720.0,6949.0,3113.0,2287.0,70489.0
60,2460.0,-17496.0,2888.0,-2736.0,7132.0,2933.0,2414.0,70495.0
61,2320.0,-17668.0,2908.0,-2736.0,7390.0,2814.0,2512.0,70501.0
62,2808.0,-17748.0,2772.0,-2752.0,7637.0,2494.0,2582.0,70506.0
63,3212.0,-17828.0,2656.0,-2720.0,7842.0,2164.0,2773.0,70512.0
64,4036.0,-18060.0,2704.0,-2768.0,8096.0,2066.0,2873.0,70518.0
65,4848.0,-18280.0,2992.0,-2736.0,8310.0,1990.0,2988.0,70524.0
66,5288.0,-18424.0,2920.0,-2768.0,8560.0,2151.0,3267.0,70531.0
67,4892.0,-18716.0,2672.0,-2752.0,8751.0,2607.0,3538.0,70537.0
68,4224.0,-18924.0,2796.0,-2736.0,9023.0,3012.0,3793.0,70543.0
69,3440.0,-19048.0,3016.0,-2736.0,9317.0,3219.0,4211.0,70549.0
70,2100.0,-19288.0,3064.0,-2752.0,9616.0,3283.0,4344.0,70555.0
71,1704.0,-19472.0,3144.0,-2752.0,9940.0,3026.0,4681.0,70560.0
72,1504.0,-19856.0,3428.0,-2768.0,10259.0,2729.0,5020.0,70566.0
73,1728.0,-20188.0,3240.0,-2784.0,10616.0,2352.0,5240.0,70573.0
74,2404.0,-20312.0,3252.0,-2752.0,10957.0,2056.0,5418.0,70579.0
75,3284.0,-20456.0,3260.0,-2768.0,11310.0,1896.0,5575.0,70585.0
76,4264.0,-20504.0,3076.0,-2752.0,11659.0,1953.0,5721.0,70591.0
77,5244.0,-20732.0,3180.0,-2736.0,11970.0,2227.0,5911.0,70597.0
78,5644.0,-21216.0,3036.0,-2752.0,12304.0,2759.0,6116.0,70603.0
79,4700.0,-22372.0,3376.0,-2768.0,12605.0,3545.0,6578.0,70609.0
80,2540.0,-23772.0,4680.0,-2784.0,12740.0,3908.0,7501.0,70616.0
81,3160.0,-26008.0,4764.0,-2768.0,12819.0,3191.0,8197.0,70622.0
82,5752.0,-26332.0,2964.0,-2752.0,13082.0,3026.0,8511.0,70628.0
83,8656.0,-25316.0,1428.0,-2736.0,13602.0,3532.0,8258.0,70634.0
84,10224.0,-24780.0,1100.0,-2784.0,14030.0,4587.0,8167.0,70640.0
85,10340.0,-25900.0,1156.0,-2736.0,14465.0,6291.0,8237.0,70645.0
86,9292.0,-27200.0,1444.0,-2784.0,15037.0,7935.0,8445.0,70651.0
87,7976.0,-27832.0,2488.0,-2768.0,15804.0,9217.0,8618.0,70658.0
88,6020.0,-27664.0,1556.0,-2752.0,16367.0,10085.0,8910.0,70664.0
89,5784.0,-28096.0,244.0,-2768.0,16927.0,10682.0,8884.0,70670.0
90,6232.0,-28328.0,-1348.0,-2752.0,17377.0,11002.0,9044.0,70676.0
91,7244.0,-28584.0,-3828.0,-2752.0,17662.0,11417.0,9159.0,70682.0
92,8924.0,-28740.0,-6176.0,-2736.0,17760.0,12063.0,8928.0,70688.0
93,10288.0,-29120.0,-9204.0,-2720.0,17502.0,13125.0,8701.0,70694.0
94,10240.0,-30484.0,-11596.0,-2752.0,17312.0,14731.0,8688.0,70701.0
95,8116.0,-30484.0,-13260.0,-2768.0,17116.0,15570.0,9260.0,70707.0
96,5656.0,-28804.0,-14940.0,-2736.0,16704.0,15422.0,9994.0,70713.0
97,4128.0,-25508.0,-15880.0,-2768.0,15962.0,15124.0,10640.0,70720.0
98,2856.0,-22392.0,-15992.0,-2768.0,15022.0,14412.0,11165.0,70726.0
99,1464.0,-19588.0,-13336.0,-2768.0,14075.0,13098.0,11622.0,70732.0
100,-200.0,-17724.0,-8156.0,-2768.0,13218.0,10854.0,11892.0,70738.0
101,-2200.0,-18372.0,1732.0,-2768.0,13293.0,7663.0,12092.0,70745.0
102,-3132.0,-19696.0,7744.0,-2768.0,13542.0,3885.0,11836.0,70751.0
103,-3308.0,-20500.0,7764.0,-2768.0,13009.0,-338.0,10624.0,70757.0
104,-2204.0,-20660.0,4948.0,-2752.0,11959.0,-5039.0,8997.0,70763.0
105,-68.0,-20660.0,2044.0,-2768.0,10798.0,-9580.0,7149.0,70769.0
106,2036.0,-21164.0,528.0,-2768.0,10209.0,-12766.0,5597.0,70775.0
107,3920.0,-21552.0,-288.0,-2768.0,10095.0,-13549.0,4709.0,70781.0
108,4124.0,-20448.0,-1244.0,-2720.0,10599.0,-12181.0,4461.0,70788.0
109,3940.0,-18248.0,-2036.0,-2736.0,11232.0,-10044.0,4670.0,70794.0
110,4044.0,-15052.0,-3728.0,-2736.0,11062.0,-8403.0,5116.0,70800.0
111,5136.0,-11596.0,-3960.0,-2752.0,10323.0,-7586.0,5177.0,70806.0
112,6228.0,-9668.0,-2840.0,-2768.0,9367.0,-6440.0,5153.0,70812.0
113,7508.0,-8464.0,1344.0,-2752.0,8227.0,-4348.0,4918.0,70818.0
114,7296.0,-7992.0,3848.0,-2752.0,7658.0,-2324.0,4886.0,70823.0
115,5924.0,-8096.0,5172.0,-2768.0,6890.0,-449.0,4511.0,70830.0
116,5268.0,-6112.0,5448.0,-2752.0,4489.0,1745.0,6172.0,70836.0
117,4668.0,-5260.0,2072.0,-2752.0,2953.0,3008.0,5250.0,70842.0
118,3076.0,-4032.0,-492.0,-2768.0,692.0,2816.0,4255.0,70848.0
119,2724.0,-2960.0,-2964.0,-2752.0,-1295.0,1851.0,4189.0,70854.0
120,3456.0,-2540.0,-4264.0,-2720.0,-3076.0,630.0,3651.0,70859.0
121,4244.0,-5680.0,296.0,-2720.0,-3214.0,172.0,3031.0,70865.0
122,2828.0,-5412.0,-6464.0,-2736.0,-3393.0,413.0,3110.0,70872.0
123,1072.0,-3272.0,-8700.0,-2768.0,-5526.0,808.0,2599.0,70878.0
124,-1268.0,-3304.0,-8916.0,-2736.0,-7001.0,930.0,2171.0,70884.0
125,920.0,-1764.0,-9484.0,-2800.0,-8908.0,-711.0,1427.0,70889.0
126,3716.0,584.0,-9464.0,-2736.0,-11414.0,-2837.0,-98.0,70895.0
127,4740.0,1716.0,-9028.0,-2752.0,-14308.0,-3374.0,-1382.0,70901.0
128,4756.0,788.0,-8460.0,-2736.0,-16703.0,-2945.0,-2227.0,70907.0
129,4460.0,-1320.0,-7560.0,-2768.0,-18291.0,-3133.0,-2922.0,70914.0
130,4028.0,-2812.0,-5884.0,-2720.0,-19551.0,-3656.0,-3607.0,70920.0
131,3312.0,-4016.0,-4256.0,-2768.0,-20612.0,-3980.0,-3839.0,70926.0
132,2768.0,-4784.0,-3368.0,-2752.0,-21809.0,-4091.0,-3805.0,70932.0
133,2160.0,-5576.0,-3024.0,-2752.0,-23130.0,-4076.0,-3848.0,70938.0
134,1244.0,-6088.0,-2920.0,-2784.0,-24568.0,-3913.0,-4011.0,70943.0
135,448.0,-6456.0,-3192.0,-2736.0,-26178.0,-3869.0,-4392.0,70949.0
136,-136.0,-7332.0,-3524.0,-2752.0,-27611.0,-4203.0,-5043.0,70956.0
137,-136.0,-7972.0,-3640.0,-2768.0,-28999.0,-5037.0,-5882.0,70962.0
138,-80.0,-8772.0,-3760.0,-2768.0,-30311.0,-6016.0,-6713.0,70968.0
139,-2024.0,-12444.0,-5892.0,-2768.0,-31107.0,-7039.0,-7449.0,70974.0
140,712.0,-11648.0,-3956.0,-2768.0,-32360.0,-8170.0,-7959.0,70980.0
141,1580.0,-12804.0,-3328.0,-2752.0,-32768.0,-8983.0,-8365.0,70986.0
142,2676.0,-13672.0,-2800.0,-2784.0,-32768.0,-9448.0,-8598.0,70992.0
143,3672.0,-14956.0,-2272.0,-2768.0,-32768.0,-9616.0,-8841.0,70999.0
144,4588.0,-16132.0,-1696.0,-2752.0,-32768.0,-9412.0,-9008.0,71005.0
145,5404.0,-17316.0,-812.0,-2768.0,-32768.0,-8820.0,-9223.0,71011.0
146,5996.0,-18596.0,-396.0,-2768.0,-32768.0,-7952.0,-9464.0,71017.0
147,6004.0,-19308.0,-76.0,-2752.0,-32768.0,-7061.0,-9664.0,71023.0
148,5976.0,-20132.0,292.0,-2784.0,-32768.0,-6208.0,-9814.0,71029.0
149,5760.0,-21152.0,544.0,-2768.0,-32768.0,-5438.0,-9982.0,71035.0
150,5520.0,-22128.0,888.0,-2752.0,-32768.0,-4760.0,-10162.0,71042.0
151,5308.0,-22744.0,908.0,-2784.0,-32768.0,-4242.0,-10384.0,71048.0
152,5168.0,-23368.0,616.0,-2768.0,-32768.0,-3778.0,-10629.0,71054.0
153,5716.0,-24196.0,-100.0,-2752.0,-32768.0,-3196.0,-10869.0,71060.0
154,6324.0,-25596.0,-56.0,-2784.0,-32768.0,-2275.0,-11128.0,71066.0
155,6868.0,-27016.0,-100.0,-2768.0,-32768.0,-964.0,-11388.0,71072.0
156,7588.0,-28348.0,204.0,-2752.0,-32768.0,446.0,-11758.0,71077.0
157,7952.0,-29456.0,816.0,-2768.0,-32768.0,1934.0,-12172.0,71084.0
158,8040.0,-30244.0,1628.0,-2784.0,-32768.0,3278.0,-12676.0,71090.0
159,7348.0,-30920.0,3176.0,-2768.0,-32768.0,4413.0,-13279.0,71096.0
160,5988.0,-32304.0,5336.0,-2768.0,-32768.0,5123.0,-13997.0,71102.0
161,4752.0,-32768.0,7804.0,-2768.0,-32768.0,5308.0,-14726.0,71108.0
162,4168.0,-32768.0,10300.0,-2800.0,-32768.0,5381.0,-15210.0,71115.0
163,4252.0,-32768.0,12884.0,-2768.0,-32768.0,5485.0,-15572.0,71121.0
164,4864.0,-32768.0,15508.0,-2768.0,-32768.0,5884.0,-15756.0,71128.0
165,5500.0,-32768.0,17240.0,-2768.0,-32223.0,6872.0,-15826.0,71134.0
166,5564.0,-32768.0,18616.0,-2752.0,-30184.0,8491.0,-15616.0,71140.0
167,3824.0,-32768.0,19916.0,-2784.0,-27802.0,10272.0,-14932.0,71146.0
168,-1588.0,-32768.0,20408.0,-2768.0,-24624.0,11634.0,-13390.0,71152.0
169,-8864.0,-32768.0,21248.0,-2736.0,-21778.0,11783.0,-11699.0,71159.0
170,-9768.0,-32340.0,22776.0,-2768.0,-18715.0,11729.0,-7223.0,71165.0
171,-16844.0,-30200.0,24328.0,-2736.0,-15875.0,10677.0,-8360.0,71172.0
172,-23840.0,-27984.0,27132.0,-2736.0,-13242.0,6910.0,-7095.0,71178.0
173,-22820.0,-27108.0,29080.0,-2720.0,-10451.0,1797.0,-5371.0,71185.0
174,-18196.0,-27648.0,30576.0,-2768.0,-7262.0,-2835.0,-3969.0,71191.0
175,-13544.0,-27348.0,31204.0,-2800.0,-3775.0,-5476.0,-2722.0,71197.0
176,-9848.0,-29388.0,31440.0,-2752.0,199.0,-6152.0,-2148.0,71203.0
177,-8680.0,-25704.0,29816.0,-2768.0,3307.0,-6312.0,-471.0,71209.0
178,-9292.0,-25068.0,28928.0,-2784.0,6278.0,-7174.0,126.0,71216.0
179,-10128.0,-24420.0,27324.0,-2736.0,9061.0,-8641.0,1445.0,71222.0
180,-10488.0,-23588.0,25488.0,-2768.0,11541.0,-10409.0,2584.0,71228.0
181,-10164.0,-22892.0,20768.0,-2752.0,13275.0,-12405.0,3838.0,71234.0
182,-6816.0,-19932.0,14984.0,-2752.0,14233.0,-14243.0,4028.0,71241.0
183,7140.0,-8040.0,-11036.0,-2752.0,9526.0,-15985.0,751.0,71247.0
184,32767.0,-3720.0,-32768.0,-2768.0,-1207.0,-17372.0,-12646.0,71254.0
185,32767.0,-32768.0,-32768.0,-2768.0,-678.0,-25004.0,-19228.0,71260.0
186,22220.0,-32768.0,-13048.0,-2768.0,13092.0,-20589.0,2537.0,71266.0
187,-2580.0,-32768.0,12060.0,-2784.0,17947.0,3771.0,13509.0,71273.0
188,-23624.0,-31460.0,27960.0,-2784.0,18605.0,19723.0,13135.0,71279.0
189,-24964.0,-31016.0,30076.0,-2768.0,18408.0,12977.0,6460.0,71285.0
190,-17792.0,-32768.0,15244.0,-2752.0,18184.0,-4866.0,-546.0,71291.0
191,-8756.0,-29380.0,-1804.0,-2784.0,18151.0,-16063.0,-586.0,71298.0
192,5664.0,-20068.0,-9608.0,-2768.0,18718.0,-19234.0,2245.0,71304.0
193,16564.0,-9840.0,-5304.0,-2768.0,18653.0,-16862.0,3754.0,71310.0
194,15684.0,-3556.0,3408.0,-2768.0,16222.0,-9347.0,1905.0,71316.0
195,5004.0,-4820.0,5552.0,-2752.0,12823.0,-2620.0,1026.0,71322.0
196,840.0,-9192.0,2996.0,-2768.0,10754.0,-1706.0,1132.0,71328.0
197,3460.0,-13248.0,228.0,-2800.0,9761.0,-4088.0,350.0,71334.0
198,5444.0,-17152.0,-340.0,-2768.0,9526.0,-4534.0,56.0,71341.0
199,4836.0,-19588.0,-416.0,-2768.0,9480.0,-1633.0,1012.0,71347.0
200,4312.0,-19312.0,-776.0,-2736.0,9361.0,1451.0,1572.0,71353.0
201,3716.0,-18540.0,-1584.0,-2752.0,9366.0,2620.0,1154.0,71359.0
202,2584.0,-18464.0,-2308.0,-2752.0,9650.0,2602.0,533.0,71364.0
203,996.0,-17660.0,-2532.0,-2800.0,9957.0,2220.0,-72.0,71370.0
204,68.0,-15828.0,-1876.0,-2800.0,9677.0,1867.0,-316.0,71376.0
205,664.0,-14328.0,-1588.0,-2752.0,9038.0,1543.0,-309.0,71383.0
206,1760.0,-14684.0,-580.0,-2752.0,8443.0,1470.0,-417.0,71389.0
207,2168.0,-16508.0,284.0,-2752.0,8240.0,2105.0,-614.0,71395.0
208,2296.0,-17648.0,-632.0,-2784.0,8189.0,2813.0,-1108.0,71400.0
209,2732.0,-17052.0,-1128.0,-2768.0,8233.0,2750.0,-1552.0,71406.0
210,3532.0,-16328.0,-1240.0,-2768.0,8191.0,2342.0,-1803.0,71412.0
211,3932.0,-15932.0,-1456.0,-2784.0,8076.0,1956.0,-1876.0,71418.0
212,4412.0,-15576.0,-1512.0,-2736.0,7892.0,1570.0,-1848.0,71425.0
213,5084.0,-14948.0,-1436.0,-2752.0,7568.0,1121.0,-1761.0,71431.0
214,6268.0,-14308.0,-1488.0,-2768.0,7119.0,793.0,-1430.0,71437.0
215,7176.0,-14472.0,-1616.0,-2768.0,6798.0,1171.0,-1001.0,71443.0
216,7436.0,-15064.0,-1636.0,-2752.0,6697.0,2065.0,-585.0,71449.0
217,7284.0,-15200.0,-1556.0,-2800.0,6652.0,3022.0,-277.0,71455.0
218,6504.0,-15404.0,-1352.0,-2768.0,6652.0,3861.0,55.0,71461.0
219,5356.0,-15864.0,-1196.0,-2768.0,6647.0,4448.0,332.0,71467.0
220,4056.0,-16228.0,-840.0,-2816.0,6665.0,4696.0,540.0,71473.0
221,2764.0,-16408.0,-932.0,-2752.0,6688.0,4496.0,587.0,71479.0
222,2072.0,-16208.0,-1292.0,-2752.0,6677.0,3915.0,432.0,71485.0
223,1980.0,-16008.0,-1208.0,-2752.0,6646.0,3161.0,250.0,71491.0
224,2268.0,-16272.0,-1160.0,-2752.0,6688.0,2331.0,104.0,71497.0
225,2968.0,-16456.0,-1552.0,-2768.0,6780.0,1652.0,70.0,71503.0
226,3984.0,-16320.0,-1664.0,-2784.0,6951.0,1244.0,166.0,71508.0
227,4732.0,-15752.0,-1444.0,-2752.0,7007.0,1125.0,413.0,71515.0
228,5236.0,-15624.0,-984.0,-2768.0,6998.0,1417.0,582.0,71521.0
229,5340.0,-15604.0,-984.0,-2784.0,6976.0,1858.0,696.0,71527.0
230,5208.0,-15784.0,-820.0,-2784.0,6939.0,2160.0,764.0,71533.0
231,5332.0,-15668.0,-720.0,-2784.0,6900.0,2265.0,895.0,71538.0
232,5384.0,-15808.0,-276.0,-2784.0,6824.0,2285.0,1066.0,71544.0
233,5300.0,-16072.0,-304.0,-2752.0,6764.0,2361.0,1219.0,71550.0
234,5060.0,-16024.0,-300.0,-2752.0,6739.0,2501.0,1418.0,71557.0
235,4916.0,-15868.0,-232.0,-2784.0,6678.0,2726.0,1519.0,71563.0
236,4556.0,-15572.0,12.0,-2752.0,6581.0,2809.0,1589.0,71569.0
237,4188.0,-15584.0,228.0,-2784.0,6468.0,2764.0,1671.0,71574.0
238,3804.0,-15816.0,524.0,-2784.0,6360.0,2679.0,1716.0,71580.0
239,3516.0,-15952.0,452.0,-2784.0,6255.0,2492.0,1652.0,71586.0
240,3540.0,-16004.0,712.0,-2752.0,6162.0,2218.0,1571.0,71592.0
241,3388.0,-15852.0,828.0,-2752.0,6106.0,2002.0,1541.0,71599.0
242,3500.0,-16056.0,1020.0,-2752.0,5992.0,1907.0,1495.0,71605.0
243,3404.0,-16264.0,1236.0,-2768.0,5920.0,1828.0,1427.0,71610.0
244,3704.0,-16308.0,1136.0,-2736.0,5896.0,1788.0,1337.0,71616.0
245,4252.0,-16348.0,976.0,-2768.0,5848.0,1879.0,1286.0,71622.0
246,4312.0,-16424.0,840.0,-2768.0,5886.0,2167.0,1244.0,71628.0
247,4228.0,-16380.0,1140.0,-2768.0,5879.0,2419.0,1284.0,71634.0
248,3840.0,-16532.0,1236.0,-2784.0,5850.0,2654.0,1265.0,71641.0
249,3976.0,-16536.0,1428.0,-2800.0,5829.0,2640.0,1228.0,71647.0
250,3996.0,-16384.0,1416.0,-2768.0,5794.0,2640.0,1257.0,71653.0
251,4196.0,-16328.0,1484.0,-2768.0,5775.0,2615.0,1242.0,71658.0
252,4056.0,-16528.0,1788.0,-2752.0,5737.0,2665.0,1254.0,71664.0
253,4424.0,-16772.0,1760.0,-2752.0,5715.0,2751.0,1173.0,71670.0
254,4464.0,-16696.0,1728.0,-2768.0,5731.0,2848.0,1099.0,71676.0
255,4768.0,-16684.0,1836.0,-2736.0,5731.0,3097.0,1117.0,71683.0
256,4948.0,-16792.0,1912.0,-2784.0,5766.0,3442.0,1022.0,71689.0
257,6272.0,-17884.0,2048.0,-2752.0,5792.0,3878.0,724.0,71695.0
258,9396.0,-15264.0,500.0,-2752.0,5782.0,4179.0,-316.0,71701.0
259,6668.0,-16856.0,796.0,-2752.0,5930.0,4899.0,1094.0,71706.0
260,6496.0,-17280.0,2048.0,-2816.0,6016.0,6110.0,818.0,71712.0
261,5632.0,-16884.0,1932.0,-2752.0,6080.0,6730.0,671.0,71718.0
262,5536.0,-17168.0,1392.0,-2752.0,6340.0,6701.0,851.0,71725.0
263,5564.0,-17036.0,1548.0,-2816.0,6573.0,7011.0,962.0,71731.0
264,5112.0,-17208.0,1344.0,-2752.0,6770.0,7371.0,986.0,71737.0
265,4344.0,-17632.0,1316.0,-2768.0,7137.0,7426.0,1329.0,71742.0
266,3380.0,-17596.0,1560.0,-2768.0,7469.0,7383.0,1620.0,71748.0
267,2364.0,-17908.0,1532.0,-2768.0,7862.0,7129.0,1916.0,71754.0
268,1992.0,-18268.0,1784.0,-2784.0,8300.0,6646.0,2216.0,71760.0
269,1712.0,-18736.0,1884.0,-2752.0,8693.0,6201.0,2593.0,71767.0
270,1440.0,-19320.0,2192.0,-2768.0,9128.0,5831.0,2969.0,71773.0
271,1416.0,-19688.0,2604.0,-2768.0,9584.0,5594.0,3416.0,71779.0
272,-476.0,-20376.0,3124.0,-2736.0,9936.0,5475.0,4137.0,71785.0
273,1812.0,-20152.0,2796.0,-2752.0,10521.0,5392.0,4201.0,71790.0
274,-660.0,-20204.0,2720.0,-2800.0,10849.0,5160.0,4325.0,71796.0
275,-324.0,-21056.0,2728.0,-2736.0,11373.0,4165.0,4823.0,71802.0
276,-448.0,-21144.0,2996.0,-2752.0,11849.0,3445.0,5084.0,71809.0
277,620.0,-21216.0,2692.0,-2784.0,12375.0,2859.0,5591.0,71815.0
278,1036.0,-21084.0,2664.0,-2768.0,12852.0,2678.0,5792.0,71821.0
279,1348.0,-21456.0,2680.0,-2784.0,13289.0,2517.0,6241.0,71827.0
280,1652.0,-21828.0,2732.0,-2768.0,13952.0,2293.0,6808.0,71833.0
281,2220.0,-22184.0,2692.0,-2768.0,14442.0,2167.0,7414.0,71839.0
282,3132.0,-22860.0,2536.0,-2784.0,15044.0,2050.0,7915.0,71845.0
283,4600.0,-23464.0,1892.0,-2736.0,15702.0,1977.0,8388.0,71852.0
284,6292.0,-24640.0,1548.0,-2752.0,16350.0,2233.0,8732.0,71858.0
285,6520.0,-25708.0,1496.0,-2768.0,16958.0,2646.0,9088.0,71863.0
286,5304.0,-27516.0,2576.0,-2784.0,17524.0,2988.0,10189.0,71869.0
287,6004.0,-30392.0,2812.0,-2768.0,17960.0,2422.0,11128.0,71875.0
288,8188.0,-31832.0,1560.0,-2768.0,18685.0,2052.0,11532.0,71881.0
289,10980.0,-31312.0,1444.0,-2752.0,19660.0,2528.0,11346.0,71887.0
290,12128.0,-30524.0,664.0,-2768.0,20720.0,3415.0,12433.0,71894.0
291,15292.0,-32768.0,-560.0,-2768.0,21380.0,6211.0,10607.0,71900.0
292,13108.0,-32768.0,-2812.0,-2784.0,21760.0,6811.0,10604.0,71906.0
293,17152.0,-32768.0,-5836.0,-2784.0,21802.0,7762.0,10437.0,71912.0
294,18776.0,-32768.0,-10408.0,-2784.0,21887.0,10580.0,9713.0,71918.0
295,18600.0,-32768.0,-15400.0,-2784.0,21870.0,13172.0,9236.0,71925.0
296,15188.0,-32768.0,-18152.0,-2768.0,21536.0,14749.0,10080.0,71931.0
297,14104.0,-31776.0,-20044.0,-2768.0,20901.0,15924.0,10739.0,71938.0
298,9836.0,-27564.0,-21484.0,-2784.0,19763.0,16564.0,10802.0,71944.0
299,7244.0,-23228.0,-21504.0,-2800.0,18021.0,16041.0,10804.0,71950.0
300,4520.0,-19400.0,-20492.0,-2800.0,15789.0,15717.0,10936.0,71956.0
301,2832.0,-16472.0,-15416.0,-2768.0,13951.0,14466.0,11067.0,71962.0
302,1664.0,-13600.0,-4480.0,-2752.0,12676.0,13017.0,11301.0,71968.0
303,796.0,-13540.0,3052.0,-2752.0,11891.0,11317.0,11389.0,71975.0
304,1236.0,-14596.0,4660.0,-2784.0,10403.0,9327.0,10945.0,71982.0
305,948.0,-16580.0,3368.0,-2800.0,8294.0,6713.0,9580.0,71988.0
306,-260.0,-20428.0,4312.0,-2800.0,7039.0,4140.0,8425.0,71993.0
307,-648.0,-26488.0,9256.0,-2784.0,7863.0,1402.0,7835.0,71999.0
308,-1116.0,-27340.0,7488.0,-2752.0,9868.0,140.0,7424.0,72005.0
309,-820.0,-24820.0,4904.0,-2784.0,10799.0,-1850.0,7021.0,72011.0
310,-136.0,-19808.0,3760.0,-2800.0,12085.0,-3468.0,6255.0,72017.0
311,1768.0,-12844.0,2772.0,-2768.0,12358.0,-4144.0,5542.0,72024.0
312,2232.0,-8352.0,844.0,-2784.0,10723.0,-3395.0,4839.0,72030.0
313,2680.0,-4264.0,-772.0,-2768.0,8297.0,-2432.0,4547.0,72036.0
314,2880.0,-4656.0,-2140.0,-2752.0,5964.0,-1565.0,3849.0,72041.0
315,3548.0,-4620.0,-4532.0,-2800.0,4080.0,-958.0,2772.0,72047.0
316,3792.0,-3924.0,-6712.0,-2768.0,2333.0,-457.0,1743.0,72053.0
317,3444.0,-3396.0,-8372.0,-2816.0,672.0,34.0,901.0,72059.0
318,3092.0,-2784.0,-9260.0,-2736.0,-1107.0,-14.0,526.0,72066.0
319,3948.0,-1664.0,-9164.0,-2784.0,-3092.0,-735.0,379.0,72071.0
320,4584.0,-832.0,-8580.0,-2768.0,-5122.0,-1156.0,-273.0,72077.0
321,4440.0,-736.0,-8292.0,-2768.0,-6942.0,-898.0,-817.0,72083.0
322,3740.0,-688.0,-7956.0,-2768.0,-8541.0,-537.0,-1388.0,72089.0
323,3392.0,-596.0,-7328.0,-2784.0,-10042.0,-454.0,-2095.0,72094.0
324,2800.0,-436.0,-6744.0,-2752.0,-11492.0,-690.0,-2869.0,72100.0
325,2408.0,-840.0,-5404.0,-2768.0,-12861.0,-1381.0,-3456.0,72107.0
326,2284.0,-1312.0,-4224.0,-2768.0,-14128.0,-2203.0,-3873.0,72113.0
327,1976.0,-1896.0,-3392.0,-2752.0,-15523.0,-2927.0,-4193.0,72119.0
328,1656.0,-2240.0,-2888.0,-2768.0,-17106.0,-3375.0,-4607.0,72125.0
329,1568.0,-2288.0,-3532.0,-2784.0,-18896.0,-3489.0,-5206.0,72131.0
330,1528.0,-2660.0,-3776.0,-2768.0,-20742.0,-3468.0,-5914.0,72137.0
331,1832.0,-3556.0,-4220.0,-2784.0,-22426.0,-3367.0,-6765.0,72143.0
332,1800.0,-4544.0,-5020.0,-2768.0,-24013.0,-3290.0,-7570.0,72150.0
333,2040.0,-5604.0,-4680.0,-2784.0,-25407.0,-3393.0,-8284.0,72156.0
334,2160.0,-6612.0,-4948.0,-2768.0,-26580.0,-3495.0,-8869.0,72161.0
335,1592.0,-7696.0,-4896.0,-2784.0,-27708.0,-3777.0,-9356.0,72167.0
336,2384.0,-7744.0,-2732.0,-2768.0,-29281.0,-3608.0,-9670.0,72173.0
337,780.0,-10360.0,-3212.0,-2784.0,-29707.0,-4882.0,-10007.0,72179.0
338,1008.0,-11672.0,-2276.0,-2752.0,-30495.0,-5472.0,-10329.0,72185.0
339,1380.0,-12792.0,-1648.0,-2784.0,-31447.0,-5884.0,-10708.0,72192.0
340,2116.0,-14096.0,-624.0,-2768.0,-32291.0,-6076.0,-11054.0,72198.0
341,2808.0,-15308.0,-280.0,-2800.0,-32768.0,-6103.0,-11404.0,72204.0
342,3244.0,-16308.0,92.0,-2752.0,-32768.0,-6177.0,-11736.0,72210.0
343,3276.0,-17276.0,388.0,-2768.0,-32768.0,-6285.0,-11938.0,72216.0
344,3444.0,-18136.0,660.0,-2768.0,-32768.0,-6460.0,-12129.0,72222.0
345,3372.0,-19068.0,884.0,-2752.0,-32768.0,-6753.0,-12436.0,72228.0
346,3348.0,-19824.0,1096.0,-2736.0,-32768.0,-7042.0,-12633.0,72235.0
347,3400.0,-20804.0,1560.0,-2800.0,-32768.0,-7317.0,-12952.0,72241.0
348,3884.0,-21696.0,1736.0,-2800.0,-32768.0,-7665.0,-13233.0,72247.0
349,4420.0,-22532.0,1712.0,-2768.0,-32768.0,-7979.0,-13537.0,72253.0
350,4904.0,-23324.0,1876.0,-2752.0,-32768.0,-8187.0,-13839.0,72259.0
351,5252.0,-24688.0,1800.0,-2784.0,-32768.0,-8353.0,-14192.0,72265.0
352,5380.0,-25968.0,1868.0,-2752.0,-32768.0,-8437.0,-14557.0,72272.0
353,4948.0,-26984.0,2640.0,-2784.0,-32768.0,-8743.0,-14910.0,72279.0
354,4240.0,-27768.0,3712.0,-2784.0,-32768.0,-9206.0,-15251.0,72285.0
355,3920.0,-28080.0,5048.0,-2784.0,-32768.0,-9651.0,-15661.0,72291.0
356,4396.0,-28372.0,5240.0,-2768.0,-32768.0,-9636.0,-16028.0,72297.0
357,5288.0,-29292.0,6308.0,-2800.0,-32768.0,-9243.0,-16326.0,72303.0
358,5328.0,-31048.0,8260.0,-2768.0,-32768.0,-8570.0,-16349.0,72309.0
359,5300.0,-32628.0,10600.0,-2752.0,-32768.0,-7513.0,-15992.0,72315.0
360,6032.0,-32768.0,12056.0,-2752.0,-32768.0,-6151.0,-15633.0,72323.0
361,7052.0,-32768.0,12784.0,-2768.0,-32768.0,-4731.0,-15342.0,72329.0
362,7640.0,-32768.0,12908.0,-2784.0,-32638.0,-3411.0,-14882.0,72335.0
363,7888.0,-32768.0,13428.0,-2800.0,-31066.0,-1995.0,-14179.0,72341.0
364,7944.0,-32768.0,14272.0,-2768.0,-29478.0,-186.0,-13184.0,72347.0
365,7984.0,-32768.0,15420.0,-2752.0,-27817.0,1818.0,-12459.0,72354.0
366,7504.0,-32412.0,17824.0,-2784.0,-25909.0,3730.0,-11887.0,72360.0
367,6356.0,-31636.0,19832.0,-2768.0,-23806.0,5402.0,-11802.0,72367.0
368,4576.0,-31216.0,22040.0,-2816.0,-21577.0,7007.0,-11740.0,72373.0
369,1748.0,-30996.0,24340.0,-2784.0,-19145.0,8673.0,-11455.0,72379.0
370,-1504.0,-30420.0,26228.0,-2800.0,-16418.0,10504.0,-10857.0,72385.0
371,-5168.0,-29240.0,27832.0,-2768.0,-13446.0,12111.0,-9461.0,72392.0
372,-8952.0,-25272.0,27880.0,-2784.0,-10448.0,12572.0,-7191.0,72398.0
373,-17384.0,-27332.0,30816.0,-2768.0,-6786.0,11903.0,-3900.0,72404.0
374,-13204.0,-26012.0,30540.0,-2768.0,-2686.0,11601.0,271.0,72411.0
375,-17168.0,-24472.0,31304.0,-2800.0,699.0,11232.0,-1181.0,72417.0
376,-23432.0,-24768.0,30920.0,-2768.0,4027.0,8089.0,573.0,72423.0
377,-19784.0,-23592.0,29124.0,-2784.0,7210.0,3781.0,2605.0,72429.0
378,-18272.0,-24868.0,25464.0,-2768.0,9727.0,-176.0,2474.0,72435.0
379,-14764.0,-24036.0,24352.0,-2768.0,12244.0,-3587.0,3410.0,72441.0
380,-13116.0,-22936.0,22152.0,-2832.0,14190.0,-6134.0,4160.0,72448.0
381,-12004.0,-21944.0,19384.0,-2800.0,15719.0,-7884.0,4412.0,72455.0
382,-11592.0,-20976.0,15636.0,-2800.0,16794.0,-9438.0,4494.0,72461.0
383,-11388.0,-16304.0,4692.0,-2784.0,16610.0,-11730.0,4490.0,72467.0
384,336.0,-108.0,-32768.0,-2768.0,7725.0,-12737.0,2268.0,72473.0
385,32767.0,6348.0,-32768.0,-2768.0,-11089.0,-10194.0,-14536.0,72479.0
386,32767.0,-32768.0,-32768.0,-2768.0,-4744.0,-24460.0,-25461.0,72485.0
387,21240.0,-32768.0,-9200.0,-2768.0,15208.0,-28412.0,4598.0,72492.0
388,-5252.0,-32768.0,29536.0,-2784.0,17771.0,5274.0,15483.0,72499.0
389,-29940.0,-32768.0,32767.0,-2784.0,20125.0,22648.0,13106.0,72505.0
390,-27896.0,-32768.0,32767.0,-2768.0,21019.0,9977.0,4580.0,72511.0
391,-29476.0,-32768.0,11968.0,-2768.0,17882.0,-11145.0,-3390.0,72517.0
392,-14472.0,-26588.0,-18428.0,-2768.0,16540.0,-21807.0,-2105.0,72523.0
393,10116.0,-14520.0,-13244.0,-2800.0,18636.0,-21727.0,2123.0,72530.0
394,25436.0,-1152.0,1188.0,-2768.0,18668.0,-15538.0,1599.0,72537.0
395,16892.0,1344.0,5244.0,-2768.0,14192.0,-6521.0,-961.0,72543.0
396,7136.0,-4960.0,1656.0,-2816.0,11025.0,-3781.0,305.0,72549.0
397,8032.0,-9120.0,-1804.0,-2752.0,9791.0,-6650.0,10.0,72555.0
398,10456.0,-13084.0,-1460.0,-2752.0,9670.0,-9398.0,-677.0,72560.0
399,10580.0,-16432.0,-32.0,-2768.0,9747.0,-6503.0,1035.0,72566.0
400,10608.0,-17404.0,-656.0,-2800.0,9450.0,-621.0,2633.0,72572.0
401,9108.0,-17556.0,-1908.0,-2768.0,9256.0,3654.0,2671.0,72579.0
402,4804.0,-18808.0,-2428.0,-2800.0,9749.0,4679.0,2142.0,72585.0
403,1408.0,-18864.0,-1896.0,-2800.0,10373.0,4026.0,1518.0,72591.0
404,-152.0,-17116.0,-1316.0,-2800.0,10241.0,2930.0,1038.0,72597.0
405,112.0,-16664.0,-424.0,-2768.0,9799.0,1987.0,960.0,72603.0
406,984.0,-17180.0,-84.0,-2768.0,9575.0,1574.0,845.0,72609.0
407,1752.0,-16608.0,344.0,-2752.0,9237.0,1580.0,474.0,72614.0
408,2132.0,-14776.0,196.0,-2784.0,8532.0,1854.0,-335.0,72621.0
409,2044.0,-14056.0,-196.0,-2784.0,7715.0,1957.0,-973.0,72627.0
410,2296.0,-15024.0,-1000.0,-2784.0,7238.0,1615.0,-1284.0,72633.0
411,2588.0,-16484.0,-1452.0,-2800.0,7362.0,1197.0,-1611.0,72639.0
412,2756.0,-16896.0,-1708.0,-2784.0,7549.0,811.0,-1941.0,72645.0
413,3472.0,-15952.0,-1120.0,-2752.0,7465.0,208.0,-2077.0,72651.0
414,4784.0,-15204.0,-376.0,-2768.0,7008.0,-370.0,-1996.0,72657.0
415,6296.0,-15376.0,-316.0,-2800.0,6636.0,-364.0,-1806.0,72663.0
416,7428.0,-15196.0,-984.0,-2800.0,6469.0,189.0,-1665.0,72669.0
417,8540.0,-14628.0,-728.0,-2768.0,6270.0,904.0,-1390.0,72675.0
418,8776.0,-14384.0,-20.0,-2832.0,6044.0,1891.0,-959.0,72681.0
419,8664.0,-14428.0,304.0,-2768.0,5827.0,3153.0,-394.0,72687.0
420,7964.0,-14316.0,396.0,-2800.0,5568.0,4474.0,70.0,72692.0
421,6808.0,-14452.0,-72.0,-2784.0,5314.0,5626.0,263.0,72698.0
422,5116.0,-14828.0,-780.0,-2784.0,5050.0,6193.0,340.0,72705.0
423,3988.0,-15344.0,-1152.0,-2800.0,4765.0,6140.0,349.0,72711.0
424,3672.0,-15772.0,-1444.0,-2784.0,4547.0,5724.0,304.0,72717.0
425,3400.0,-16140.0,-1712.0,-2784.0,4375.0,5236.0,279.0,72723.0
426,3420.0,-16392.0,-1620.0,-2784.0,4332.0,4704.0,203.0,72728.0
427,3544.0,-16532.0,-1452.0,-2784.0,4290.0,4214.0,63.0,72734.0
428,3804.0,-16412.0,-1424.0,-2784.0,4342.0,3814.0,-46.0,72740.0
429,4396.0,-16220.0,-1376.0,-2784.0,4432.0,3438.0,-84.0,72747.0
430,5148.0,-16044.0,-1156.0,-2800.0,4464.0,3370.0,-24.0,72753.0
431,5676.0,-16016.0,-872.0,-2800.0,4481.0,3488.0,97.0,72758.0
432,6472.0,-15804.0,-852.0,-2768.0,4512.0,3722.0,271.0,72764.0
433,6904.0,-15456.0,-664.0,-2784.0,4561.0,4076.0,490.0,72770.0
434,7016.0,-15352.0,-668.0,-2752.0,4579.0,4460.0,712.0,72776.0
435,6852.0,-15440.0,-492.0,-2784.0,4587.0,4601.0,970.0,72782.0
436,6252.0,-15708.0,-308.0,-2800.0,4591.0,4701.0,1176.0,72787.0
437,5600.0,-15744.0,-364.0,-2784.0,4640.0,4704.0,1356.0,72794.0
438,5224.0,-15612.0,-188.0,-2784.0,4671.0,4570.0,1404.0,72800.0
439,4876.0,-15596.0,112.0,-2784.0,4664.0,4421.0,1401.0,72806.0
440,4340.0,-15796.0,128.0,-2784.0,4694.0,4185.0,1412.0,72812.0
441,4212.0,-15940.0,320.0,-2784.0,4668.0,3939.0,1437.0,72818.0
442,4200.0,-16200.0,168.0,-2784.0,4705.0,3812.0,1446.0,72823.0
443,4256.0,-16116.0,440.0,-2784.0,4692.0,3635.0,1436.0,72829.0
444,4320.0,-16284.0,672.0,-2816.0,4701.0,3529.0,1456.0,72836.0
445,4300.0,-16296.0,464.0,-2784.0,4822.0,3346.0,1448.0,72842.0
446,4528.0,-16292.0,464.0,-2784.0,4897.0,3250.0,1428.0,72848.0
447,4692.0,-16252.0,600.0,-2784.0,4947.0,3268.0,1451.0,72854.0
448,4808.0,-16328.0,744.0,-2816.0,4994.0,3283.0,1457.0,72859.0
449,4968.0,-16168.0,852.0,-2784.0,5017.0,3259.0,1452.0,72865.0
450,5004.0,-16192.0,844.0,-2768.0,5110.0,3241.0,1527.0,72871.0
451,4988.0,-16172.0,928.0,-2800.0,5138.0,3364.0,1527.0,72878.0
452,4892.0,-16516.0,1040.0,-2768.0,5219.0,3612.0,1595.0,72884.0
453,4880.0,-16432.0,968.0,-2768.0,5270.0,3721.0,1663.0,72890.0
454,5056.0,-16496.0,992.0,-2800.0,5307.0,3868.0,1691.0,72895.0
455,4704.0,-16504.0,972.0,-2768.0,5434.0,3865.0,1788.0,72901.0
456,4668.0,-16316.0,1244.0,-2800.0,5524.0,3829.0,1840.0,72907.0
457,4808.0,-16292.0,1204.0,-2784.0,5639.0,3801.0,1793.0,72913.0
458,4848.0,-16156.0,1112.0,-2784.0,5799.0,3791.0,1820.0,72920.0
459,4820.0,-16396.0,1048.0,-2784.0,5933.0,3771.0,1848.0,72926.0
460,4944.0,-16628.0,1144.0,-2800.0,6119.0,3864.0,1801.0,72932.0
461,4692.0,-16852.0,1200.0,-2768.0,6311.0,3904.0,1888.0,72938.0
462,4772.0,-17168.0,1256.0,-2816.0,6546.0,4008.0,1868.0,72943.0
463,5312.0,-17208.0,1412.0,-2784.0,6765.0,4082.0,1784.0,72949.0
464,5416.0,-17212.0,1088.0,-2768.0,6978.0,4147.0,1932.0,72955.0
465,5712.0,-18088.0,1752.0,-2800.0,7200.0,4487.0,2020.0,72962.0
466,5764.0,-16776.0,1276.0,-2800.0,7323.0,4651.0,1981.0,72968.0
467,4800.0,-17328.0,1688.0,-2768.0,7503.0,4746.0,2514.0,72974.0
468,4528.0,-17324.0,2272.0,-2784.0,7711.0,4979.0,2600.0,72980.0
469,4796.0,-17468.0,2228.0,-2768.0,7939.0,4900.0,2579.0,72986.0
470,4572.0,-17552.0,1896.0,-2768.0,8123.0,4744.0,2753.0,72991.0
471,4404.0,-17944.0,2348.0,-2768.0,8375.0,4729.0,2907.0,72997.0
472,3824.0,-18024.0,2536.0,-2816.0,8580.0,4676.0,3173.0,73004.0
473,4088.0,-18688.0,2380.0,-2816.0,8896.0,4520.0,4014.0,73010.0
474,3260.0,-18336.0,2540.0,-2768.0,9056.0,5015.0,3584.0,73016.0
475,1484.0,-19128.0,2736.0,-2800.0,9360.0,4474.0,3976.0,73022.0
476,1572.0,-19224.0,2640.0,-2784.0,9704.0,3941.0,4404.0,73028.0
477,1292.0,-19124.0,2716.0,-2784.0,10046.0,3679.0,4696.0,73034.0
478,1168.0,-19268.0,2832.0,-2800.0,10400.0,3304.0,4899.0,73040.0
479,1152.0,-19408.0,2940.0,-2784.0,10747.0,2776.0,5129.0,73047.0
480,1556.0,-19564.0,3048.0,-2768.0,11066.0,2300.0,5287.0,73052.0
481,2164.0,-19784.0,3184.0,-2800.0,11351.0,1982.0,5320.0,73058.0
482,3112.0,-20116.0,3180.0,-2800.0,11648.0,1886.0,5517.0,73064.0
483,3892.0,-20268.0,2944.0,-2800.0,11971.0,1972.0,5841.0,73070.0
484,4652.0,-20068.0,3020.0,-2784.0,12204.0,2352.0,5848.0,73076.0
485,5156.0,-20648.0,2952.0,-2800.0,12536.0,2709.0,6169.0,73082.0
486,5476.0,-20772.0,2832.0,-2784.0,12812.0,3243.0,6463.0,73089.0
487,5700.0,-21080.0,2816.0,-2768.0,13184.0,3772.0,6761.0,73095.0
488,5540.0,-21288.0,2624.0,-2784.0,13562.0,4208.0,6900.0,73101.0
489,5000.0,-21912.0,2824.0,-2768.0,13969.0,4638.0,7146.0,73107.0
490,2612.0,-22160.0,3860.0,-2768.0,14244.0,5091.0,8034.0,73113.0
491,1592.0,-24616.0,4708.0,-2768.0,14367.0,4301.0,8824.0,73119.0
492,3296.0,-26288.0,3500.0,-2800.0,14740.0,3338.0,9282.0,73125.0
493,5896.0,-26220.0,4304.0,-2752.0,15586.0,3185.0,9095.0,73132.0
494,7468.0,-25260.0,2632.0,-2800.0,16147.0,3893.0,9083.0,73138.0
495,8564.0,-26720.0,1620.0,-2784.0,16789.0,5243.0,9109.0,73143.0
496,8452.0,-27992.0,1428.0,-2800.0,17452.0,6954.0,9339.0,73149.0
497,7836.0,-28608.0,-28.0,-2784.0,18063.0,8530.0,9662.0,73155.0
498,7548.0,-28936.0,-1976.0,-2784.0,18557.0,9731.0,9904.0,73161.0
499,7376.0,-29488.0,-3820.0,-2800.0,18812.0,10597.0,10058.0,73167.0
500,7940.0,-30292.0,-6084.0,-2800.0,18883.0,11074.0,10126.0,73174.0
501,9352.0,-30532.0,-7864.0,-2832.0,18828.0,11491.0,9921.0,73180.0
502,10524.0,-30576.0,-8944.0,-2784.0,18505.0,11820.0,9282.0,73186.0
503,10288.0,-31336.0,-10196.0,-2784.0,17984.0,13166.0,9092.0,73192.0
504,9684.0,-32004.0,-12896.0,-2816.0,17594.0,14641.0,9286.0,73198.0
505,8548.0,-30384.0,-14680.0,-2816.0,16980.0,16139.0,9826.0,73204.0
506,6544.0,-26828.0,-16276.0,-2784.0,16083.0,17233.0,10255.0,73211.0
507,4496.0,-22588.0,-16216.0,-2800.0,15084.0,16924.0,10348.0,73218.0
508,2096.0,-17676.0,-12360.0,-2800.0,13974.0,15202.0,10523.0,73224.0
509,780.0,-15400.0,-5512.0,-2800.0,13128.0,12353.0,10806.0,73230.0
510,-128.0,-16156.0,3464.0,-2800.0,13025.0,8900.0,11188.0,73236.0
511,-500.0,-18104.0,8216.0,-2784.0,12978.0,5150.0,11129.0,73242.0
512,-1128.0,-19788.0,8052.0,-2800.0,12326.0,562.0,10015.0,73248.0
513,-1504.0,-20924.0,5316.0,-2832.0,11169.0,-4207.0,8397.0,73254.0
514,848.0,-21460.0,3960.0,-2816.0,10348.0,-7588.0,6738.0,73261.0
515,3408.0,-22436.0,2848.0,-2784.0,10157.0,-9379.0,5277.0,73267.0
516,5084.0,-21540.0,2176.0,-2800.0,10847.0,-10040.0,4282.0,73273.0
517,6284.0,-20872.0,2368.0,-2768.0,11770.0,-9276.0,4049.0,73279.0
518,7480.0,-18272.0,4204.0,-2816.0,12943.0,-7767.0,4095.0,73285.0
519,8732.0,-13212.0,3112.0,-2768.0,12954.0,-3946.0,4378.0,73291.0
520,9088.0,-7940.0,168.0,-2800.0,11232.0,1553.0,4677.0,73297.0
521,8760.0,-4980.0,-2540.0,-2768.0,8254.0,6836.0,4875.0,73303.0
522,8524.0,-5328.0,-3728.0,-2816.0,5721.0,9808.0,4275.0,73309.0
523,7992.0,-5716.0,-5340.0,-2784.0,4124.0,10414.0,3235.0,73315.0
524,7292.0,-5400.0,-7200.0,-2800.0,2882.0,10081.0,2290.0,73321.0
525,6068.0,-4556.0,-8856.0,-2800.0,1549.0,9470.0,1524.0,73327.0
526,4188.0,-3328.0,-8384.0,-2800.0,16.0,8527.0,1158.0,73333.0
527,2176.0,-2504.0,-7428.0,-2768.0,-1539.0,7872.0,1152.0,73338.0
528,244.0,-2104.0,-6268.0,-2800.0,-3076.0,7310.0,1214.0,73345.0
529,-1264.0,-1624.0,-5960.0,-2800.0,-4680.0,6506.0,1056.0,73351.0
530,-1840.0,-1668.0,-5812.0,-2800.0,-6303.0,5726.0,648.0,73357.0
531,-2004.0,-2024.0,-5464.0,-2768.0,-7974.0,4905.0,-88.0,73363.0
532,-2272.0,-2476.0,-5236.0,-2800.0,-9569.0,3734.0,-903.0,73369.0
533,-2236.0,-2668.0,-4588.0,-2800.0,-11087.0,2095.0,-1634.0,73374.0
534,-2276.0,-2860.0,-3984.0,-2784.0,-12522.0,100.0,-2364.0,73380.0
535,-2160.0,-3264.0,-3532.0,-2800.0,-13907.0,-1846.0,-2968.0,73387.0
536,-2176.0,-3260.0,-3228.0,-2784.0,-15331.0,-3417.0,-3455.0,73393.0
537,-1812.0,-3320.0,-3484.0,-2768.0,-16942.0,-4602.0,-3945.0,73399.0
538,-1516.0,-3640.0,-3788.0,-2784.0,-18545.0,-5544.0,-4507.0,73405.0
539,-1096.0,-3952.0,-3992.0,-2768.0,-20118.0,-6406.0,-5085.0,73411.0
540,-372.0,-4488.0,-4216.0,-2768.0,-21536.0,-7237.0,-5683.0,73417.0
541,464.0,-5176.0,-4244.0,-2752.0,-22925.0,-7950.0,-6281.0,73423.0
542,1172.0,-5904.0,-3772.0,-2768.0,-24160.0,-8561.0,-6762.0,73430.0
543,1672.0,-6600.0,-3216.0,-2784.0,-25287.0,-9158.0,-7147.0,73436.0
544,1012.0,-8988.0,-3048.0,-2800.0,-26372.0,-9330.0,-7531.0,73442.0
545,2672.0,-7972.0,-2184.0,-2816.0,-27485.0,-10047.0,-7881.0,73448.0
546,3148.0,-8740.0,-2392.0,-2768.0,-28645.0,-10189.0,-8270.0,73454.0
547,4108.0,-9584.0,-2228.0,-2800.0,-29924.0,-9980.0,-8656.0,73460.0
548,5204.0,-10884.0,-2340.0,-2800.0,-31080.0,-9576.0,-9005.0,73466.0
549,6520.0,-12908.0,-2124.0,-2800.0,-31995.0,-8883.0,-9318.0,73473.0
550,7324.0,-14392.0,-1856.0,-2800.0,-32674.0,-7797.0,-9402.0,73479.0
551,7460.0,-15568.0,-624.0,-2752.0,-32768.0,-6498.0,-9506.0,73485.0
552,7092.0,-16404.0,88.0,-2800.0,-32768.0,-5269.0,-9555.0,73491.0
553,6452.0,-17068.0,944.0,-2768.0,-32768.0,-4252.0,-9637.0,73497.0
554,5836.0,-17796.0,1812.0,-2816.0,-32768.0,-3359.0,-9795.0,73502.0
555,5372.0,-18848.0,2272.0,-2768.0,-32768.0,-2588.0,-10038.0,73508.0
556,4972.0,-19980.0,2372.0,-2800.0,-32768.0,-2040.0,-10401.0,73515.0
557,268.0,-31072.0,7780.0,-2784.0,-32768.0,-3060.0,-15554.0,73577.0
558,-1164.0,-32016.0,9388.0,-2784.0,-32768.0,-5294.0,-16455.0,73583.0
559,-1716.0,-32540.0,10660.0,-2768.0,-32768.0,-7682.0,-17360.0,73589.0
560,-396.0,-32384.0,11372.0,-2800.0,-32768.0,-9462.0,-18154.0,73595.0
561,2496.0,-31276.0,10924.0,-2752.0,-32768.0,-9403.0,-18319.0,73602.0
562,5460.0,-31160.0,11064.0,-2800.0,-32768.0,-8391.0,-17672.0,73609.0
563,7824.0,-31984.0,11148.0,-2832.0,-31535.0,-6715.0,-16757.0,73615.0
564,8984.0,-32672.0,13168.0,-2816.0,-29969.0,-4253.0,-15828.0,73621.0
565,9208.0,-32768.0,17880.0,-2768.0,-27765.0,-1075.0,-14660.0,73627.0
566,7904.0,-32064.0,20772.0,-2800.0,-25414.0,2334.0,-13130.0,73633.0
567,6120.0,-30184.0,21764.0,-2800.0,-23454.0,5172.0,-11905.0,73640.0
568,4024.0,-27084.0,21592.0,-2784.0,-22001.0,7326.0,-10586.0,73647.0
569,2520.0,-30648.0,21644.0,-2784.0,-19037.0,8588.0,-11877.0,73653.0
570,-6140.0,-28040.0,24384.0,-2768.0,-18238.0,9480.0,-5181.0,73659.0
571,136.0,-28420.0,23972.0,-2784.0,-15504.0,11219.0,-5887.0,73665.0
572,-8476.0,-27480.0,27808.0,-2784.0,-13387.0,13341.0,-10314.0,73671.0
573,-13784.0,-29644.0,30400.0,-2800.0,-10039.0,11928.0,-8095.0,73678.0
574,-15088.0,-29304.0,31832.0,-2800.0,-6154.0,9607.0,-6580.0,73684.0
575,-17112.0,-28344.0,31992.0,-2784.0,-2335.0,7799.0,-4174.0,73691.0
576,-18768.0,-26228.0,30620.0,-2800.0,1368.0,6244.0,-1278.0,73697.0
577,-20080.0,-24636.0,29176.0,-2800.0,4695.0,4327.0,909.0,73703.0
578,-21168.0,-23540.0,27052.0,-2784.0,7587.0,1557.0,2422.0,73709.0
579,-18264.0,-22116.0,28188.0,-2800.0,9917.0,-1626.0,3705.0,73715.0
580,-18056.0,-21432.0,22272.0,-2768.0,11877.0,-5766.0,4888.0,73721.0
581,-13060.0,-16964.0,12184.0,-2800.0,12411.0,-9699.0,5026.0,73728.0
582,5236.0,-3464.0,-31760.0,-2768.0,4558.0,-12063.0,701.0,73734.0
583,32767.0,-10252.0,-32768.0,-2784.0,-5569.0,-10671.0,-11830.0,73740.0
584,28284.0,-32768.0,-32768.0,-2832.0,-1291.0,-16432.0,-15198.0,73747.0
585,7716.0,-32768.0,-7228.0,-2800.0,12816.0,-17775.0,2834.0,73753.0
586,-980.0,-32768.0,14112.0,-2800.0,16521.0,-2009.0,8381.0,73759.0
587,-14916.0,-32768.0,30920.0,-2848.0,16623.0,5627.0,5285.0,73765.0
588,-15960.0,-32768.0,32767.0,-2784.0,17372.0,-1771.0,1399.0,73772.0
589,-16224.0,-32768.0,19436.0,-2768.0,18784.0,-12566.0,304.0,73778.0
590,-10316.0,-27560.0,-3780.0,-2800.0,17712.0,-15707.0,567.0,73785.0
591,3680.0,-15048.0,-12692.0,-2816.0,16577.0,-16297.0,734.0,73791.0
592,14032.0,-8896.0,-6616.0,-2784.0,16513.0,-15625.0,1028.0,73797.0
593,18168.0,-2572.0,1164.0,-2784.0,14168.0,-11395.0,-219.0,73803.0
594,13148.0,-4164.0,2924.0,-2800.0,11508.0,-7481.0,677.0,73809.0
595,10024.0,-9148.0,340.0,-2784.0,9683.0,-5619.0,1620.0,73816.0
596,9968.0,-12536.0,-1112.0,-2784.0,8895.0,-5656.0,943.0,73822.0
597,9564.0,-14840.0,-1352.0,-2800.0,8766.0,-4362.0,1127.0,73827.0
598,9172.0,-16828.0,-1176.0,-2784.0,8592.0,-586.0,2258.0,73833.0
599,8044.0,-18584.0,-824.0,-2816.0,8567.0,3543.0,2689.0,73839.0
600,5220.0,-20796.0,-1164.0,-2800.0,9216.0,6010.0,2459.0,73845.0
601,1768.0,-21084.0,-1964.0,-2800.0,10022.0,6580.0,2215.0,73851.0
602,-184.0,-18844.0,-2268.0,-2784.0,10396.0,5876.0,1756.0,73858.0
603,-532.0,-16292.0,-1976.0,-2800.0,10136.0,4691.0,1084.0,73864.0
604,52.0,-14812.0,-1048.0,-2784.0,9477.0,3712.0,584.0,73870.0
605,456.0,-14052.0,-332.0,-2816.0,8593.0,3380.0,43.0,73876.0
606,564.0,-14012.0,-836.0,-2800.0,7853.0,2953.0,-801.0,73881.0
607,1032.0,-14256.0,-1692.0,-2784.0,7380.0,1812.0,-1593.0,73887.0
608,1892.0,-14888.0,-1548.0,-2800.0,7163.0,659.0,-2058.0,73893.0
609,2920.0,-15884.0,-1584.0,-2784.0,7140.0,272.0,-2285.0,73900.0
610,3280.0,-16348.0,-1152.0,-2816.0,7130.0,267.0,-2454.0,73906.0
611,3772.0,-16268.0,-784.0,-2800.0,7013.0,-90.0,-2439.0,73912.0
612,4728.0,-15960.0,-900.0,-2816.0,6852.0,-335.0,-2309.0,73918.0
613,5868.0,-15736.0,-1188.0,-2800.0,6756.0,-293.0,-2143.0,73923.0
614,6516.0,-15240.0,-1052.0,-2768.0,6654.0,441.0,-2019.0,73929.0
615,6468.0,-14920.0,-728.0,-2800.0,6399.0,1571.0,-1906.0,73935.0
616,6724.0,-15000.0,-1128.0,-2784.0,6141.0,2654.0,-1734.0,73942.0
617,6588.0,-14984.0,-1500.0,-2800.0,5764.0,3532.0,-1479.0,73948.0
618,6024.0,-14484.0,-1820.0,-2816.0,5400.0,3912.0,-1366.0,73954.0
619,5288.0,-14316.0,-1708.0,-2784.0,4892.0,3655.0,-984.0,73960.0
620,4768.0,-14908.0,-1328.0,-2800.0,4571.0,3056.0,-756.0,73966.0
621,4468.0,-15600.0,-1088.0,-2784.0,4307.0,2386.0,-644.0,73972.0
622,4656.0,-15572.0,-680.0,-2816.0,4009.0,1630.0,-489.0,73978.0
623,5204.0,-15496.0,-736.0,-2816.0,3713.0,1263.0,-258.0,73984.0
624,5916.0,-15608.0,-852.0,-2784.0,3470.0,1204.0,-27.0,73990.0
625,6308.0,-15592.0,-1036.0,-2816.0,3292.0,1486.0,284.0,73996.0
626,6148.0,-15568.0,-1084.0,-2784.0,3194.0,1959.0,559.0,74002.0
627,5608.0,-15740.0,-1244.0,-2800.0,3144.0,2443.0,777.0,74008.0
628,4864.0,-15980.0,-1220.0,-2800.0,3150.0,2693.0,850.0,74014.0
629,4424.0,-15972.0,-1368.0,-2784.0,3179.0,2556.0,866.0,74020.0
630,4208.0,-16184.0,-1404.0,-2784.0,3248.0,2151.0,921.0,74025.0
631,4452.0,-16148.0,-1352.0,-2784.0,3343.0,1731.0,928.0,74032.0
632,5032.0,-16428.0,-1776.0,-2800.0,3565.0,1451.0,983.0,74038.0
633,5396.0,-16212.0,-1804.0,-2864.0,3818.0,1306.0,1101.0,74044.0
634,5796.0,-16192.0,-1620.0,-2768.0,4030.0,1265.0,1197.0,74050.0
635,5548.0,-16340.0,-1676.0,-2816.0,4265.0,1325.0,1326.0,74056.0
636,5568.0,-16020.0,-1344.0,-2800.0,4551.0,1294.0,1466.0,74062.0
637,5592.0,-15936.0,-1556.0,-2800.0,4773.0,1213.0,1580.0,74068.0
638,5468.0,-15844.0,-1084.0,-2784.0,4993.0,1106.0,1652.0,74074.0
639,5440.0,-15780.0,-900.0,-2832.0,5177.0,1021.0,1713.0,74080.0
640,5192.0,-15784.0,-740.0,-2832.0,5265.0,938.0,1762.0,74086.0
641,5260.0,-15864.0,-316.0,-2832.0,5401.0,871.0,1828.0,74092.0
642,5272.0,-15752.0,-440.0,-2816.0,5463.0,804.0,1879.0,74098.0
643,5132.0,-15988.0,-376.0,-2784.0,5494.0,811.0,1927.0,74104.0
644,4668.0,-15520.0,-244.0,-2816.0,5533.0,1268.0,2093.0,74109.0
645,4176.0,-16128.0,1440.0,-2816.0,5479.0,1236.0,2109.0,74116.0
646,3228.0,-15984.0,640.0,-2816.0,5499.0,1174.0,2054.0,74122.0
647,4728.0,-16284.0,560.0,-2816.0,5582.0,1232.0,1826.0,74128.0
648,3980.0,-15664.0,780.0,-2816.0,5518.0,1627.0,2040.0,74134.0
649,3904.0,-16012.0,856.0,-2816.0,5475.0,1684.0,1832.0,74140.0
650,3992.0,-15448.0,1240.0,-2784.0,5371.0,1671.0,1817.0,74145.0
651,4020.0,-15660.0,1252.0,-2800.0,5215.0,1646.0,1736.0,74151.0
652,4080.0,-15588.0,1536.0,-2768.0,5056.0,1638.0,1696.0,74158.0
653,4268.0,-15560.0,1496.0,-2784.0,4904.0,1724.0,1675.0,74164.0
654,4404.0,-15444.0,1584.0,-2816.0,4726.0,1833.0,1643.0,74170.0
655,4344.0,-15504.0,1564.0,-2816.0,4515.0,2007.0,1600.0,74176.0
656,4220.0,-15540.0,1612.0,-2800.0,4349.0,2130.0,1555.0,74182.0
657,4000.0,-15592.0,1672.0,-2768.0,4214.0,2221.0,1482.0,74188.0
658,3824.0,-15756.0,1684.0,-2816.0,4168.0,2278.0,1461.0,74194.0
659,3788.0,-15788.0,1360.0,-2784.0,4144.0,2284.0,1382.0,74200.0
660,3676.0,-15828.0,1404.0,-2816.0,4149.0,2258.0,1341.0,74206.0
661,4008.0,-15660.0,1376.0,-2800.0,4133.0,2177.0,1327.0,74212.0
662,4128.0,-15900.0,1488.0,-2800.0,4159.0,2090.0,1296.0,74218.0
663,4424.0,-16044.0,1252.0,-2800.0,4202.0,2104.0,1299.0,74224.0
664,4824.0,-15984.0,1036.0,-2784.0,4326.0,2058.0,1373.0,74230.0
665,4976.0,-16068.0,1096.0,-2800.0,4431.0,2186.0,1506.0,74236.0
666,5152.0,-16036.0,1124.0,-2768.0,4550.0,2338.0,1584.0,74243.0
667,5012.0,-16196.0,1188.0,-2768.0,4700.0,2532.0,1713.0,74248.0
668,5164.0,-16216.0,1132.0,-2816.0,4875.0,2694.0,1821.0,74254.0
669,5260.0,-16340.0,1288.0,-2848.0,4997.0,2881.0,1968.0,74260.0
670,5204.0,-16548.0,1224.0,-2800.0,5185.0,3116.0,2073.0,74266.0
671,5012.0,-16636.0,1160.0,-2768.0,5339.0,3306.0,2341.0,74272.0
672,3332.0,-17128.0,1756.0,-2832.0,5497.0,3610.0,2466.0,74278.0
673,6484.0,-16460.0,1416.0,-2816.0,5897.0,3454.0,2855.0,74285.0
674,3464.0,-16648.0,1520.0,-2784.0,5973.0,3832.0,2726.0,74291.0
675,4644.0,-17044.0,1492.0,-2800.0,6264.0,3465.0,3049.0,74296.0
676,3940.0,-17408.0,1892.0,-2800.0,6470.0,3354.0,3177.0,74302.0
677,5116.0,-17080.0,1708.0,-2816.0,6738.0,3332.0,3204.0,74308.0
678,4488.0,-17584.0,1544.0,-2816.0,7019.0,3384.0,3403.0,74314.0
679,3500.0,-16676.0,1396.0,-2768.0,7201.0,3189.0,3667.0,74320.0
680,2936.0,-17004.0,2144.0,-2800.0,7441.0,2973.0,3940.0,74327.0
681,2912.0,-16952.0,2264.0,-2800.0,7722.0,2516.0,4011.0,74333.0
682,3648.0,-16928.0,2264.0,-2816.0,7944.0,2117.0,4219.0,74339.0
683,4732.0,-16992.0,2244.0,-2768.0,8129.0,2016.0,4342.0,74345.0
684,5820.0,-17304.0,2488.0,-2768.0,8301.0,2239.0,4557.0,74350.0
685,6532.0,-17520.0,2568.0,-2768.0,8503.0,2640.0,4710.0,74356.0
686,6860.0,-17620.0,2328.0,-2784.0,8674.0,3177.0,4917.0,74362.0
687,7220.0,-18056.0,2520.0,-2816.0,8892.0,3775.0,5015.0,74369.0
688,6968.0,-18672.0,2568.0,-2800.0,9068.0,4451.0,5262.0,74375.0
689,5732.0,-19724.0,2880.0,-2800.0,9231.0,5117.0,5862.0,74381.0
690,4456.0,-21260.0,3924.0,-2784.0,9328.0,5256.0,6599.0,74387.0
691,4552.0,-22748.0,3744.0,-2816.0,9502.0,4997.0,6987.0,74393.0
692,5404.0,-23260.0,2132.0,-2800.0,9854.0,4815.0,7025.0,74399.0
693,5756.0,-23348.0,1636.0,-2768.0,10241.0,4953.0,7012.0,74404.0
694,5480.0,-23724.0,1624.0,-2784.0,10635.0,5453.0,7199.0,74411.0
695,3908.0,-24492.0,2340.0,-2832.0,11050.0,6154.0,7641.0,74417.0
696,1900.0,-25232.0,2688.0,-2800.0,11525.0,6347.0,8194.0,74423.0
697,12.0,-25968.0,2528.0,-2800.0,12077.0,5884.0,8656.0,74429.0
698,-216.0,-26532.0,2020.0,-2768.0,12661.0,4982.0,8748.0,74435.0
699,996.0,-26672.0,1324.0,-2800.0,13216.0,4068.0,8715.0,74441.0
700,2880.0,-27064.0,1324.0,-2784.0,14080.0,3619.0,8458.0,74447.0
701,4260.0,-26884.0,780.0,-2768.0,14719.0,3717.0,8297.0,74454.0
702,5144.0,-26756.0,416.0,-2832.0,15283.0,4183.0,8300.0,74460.0
703,5760.0,-26352.0,624.0,-2816.0,15720.0,4808.0,8136.0,74465.0
704,6364.0,-26196.0,748.0,-2784.0,16084.0,5438.0,7947.0,74471.0
705,6956.0,-26996.0,-584.0,-2784.0,16446.0,6371.0,7811.0,74477.0
706,7504.0,-28424.0,72.0,-2800.0,17229.0,6993.0,7585.0,74483.0
707,6608.0,-28284.0,-1304.0,-2768.0,17719.0,7252.0,7910.0,74489.0
708,6260.0,-27112.0,-2960.0,-2784.0,18000.0,7810.0,8207.0,74496.0
709,6144.0,-25748.0,-5244.0,-2800.0,18000.0,7933.0,8304.0,74502.0
710,6012.0,-23528.0,-8160.0,-2816.0,17716.0,7696.0,8434.0,74508.0
711,6152.0,-21664.0,-9652.0,-2800.0,17135.0,7645.0,8336.0,74514.0
712,6284.0,-19592.0,-10688.0,-2816.0,16356.0,7240.0,7972.0,74520.0
713,6292.0,-17480.0,-10600.0,-2832.0,15314.0,6837.0,7609.0,74526.0
714,5844.0,-15780.0,-9560.0,-2800.0,14085.0,6652.0,7407.0,74532.0
715,5192.0,-14020.0,-8012.0,-2816.0,12702.0,6541.0,7367.0,74539.0
716,4904.0,-12472.0,-5956.0,-2800.0,11311.0,6599.0,7343.0,74545.0
717,5316.0,-11304.0,-2984.0,-2816.0,10078.0,6910.0,7296.0,74551.0
718,6176.0,-11200.0,312.0,-2800.0,9229.0,7374.0,7018.0,74557.0
719,6376.0,-12088.0,3884.0,-2800.0,8729.0,8146.0,6621.0,74562.0
720,5544.0,-14104.0,6864.0,-2816.0,8734.0,9130.0,6256.0,74568.0
721,3872.0,-16424.0,10240.0,-2816.0,9304.0,9711.0,5903.0,74574.0
722,2728.0,-17628.0,12820.0,-2800.0,10048.0,10284.0,5583.0,74580.0
723,1608.0,-15272.0,8096.0,-2784.0,9679.0,9931.0,5222.0,74587.0
724,3112.0,-12652.0,4344.0,-2800.0,8549.0,9360.0,4471.0,74593.0
725,5816.0,-10908.0,1828.0,-2784.0,7967.0,9777.0,3602.0,74599.0
726,6376.0,-7080.0,-1508.0,-2816.0,6599.0,11102.0,3079.0,74605.0
727,4060.0,-4836.0,-4344.0,-2832.0,4342.0,12321.0,2591.0,74611.0
728,2148.0,-4276.0,-6304.0,-2832.0,2205.0,12751.0,1918.0,74617.0
729,1040.0,-4576.0,-7472.0,-2816.0,425.0,12376.0,1222.0,74622.0
730,172.0,-4452.0,-7336.0,-2784.0,-742.0,11094.0,482.0,74629.0
731,-336.0,-4568.0,-6648.0,-2800.0,-1646.0,9595.0,33.0,74635.0
732,-628.0,-4516.0,-5504.0,-2832.0,-2544.0,8405.0,-380.0,74641.0
733,-836.0,-4712.0,-4448.0,-2816.0,-3532.0,7666.0,-865.0,74647.0
734,-656.0,-4756.0,-3548.0,-2848.0,-4663.0,7164.0,-1496.0,74652.0
735,-408.0,-4628.0,-2688.0,-2816.0,-5805.0,6510.0,-2399.0,74658.0
736,-448.0,-4564.0,-2572.0,-2816.0,-7041.0,5359.0,-3555.0,74664.0
737,-516.0,-4260.0,-2384.0,-2784.0,-8343.0,3847.0,-4613.0,74671.0
738,-616.0,-4328.0,-1872.0,-2768.0,-9669.0,2477.0,-5497.0,74677.0
739,-228.0,-4424.0,-1380.0,-2800.0,-11072.0,1795.0,-6059.0,74683.0
740,-92.0,-4904.0,-1432.0,-2800.0,-12429.0,1672.0,-6632.0,74688.0
741,44.0,-5524.0,-1468.0,-2800.0,-13750.0,1863.0,-7242.0,74694.0
742,-84.0,-6260.0,-1276.0,-2800.0,-14889.0,2118.0,-7792.0,74700.0
743,-292.0,-6996.0,-848.0,-2768.0,-15842.0,2402.0,-8286.0,74706.0
744,-796.0,-7612.0,-456.0,-2784.0,-16683.0,2526.0,-8662.0,74713.0
745,-1400.0,-8148.0,-48.0,-2784.0,-17366.0,2551.0,-8871.0,74719.0
746,-2088.0,-8372.0,116.0,-2816.0,-18122.0,2353.0,-8905.0,74725.0
747,-2652.0,-8940.0,188.0,-2800.0,-18823.0,1789.0,-8853.0,74730.0
748,-3292.0,-9756.0,564.0,-2832.0,-19451.0,1116.0,-8857.0,74736.0
749,-3440.0,-10760.0,1024.0,-2816.0,-20095.0,343.0,-8988.0,74742.0
750,-3608.0,-11948.0,1632.0,-2800.0,-20622.0,-386.0,-9176.0,74748.0
751,-3516.0,-13212.0,2388.0,-2752.0,-21084.0,-885.0,-9378.0,74755.0
752,-3316.0,-14228.0,2976.0,-2800.0,-21455.0,-1280.0,-9592.0,74761.0
753,-3216.0,-14844.0,3364.0,-2816.0,-21744.0,-1671.0,-9794.0,74767.0
754,-3572.0,-15492.0,3896.0,-2800.0,-21903.0,-2277.0,-9832.0,74773.0
755,-3968.0,-15652.0,4492.0,-2768.0,-21943.0,-3269.0,-9845.0,74779.0
756,-4468.0,-15524.0,4456.0,-2784.0,-22046.0,-4484.0,-9909.0,74785.0
757,-4752.0,-15168.0,3932.0,-2784.0,-22356.0,-5870.0,-10051.0,74791.0
758,-4820.0,-15264.0,3528.0,-2816.0,-22702.0,-7362.0,-10174.0,74798.0
759,-4264.0,-15364.0,3008.0,-2832.0,-23003.0,-8770.0,-10356.0,74804.0
760,-3068.0,-15824.0,2828.0,-2768.0,-23356.0,-9898.0,-10610.0,74810.0
761,-1972.0,-16028.0,2696.0,-2800.0,-23731.0,-10508.0,-10817.0,74816.0
762,-1276.0,-16700.0,2548.0,-2768.0,-24096.0,-10797.0,-10944.0,74822.0
763,-972.0,-17132.0,2772.0,-2800.0,-24403.0,-11004.0,-10986.0,74828.0
764,-1176.0,-17596.0,2876.0,-2800.0,-24643.0,-11418.0,-10998.0,74834.0
765,-1448.0,-17968.0,3076.0,-2800.0,-24830.0,-12074.0,-11006.0,74841.0
766,-1932.0,-18192.0,3060.0,-2784.0,-25076.0,-13065.0,-11094.0,74848.0
767,-2300.0,-18676.0,3388.0,-2800.0,-25287.0,-14356.0,-11233.0,74854.0
768,-2572.0,-19488.0,3392.0,-2800.0,-25462.0,-15911.0,-11425.0,74860.0
769,-2980.0,-20476.0,3500.0,-2832.0,-25489.0,-17631.0,-11656.0,74866.0
770,-3000.0,-21180.0,4040.0,-2800.0,-25479.0,-19452.0,-11829.0,74873.0
771,-2928.0,-21700.0,4528.0,-2768.0,-25339.0,-21381.0,-11918.0,74880.0
772,-2752.0,-22256.0,4924.0,-2800.0,-25188.0,-23273.0,-11996.0,74886.0
773,-1940.0,-23072.0,5356.0,-2800.0,-24962.0,-25042.0,-12003.0,74893.0
774,-732.0,-23556.0,5556.0,-2800.0,-24741.0,-26315.0,-11871.0,74899.0
775,1572.0,-23996.0,5788.0,-2848.0,-24534.0,-26693.0,-11463.0,74905.0
776,3384.0,-24364.0,5680.0,-2784.0,-24345.0,-26090.0,-10680.0,74911.0
777,4244.0,-25372.0,6312.0,-2768.0,-23722.0,-25021.0,-9562.0,74918.0
778,5616.0,-21820.0,7288.0,-2816.0,-23069.0,-23770.0,-8195.0,74925.0
779,1260.0,-26560.0,10844.0,-2784.0,-21550.0,-23715.0,-7650.0,74931.0
780,7428.0,-26252.0,12000.0,-2832.0,-20023.0,-22483.0,-3668.0,74937.0
781,9892.0,-26284.0,14440.0,-2800.0,-18009.0,-21017.0,-6114.0,74943.0
782,8388.0,-25560.0,17116.0,-2784.0,-16260.0,-18955.0,-6373.0,74950.0
783,9884.0,-25648.0,18924.0,-2784.0,-14276.0,-16423.0,-5279.0,74956.0
784,12260.0,-25180.0,19696.0,-2800.0,-12487.0,-13099.0,-4905.0,74962.0
785,13456.0,-25124.0,20464.0,-2800.0,-10574.0,-8321.0,-5092.0,74969.0
786,14376.0,-23932.0,21272.0,-2816.0,-8780.0,-2787.0,-5293.0,74976.0
787,13288.0,-23076.0,21344.0,-2832.0,-6685.0,2377.0,-5579.0,74982.0
788,8944.0,-22080.0,20376.0,-2768.0,-4497.0,6827.0,-4844.0,74988.0
789,3672.0,-20660.0,19460.0,-2784.0,-2270.0,10202.0,-3148.0,74994.0
790,-1584.0,-19340.0,18216.0,-2784.0,-48.0,12058.0,-1195.0,75000.0
791,-6788.0,-18000.0,16908.0,-2832.0,1799.0,11958.0,697.0,75006.0
792,-9644.0,-17972.0,18024.0,-2784.0,3652.0,10442.0,2096.0,75013.0
793,-9140.0,-20148.0,23036.0,-2784.0,5861.0,8117.0,2679.0,75019.0
794,-4936.0,-23948.0,23484.0,-2800.0,8536.0,5224.0,1215.0,75025.0
795,1636.0,-22904.0,5772.0,-2800.0,7774.0,3064.0,-1292.0,75031.0
796,13148.0,-21532.0,-20032.0,-2832.0,3918.0,2392.0,-5119.0,75037.0
797,20568.0,-27492.0,-30064.0,-2800.0,2997.0,-4111.0,-9191.0,75043.0
798,17416.0,-32768.0,-15844.0,-2800.0,8795.0,-10427.0,-5494.0,75049.0
799,3904.0,-32768.0,12100.0,-2800.0,15886.0,-8000.0,3512.0,75056.0
800,-5628.0,-27924.0,19388.0,-2800.0,17376.0,-2785.0,5910.0,75062.0
801,-17020.0,-22624.0,7836.0,-2784.0,14822.0,-1899.0,5686.0,75068.0
802,-16732.0,-17096.0,-4224.0,-2816.0,11910.0,-2618.0,4692.0,75074.0
803,-4012.0,-13484.0,-6720.0,-2768.0,10657.0,-5302.0,77.0,75080.0
804,6940.0,-10292.0,-2648.0,-2784.0,10358.0,-7479.0,-3178.0,75086.0
805,10164.0,-9436.0,-1968.0,-2784.0,9679.0,-6537.0,-3168.0,75092.0
806,9484.0,-12116.0,-2864.0,-2816.0,9298.0,-4556.0,-1006.0,75099.0
807,9040.0,-14140.0,-2772.0,-2800.0,9237.0,-2520.0,1144.0,75105.0
808,8016.0,-14360.0,-404.0,-2816.0,8936.0,210.0,1601.0,75111.0
809,5116.0,-14360.0,1436.0,-2816.0,8027.0,3517.0,741.0,75117.0
810,1296.0,-14812.0,1436.0,-2784.0,6819.0,6044.0,-144.0,75122.0
811,-412.0,-16380.0,304.0,-2784.0,6153.0,6053.0,-627.0,75128.0
812,-220.0,-17412.0,-864.0,-2816.0,6017.0,4279.0,-854.0,75134.0
813,680.0,-17220.0,-1388.0,-2752.0,5855.0,2448.0,-966.0,75141.0
814,1480.0,-15984.0,-1048.0,-2816.0,5447.0,1357.0,-1140.0,75147.0
815,2424.0,-15132.0,-596.0,-2800.0,4873.0,834.0,-1355.0,75153.0
816,3228.0,-15040.0,-632.0,-2768.0,4390.0,496.0,-1442.0,75159.0
817,3660.0,-14680.0,-640.0,-2768.0,3963.0,328.0,-1399.0,75164.0
818,3784.0,-14412.0,-916.0,-2800.0,3575.0,445.0,-1416.0,75170.0
819,3340.0,-14500.0,-788.0,-2800.0,3174.0,751.0,-1588.0,75176.0
820,2484.0,-14908.0,-728.0,-2800.0,2829.0,1084.0,-1759.0,75183.0
821,1908.0,-15668.0,-428.0,-2816.0,2564.0,1215.0,-1961.0,75189.0
822,2032.0,-16176.0,-644.0,-2832.0,2296.0,1027.0,-2180.0,75195.0
823,2444.0,-16472.0,-848.0,-2800.0,2115.0,576.0,-2344.0,75201.0
824,2872.0,-16448.0,-1020.0,-2800.0,1941.0,237.0,-2443.0,75206.0
825,3292.0,-16248.0,-1080.0,-2816.0,1829.0,161.0,-2526.0,75212.0
826,3380.0,-15980.0,-824.0,-2816.0,1671.0,284.0,-2653.0,75218.0
827,3148.0,-15820.0,-1080.0,-2816.0,1509.0,493.0,-2763.0,75225.0
828,3312.0,-15788.0,-864.0,-2800.0,1400.0,520.0,-2881.0,75231.0
829,3344.0,-15952.0,-936.0,-2800.0,1316.0,351.0,-2987.0,75237.0
830,3552.0,-15920.0,-1124.0,-2800.0,1273.0,120.0,-3027.0,75243.0
831,3612.0,-15936.0,-1024.0,-2800.0,1224.0,-152.0,-3022.0,75248.0
832,3584.0,-16064.0,-1116.0,-2816.0,1204.0,-330.0,-3030.0,75254.0
833,3444.0,-16268.0,-972.0,-2784.0,1197.0,-463.0,-3065.0,75260.0
834,3832.0,-16064.0,-1044.0,-2832.0,1132.0,-620.0,-3063.0,75267.0
835,4156.0,-15884.0,-896.0,-2832.0,1063.0,-690.0,-3075.0,75273.0
836,4472.0,-15784.0,-800.0,-2832.0,944.0,-685.0,-3060.0,75279.0
837,4660.0,-15700.0,-776.0,-2768.0,820.0,-588.0,-2926.0,75285.0
838,4812.0,-15664.0,-784.0,-2800.0,671.0,-402.0,-2816.0,75290.0
839,4984.0,-15792.0,-576.0,-2768.0,510.0,-126.0,-2659.0,75296.0
840,4980.0,-16056.0,-728.0,-2784.0,427.0,23.0,-2577.0,75302.0
841,4828.0,-15852.0,-680.0,-2784.0,362.0,51.0,-2475.0,75309.0
842,5004.0,-15604.0,-384.0,-2800.0,200.0,-11.0,-2319.0,75314.0
843,5140.0,-15712.0,-752.0,-2784.0,81.0,-41.0,-2112.0,75320.0
844,5124.0,-15744.0,-708.0,-2832.0,-19.0,-45.0,-1940.0,75326.0
845,5200.0,-15804.0,-700.0,-2800.0,-102.0,-26.0,-1811.0,75332.0
846,5280.0,-15552.0,-728.0,-2832.0,-175.0,-27.0,-1682.0,75337.0
847,5568.0,-15628.0,-796.0,-2784.0,-237.0,-2.0,-1469.0,75343.0
848,5580.0,-15948.0,-1308.0,-2800.0,-170.0,95.0,-1330.0,75350.0
849,5552.0,-15772.0,-1544.0,-2800.0,-138.0,85.0,-1157.0,75355.0
850,5600.0,-15676.0,-1420.0,-2816.0,-65.0,92.0,-1020.0,75361.0
851,5452.0,-15836.0,-1448.0,-2800.0,-10.0,171.0,-894.0,75367.0
852,5404.0,-15956.0,-1528.0,-2784.0,54.0,240.0,-738.0,75373.0
853,5272.0,-16136.0,-1528.0,-2768.0,165.0,319.0,-623.0,75378.0
854,5284.0,-16124.0,-1696.0,-2800.0,318.0,430.0,-476.0,75384.0
855,5332.0,-16228.0,-1500.0,-2816.0,467.0,496.0,-383.0,75390.0
856,5336.0,-16180.0,-1808.0,-2832.0,624.0,525.0,-270.0,75397.0
857,5396.0,-16004.0,-1684.0,-2800.0,783.0,526.0,-114.0,75402.0
858,5508.0,-15876.0,-1720.0,-2800.0,900.0,531.0,-14.0,75408.0
859,5492.0,-15788.0,-1636.0,-2816.0,1034.0,471.0,94.0,75414.0
860,5620.0,-15704.0,-1704.0,-2800.0,1142.0,508.0,196.0,75420.0
861,5576.0,-15960.0,-1540.0,-2800.0,1264.0,622.0,309.0,75425.0
862,5080.0,-16072.0,-1392.0,-2800.0,1383.0,682.0,391.0,75431.0
863,5068.0,-15960.0,-1276.0,-2816.0,1481.0,712.0,452.0,75438.0
864,4936.0,-15952.0,-1152.0,-2784.0,1545.0,723.0,505.0,75444.0
865,4936.0,-15940.0,-920.0,-2784.0,1557.0,733.0,548.0,75450.0
866,4864.0,-15964.0,-884.0,-2832.0,1596.0,708.0,586.0,75455.0
867,4820.0,-15792.0,-964.0,-2800.0,1603.0,665.0,607.0,75461.0
868,4928.0,-15688.0,-864.0,-2784.0,1567.0,697.0,667.0,75467.0
869,4856.0,-15800.0,-660.0,-2816.0,1530.0,788.0,673.0,75473.0
870,4756.0,-15816.0,-760.0,-2800.0,1490.0,902.0,656.0,75479.0
871,4600.0,-15888.0,-588.0,-2816.0,1466.0,1044.0,684.0,75485.0
872,4444.0,-15916.0,-364.0,-2784.0,1432.0,1150.0,688.0,75491.0
873,4328.0,-15912.0,-352.0,-2832.0,1370.0,1191.0,662.0,75497.0
874,4356.0,-15968.0,-472.0,-2768.0,1305.0,1226.0,653.0,75502.0
875,4172.0,-16052.0,-472.0,-2800.0,1316.0,1229.0,629.0,75508.0
876,4208.0,-15956.0,-436.0,-2800.0,1247.0,1197.0,633.0,75514.0
877,4376.0,-15908.0,-420.0,-2816.0,1191.0,1153.0,603.0,75521.0
878,4316.0,-15972.0,-120.0,-2784.0,1145.0,1128.0,632.0,75527.0
879,3860.0,-15500.0,-588.0,-2784.0,1011.0,1078.0,507.0,75532.0
880,5836.0,-16544.0,-664.0,-2800.0,1188.0,1241.0,925.0,75538.0
881,4276.0,-15468.0,-360.0,-2800.0,1081.0,1574.0,475.0,75544.0
882,4176.0,-16040.0,-668.0,-2800.0,1077.0,1361.0,749.0,75550.0
883,4284.0,-16032.0,-280.0,-2784.0,1098.0,1141.0,598.0,75556.0
884,4376.0,-15868.0,-368.0,-2784.0,1073.0,973.0,676.0,75561.0
885,4800.0,-15908.0,-508.0,-2800.0,1050.0,890.0,720.0,75568.0
886,4576.0,-16008.0,-276.0,-2800.0,1074.0,982.0,734.0,75574.0
887,4488.0,-16188.0,-620.0,-2816.0,1117.0,1086.0,818.0,75580.0
888,4340.0,-16128.0,-548.0,-2784.0,1150.0,1065.0,813.0,75585.0
889,4404.0,-16144.0,-208.0,-2768.0,1127.0,972.0,877.0,75591.0
890,4368.0,-15980.0,-204.0,-2800.0,1111.0,926.0,929.0,75597.0
891,4352.0,-15784.0,-116.0,-2784.0,1062.0,885.0,954.0,75603.0
892,4600.0,-15768.0,-80.0,-2768.0,982.0,894.0,989.0,75609.0
893,4464.0,-15928.0,52.0,-2784.0,907.0,825.0,1037.0,75615.0
894,4728.0,-15732.0,-52.0,-2784.0,831.0,755.0,1083.0,75621.0
895,4724.0,-15760.0,-240.0,-2800.0,771.0,785.0,1141.0,75626.0
896,4764.0,-15828.0,-188.0,-2784.0,742.0,839.0,1226.0,75632.0
897,4728.0,-16028.0,-140.0,-2816.0,723.0,860.0,1225.0,75638.0
898,4556.0,-16052.0,-312.0,-2800.0,806.0,926.0,1242.0,75644.0
899,4528.0,-16000.0,-344.0,-2784.0,841.0,925.0,1253.0,75650.0
900,4476.0,-15976.0,-116.0,-2800.0,818.0,859.0,1291.0,75656.0
901,4240.0,-15992.0,-260.0,-2768.0,808.0,766.0,1309.0,75662.0
902,4144.0,-16004.0,-112.0,-2816.0,826.0,701.0,1313.0,75668.0
903,4052.0,-16052.0,-52.0,-2816.0,812.0,672.0,1273.0,75673.0
904,4080.0,-15756.0,28.0,-2816.0,749.0,637.0,1345.0,75679.0
905,4088.0,-16524.0,-176.0,-2800.0,837.0,609.0,1293.0,75685.0
906,4088.0,-16248.0,-288.0,-2816.0,897.0,522.0,1279.0,75691.0
907,4252.0,-16284.0,-140.0,-2816.0,963.0,494.0,1342.0,75697.0
908,4556.0,-16044.0,-276.0,-2800.0,957.0,622.0,1240.0,75703.0
909,4488.0,-16164.0,-140.0,-2816.0,1014.0,621.0,1288.0,75709.0
910,4536.0,-15992.0,-292.0,-2832.0,992.0,626.0,1339.0,75714.0
911,4348.0,-15816.0,-180.0,-2800.0,975.0,742.0,1341.0,75720.0
912,4136.0,-15900.0,88.0,-2784.0,962.0,809.0,1360.0,75726.0
913,4088.0,-16016.0,172.0,-2800.0,913.0,869.0,1307.0,75732.0
914,3944.0,-15952.0,304.0,-2784.0,887.0,855.0,1265.0,75738.0
915,4040.0,-15976.0,144.0,-2784.0,828.0,858.0,1282.0,75744.0
916,3996.0,-15952.0,264.0,-2800.0,777.0,907.0,1219.0,75750.0
917,4044.0,-16052.0,200.0,-2816.0,739.0,925.0,1251.0,75756.0
918,3900.0,-16164.0,116.0,-2800.0,745.0,959.0,1224.0,75761.0
919,3924.0,-16064.0,276.0,-2784.0,719.0,951.0,1273.0,75767.0
920,4032.0,-15996.0,28.0,-2800.0,697.0,993.0,1249.0,75773.0
921,3972.0,-16044.0,204.0,-2784.0,640.0,955.0,1249.0,75779.0
922,3924.0,-16076.0,-56.0,-2832.0,588.0,925.0,1285.0,75785.0
923,3984.0,-16184.0,-44.0,-2784.0,538.0,850.0,1270.0,75791.0
924,3928.0,-16160.0,-64.0,-2800.0,565.0,760.0,1331.0,75797.0
925,4020.0,-16264.0,216.0,-2816.0,600.0,773.0,1376.0,75802.0
926,4272.0,-16216.0,56.0,-2800.0,630.0,933.0,1481.0,75808.0
927,4016.0,-16124.0,112.0,-2800.0,685.0,1132.0,1466.0,75814.0
928,3868.0,-16316.0,188.0,-2800.0,751.0,1155.0,1480.0,75820.0
929,3664.0,-16172.0,36.0,-2832.0,810.0,1049.0,1434.0,75826.0
930,3524.0,-16100.0,64.0,-2784.0,836.0,937.0,1432.0,75832.0
931,3452.0,-16136.0,164.0,-2800.0,877.0,812.0,1431.0,75838.0
932,3376.0,-16288.0,180.0,-2784.0,903.0,707.0,1415.0,75843.0
933,3316.0,-16204.0,228.0,-2800.0,882.0,573.0,1399.0,75849.0
934,3416.0,-16112.0,120.0,-2816.0,899.0,472.0,1389.0,75855.0
935,3480.0,-16160.0,372.0,-2832.0,873.0,379.0,1361.0,75860.0
936,3632.0,-16064.0,396.0,-2784.0,884.0,347.0,1390.0,75867.0
937,3552.0,-16108.0,380.0,-2800.0,921.0,354.0,1383.0,75873.0
938,3536.0,-16124.0,408.0,-2832.0,937.0,370.0,1364.0,75879.0
939,3480.0,-16040.0,432.0,-2816.0,946.0,411.0,1340.0,75884.0
940,3444.0,-16144.0,452.0,-2800.0,986.0,431.0,1309.0,75890.0
941,3400.0,-16128.0,536.0,-2784.0,989.0,423.0,1303.0,75896.0
942,3460.0,-16196.0,568.0,-2784.0,996.0,389.0,1277.0,75902.0
943,3232.0,-15748.0,1204.0,-2800.0,809.0,402.0,1169.0,75908.0
944,4068.0,-16068.0,708.0,-2816.0,924.0,266.0,1402.0,75914.0
945,3232.0,-16048.0,508.0,-2816.0,859.0,502.0,1341.0,75920.0
946,3556.0,-16196.0,672.0,-2800.0,900.0,499.0,1424.0,75926.0
947,3232.0,-16216.0,472.0,-2816.0,957.0,490.0,1373.0,75931.0
948,3332.0,-16192.0,496.0,-2768.0,975.0,381.0,1278.0,75937.0
949,3244.0,-16080.0,464.0,-2784.0,962.0,240.0,1233.0,75943.0
950,3276.0,-15960.0,688.0,-2816.0,957.0,97.0,1203.0,75949.0
951,3432.0,-16140.0,784.0,-2816.0,975.0,47.0,1158.0,75955.0
952,3428.0,-16144.0,556.0,-2800.0,989.0,63.0,1149.0,75961.0
953,3420.0,-16144.0,652.0,-2784.0,998.0,142.0,1107.0,75966.0
954,3428.0,-16104.0,560.0,-2768.0,980.0,182.0,1079.0,75972.0
955,3516.0,-16260.0,524.0,-2784.0,1023.0,290.0,1055.0,75978.0
956,3536.0,-16096.0,692.0,-2832.0,995.0,318.0,1059.0,75984.0
957,3400.0,-16072.0,928.0,-2800.0,1025.0,411.0,1037.0,75990.0
958,3596.0,-16156.0,812.0,-2784.0,1001.0,509.0,1015.0,75996.0
959,3352.0,-16048.0,780.0,-2784.0,994.0,566.0,1027.0,76002.0
960,3424.0,-15960.0,976.0,-2832.0,954.0,652.0,976.0,76008.0
961,3364.0,-15936.0,736.0,-2784.0,898.0,642.0,1010.0,76013.0
962,3196.0,-16044.0,952.0,-2800.0,857.0,630.0,977.0,76019.0
963,3184.0,-15992.0,916.0,-2816.0,793.0,639.0,959.0,76025.0
964,3204.0,-15944.0,1008.0,-2832.0,749.0,648.0,916.0,76032.0
965,3212.0,-16028.0,808.0,-2816.0,709.0,645.0,925.0,76037.0
966,3112.0,-16096.0,1032.0,-2800.0,651.0,640.0,914.0,76043.0
967,3056.0,-16088.0,868.0,-2784.0,658.0,624.0,903.0,76049.0
968,3052.0,-16188.0,840.0,-2832.0,588.0,617.0,891.0,76054.0
969,2988.0,-16084.0,996.0,-2816.0,536.0,572.0,888.0,76060.0
970,3056.0,-16060.0,888.0,-2816.0,517.0,529.0,858.0,76066.0
971,2948.0,-16144.0,1004.0,-2800.0,478.0,474.0,875.0,76071.0
972,3020.0,-16020.0,852.0,-2816.0,453.0,414.0,856.0,76078.0
973,2960.0,-16068.0,872.0,-2768.0,424.0,305.0,829.0,76084.0
974,3040.0,-16108.0,816.0,-2816.0,400.0,247.0,847.0,76089.0
975,3004.0,-16096.0,940.0,-2832.0,361.0,248.0,810.0,76095.0
976,2892.0,-16228.0,848.0,-2832.0,355.0,227.0,794.0,76101.0
977,2932.0,-16164.0,940.0,-2816.0,368.0,163.0,780.0,76107.0
978,2900.0,-16192.0,1016.0,-2800.0,383.0,76.0,779.0,76112.0
979,2844.0,-16144.0,1024.0,-2768.0,404.0,-1.0,784.0,76119.0
980,2980.0,-16168.0,796.0,-2816.0,421.0,-59.0,751.0,76124.0
981,3036.0,-16164.0,884.0,-2800.0,383.0,-95.0,773.0,76130.0
982,3064.0,-16140.0,904.0,-2832.0,395.0,-91.0,757.0,76136.0
983,3036.0,-16200.0,1100.0,-2784.0,373.0,-95.0,766.0,76141.0
984,3168.0,-16512.0,696.0,-2816.0,426.0,-49.0,753.0,76147.0
985,3152.0,-16456.0,840.0,-2800.0,484.0,-65.0,784.0,76153.0
986,3188.0,-16188.0,888.0,-2800.0,464.0,37.0,749.0,76158.0
987,3028.0,-16228.0,1156.0,-2816.0,438.0,67.0,742.0,76165.0
988,2828.0,-16228.0,968.0,-2784.0,420.0,104.0,729.0,76171.0
989,2960.0,-16248.0,988.0,-2768.0,415.0,76.0,744.0,76176.0
990,3012.0,-16200.0,988.0,-2800.0,388.0,69.0,720.0,76182.0
991,2904.0,-16256.0,1004.0,-2816.0,371.0,161.0,700.0,76188.0
992,2984.0,-16132.0,1048.0,-2800.0,354.0,168.0,688.0,76193.0
993,2924.0,-16176.0,1112.0,-2816.0,331.0,171.0,681.0,76199.0
994,2836.0,-16088.0,1052.0,-2800.0,296.0,222.0,689.0,76206.0
995,2788.0,-16188.0,1044.0,-2816.0,313.0,268.0,648.0,76212.0
996,2912.0,-16172.0,972.0,-2800.0,279.0,223.0,619.0,76217.0
997,2844.0,-16212.0,1120.0,-2784.0,285.0,232.0,601.0,76223.0
998,2844.0,-16104.0,1116.0,-2832.0,255.0,215.0,598.0,76229.0
999,2876.0,-16196.0,1180.0,-2784.0,213.0,188.0,591.0,76234.0
1000,2880.0,-16108.0,1040.0,-2800.0,209.0,183.0,572.0,76240.0
1001,3060.0,-16028.0,1200.0,-2784.0,186.0,234.0,575.0,76247.0
1002,2952.0,-16104.0,1140.0,-2784.0,167.0,254.0,548.0,76253.0
1003,3008.0,-16108.0,1024.0,-2800.0,128.0,288.0,585.0,76258.0
1004,2992.0,-16244.0,1084.0,-2784.0,132.0,367.0,571.0,76264.0
1005,2988.0,-16036.0,1036.0,-2768.0,106.0,368.0,551.0,76270.0
1006,2860.0,-16148.0,1096.0,-2784.0,93.0,392.0,579.0,76275.0
1007,2976.0,-16204.0,1204.0,-2768.0,96.0,378.0,528.0,76281.0
1008,2940.0,-16164.0,1032.0,-2800.0,97.0,402.0,523.0,76288.0
1009,2912.0,-16092.0,1140.0,-2816.0,90.0,423.0,504.0,76293.0
1010,2904.0,-16144.0,1196.0,-2832.0,59.0,462.0,503.0,76299.0
1011,2720.0,-16112.0,1364.0,-2816.0,26.0,479.0,489.0,76305.0
1012,2556.0,-15900.0,1180.0,-2784.0,-58.0,387.0,508.0,76310.0
1013,3092.0,-16832.0,1056.0,-2832.0,25.0,646.0,458.0,76316.0
1014,2540.0,-15792.0,1076.0,-2784.0,-11.0,604.0,419.0,76322.0
1015,2172.0,-15976.0,1244.0,-2768.0,-116.0,377.0,337.0,76328.0
1016,2608.0,-16268.0,1204.0,-2816.0,-84.0,189.0,321.0,76334.0
1017,2848.0,-16072.0,1140.0,-2832.0,-109.0,241.0,318.0,76340.0
1018,2744.0,-16140.0,1148.0,-2816.0,-131.0,277.0,313.0,76346.0
1019,2792.0,-16256.0,1048.0,-2832.0,-105.0,317.0,333.0,76351.0
1020,2760.0,-16172.0,1172.0,-2800.0,-137.0,395.0,328.0,76357.0
1021,2680.0,-16104.0,1248.0,-2768.0,-143.0,391.0,329.0,76363.0
1022,2740.0,-16144.0,1152.0,-2800.0,-162.0,355.0,341.0,76369.0
1023,2608.0,-16172.0,1096.0,-2816.0,-172.0,296.0,335.0,76375.0
1024,2672.0,-16180.0,1176.0,-2816.0,-174.0,273.0,294.0,76381.0
1025,2708.0,-16228.0,1264.0,-2800.0,-191.0,215.0,301.0,76387.0
1026,2644.0,-16124.0,1268.0,-2784.0,-163.0,156.0,276.0,76393.0
1027,2588.0,-16052.0,1124.0,-2800.0,-159.0,156.0,307.0,76398.0
1028,2600.0,-16084.0,1128.0,-2800.0,-137.0,93.0,271.0,76404.0
1029,2568.0,-16136.0,984.0,-2832.0,-120.0,27.0,232.0,76410.0
1030,2640.0,-16400.0,936.0,-2768.0,-111.0,-26.0,222.0,76416.0
1031,2688.0,-16360.0,1108.0,-2816.0,-105.0,-26.0,229.0,76422.0
1032,2764.0,-16368.0,1120.0,-2800.0,-109.0,-21.0,215.0,76428.0
1033,2684.0,-16336.0,1100.0,-2816.0,-117.0,-3.0,233.0,76433.0
1034,2680.0,-16144.0,1324.0,-2816.0,-122.0,9.0,260.0,76439.0
1035,2580.0,-16020.0,1428.0,-2800.0,-129.0,50.0,250.0,76445.0
1036,2556.0,-15976.0,1140.0,-2832.0,-152.0,47.0,238.0,76450.0
1037,2636.0,-15968.0,1056.0,-2784.0,-160.0,33.0,229.0,76456.0
1038,2520.0,-15992.0,1096.0,-2768.0,-136.0,-32.0,212.0,76463.0
1039,2472.0,-16176.0,1080.0,-2816.0,-113.0,-142.0,172.0,76468.0
1040,2476.0,-16328.0,944.0,-2800.0,-117.0,-292.0,145.0,76474.0
1041,2420.0,-16344.0,1016.0,-2816.0,-128.0,-360.0,95.0,76480.0
1042,2528.0,-16500.0,1208.0,-2800.0,-106.0,-367.0,81.0,76486.0
1043,2584.0,-16444.0,1080.0,-2768.0,-134.0,-384.0,83.0,76491.0
1044,2820.0,-16312.0,1276.0,-2800.0,-139.0,-328.0,100.0,76497.0
1045,3016.0,-16108.0,1216.0,-2816.0,-168.0,-221.0,105.0,76504.0
1046,3036.0,-15920.0,1268.0,-2768.0,-208.0,-146.0,133.0,76509.0
1047,3080.0,-15828.0,1132.0,-2816.0,-230.0,-95.0,155.0,76515.0
1048,3096.0,-15924.0,1104.0,-2800.0,-258.0,-99.0,148.0,76521.0
1049,3120.0,-15920.0,996.0,-2784.0,-284.0,-49.0,135.0,76527.0
1050,3020.0,-16088.0,1040.0,-2800.0,-274.0,-33.0,150.0,76532.0
1051,2956.0,-16064.0,940.0,-2800.0,-291.0,-20.0,185.0,76538.0
1052,2808.0,-16188.0,1132.0,-2784.0,-296.0,32.0,201.0,76545.0
1053,2724.0,-15896.0,1184.0,-2768.0,-314.0,55.0,272.0,76550.0
1054,2620.0,-16556.0,992.0,-2816.0,-244.0,124.0,197.0,76556.0
1055,2432.0,-16168.0,1052.0,-2800.0,-199.0,36.0,230.0,76562.0
1056,2724.0,-16168.0,972.0,-2800.0,-206.0,-41.0,220.0,76567.0
1057,2704.0,-16316.0,1020.0,-2800.0,-161.0,-130.0,226.0,76573.0
1058,2756.0,-16372.0,1084.0,-2800.0,-110.0,-174.0,218.0,76579.0
1059,2760.0,-16356.0,644.0,-2784.0,-53.0,-215.0,200.0,76584.0
1060,2880.0,-16304.0,776.0,-2800.0,6.0,-278.0,247.0,76591.0
1061,2904.0,-16228.0,1008.0,-2800.0,61.0,-261.0,250.0,76597.0
1062,3052.0,-16360.0,892.0,-2784.0,72.0,-179.0,242.0,76602.0
1063,3080.0,-16340.0,812.0,-2816.0,131.0,-121.0,234.0,76608.0
1064,3056.0,-16120.0,1096.0,-2800.0,170.0,-152.0,278.0,76614.0
1065,3032.0,-16208.0,952.0,-2784.0,156.0,-80.0,284.0,76619.0
1066,2872.0,-16252.0,1096.0,-2784.0,147.0,-22.0,281.0,76625.0
1067,2872.0,-16248.0,1060.0,-2800.0,130.0,40.0,323.0,76632.0
1068,2724.0,-16372.0,1104.0,-2784.0,133.0,108.0,327.0,76637.0
1069,2720.0,-16284.0,1180.0,-2800.0,138.0,116.0,338.0,76643.0
1070,2592.0,-16264.0,1268.0,-2816.0,101.0,139.0,310.0,76649.0
1071,2492.0,-16200.0,1276.0,-2800.0,99.0,143.0,287.0,76654.0
1072,2524.0,-16216.0,1344.0,-2816.0,96.0,73.0,272.0,76660.0
1073,2496.0,-16188.0,1356.0,-2816.0,45.0,48.0,263.0,76666.0
1074,2380.0,-16264.0,1260.0,-2800.0,41.0,32.0,209.0,76672.0
1075,2408.0,-16168.0,1392.0,-2800.0,42.0,-13.0,188.0,76678.0
1076,2304.0,-16216.0,1328.0,-2800.0,17.0,-16.0,150.0,76684.0
1077,2504.0,-16140.0,1232.0,-2800.0,26.0,-37.0,126.0,76689.0
1078,2664.0,-16168.0,1308.0,-2784.0,-11.0,-78.0,127.0,76695.0
1079,2584.0,-16292.0,1252.0,-2784.0,-8.0,-102.0,117.0,76701.0
1080,2664.0,-16264.0,1184.0,-2800.0,7.0,-126.0,99.0,76706.0
1081,2620.0,-16320.0,1176.0,-2800.0,6.0,-80.0,81.0,76712.0
1082,2496.0,-16260.0,1276.0,-2752.0,18.0,-75.0,75.0,76718.0
1083,2512.0,-16260.0,1320.0,-2784.0,-15.0,-146.0,44.0,76724.0
1084,2588.0,-16128.0,1260.0,-2800.0,-22.0,-225.0,66.0,76730.0
1085,2676.0,-16160.0,1208.0,-2768.0,-73.0,-187.0,55.0,76735.0
1086,2828.0,-16284.0,1220.0,-2800.0,-113.0,-106.0,34.0,76741.0
1087,2704.0,-16216.0,1144.0,-2816.0,-138.0,-54.0,13.0,76746.0
1088,2708.0,-16016.0,1284.0,-2800.0,-194.0,-56.0,26.0,76752.0
1089,2792.0,-16124.0,1360.0,-2800.0,-219.0,32.0,16.0,76759.0
1090,2796.0,-16136.0,1464.0,-2800.0,-233.0,112.0,-5.0,76764.0
1091,2784.0,-16104.0,1304.0,-2816.0,-253.0,139.0,0.0,76770.0
1092,2804.0,-16248.0,1340.0,-2784.0,-292.0,176.0,4.0,76776.0
1093,2624.0,-16220.0,1172.0,-2800.0,-290.0,173.0,-33.0,76781.0
1094,2652.0,-16300.0,1352.0,-2784.0,-293.0,188.0,-38.0,76787.0
1095,2496.0,-16236.0,1136.0,-2800.0,-320.0,161.0,-44.0,76793.0
1096,2556.0,-16256.0,1308.0,-2768.0,-333.0,177.0,-55.0,76798.0
1097,2492.0,-16320.0,1256.0,-2784.0,-335.0,152.0,-93.0,76805.0
1098,2532.0,-16264.0,1308.0,-2768.0,-334.0,125.0,-121.0,76811.0
1099,2544.0,-16232.0,1260.0,-2800.0,-344.0,89.0,-142.0,76817.0
1100,2752.0,-16160.0,1204.0,-2784.0,-353.0,56.0,-136.0,76822.0
1101,2772.0,-16080.0,1088.0,-2800.0,-373.0,30.0,-135.0,76828.0
1102,2788.0,-16092.0,1188.0,-2768.0,-404.0,45.0,-155.0,76834.0
1103,2792.0,-16160.0,1172.0,-2784.0,-396.0,96.0,-151.0,76839.0
1104,2788.0,-16160.0,1176.0,-2768.0,-392.0,150.0,-153.0,76846.0
1105,2748.0,-16124.0,1144.0,-2800.0,-392.0,205.0,-131.0,76852.0
1106,2816.0,-16156.0,1256.0,-2784.0,-408.0,244.0,-165.0,76857.0
1107,2684.0,-16268.0,1160.0,-2800.0,-398.0,230.0,-158.0,76863.0
1108,2652.0,-16340.0,1012.0,-2768.0,-380.0,237.0,-147.0,76869.0
1109,2680.0,-16272.0,1180.0,-2784.0,-376.0,235.0,-165.0,76875.0
1110,2652.0,-16348.0,1108.0,-2768.0,-369.0,225.0,-165.0,76880.0
1111,2684.0,-16284.0,1344.0,-2800.0,-366.0,213.0,-194.0,76887.0
1112,2640.0,-16112.0,1224.0,-2784.0,-374.0,185.0,-185.0,76893.0
1113,2700.0,-16200.0,1076.0,-2800.0,-399.0,182.0,-170.0,76899.0
1114,2828.0,-16076.0,1084.0,-2800.0,-398.0,226.0,-178.0,76904.0
1115,2776.0,-16172.0,1204.0,-2816.0,-408.0,263.0,-178.0,76910.0
1116,2768.0,-16136.0,1148.0,-2800.0,-416.0,274.0,-157.0,76916.0
1117,2672.0,-16220.0,1228.0,-2768.0,-409.0,276.0,-157.0,76922.0
1118,2884.0,-16184.0,1112.0,-2800.0,-411.0,258.0,-155.0,76928.0
1119,2876.0,-16056.0,1096.0,-2752.0,-407.0,276.0,-157.0,76934.0
1120,2828.0,-16216.0,1040.0,-2816.0,-387.0,282.0,-160.0,76940.0
1121,2780.0,-16360.0,1188.0,-2768.0,-356.0,294.0,-134.0,76946.0
1122,2696.0,-16204.0,1020.0,-2800.0,-386.0,304.0,-135.0,76952.0
1123,2532.0,-16304.0,1220.0,-2784.0,-352.0,284.0,-137.0,76957.0
1124,2624.0,-16256.0,1044.0,-2800.0,-336.0,257.0,-151.0,76963.0
1125,2804.0,-16216.0,1116.0,-2800.0,-342.0,210.0,-136.0,76969.0
1126,2796.0,-16224.0,1232.0,-2816.0,-339.0,167.0,-161.0,76976.0
1127,2756.0,-16224.0,1116.0,-2784.0,-326.0,160.0,-159.0,76981.0
1128,2768.0,-16144.0,976.0,-2800.0,-287.0,137.0,-151.0,76987.0
1129,2976.0,-16168.0,1080.0,-2784.0,-317.0,125.0,-149.0,76993.0
1130,2976.0,-16136.0,1128.0,-2800.0,-302.0,196.0,-132.0,76998.0
1131,2800.0,-16316.0,1104.0,-2800.0,-273.0,225.0,-130.0,77004.0
1132,2760.0,-16188.0,1000.0,-2784.0,-294.0,240.0,-103.0,77010.0
1133,2748.0,-16240.0,940.0,-2768.0,-252.0,221.0,-95.0,77017.0
1134,2788.0,-16240.0,1032.0,-2784.0,-277.0,236.0,-106.0,77022.0
1135,2764.0,-16224.0,988.0,-2768.0,-250.0,232.0,-115.0,77028.0
1136,2796.0,-16324.0,1032.0,-2816.0,-246.0,245.0,-128.0,77034.0
1137,2656.0,-16236.0,1068.0,-2800.0,-241.0,226.0,-135.0,77040.0
1138,2612.0,-16248.0,1248.0,-2800.0,-245.0,213.0,-121.0,77045.0
1139,2732.0,-16200.0,1212.0,-2784.0,-257.0,186.0,-155.0,77051.0
1140,2656.0,-16072.0,1192.0,-2768.0,-244.0,198.0,-135.0,77058.0
1141,2708.0,-16204.0,1092.0,-2768.0,-270.0,186.0,-171.0,77064.0
1142,2748.0,-16248.0,1208.0,-2784.0,-270.0,208.0,-168.0,77069.0
1143,2812.0,-16076.0,1064.0,-2784.0,-279.0,177.0,-146.0,77075.0
1144,2792.0,-16220.0,1140.0,-2800.0,-262.0,143.0,-166.0,77081.0
1145,2788.0,-16200.0,1052.0,-2784.0,-260.0,158.0,-163.0,77087.0
1146,2752.0,-16132.0,1136.0,-2816.0,-269.0,158.0,-171.0,77092.0
1147,2880.0,-16208.0,1084.0,-2768.0,-270.0,187.0,-148.0,77099.0
1148,2888.0,-16168.0,1068.0,-2768.0,-291.0,193.0,-122.0,77105.0
1149,2900.0,-16256.0,1072.0,-2784.0,-254.0,255.0,-121.0,77111.0
1150,2828.0,-16280.0,1148.0,-2800.0,-238.0,266.0,-118.0,77116.0
1151,2784.0,-16268.0,1132.0,-2832.0,-249.0,262.0,-137.0,77122.0
1152,2704.0,-16288.0,1124.0,-2784.0,-210.0,241.0,-94.0,77128.0
1153,2652.0,-16256.0,1112.0,-2768.0,-198.0,179.0,-117.0,77133.0
1154,2600.0,-16072.0,1140.0,-2816.0,-222.0,132.0,-144.0,77139.0
1155,2760.0,-16176.0,1064.0,-2784.0,-243.0,71.0,-113.0,77146.0
1156,2780.0,-16240.0,1164.0,-2784.0,-261.0,44.0,-146.0,77152.0
1157,2700.0,-16064.0,1228.0,-2800.0,-238.0,20.0,-171.0,77157.0
1158,2660.0,-16268.0,1000.0,-2784.0,-226.0,23.0,-221.0,77163.0
1159,2756.0,-16292.0,1144.0,-2768.0,-213.0,-41.0,-191.0,77169.0
1160,2928.0,-16184.0,1172.0,-2816.0,-228.0,-12.0,-198.0,77174.0
1161,3004.0,-16212.0,1036.0,-2768.0,-220.0,48.0,-179.0,77180.0
1162,3004.0,-16184.0,884.0,-2784.0,-239.0,119.0,-152.0,77187.0
1163,2996.0,-16248.0,1028.0,-2800.0,-213.0,183.0,-125.0,77192.0
1164,2856.0,-16164.0,1140.0,-2784.0,-220.0,176.0,-148.0,77198.0
1165,2720.0,-16212.0,1188.0,-2784.0,-247.0,135.0,-154.0,77204.0
1166,2784.0,-16140.0,1116.0,-2768.0,-237.0,146.0,-180.0,77210.0
1167,2728.0,-16208.0,1020.0,-2784.0,-235.0,106.0,-163.0,77215.0
1168,2708.0,-16172.0,1188.0,-2816.0,-243.0,71.0,-178.0,77221.0
1169,2772.0,-16088.0,1160.0,-2816.0,-251.0,34.0,-167.0,77228.0
1170,2772.0,-16192.0,1184.0,-2768.0,-253.0,-40.0,-197.0,77234.0
1171,2784.0,-16228.0,1040.0,-2784.0,-255.0,-62.0,-196.0,77239.0
1172,2836.0,-16264.0,1016.0,-2800.0,-265.0,-75.0,-166.0,77245.0
1173,2912.0,-16108.0,1056.0,-2784.0,-255.0,-31.0,-187.0,77251.0
1174,3052.0,-16216.0,860.0,-2768.0,-241.0,-22.0,-183.0,77256.0
1175,3048.0,-16160.0,1236.0,-2784.0,-263.0,19.0,-175.0,77262.0
1176,2952.0,-16104.0,1016.0,-2768.0,-270.0,98.0,-138.0,77268.0
1177,3060.0,-16116.0,1096.0,-2784.0,-271.0,138.0,-133.0,77274.0
1178,2968.0,-16124.0,1000.0,-2800.0,-269.0,166.0,-106.0,77280.0
1179,2912.0,-16112.0,1136.0,-2768.0,-269.0,175.0,-107.0,77286.0
1180,2824.0,-16248.0,984.0,-2784.0,-268.0,134.0,-131.0,77292.0
1181,2868.0,-16236.0,1040.0,-2768.0,-272.0,109.0,-115.0,77297.0
1182,2784.0,-16288.0,1116.0,-2816.0,-239.0,143.0,-127.0,77303.0
1183,2768.0,-16304.0,1072.0,-2784.0,-197.0,102.0,-119.0,77309.0
1184,2820.0,-16144.0,1032.0,-2800.0,-171.0,104.0,-144.0,77316.0
1185,2904.0,-16104.0,1124.0,-2816.0,-195.0,99.0,-132.0,77321.0
1186,2820.0,-16124.0,1000.0,-2768.0,-211.0,75.0,-129.0,77327.0
1187,2824.0,-16192.0,1116.0,-2784.0,-215.0,70.0,-140.0,77333.0
1188,2872.0,-16188.0,1144.0,-2800.0,-209.0,65.0,-125.0,77338.0
1189,2796.0,-16244.0,1072.0,-2784.0,-230.0,56.0,-131.0,77344.0
1190,2872.0,-16156.0,1000.0,-2800.0,-241.0,62.0,-130.0,77350.0
1191,2908.0,-16088.0,964.0,-2784.0,-259.0,59.0,-135.0,77356.0
1192,2968.0,-16128.0,1016.0,-2784.0,-269.0,106.0,-133.0,77362.0
1193,3012.0,-16156.0,1192.0,-2800.0,-266.0,101.0,-122.0,77368.0
1194,2948.0,-16088.0,1072.0,-2800.0,-280.0,100.0,-114.0,77374.0
1195,2896.0,-16216.0,1016.0,-2752.0,-252.0,89.0,-108.0,77379.0
1196,2936.0,-16212.0,1120.0,-2768.0,-272.0,76.0,-115.0,77385.0
1197,2888.0,-16212.0,944.0,-2816.0,-288.0,75.0,-101.0,77391.0
1198,2992.0,-16296.0,1100.0,-2800.0,-265.0,62.0,-123.0,77396.0
1199,2948.0,-16392.0,1004.0,-2784.0,-206.0,86.0,-123.0,77403.0
1200,2936.0,-16228.0,1056.0,-2768.0,-187.0,76.0,-111.0,77409.0
1201,2912.0,-16156.0,1156.0,-2768.0,-208.0,21.0,-122.0,77414.0
1202,2920.0,-16284.0,1020.0,-2816.0,-223.0,14.0,-104.0,77420.0
1203,2960.0,-16132.0,1128.0,-2768.0,-227.0,32.0,-103.0,77426.0
1204,2892.0,-16156.0,1040.0,-2784.0,-218.0,32.0,-119.0,77432.0
1205,2788.0,-16188.0,1076.0,-2800.0,-212.0,55.0,-116.0,77437.0
1206,2828.0,-16232.0,1052.0,-2784.0,-206.0,37.0,-135.0,77444.0
1207,2936.0,-16348.0,1048.0,-2768.0,-191.0,9.0,-118.0,77450.0
1208,2936.0,-16188.0,1048.0,-2768.0,-219.0,-37.0,-131.0,77455.0
1209,2972.0,-16168.0,1128.0,-2784.0,-200.0,-1.0,-140.0,77461.0
1210,2880.0,-16216.0,924.0,-2800.0,-199.0,-9.0,-120.0,77467.0
1211,2892.0,-16224.0,1076.0,-2768.0,-208.0,-6.0,-111.0,77472.0
1212,2924.0,-16248.0,1128.0,-2800.0,-197.0,-16.0,-107.0,77478.0
1213,2968.0,-16164.0,1016.0,-2784.0,-222.0,-1.0,-117.0,77485.0
1214,2968.0,-16236.0,1112.0,-2768.0,-217.0,-3.0,-124.0,77490.0
1215,3024.0,-16168.0,1128.0,-2768.0,-220.0,-11.0,-116.0,77496.0
1216,2948.0,-16240.0,968.0,-2800.0,-201.0,18.0,-105.0,77502.0
1217,2900.0,-16240.0,1096.0,-2768.0,-226.0,0.0,-127.0,77507.0
1218,2968.0,-16252.0,1016.0,-2800.0,-214.0,-32.0,-119.0,77513.0
1219,2976.0,-16184.0,1060.0,-2816.0,-214.0,-7.0,-98.0,77519.0
1220,3016.0,-16076.0,1192.0,-2800.0,-217.0,10.0,-73.0,77524.0
1221,2992.0,-16124.0,1060.0,-2768.0,-206.0,25.0,-79.0,77531.0
1222,2976.0,-16140.0,1100.0,-2784.0,-237.0,4.0,-94.0,77536.0
1223,2992.0,-16292.0,880.0,-2784.0,-214.0,1.0,-78.0,77542.0
1224,2920.0,-16200.0,1076.0,-2800.0,-200.0,-16.0,-75.0,77548.0
1225,2880.0,-16240.0,1192.0,-2784.0,-197.0,17.0,-73.0,77553.0
1226,2792.0,-16304.0,980.0,-2784.0,-179.0,26.0,-88.0,77559.0
1227,2796.0,-16320.0,1096.0,-2800.0,-177.0,42.0,-77.0,77564.0
1228,2892.0,-16168.0,940.0,-2768.0,-168.0,9.0,-98.0,77571.0
1229,2940.0,-16228.0,1108.0,-2800.0,-189.0,6.0,-123.0,77577.0
1230,2980.0,-16284.0,1096.0,-2800.0,-157.0,-16.0,-149.0,77582.0
1231,2828.0,-16116.0,1076.0,-2784.0,-201.0,-8.0,-154.0,77588.0
1232,2980.0,-16100.0,1084.0,-2768.0,-187.0,-49.0,-157.0,77594.0
1233,2944.0,-16116.0,1032.0,-2784.0,-205.0,-50.0,-155.0,77599.0
1234,2952.0,-16132.0,1172.0,-2768.0,-199.0,-43.0,-143.0,77605.0
1235,3076.0,-16208.0,1088.0,-2784.0,-207.0,-31.0,-129.0,77612.0
1236,3004.0,-16204.0,1120.0,-2768.0,-225.0,-18.0,-150.0,77617.0
1237,3072.0,-16112.0,1024.0,-2800.0,-227.0,8.0,-141.0,77623.0
1238,3016.0,-16228.0,1240.0,-2816.0,-241.0,13.0,-121.0,77629.0
1239,3008.0,-16376.0,920.0,-2768.0,-203.0,56.0,-106.0,77634.0
1240,3044.0,-16216.0,1008.0,-2816.0,-221.0,50.0,-102.0,77640.0
1241,2948.0,-16196.0,1072.0,-2800.0,-216.0,33.0,-135.0,77646.0
1242,3024.0,-16212.0,952.0,-2800.0,-226.0,-3.0,-127.0,77651.0
1243,3168.0,-16176.0,1000.0,-2768.0,-233.0,29.0,-114.0,77658.0
1244,2956.0,-16156.0,1096.0,-2800.0,-228.0,67.0,-111.0,77664.0
1245,2924.0,-16272.0,1076.0,-2768.0,-248.0,97.0,-111.0,77669.0
1246,2988.0,-16160.0,1132.0,-2816.0,-242.0,105.0,-110.0,77675.0
1247,2968.0,-16216.0,1060.0,-2784.0,-252.0,63.0,-106.0,77681.0
1248,3100.0,-16240.0,1076.0,-2752.0,-235.0,40.0,-95.0,77687.0
1249,3204.0,-16208.0,876.0,-2768.0,-214.0,51.0,-120.0,77692.0
1250,3152.0,-16208.0,1040.0,-2832.0,-218.0,60.0,-105.0,77699.0
1251,3112.0,-15996.0,1120.0,-2816.0,-220.0,19.0,-93.0,77705.0
1252,3080.0,-16128.0,1052.0,-2768.0,-220.0,-3.0,-83.0,77710.0
1253,3172.0,-16132.0,1072.0,-2768.0,-224.0,11.0,-91.0,77716.0
1254,2988.0,-16112.0,992.0,-2784.0,-246.0,88.0,-67.0,77721.0
1255,3092.0,-16256.0,1028.0,-2768.0,-232.0,117.0,-79.0,77727.0
1256,3100.0,-16164.0,1092.0,-2800.0,-232.0,104.0,-55.0,77733.0
1257,3020.0,-16100.0,940.0,-2800.0,-227.0,123.0,-52.0,77739.0
1258,3064.0,-16104.0,1040.0,-2816.0,-255.0,132.0,-44.0,77745.0
1259,3020.0,-16340.0,908.0,-2768.0,-235.0,121.0,-50.0,77751.0
1260,3072.0,-16200.0,996.0,-2800.0,-214.0,98.0,-41.0,77756.0
1261,3040.0,-16240.0,1168.0,-2800.0,-227.0,138.0,-14.0,77762.0
1262,3060.0,-16124.0,1016.0,-2784.0,-244.0,192.0,-3.0,77768.0
1263,3184.0,-16104.0,948.0,-2768.0,-236.0,228.0,19.0,77773.0
1264,3164.0,-16144.0,1136.0,-2768.0,-249.0,235.0,24.0,77779.0
1265,3148.0,-16080.0,932.0,-2784.0,-225.0,289.0,31.0,77786.0
1266,2948.0,-16204.0,928.0,-2816.0,-241.0,282.0,10.0,77791.0
1267,2948.0,-16148.0,992.0,-2800.0,-214.0,231.0,37.0,77797.0
1268,2800.0,-16124.0,992.0,-2800.0,-210.0,182.0,4.0,77802.0
1269,2904.0,-16168.0,1136.0,-2768.0,-206.0,160.0,6.0,77808.0
1270,2948.0,-16116.0,968.0,-2752.0,-192.0,99.0,-3.0,77814.0
1271,3104.0,-16216.0,972.0,-2800.0,-222.0,106.0,-23.0,77819.0
1272,3156.0,-16184.0,1024.0,-2784.0,-197.0,110.0,-2.0,77826.0
1273,3184.0,-16052.0,1060.0,-2752.0,-204.0,154.0,15.0,77831.0
1274,3244.0,-16052.0,1172.0,-2768.0,-203.0,233.0,15.0,77837.0
1275,3196.0,-16152.0,1000.0,-2784.0,-235.0,274.0,28.0,77843.0
1276,3104.0,-16184.0,996.0,-2800.0,-249.0,311.0,32.0,77849.0
1277,3032.0,-16080.0,1080.0,-2800.0,-266.0,321.0,41.0,77854.0
1278,3068.0,-16228.0,1152.0,-2784.0,-262.0,333.0,36.0,77860.0
1279,3032.0,-16164.0,948.0,-2800.0,-279.0,323.0,13.0,77867.0
1280,2960.0,-16108.0,1092.0,-2800.0,-303.0,309.0,20.0,77872.0
1281,2884.0,-16192.0,1008.0,-2784.0,-276.0,284.0,2.0,77878.0
1282,2936.0,-16216.0,888.0,-2800.0,-278.0,266.0,15.0,77883.0
1283,3032.0,-16192.0,1072.0,-2800.0,-293.0,259.0,15.0,77889.0
1284,2932.0,-16144.0,1044.0,-2816.0,-276.0,270.0,-32.0,77895.0
1285,2880.0,-16188.0,1024.0,-2768.0,-293.0,277.0,-12.0,77901.0
1286,3036.0,-16140.0,972.0,-2784.0,-310.0,279.0,-21.0,77906.0
1287,3052.0,-16152.0,1000.0,-2784.0,-328.0,284.0,-39.0,77913.0
1288,3128.0,-16168.0,968.0,-2800.0,-340.0,290.0,-30.0,77919.0
1289,3120.0,-16328.0,948.0,-2816.0,-317.0,308.0,7.0,77924.0
1290,3024.0,-16244.0,904.0,-2784.0,-316.0,313.0,27.0,77930.0
1291,3112.0,-16268.0,924.0,-2800.0,-311.0,324.0,16.0,77935.0
1292,3100.0,-16204.0,1068.0,-2800.0,-311.0,342.0,17.0,77941.0
1293,3032.0,-16100.0,976.0,-2784.0,-307.0,340.0,7.0,77947.0
1294,2988.0,-16240.0,936.0,-2816.0,-328.0,349.0,16.0,77953.0
1295,3000.0,-16076.0,780.0,-2800.0,-316.0,314.0,31.0,77959.0
1296,2988.0,-16192.0,1008.0,-2800.0,-337.0,294.0,34.0,77965.0
1297,2888.0,-16252.0,1052.0,-2784.0,-328.0,283.0,20.0,77970.0
1298,2948.0,-16244.0,924.0,-2800.0,-320.0,273.0,24.0,77976.0
1299,3020.0,-16204.0,976.0,-2800.0,-284.0,215.0,19.0,77982.0
1300,2972.0,-16208.0,1024.0,-2800.0,-336.0,230.0,26.0,77987.0
1301,3008.0,-16272.0,912.0,-2816.0,-307.0,222.0,34.0,77993.0
1302,3072.0,-16236.0,896.0,-2800.0,-286.0,220.0,22.0,78000.0
1303,3004.0,-16148.0,952.0,-2800.0,-310.0,204.0,57.0,78005.0
1304,3064.0,-16104.0,920.0,-2816.0,-313.0,216.0,27.0,78011.0
1305,3004.0,-16224.0,1052.0,-2752.0,-281.0,178.0,59.0,78016.0
1306,3052.0,-16244.0,1040.0,-2800.0,-257.0,212.0,57.0,78022.0
1307,3060.0,-16172.0,964.0,-2784.0,-242.0,205.0,63.0,78028.0
1308,3000.0,-16264.0,984.0,-2784.0,-215.0,161.0,53.0,78033.0
1309,3076.0,-16268.0,1072.0,-2768.0,-209.0,168.0,98.0,78040.0
1310,2988.0,-16208.0,908.0,-2800.0,-205.0,178.0,90.0,78046.0
1311,3012.0,-16120.0,1020.0,-2768.0,-198.0,171.0,94.0,78051.0
1312,2968.0,-16228.0,976.0,-2784.0,-169.0,160.0,104.0,78057.0
1313,3088.0,-16196.0,888.0,-2800.0,-174.0,132.0,105.0,78063.0
1314,3100.0,-16244.0,796.0,-2784.0,-170.0,132.0,97.0,78068.0
1315,3124.0,-16248.0,780.0,-2784.0,-165.0,135.0,107.0,78074.0
1316,3100.0,-16104.0,876.0,-2768.0,-129.0,150.0,124.0,78081.0
1317,3084.0,-16228.0,1032.0,-2784.0,-123.0,139.0,146.0,78086.0
1318,3124.0,-16160.0,964.0,-2800.0,-131.0,204.0,127.0,78092.0
1319,3084.0,-16144.0,1108.0,-2784.0,-119.0,181.0,148.0,78098.0
1320,3032.0,-16140.0,1116.0,-2800.0,-129.0,196.0,135.0,78104.0
1321,2912.0,-16144.0,980.0,-2784.0,-148.0,212.0,113.0,78109.0
1322,2928.0,-16136.0,1144.0,-2768.0,-138.0,201.0,145.0,78115.0
1323,2888.0,-16104.0,1068.0,-2816.0,-157.0,140.0,125.0,78121.0
1324,2960.0,-16256.0,752.0,-2784.0,-145.0,145.0,99.0,78127.0
1325,3064.0,-16160.0,1168.0,-2784.0,-167.0,144.0,73.0,78133.0
1326,2984.0,-16100.0,1132.0,-2800.0,-203.0,150.0,82.0,78139.0
1327,3068.0,-16120.0,980.0,-2784.0,-210.0,215.0,54.0,78144.0
1328,2964.0,-16272.0,1084.0,-2784.0,-213.0,251.0,57.0,78150.0
1329,2884.0,-16156.0,920.0,-2768.0,-210.0,240.0,53.0,78156.0
1330,2832.0,-16172.0,1096.0,-2800.0,-203.0,251.0,35.0,78161.0
1331,2724.0,-16156.0,1188.0,-2800.0,-206.0,214.0,8.0,78168.0
1332,2824.0,-16200.0,980.0,-2816.0,-227.0,149.0,3.0,78174.0
1333,2752.0,-16172.0,928.0,-2752.0,-216.0,110.0,28.0,78179.0
1334,2852.0,-16376.0,1032.0,-2768.0,-226.0,46.0,-2.0,78185.0
1335,2864.0,-16344.0,1036.0,-2768.0,-215.0,16.0,-10.0,78190.0
1336,2892.0,-16256.0,940.0,-2800.0,-203.0,-13.0,-17.0,78196.0
1337,3092.0,-16124.0,992.0,-2800.0,-223.0,-31.0,-11.0,78202.0
1338,3008.0,-16088.0,912.0,-2800.0,-220.0,-71.0,-5.0,78208.0
1339,3096.0,-16160.0,1120.0,-2800.0,-243.0,-96.0,-2.0,78214.0
1340,3176.0,-16116.0,1016.0,-2800.0,-216.0,-37.0,-19.0,78219.0
1341,3068.0,-16236.0,908.0,-2784.0,-207.0,-5.0,20.0,78225.0
1342,3080.0,-16152.0,904.0,-2784.0,-230.0,-19.0,45.0,78231.0
1343,3000.0,-16108.0,988.0,-2784.0,-232.0,-43.0,48.0,78236.0
1344,3100.0,-16140.0,916.0,-2784.0,-220.0,-71.0,46.0,78242.0
1345,3120.0,-16104.0,920.0,-2784.0,-199.0,-80.0,72.0,78247.0
1346,3260.0,-16216.0,976.0,-2784.0,-167.0,-41.0,104.0,78254.0
1347,3156.0,-16116.0,796.0,-2768.0,-159.0,-20.0,78.0,78260.0
1348,3072.0,-16204.0,884.0,-2832.0,-150.0,-2.0,89.0,78265.0
1349,3148.0,-16248.0,976.0,-2816.0,-131.0,-14.0,129.0,78271.0
1350,3044.0,-16236.0,896.0,-2800.0,-101.0,2.0,127.0,78276.0
1351,3080.0,-16212.0,860.0,-2768.0,-86.0,43.0,136.0,78282.0
1352,2972.0,-16292.0,896.0,-2800.0,-94.0,-29.0,165.0,78288.0
1353,3068.0,-16224.0,1084.0,-2800.0,-63.0,15.0,144.0,78294.0
1354,3028.0,-16128.0,836.0,-2800.0,-56.0,5.0,149.0,78300.0
1355,3032.0,-16216.0,988.0,-2768.0,-51.0,47.0,147.0,78305.0
1356,3072.0,-16176.0,1144.0,-2800.0,-48.0,110.0,163.0,78311.0
1357,3052.0,-16152.0,992.0,-2800.0,-61.0,131.0,149.0,78317.0
1358,3028.0,-16100.0,1124.0,-2752.0,-59.0,133.0,169.0,78322.0
1359,3012.0,-15992.0,1092.0,-2800.0,-105.0,149.0,153.0,78328.0
1360,2984.0,-16172.0,964.0,-2816.0,-122.0,185.0,137.0,78334.0
1361,3028.0,-16232.0,1020.0,-2800.0,-102.0,221.0,114.0,78340.0
1362,2964.0,-16152.0,1040.0,-2752.0,-114.0,245.0,122.0,78346.0
1363,2916.0,-16172.0,1032.0,-2768.0,-154.0,270.0,115.0,78352.0
1364,2884.0,-16196.0,1128.0,-2768.0,-158.0,323.0,77.0,78357.0
1365,2924.0,-16140.0,1152.0,-2800.0,-189.0,314.0,82.0,78363.0
1366,2788.0,-16144.0,1024.0,-2720.0,-198.0,292.0,38.0,78369.0
1367,2772.0,-16172.0,1096.0,-2768.0,-233.0,257.0,35.0,78375.0
1368,2864.0,-16136.0,1044.0,-2784.0,-276.0,216.0,23.0,78381.0
1369,2916.0,-16200.0,1048.0,-2800.0,-262.0,202.0,-5.0,78387.0
1370,2836.0,-16216.0,1160.0,-2832.0,-277.0,182.0,15.0,78393.0
1371,2968.0,-16128.0,976.0,-2816.0,-271.0,152.0,-23.0,78398.0
1372,2900.0,-16160.0,1100.0,-2768.0,-300.0,153.0,-10.0,78404.0
1373,3000.0,-16132.0,1020.0,-2784.0,-316.0,120.0,-28.0,78410.0
1374,3008.0,-16188.0,1052.0,-2768.0,-302.0,107.0,-20.0,78415.0
1375,3028.0,-16208.0,952.0,-2784.0,-316.0,134.0,-25.0,78422.0
1376,3028.0,-16244.0,872.0,-2784.0,-295.0,145.0,-14.0,78428.0
1377,2960.0,-16216.0,996.0,-2800.0,-280.0,93.0,-7.0,78433.0
1378,2932.0,-16124.0,1068.0,-2784.0,-278.0,125.0,-24.0,78439.0
1379,2792.0,-16244.0,972.0,-2768.0,-285.0,122.0,4.0,78444.0
1380,2856.0,-16108.0,920.0,-2800.0,-290.0,114.0,-40.0,78450.0
1381,2916.0,-16196.0,1004.0,-2784.0,-293.0,98.0,-34.0,78456.0
1382,3024.0,-16264.0,932.0,-2752.0,-276.0,92.0,-38.0,78461.0
1383,2936.0,-16216.0,848.0,-2784.0,-299.0,76.0,-3.0,78468.0
1384,2896.0,-16192.0,1012.0,-2784.0,-281.0,84.0,-34.0,78473.0
1385,3028.0,-16180.0,1036.0,-2784.0,-281.0,70.0,-27.0,78479.0
1386,3040.0,-16052.0,1020.0,-2800.0,-286.0,96.0,-31.0,78485.0
1387,3096.0,-16064.0,1104.0,-2800.0,-299.0,147.0,-45.0,78490.0
1388,3112.0,-16116.0,1016.0,-2784.0,-310.0,194.0,-5.0,78496.0
1389,2932.0,-16188.0,972.0,-2768.0,-339.0,209.0,8.0,78502.0
1390,2948.0,-16164.0,1092.0,-2768.0,-347.0,202.0,5.0,78508.0
1391,2776.0,-16212.0,1096.0,-2800.0,-348.0,96.0,-7.0,78514.0
1392,2828.0,-16216.0,864.0,-2800.0,-331.0,17.0,-10.0,78520.0
1393,3044.0,-16280.0,944.0,-2752.0,-340.0,-38.0,-18.0,78525.0
1394,3268.0,-16272.0,1024.0,-2784.0,-332.0,10.0,19.0,78531.0
1395,3160.0,-16308.0,1036.0,-2816.0,-350.0,131.0,22.0,78536.0
1396,3000.0,-16400.0,984.0,-2800.0,-370.0,184.0,74.0,78542.0
1397,2892.0,-16456.0,940.0,-2768.0,-357.0,166.0,91.0,78548.0
1398,2976.0,-16148.0,988.0,-2784.0,-355.0,139.0,78.0,78554.0
1399,2928.0,-16276.0,836.0,-2752.0,-374.0,90.0,44.0,78560.0
1400,2988.0,-16220.0,872.0,-2816.0,-356.0,145.0,90.0,78566.0
1401,3056.0,-16208.0,936.0,-2768.0,-345.0,210.0,83.0,78571.0
1402,2920.0,-16076.0,928.0,-2800.0,-338.0,212.0,79.0,78577.0
1403,2928.0,-16116.0,1064.0,-2768.0,-340.0,190.0,85.0,78582.0
1404,3012.0,-16128.0,760.0,-2784.0,-339.0,164.0,87.0,78588.0
1405,3092.0,-16196.0,880.0,-2784.0,-334.0,99.0,83.0,78595.0
1406,3216.0,-16152.0,972.0,-2784.0,-310.0,61.0,89.0,78600.0
1407,3220.0,-16096.0,1020.0,-2768.0,-308.0,18.0,89.0,78606.0
1408,3072.0,-16040.0,852.0,-2768.0,-308.0,55.0,105.0,78611.0
1409,3032.0,-16116.0,904.0,-2768.0,-299.0,30.0,101.0,78617.0
1410,3096.0,-16236.0,960.0,-2784.0,-294.0,75.0,135.0,78623.0
1411,3116.0,-16196.0,1040.0,-2752.0,-290.0,125.0,122.0,78628.0
1412,3136.0,-16220.0,796.0,-2768.0,-287.0,130.0,137.0,78635.0
