id,AcX,AcY,AcZ,Tmp,GyX,GyY,GyZ,Timer
0,4964.0,-15340.0,384.0,-2832.0,-533.0,392.0,-738.0,159645.0
1,3812.0,-15920.0,732.0,-2848.0,-666.0,405.0,-500.0,159651.0
2,2580.0,-16572.0,836.0,-2848.0,-744.0,460.0,-330.0,159656.0
3,1596.0,-16880.0,1060.0,-2864.0,-782.0,415.0,-134.0,159663.0
4,1224.0,-16796.0,836.0,-2864.0,-783.0,446.0,-65.0,159669.0
5,976.0,-17084.0,644.0,-2848.0,-713.0,337.0,-106.0,159675.0
6,1252.0,-16888.0,120.0,-2864.0,-619.0,22.0,-274.0,159680.0
7,1536.0,-16412.0,-144.0,-2848.0,-596.0,-299.0,-516.0,159686.0
8,1624.0,-16376.0,-280.0,-2864.0,-595.0,-463.0,-756.0,159692.0
9,1436.0,-16360.0,-220.0,-2832.0,-626.0,-476.0,-941.0,159698.0
10,1244.0,-16472.0,-304.0,-2832.0,-633.0,-451.0,-1049.0,159704.0
11,1204.0,-16660.0,-448.0,-2896.0,-602.0,-548.0,-1155.0,159710.0
12,1332.0,-16700.0,-308.0,-2880.0,-574.0,-734.0,-1274.0,159716.0
13,1420.0,-16652.0,-212.0,-2848.0,-546.0,-996.0,-1377.0,159722.0
14,1756.0,-16772.0,-232.0,-2848.0,-534.0,-1100.0,-1426.0,159728.0
15,2200.0,-16608.0,-304.0,-2832.0,-546.0,-1067.0,-1460.0,159734.0
16,2336.0,-16324.0,-312.0,-2864.0,-566.0,-937.0,-1508.0,159740.0
17,2760.0,-16144.0,-356.0,-2832.0,-612.0,-802.0,-1506.0,159746.0
18,3048.0,-16044.0,-628.0,-2864.0,-688.0,-664.0,-1516.0,159752.0
19,3160.0,-16124.0,-548.0,-2864.0,-740.0,-745.0,-1457.0,159758.0
20,3024.0,-16284.0,-404.0,-2864.0,-750.0,-829.0,-1400.0,159764.0
21,2736.0,-16384.0,-528.0,-2864.0,-734.0,-907.0,-1365.0,159770.0
22,2540.0,-16500.0,-104.0,-2832.0,-697.0,-980.0,-1396.0,159775.0
23,2284.0,-16588.0,-52.0,-2832.0,-663.0,-1086.0,-1417.0,159781.0
24,2352.0,-16472.0,-180.0,-2848.0,-635.0,-1248.0,-1523.0,159788.0
25,2724.0,-16232.0,-444.0,-2864.0,-612.0,-1474.0,-1661.0,159794.0
26,3156.0,-16060.0,-628.0,-2832.0,-592.0,-1615.0,-1767.0,159800.0
27,3512.0,-16176.0,-688.0,-2864.0,-554.0,-1552.0,-1903.0,159806.0
28,3192.0,-16556.0,-688.0,-2832.0,-476.0,-1364.0,-1782.0,159812.0
29,2972.0,-16792.0,-540.0,-2848.0,-343.0,-1021.0,-1747.0,159817.0
30,2828.0,-16592.0,-420.0,-2880.0,-299.0,-817.0,-1730.0,159823.0
31,2868.0,-16288.0,-396.0,-2832.0,-315.0,-869.0,-1813.0,159830.0
32,2824.0,-16440.0,-148.0,-2896.0,-353.0,-1094.0,-1838.0,159836.0
33,3096.0,-16520.0,-316.0,-2880.0,-351.0,-1317.0,-1779.0,159842.0
34,3268.0,-16552.0,-340.0,-2848.0,-317.0,-1417.0,-1694.0,159848.0
35,3272.0,-16484.0,-420.0,-2864.0,-330.0,-1511.0,-1572.0,159854.0
36,3192.0,-16228.0,-912.0,-2848.0,-475.0,-1726.0,-1460.0,159860.0
37,3360.0,-16468.0,-688.0,-2800.0,-493.0,-2066.0,-1409.0,159866.0
38,3936.0,-16600.0,-428.0,-2880.0,-411.0,-2219.0,-1277.0,159873.0
39,4312.0,-16608.0,-352.0,-2832.0,-241.0,-2050.0,-1130.0,159879.0
40,4160.0,-16416.0,-268.0,-2864.0,-160.0,-1715.0,-1005.0,159885.0
41,4300.0,-16324.0,-372.0,-2848.0,-40.0,-1437.0,-772.0,159891.0
42,3788.0,-16260.0,-188.0,-2880.0,16.0,-1290.0,-723.0,159897.0
43,3976.0,-16392.0,-120.0,-2832.0,81.0,-1150.0,-590.0,159902.0
44,4052.0,-16280.0,-128.0,-2784.0,103.0,-1088.0,-496.0,159908.0
45,4108.0,-16216.0,-300.0,-2848.0,139.0,-942.0,-371.0,159915.0
46,4188.0,-16128.0,-452.0,-2832.0,195.0,-839.0,-267.0,159921.0
47,4204.0,-15868.0,-512.0,-2832.0,157.0,-747.0,-138.0,159927.0
48,3956.0,-16008.0,-584.0,-2816.0,76.0,-722.0,-31.0,159932.0
49,4004.0,-16160.0,-704.0,-2832.0,95.0,-720.0,98.0,159938.0
50,3956.0,-16184.0,-512.0,-2816.0,163.0,-682.0,159.0,159944.0
51,3800.0,-16256.0,-228.0,-2832.0,233.0,-552.0,258.0,159949.0
52,3448.0,-16308.0,-436.0,-2848.0,248.0,-361.0,286.0,159955.0
53,3184.0,-16340.0,-436.0,-2848.0,282.0,-262.0,316.0,159962.0
54,2940.0,-16220.0,-824.0,-2864.0,205.0,-333.0,305.0,159968.0
55,2792.0,-16152.0,-980.0,-2848.0,49.0,-552.0,359.0,159973.0
56,3052.0,-16148.0,-980.0,-2864.0,-62.0,-843.0,394.0,159979.0
57,3484.0,-16692.0,-320.0,-2832.0,49.0,-954.0,386.0,159985.0
58,3872.0,-16528.0,-304.0,-2832.0,207.0,-960.0,448.0,159991.0
59,4040.0,-16404.0,-168.0,-2832.0,399.0,-788.0,518.0,159996.0
60,3944.0,-16188.0,-492.0,-2848.0,494.0,-556.0,612.0,160003.0
61,3776.0,-16256.0,-540.0,-2848.0,512.0,-328.0,683.0,160009.0
62,3576.0,-16568.0,-396.0,-2832.0,621.0,-175.0,780.0,160015.0
63,3464.0,-16472.0,-208.0,-2848.0,771.0,-59.0,782.0,160020.0
64,3468.0,-16468.0,-40.0,-2832.0,897.0,43.0,833.0,160026.0
65,3408.0,-16296.0,-256.0,-2848.0,954.0,126.0,878.0,160032.0
66,3316.0,-16228.0,-600.0,-2832.0,946.0,140.0,911.0,160037.0
67,3372.0,-16464.0,-556.0,-2832.0,984.0,19.0,1033.0,160044.0
68,3580.0,-16300.0,-380.0,-2832.0,1011.0,-86.0,1162.0,160050.0
69,3716.0,-16508.0,-296.0,-2832.0,1148.0,-197.0,1202.0,160056.0
70,3708.0,-16476.0,-340.0,-2832.0,1312.0,-294.0,1359.0,160062.0
71,4024.0,-16176.0,-360.0,-2816.0,1426.0,-278.0,1467.0,160067.0
72,3992.0,-16244.0,-484.0,-2848.0,1484.0,-207.0,1599.0,160073.0
73,3944.0,-16348.0,-400.0,-2848.0,1605.0,-78.0,1798.0,160079.0
74,3696.0,-16580.0,-384.0,-2880.0,1714.0,22.0,1969.0,160086.0
75,3488.0,-16600.0,-236.0,-2880.0,1892.0,63.0,2116.0,160092.0
76,3424.0,-16532.0,-264.0,-2832.0,2044.0,17.0,2223.0,160098.0
77,3448.0,-16676.0,-540.0,-2832.0,2235.0,-47.0,2290.0,160103.0
78,3440.0,-16836.0,-340.0,-2848.0,2486.0,-30.0,2475.0,160109.0
79,3556.0,-16856.0,-324.0,-2848.0,2755.0,55.0,2601.0,160115.0
80,3584.0,-17036.0,-572.0,-2848.0,3053.0,140.0,2776.0,160121.0
81,3700.0,-16992.0,-760.0,-2832.0,3354.0,234.0,2969.0,160126.0
82,3852.0,-16944.0,-792.0,-2832.0,3709.0,386.0,3096.0,160133.0
83,4020.0,-16924.0,-840.0,-2864.0,4065.0,564.0,3332.0,160139.0
84,4260.0,-17348.0,-1028.0,-2864.0,4513.0,790.0,3615.0,160145.0
85,4188.0,-17528.0,-1132.0,-2816.0,5023.0,1044.0,4022.0,160151.0
86,4288.0,-17740.0,-1508.0,-2848.0,5574.0,1267.0,4398.0,160157.0
87,4356.0,-17888.0,-1700.0,-2832.0,6161.0,1431.0,4823.0,160163.0
88,4392.0,-18068.0,-1748.0,-2848.0,6772.0,1510.0,5283.0,160169.0
89,4508.0,-18096.0,-1812.0,-2832.0,7367.0,1536.0,5746.0,160176.0
90,4392.0,-18416.0,-1688.0,-2848.0,7953.0,1504.0,6236.0,160182.0
91,4268.0,-18668.0,-1752.0,-2832.0,8529.0,1385.0,6775.0,160187.0
92,4124.0,-19056.0,-1864.0,-2848.0,9042.0,1244.0,7243.0,160193.0
93,3920.0,-19296.0,-1808.0,-2816.0,9456.0,1113.0,7647.0,160199.0
94,3548.0,-19984.0,-1904.0,-2864.0,9733.0,825.0,8036.0,160205.0
95,3108.0,-20856.0,-1556.0,-2848.0,10066.0,459.0,8288.0,160211.0
96,2336.0,-21776.0,-1036.0,-2864.0,10401.0,-48.0,8550.0,160218.0
97,1624.0,-22592.0,-772.0,-2864.0,10674.0,-741.0,8648.0,160224.0
98,1372.0,-23644.0,-744.0,-2832.0,10922.0,-1603.0,8625.0,160230.0
99,1456.0,-24188.0,-228.0,-2848.0,11167.0,-2371.0,8543.0,160236.0
100,2060.0,-24740.0,-524.0,-2832.0,11297.0,-3019.0,8394.0,160242.0
101,2412.0,-25064.0,-420.0,-2848.0,11518.0,-3473.0,8325.0,160248.0
102,1484.0,-25488.0,-696.0,-2832.0,11817.0,-4408.0,8613.0,160254.0
103,-2392.0,-26224.0,1216.0,-2832.0,12587.0,-5422.0,9819.0,160261.0
104,-4400.0,-25092.0,1204.0,-2848.0,12791.0,-6001.0,10020.0,160267.0
105,-3752.0,-24348.0,-648.0,-2864.0,12515.0,-6914.0,8738.0,160273.0
106,-1492.0,-21644.0,-3516.0,-2832.0,12208.0,-9976.0,7292.0,160279.0
107,452.0,-20432.0,-4696.0,-2864.0,12116.0,-13073.0,6745.0,160285.0
108,564.0,-19520.0,-5880.0,-2848.0,11865.0,-14563.0,6696.0,160291.0
109,-1616.0,-18620.0,-6040.0,-2832.0,11497.0,-15335.0,6736.0,160297.0
110,-3752.0,-16600.0,-7884.0,-2832.0,10659.0,-17349.0,5888.0,160304.0
111,-2544.0,-13040.0,-12200.0,-2832.0,9213.0,-20750.0,3951.0,160310.0
112,2736.0,-10408.0,-15472.0,-2832.0,7442.0,-24004.0,1653.0,160316.0
113,8928.0,-8864.0,-17468.0,-2864.0,5789.0,-25392.0,103.0,160322.0
114,13728.0,-7432.0,-18552.0,-2816.0,4033.0,-24230.0,-372.0,160328.0
115,16476.0,-6424.0,-18800.0,-2864.0,2121.0,-21163.0,-428.0,160334.0
116,18000.0,-5220.0,-18968.0,-2832.0,56.0,-17080.0,-659.0,160340.0
117,18176.0,-4544.0,-18952.0,-2816.0,-2092.0,-12641.0,-806.0,160347.0
118,17200.0,-4680.0,-18480.0,-2864.0,-4222.0,-8232.0,-696.0,160353.0
119,15088.0,-5612.0,-17684.0,-2848.0,-6195.0,-3842.0,-321.0,160359.0
120,12556.0,-6660.0,-16844.0,-2848.0,-8161.0,294.0,41.0,160365.0
121,9876.0,-7796.0,-15748.0,-2848.0,-9894.0,3452.0,214.0,160371.0
122,7536.0,-8896.0,-14840.0,-2816.0,-11497.0,5703.0,162.0,160377.0
123,5768.0,-10292.0,-13444.0,-2832.0,-12921.0,7174.0,-40.0,160382.0
124,3912.0,-11740.0,-11988.0,-2848.0,-14207.0,7950.0,-388.0,160389.0
125,2768.0,-13000.0,-10900.0,-2848.0,-15412.0,8155.0,-978.0,160395.0
126,1692.0,-14184.0,-9644.0,-2832.0,-16401.0,7742.0,-1785.0,160401.0
127,1104.0,-15220.0,-8392.0,-2864.0,-17204.0,6727.0,-2681.0,160407.0
128,572.0,-16032.0,-7164.0,-2848.0,-17816.0,5301.0,-3612.0,160413.0
129,344.0,-16884.0,-6016.0,-2864.0,-18323.0,3661.0,-4510.0,160419.0
130,60.0,-17500.0,-5024.0,-2816.0,-18775.0,1984.0,-5313.0,160425.0
131,-432.0,-18152.0,-4344.0,-2864.0,-19121.0,376.0,-6064.0,160432.0
132,-816.0,-18680.0,-3700.0,-2848.0,-19400.0,-1240.0,-6648.0,160438.0
133,-1020.0,-19220.0,-2844.0,-2864.0,-19607.0,-2773.0,-7076.0,160444.0
134,-1008.0,-19548.0,-2592.0,-2832.0,-19758.0,-4099.0,-7361.0,160450.0
135,-384.0,-19880.0,-2236.0,-2896.0,-19847.0,-5012.0,-7434.0,160457.0
136,336.0,-20064.0,-2108.0,-2848.0,-19887.0,-5552.0,-7310.0,160463.0
137,1276.0,-20220.0,-1984.0,-2848.0,-19877.0,-5661.0,-7146.0,160470.0
138,2252.0,-20236.0,-1836.0,-2848.0,-19809.0,-5376.0,-6878.0,160476.0
139,3244.0,-20292.0,-1608.0,-2832.0,-19757.0,-4688.0,-6603.0,160483.0
140,4200.0,-20156.0,-1400.0,-2848.0,-19706.0,-3616.0,-6345.0,160489.0
141,4840.0,-20136.0,-1004.0,-2816.0,-19636.0,-2256.0,-6118.0,160495.0
142,5148.0,-20080.0,112.0,-2864.0,-19458.0,-799.0,-5917.0,160501.0
143,4996.0,-19928.0,556.0,-2848.0,-19306.0,564.0,-5844.0,160507.0
144,4696.0,-19788.0,648.0,-2832.0,-19213.0,1739.0,-5834.0,160514.0
145,4192.0,-19768.0,472.0,-2848.0,-19109.0,2712.0,-5851.0,160520.0
146,4056.0,-19780.0,712.0,-2832.0,-18899.0,3488.0,-5937.0,160526.0
147,3712.0,-19872.0,1276.0,-2848.0,-18533.0,4015.0,-6043.0,160532.0
148,3372.0,-19820.0,1676.0,-2848.0,-18156.0,4367.0,-6142.0,160538.0
149,3200.0,-19748.0,1820.0,-2848.0,-17802.0,4594.0,-6258.0,160544.0
150,3148.0,-19492.0,1852.0,-2816.0,-17467.0,4850.0,-6362.0,160550.0
151,3192.0,-19332.0,1920.0,-2848.0,-17161.0,5216.0,-6503.0,160557.0
152,3308.0,-19260.0,1844.0,-2816.0,-16832.0,5726.0,-6636.0,160563.0
153,3096.0,-18820.0,1616.0,-2816.0,-16528.0,6456.0,-6633.0,160569.0
154,2604.0,-18624.0,1432.0,-2848.0,-16187.0,7294.0,-6516.0,160575.0
155,1896.0,-18424.0,1616.0,-2848.0,-15844.0,8017.0,-6324.0,160582.0
156,924.0,-18112.0,2344.0,-2832.0,-15442.0,8566.0,-6082.0,160588.0
157,-196.0,-17840.0,2676.0,-2832.0,-15069.0,8815.0,-5797.0,160594.0
158,-972.0,-17776.0,2832.0,-2832.0,-14696.0,8825.0,-5533.0,160601.0
159,-1608.0,-18036.0,3272.0,-2832.0,-14229.0,8571.0,-5318.0,160607.0
160,-2048.0,-18460.0,3832.0,-2864.0,-13660.0,8059.0,-5127.0,160613.0
161,-2356.0,-18836.0,4544.0,-2848.0,-13009.0,7528.0,-4886.0,160619.0
162,-2472.0,-18740.0,4844.0,-2864.0,-12344.0,6987.0,-4588.0,160625.0
163,-2652.0,-18824.0,5020.0,-2832.0,-11669.0,6511.0,-4298.0,160631.0
164,-3020.0,-18548.0,5144.0,-2848.0,-10967.0,6013.0,-3985.0,160637.0
165,-3352.0,-18560.0,5688.0,-2848.0,-10226.0,5446.0,-3722.0,160645.0
166,-3708.0,-18588.0,6224.0,-2832.0,-9347.0,4788.0,-3363.0,160651.0
167,-4180.0,-18752.0,7028.0,-2832.0,-8388.0,4054.0,-3035.0,160657.0
168,-4552.0,-18700.0,7564.0,-2832.0,-7384.0,3153.0,-2619.0,160663.0
169,-4564.0,-17980.0,7724.0,-2832.0,-6468.0,2279.0,-2175.0,160669.0
170,-5844.0,-18800.0,9060.0,-2848.0,-5381.0,1305.0,-1225.0,160675.0
171,-3844.0,-19092.0,9140.0,-2880.0,-4118.0,640.0,-726.0,160681.0
172,-5048.0,-18936.0,9696.0,-2864.0,-2979.0,184.0,-677.0,160688.0
173,-4888.0,-18972.0,10604.0,-2864.0,-1861.0,-397.0,-201.0,160694.0
174,-4712.0,-19144.0,11084.0,-2832.0,-579.0,-1076.0,303.0,160700.0
175,-4376.0,-19176.0,12144.0,-2864.0,822.0,-1726.0,935.0,160706.0
176,-3928.0,-19420.0,12792.0,-2864.0,2205.0,-2180.0,1532.0,160712.0
177,-3432.0,-19288.0,12720.0,-2832.0,3468.0,-2515.0,2107.0,160718.0
178,-3072.0,-19560.0,12512.0,-2864.0,4797.0,-2830.0,2610.0,160724.0
179,-3028.0,-19400.0,12348.0,-2832.0,6042.0,-3254.0,3118.0,160731.0
180,-1700.0,-16860.0,11872.0,-2864.0,6902.0,-3506.0,3456.0,160737.0
181,-1232.0,-18920.0,11788.0,-2864.0,7807.0,-3687.0,3468.0,160743.0
182,12488.0,-14192.0,1376.0,-2832.0,7339.0,-2366.0,1742.0,160749.0
183,32767.0,-3852.0,-28664.0,-2848.0,654.0,-846.0,-5306.0,160755.0
184,32767.0,-7676.0,-32768.0,-2832.0,-6652.0,-2080.0,-15278.0,160761.0
185,32767.0,-30400.0,-32768.0,-2864.0,-2188.0,-4986.0,-11855.0,160768.0
186,9332.0,-31672.0,-14604.0,-2848.0,4793.0,6398.0,6607.0,160775.0
187,-12768.0,-17880.0,1280.0,-2832.0,5281.0,24817.0,10872.0,160781.0
188,-28368.0,-17880.0,9780.0,-2832.0,4557.0,30228.0,10407.0,160787.0
189,-21740.0,-21608.0,12988.0,-2848.0,4612.0,20381.0,4348.0,160793.0
190,-7656.0,-27148.0,9824.0,-2864.0,5868.0,4016.0,-3294.0,160799.0
191,4880.0,-28896.0,3808.0,-2880.0,7288.0,-7868.0,-5978.0,160805.0
192,12092.0,-27076.0,-420.0,-2864.0,8659.0,-11771.0,-3024.0,160812.0
193,9792.0,-25088.0,-144.0,-2848.0,9681.0,-8885.0,797.0,160818.0
194,2556.0,-23316.0,1732.0,-2848.0,10073.0,-3891.0,1900.0,160824.0
195,-5852.0,-21504.0,3072.0,-2864.0,10058.0,-735.0,1518.0,160830.0
196,-7928.0,-18196.0,664.0,-2848.0,9687.0,-626.0,250.0,160836.0
197,-4244.0,-14640.0,-2604.0,-2848.0,8719.0,-3502.0,-970.0,160842.0
198,4700.0,-14068.0,-5328.0,-2832.0,8580.0,-7995.0,-1017.0,160848.0
199,13416.0,-14840.0,-6992.0,-2832.0,9311.0,-10544.0,-499.0,160855.0
200,16932.0,-13096.0,-6456.0,-2880.0,9651.0,-8120.0,458.0,160861.0
201,15920.0,-11356.0,-4840.0,-2864.0,9107.0,-2856.0,1203.0,160867.0
202,13216.0,-11540.0,-3828.0,-2832.0,8400.0,1984.0,1497.0,160873.0
203,9852.0,-12784.0,-2636.0,-2816.0,7850.0,5212.0,1932.0,160879.0
204,6836.0,-13996.0,-1988.0,-2832.0,7375.0,7371.0,2457.0,160885.0
205,3744.0,-15452.0,-2236.0,-2848.0,6969.0,8269.0,2598.0,160891.0
206,1712.0,-16360.0,-2324.0,-2832.0,6754.0,7756.0,2362.0,160898.0
207,552.0,-16640.0,-2516.0,-2848.0,6611.0,6255.0,1882.0,160904.0
208,208.0,-16376.0,-2632.0,-2864.0,6463.0,4583.0,1277.0,160910.0
209,-152.0,-16440.0,-2760.0,-2816.0,6395.0,3168.0,439.0,160916.0
210,-168.0,-15504.0,-2416.0,-2848.0,6127.0,2118.0,530.0,160921.0
211,-60.0,-15168.0,-2844.0,-2848.0,5967.0,1127.0,-621.0,160927.0
212,-164.0,-15376.0,-2648.0,-2880.0,5803.0,80.0,-1219.0,160933.0
213,1348.0,-15880.0,-2716.0,-2848.0,5707.0,-839.0,-1424.0,160940.0
214,3052.0,-16404.0,-3120.0,-2864.0,5748.0,-1446.0,-1603.0,160946.0
215,5008.0,-16784.0,-2928.0,-2848.0,5860.0,-1497.0,-1557.0,160952.0
216,6072.0,-16392.0,-2608.0,-2864.0,5922.0,-968.0,-1497.0,160958.0
217,6256.0,-15884.0,-2276.0,-2832.0,5928.0,-330.0,-1330.0,160964.0
218,6040.0,-15676.0,-2176.0,-2848.0,5846.0,292.0,-1206.0,160970.0
219,5900.0,-15340.0,-1968.0,-2864.0,5739.0,676.0,-960.0,160976.0
220,5688.0,-15392.0,-1960.0,-2848.0,5643.0,821.0,-801.0,160982.0
221,5584.0,-15464.0,-1772.0,-2848.0,5500.0,929.0,-570.0,160988.0
222,5704.0,-15412.0,-1924.0,-2848.0,5399.0,1068.0,-418.0,160994.0
223,5608.0,-15720.0,-2016.0,-2864.0,5283.0,1305.0,-172.0,161000.0
224,5360.0,-15684.0,-1992.0,-2832.0,5180.0,1519.0,-144.0,161006.0
225,4928.0,-15620.0,-1756.0,-2816.0,5156.0,1601.0,-119.0,161012.0
226,4616.0,-15544.0,-1840.0,-2864.0,5087.0,1469.0,-59.0,161018.0
227,4436.0,-15544.0,-1712.0,-2864.0,5039.0,1178.0,-26.0,161025.0
228,4472.0,-15820.0,-1560.0,-2832.0,5030.0,874.0,100.0,161030.0
229,4820.0,-15728.0,-1516.0,-2864.0,4971.0,680.0,176.0,161036.0
230,5196.0,-16124.0,-1376.0,-2832.0,4925.0,675.0,297.0,161042.0
231,5424.0,-15992.0,-1464.0,-2848.0,4894.0,898.0,468.0,161048.0
232,5480.0,-16164.0,-1308.0,-2848.0,4906.0,1279.0,624.0,161054.0
233,5496.0,-16184.0,-1384.0,-2848.0,4963.0,1665.0,819.0,161060.0
234,5400.0,-16156.0,-1472.0,-2832.0,5062.0,1901.0,968.0,161067.0
235,5212.0,-16088.0,-1480.0,-2832.0,5145.0,1958.0,1036.0,161073.0
236,4924.0,-15676.0,-1440.0,-2832.0,5160.0,1921.0,1129.0,161078.0
237,4748.0,-15896.0,-1324.0,-2848.0,5231.0,1883.0,1153.0,161084.0
238,4532.0,-16048.0,-1420.0,-2832.0,5352.0,1792.0,1193.0,161090.0
239,4548.0,-15688.0,-1380.0,-2848.0,5405.0,1538.0,1145.0,161096.0
240,4676.0,-15716.0,-1284.0,-2832.0,5465.0,1328.0,1237.0,161102.0
241,4844.0,-15800.0,-1056.0,-2880.0,5494.0,1281.0,1313.0,161108.0
242,4552.0,-16260.0,-1176.0,-2896.0,5650.0,1297.0,1453.0,161115.0
243,4972.0,-16100.0,-1620.0,-2864.0,5840.0,1221.0,1437.0,161121.0
244,4888.0,-15684.0,-1448.0,-2896.0,5928.0,993.0,1535.0,161127.0
245,5060.0,-15452.0,-1136.0,-2832.0,5870.0,808.0,1647.0,161133.0
246,4892.0,-15428.0,-776.0,-2848.0,5699.0,804.0,1760.0,161139.0
247,4788.0,-15536.0,-564.0,-2848.0,5598.0,936.0,1804.0,161145.0
248,4648.0,-15644.0,-532.0,-2816.0,5532.0,1045.0,1800.0,161152.0
249,4760.0,-15808.0,-540.0,-2864.0,5498.0,1240.0,1738.0,161157.0
250,4776.0,-16024.0,-304.0,-2848.0,5539.0,1409.0,1714.0,161163.0
251,4964.0,-15864.0,-336.0,-2848.0,5547.0,1636.0,1784.0,161169.0
252,4624.0,-15928.0,-192.0,-2864.0,5577.0,1889.0,1811.0,161175.0
253,4276.0,-16124.0,-184.0,-2832.0,5601.0,2162.0,1788.0,161181.0
254,4112.0,-16200.0,-196.0,-2848.0,5654.0,2232.0,1846.0,161187.0
255,3976.0,-16136.0,-80.0,-2816.0,5698.0,2139.0,1670.0,161193.0
256,4248.0,-15944.0,-232.0,-2832.0,5733.0,1855.0,1783.0,161200.0
257,4460.0,-15792.0,4.0,-2864.0,5760.0,1750.0,1741.0,161206.0
258,4620.0,-16064.0,188.0,-2864.0,5782.0,1769.0,1729.0,161211.0
259,4532.0,-16020.0,216.0,-2832.0,5849.0,1816.0,1765.0,161217.0
260,4424.0,-15736.0,336.0,-2848.0,5832.0,1836.0,1793.0,161223.0
261,4336.0,-15652.0,448.0,-2848.0,5775.0,1841.0,1748.0,161229.0
262,3964.0,-15824.0,640.0,-2864.0,5744.0,1851.0,1719.0,161235.0
263,3812.0,-16076.0,892.0,-2864.0,5696.0,1918.0,1712.0,161242.0
264,3900.0,-16108.0,860.0,-2864.0,5721.0,2028.0,1672.0,161248.0
265,4040.0,-15900.0,868.0,-2864.0,5661.0,2088.0,1628.0,161254.0
266,3924.0,-15740.0,904.0,-2848.0,5581.0,2171.0,1515.0,161259.0
267,3700.0,-15868.0,1212.0,-2848.0,5480.0,2198.0,1490.0,161265.0
268,3632.0,-15968.0,1680.0,-2864.0,5429.0,2266.0,1458.0,161271.0
269,3632.0,-16156.0,1256.0,-2864.0,5416.0,2365.0,1385.0,161277.0
270,3692.0,-16092.0,1132.0,-2848.0,5424.0,2309.0,1285.0,161284.0
271,3852.0,-15956.0,1252.0,-2864.0,5418.0,2310.0,1229.0,161290.0
272,3804.0,-15768.0,1616.0,-2832.0,5379.0,2309.0,1168.0,161296.0
273,3564.0,-15980.0,1828.0,-2848.0,5368.0,2317.0,1130.0,161302.0
274,3788.0,-16116.0,1536.0,-2832.0,5352.0,2337.0,1125.0,161308.0
275,4352.0,-16044.0,1488.0,-2864.0,5358.0,2478.0,1117.0,161314.0
276,4404.0,-16040.0,1776.0,-2848.0,5383.0,2719.0,1092.0,161319.0
277,4508.0,-16108.0,1916.0,-2832.0,5383.0,2995.0,1160.0,161326.0
278,4364.0,-16200.0,2000.0,-2848.0,5396.0,3347.0,1182.0,161332.0
279,4176.0,-16280.0,2004.0,-2864.0,5376.0,3506.0,1275.0,161338.0
280,3820.0,-16396.0,1804.0,-2864.0,5447.0,3691.0,1278.0,161344.0
281,3772.0,-16336.0,1900.0,-2848.0,5541.0,3765.0,1277.0,161350.0
282,3932.0,-16520.0,1968.0,-2832.0,5606.0,3828.0,1294.0,161356.0
283,3840.0,-16580.0,2184.0,-2896.0,5724.0,3884.0,1409.0,161362.0
284,3756.0,-16492.0,1820.0,-2848.0,5841.0,3793.0,1511.0,161369.0
285,4952.0,-17852.0,2420.0,-2896.0,8101.0,4333.0,2675.0,164064.0
286,4952.0,-17852.0,2420.0,-2896.0,8101.0,4333.0,2675.0,164064.0
287,4544.0,-18232.0,2404.0,-2912.0,8335.0,4488.0,2972.0,164070.0
288,4360.0,-18708.0,2532.0,-2896.0,8685.0,4535.0,3141.0,164076.0
289,4608.0,-18660.0,2728.0,-2896.0,8964.0,4418.0,3251.0,164082.0
290,4444.0,-18492.0,2464.0,-2912.0,9193.0,4421.0,3418.0,164088.0
291,4128.0,-18936.0,2480.0,-2896.0,9504.0,4480.0,3629.0,164094.0
292,3972.0,-19016.0,2804.0,-2880.0,9784.0,4409.0,3849.0,164100.0
293,3936.0,-19560.0,3148.0,-2912.0,10121.0,4318.0,4011.0,164106.0
294,4100.0,-19948.0,3224.0,-2864.0,10447.0,4231.0,4242.0,164112.0
295,4052.0,-20524.0,3088.0,-2880.0,10821.0,4450.0,4566.0,164118.0
296,4228.0,-20808.0,3092.0,-2880.0,11180.0,4675.0,4853.0,164124.0
297,4076.0,-21388.0,2972.0,-2896.0,11585.0,5010.0,5248.0,164130.0
298,4076.0,-21756.0,3068.0,-2848.0,11995.0,5228.0,5535.0,164136.0
299,4044.0,-22240.0,2856.0,-2864.0,12441.0,5400.0,5762.0,164143.0
300,4008.0,-22596.0,2724.0,-2880.0,12895.0,5667.0,6020.0,164149.0
301,3548.0,-23152.0,2824.0,-2896.0,13427.0,5992.0,6296.0,164155.0
302,1644.0,-23328.0,3832.0,-2912.0,13649.0,6296.0,6985.0,164161.0
303,872.0,-24748.0,4716.0,-2864.0,14058.0,5847.0,7769.0,164167.0
304,1284.0,-26472.0,4268.0,-2880.0,14374.0,4976.0,8275.0,164173.0
305,3280.0,-26668.0,2848.0,-2896.0,14802.0,4487.0,8443.0,164179.0
306,5196.0,-25536.0,1956.0,-2848.0,15280.0,4574.0,8316.0,164186.0
307,6712.0,-25432.0,2128.0,-2864.0,15798.0,5268.0,8364.0,164192.0
308,7444.0,-26688.0,3816.0,-2880.0,16514.0,6637.0,8451.0,164198.0
309,6872.0,-27660.0,3936.0,-2864.0,17107.0,8009.0,8703.0,164204.0
310,6672.0,-28360.0,2332.0,-2912.0,17711.0,9708.0,8855.0,164210.0
311,6004.0,-28816.0,1048.0,-2848.0,18375.0,11013.0,9055.0,164216.0
312,5700.0,-29304.0,-332.0,-2896.0,18748.0,12088.0,9429.0,164222.0
313,6276.0,-30164.0,-2992.0,-2880.0,18945.0,12882.0,9481.0,164229.0
314,7532.0,-30632.0,-5540.0,-2880.0,18845.0,13717.0,9278.0,164235.0
315,8424.0,-31992.0,-9000.0,-2848.0,18550.0,15263.0,9244.0,164241.0
316,8480.0,-32768.0,-12308.0,-2880.0,18412.0,16917.0,9606.0,164247.0
317,7768.0,-32768.0,-14632.0,-2880.0,18243.0,18104.0,10386.0,164253.0
318,6780.0,-31856.0,-15956.0,-2864.0,17884.0,19681.0,11383.0,164259.0
319,5484.0,-28944.0,-17244.0,-2864.0,17273.0,21434.0,11909.0,164265.0
320,2428.0,-25096.0,-17084.0,-2880.0,16316.0,21878.0,12678.0,164272.0
321,-608.0,-20668.0,-14216.0,-2880.0,15247.0,21069.0,13459.0,164278.0
322,-3136.0,-17792.0,-6740.0,-2896.0,14339.0,18959.0,14169.0,164285.0
323,-4608.0,-18180.0,1340.0,-2896.0,14209.0,14634.0,14630.0,164291.0
324,-5344.0,-20904.0,8032.0,-2864.0,14674.0,8559.0,14323.0,164297.0
325,-5600.0,-22428.0,7360.0,-2864.0,14466.0,819.0,12994.0,164303.0
326,-4840.0,-22120.0,2700.0,-2880.0,13102.0,-6821.0,10986.0,164310.0
327,-2208.0,-21776.0,-832.0,-2912.0,11565.0,-14017.0,8464.0,164316.0
328,1572.0,-22504.0,292.0,-2848.0,10918.0,-19151.0,6062.0,164322.0
329,3960.0,-24292.0,3660.0,-2896.0,12684.0,-22152.0,4813.0,164328.0
330,6160.0,-23064.0,2856.0,-2864.0,13765.0,-21339.0,4793.0,164334.0
331,7744.0,-18764.0,2180.0,-2864.0,14486.0,-19224.0,5461.0,164340.0
332,9524.0,-13988.0,1684.0,-2880.0,14529.0,-16726.0,6118.0,164346.0
333,10108.0,-9880.0,1136.0,-2880.0,13520.0,-12630.0,6399.0,164353.0
334,9888.0,-6608.0,-472.0,-2912.0,11212.0,-7416.0,6521.0,164359.0
335,10100.0,-5192.0,-1552.0,-2864.0,8528.0,-2728.0,6262.0,164365.0
336,11360.0,-5300.0,-2376.0,-2896.0,6118.0,851.0,5171.0,164371.0
337,12080.0,-5556.0,-3860.0,-2880.0,4175.0,3655.0,3712.0,164377.0
338,11400.0,-4748.0,-6240.0,-2896.0,2436.0,5808.0,2701.0,164383.0
339,10428.0,-3748.0,-8616.0,-2880.0,559.0,7091.0,2197.0,164389.0
340,8880.0,-2268.0,-9664.0,-2896.0,-1392.0,7615.0,1709.0,164396.0
341,7084.0,-1712.0,-9544.0,-2912.0,-3229.0,7797.0,1302.0,164402.0
342,5432.0,-1460.0,-8488.0,-2848.0,-4821.0,7645.0,963.0,164407.0
343,3968.0,-1372.0,-7580.0,-2880.0,-6212.0,7096.0,612.0,164413.0
344,3092.0,-1356.0,-6688.0,-2864.0,-7671.0,6412.0,183.0,164419.0
345,2272.0,-1492.0,-6276.0,-2896.0,-9162.0,5947.0,-302.0,164425.0
346,1348.0,-1648.0,-5860.0,-2896.0,-10698.0,5563.0,-935.0,164431.0
347,896.0,-1408.0,-5188.0,-2880.0,-12418.0,5141.0,-1201.0,164438.0
348,204.0,-1424.0,-4792.0,-2864.0,-14046.0,4341.0,-2098.0,164444.0
349,-644.0,-1912.0,-4796.0,-2864.0,-15640.0,3245.0,-2628.0,164450.0
350,-920.0,-2228.0,-4520.0,-2912.0,-17220.0,2137.0,-3138.0,164456.0
351,-944.0,-2428.0,-4820.0,-2928.0,-18825.0,1126.0,-3998.0,164462.0
352,-1112.0,-2640.0,-5300.0,-2880.0,-20528.0,225.0,-4812.0,164467.0
353,-852.0,-3028.0,-5700.0,-2912.0,-22223.0,-533.0,-5389.0,164473.0
354,-300.0,-3504.0,-5532.0,-2896.0,-23927.0,-1303.0,-6020.0,164480.0
355,348.0,-4096.0,-5800.0,-2896.0,-25531.0,-2002.0,-6629.0,164486.0
356,2208.0,-3824.0,-4460.0,-2848.0,-27575.0,-2008.0,-7098.0,164492.0
357,1712.0,-6148.0,-5264.0,-2896.0,-28356.0,-3149.0,-7609.0,164498.0
358,2508.0,-6912.0,-5096.0,-2880.0,-29489.0,-3499.0,-8122.0,164504.0
359,3092.0,-7612.0,-4388.0,-2896.0,-30558.0,-3819.0,-8734.0,164510.0
360,3748.0,-8424.0,-3708.0,-2896.0,-31659.0,-4036.0,-9393.0,164516.0
361,4464.0,-9316.0,-3112.0,-2912.0,-32719.0,-4134.0,-10083.0,164523.0
362,5208.0,-10144.0,-2948.0,-2880.0,-32768.0,-3979.0,-10834.0,164529.0
363,6160.0,-11704.0,-2660.0,-2864.0,-32768.0,-3727.0,-11620.0,164535.0
364,7056.0,-13228.0,-3116.0,-2864.0,-32768.0,-3068.0,-12183.0,164541.0
365,8240.0,-14704.0,-2960.0,-2896.0,-32768.0,-2034.0,-12847.0,164547.0
366,8660.0,-15976.0,-2628.0,-2864.0,-32768.0,-691.0,-13614.0,164554.0
367,8720.0,-17644.0,-2656.0,-2880.0,-32768.0,868.0,-14272.0,164560.0
368,8228.0,-19064.0,-2180.0,-2896.0,-32768.0,2382.0,-14753.0,164567.0
369,7236.0,-21024.0,-1520.0,-2880.0,-32768.0,3682.0,-15105.0,164573.0
370,6048.0,-22988.0,-688.0,-2880.0,-32768.0,4790.0,-15435.0,164580.0
371,5136.0,-25108.0,-104.0,-2880.0,-32768.0,5650.0,-15767.0,164586.0
372,3824.0,-27312.0,784.0,-2896.0,-32768.0,6388.0,-16088.0,164592.0
373,2568.0,-28668.0,1372.0,-2880.0,-32768.0,6620.0,-16405.0,164598.0
374,1412.0,-29920.0,2104.0,-2896.0,-32768.0,6286.0,-16809.0,164604.0
375,288.0,-30996.0,2948.0,-2896.0,-32768.0,5446.0,-17211.0,164611.0
376,-1204.0,-31920.0,4256.0,-2896.0,-32768.0,4151.0,-17670.0,164617.0
377,-2328.0,-32504.0,5856.0,-2864.0,-32768.0,2236.0,-18234.0,164623.0
378,-3240.0,-32768.0,7608.0,-2880.0,-32768.0,175.0,-18966.0,164630.0
379,-3408.0,-32768.0,8956.0,-2880.0,-32768.0,-2033.0,-19637.0,164636.0
380,-2796.0,-32768.0,9900.0,-2912.0,-32768.0,-4203.0,-20184.0,164642.0
381,-1972.0,-32768.0,10872.0,-2880.0,-32768.0,-5929.0,-20344.0,164648.0
382,-1504.0,-32768.0,11228.0,-2896.0,-32768.0,-6827.0,-20017.0,164656.0
383,-1400.0,-32768.0,12136.0,-2880.0,-32768.0,-7353.0,-19346.0,164662.0
384,-2092.0,-32768.0,13460.0,-2912.0,-31813.0,-8018.0,-18146.0,164669.0
385,-2328.0,-32768.0,15124.0,-2896.0,-29947.0,-8460.0,-16410.0,164675.0
386,-1528.0,-32768.0,17540.0,-2896.0,-27880.0,-8435.0,-14425.0,164681.0
387,-1404.0,-32768.0,20112.0,-2880.0,-24996.0,-7889.0,-12523.0,164688.0
388,-3932.0,-32768.0,21400.0,-2864.0,-22715.0,-7289.0,-12742.0,164695.0
389,4948.0,-32296.0,23728.0,-2896.0,-20770.0,-5805.0,-5208.0,164702.0
390,6924.0,-30356.0,23956.0,-2880.0,-17988.0,-2012.0,-9602.0,164708.0
391,2644.0,-29520.0,28820.0,-2880.0,-15796.0,2210.0,-9831.0,164714.0
392,-144.0,-29416.0,31896.0,-2880.0,-13172.0,5101.0,-9245.0,164720.0
393,-2008.0,-28800.0,32767.0,-2864.0,-9961.0,7296.0,-8065.0,164726.0
394,-5920.0,-27868.0,32767.0,-2896.0,-6448.0,8886.0,-6215.0,164732.0
395,-11144.0,-26816.0,32767.0,-2880.0,-2558.0,9540.0,-3408.0,164740.0
396,-15188.0,-25444.0,32244.0,-2864.0,1216.0,8765.0,-537.0,164746.0
397,-18340.0,-24604.0,30564.0,-2896.0,4577.0,6423.0,2002.0,164752.0
398,-18864.0,-24804.0,29044.0,-2896.0,7847.0,2870.0,3816.0,164758.0
399,-17048.0,-24504.0,27644.0,-2896.0,10689.0,-748.0,4905.0,164764.0
400,-14128.0,-23616.0,25608.0,-2880.0,13131.0,-3679.0,5300.0,164770.0
401,-11680.0,-20988.0,20672.0,-2896.0,14630.0,-6460.0,5377.0,164776.0
402,-6668.0,-9360.0,-7052.0,-2880.0,11801.0,-9133.0,4253.0,164784.0
403,27576.0,9980.0,-32768.0,-2912.0,-7180.0,-9893.0,-6793.0,164790.0
404,32767.0,-29720.0,-32768.0,-2864.0,-8658.0,-14634.0,-23695.0,164796.0
405,18084.0,-32768.0,-14644.0,-2912.0,12683.0,-22947.0,-3281.0,164802.0
406,-920.0,-32768.0,10436.0,-2896.0,17916.0,-4728.0,14126.0,164809.0
407,-22956.0,-26844.0,28268.0,-2864.0,16341.0,15276.0,13800.0,164815.0
408,-24772.0,-31284.0,32767.0,-2896.0,16215.0,11163.0,5863.0,164822.0
409,-16620.0,-32768.0,26160.0,-2880.0,18192.0,-9141.0,-3226.0,164828.0
410,-10872.0,-32356.0,1888.0,-2912.0,18377.0,-22146.0,-3341.0,164835.0
411,3940.0,-18628.0,-11756.0,-2880.0,17141.0,-22494.0,403.0,164841.0
412,15340.0,-11984.0,-8216.0,-2896.0,16732.0,-18570.0,2582.0,164847.0
413,16676.0,-6652.0,3740.0,-2880.0,15018.0,-10935.0,993.0,164853.0
414,6380.0,-8620.0,5032.0,-2880.0,12783.0,-4475.0,609.0,164859.0
415,4020.0,-10188.0,1444.0,-2880.0,10848.0,-4361.0,992.0,164866.0
416,8224.0,-12760.0,-1908.0,-2896.0,9888.0,-7423.0,227.0,164872.0
417,11300.0,-15384.0,-1700.0,-2880.0,10036.0,-7949.0,-242.0,164878.0
418,10628.0,-16928.0,-1408.0,-2864.0,10459.0,-4103.0,1113.0,164884.0
419,8904.0,-17032.0,-2044.0,-2896.0,10307.0,707.0,2089.0,164890.0
420,4628.0,-18488.0,-1768.0,-2896.0,10302.0,4175.0,1911.0,164896.0
421,840.0,-19064.0,-1840.0,-2880.0,10584.0,5289.0,1463.0,164902.0
422,-656.0,-17532.0,-1108.0,-2896.0,10307.0,4876.0,814.0,164909.0
423,-536.0,-16012.0,-1428.0,-2928.0,9528.0,3827.0,235.0,164915.0
424,1152.0,-14860.0,-1824.0,-2912.0,8826.0,2495.0,-136.0,164921.0
425,2900.0,-14056.0,-1952.0,-2912.0,8241.0,1682.0,-371.0,164927.0
426,3480.0,-13700.0,-1588.0,-2864.0,7662.0,1408.0,-652.0,164933.0
427,2888.0,-13824.0,-1196.0,-2880.0,7080.0,1369.0,-970.0,164939.0
428,1904.0,-14676.0,-1108.0,-2912.0,6575.0,1194.0,-1447.0,164944.0
429,640.0,-15424.0,-1116.0,-2896.0,6184.0,721.0,-1941.0,164951.0
430,248.0,-15984.0,-1160.0,-2896.0,5850.0,-51.0,-2410.0,164957.0
431,940.0,-16440.0,-1440.0,-2896.0,5674.0,-1046.0,-2793.0,164963.0
432,2400.0,-16788.0,-1648.0,-2912.0,5623.0,-2158.0,-3090.0,164969.0
433,4308.0,-16272.0,-1876.0,-2896.0,5649.0,-3016.0,-3091.0,164975.0
434,6288.0,-16268.0,-1916.0,-2928.0,5855.0,-3157.0,-3126.0,164981.0
435,7632.0,-15936.0,-1752.0,-2896.0,6181.0,-2525.0,-2998.0,164987.0
436,8540.0,-15952.0,-1116.0,-2896.0,6452.0,-1157.0,-2475.0,164994.0
437,8672.0,-15180.0,-1632.0,-2896.0,6469.0,443.0,-2008.0,165000.0
438,8000.0,-14400.0,-1644.0,-2864.0,6305.0,1348.0,-1642.0,165006.0
439,7232.0,-14140.0,-1364.0,-2912.0,6106.0,1636.0,-1296.0,165012.0
440,6856.0,-14724.0,-900.0,-2848.0,5931.0,1779.0,-990.0,165018.0
441,6372.0,-15660.0,-908.0,-2880.0,5826.0,2076.0,-704.0,165024.0
442,5864.0,-15784.0,-1140.0,-2912.0,5744.0,2489.0,-374.0,165030.0
443,5580.0,-15468.0,-1348.0,-2896.0,5538.0,2767.0,-160.0,165037.0
444,5200.0,-15736.0,-1460.0,-2896.0,5362.0,3017.0,-18.0,165042.0
445,4780.0,-16076.0,-1436.0,-2880.0,5264.0,3199.0,78.0,165048.0
446,4448.0,-16472.0,-1892.0,-2880.0,5279.0,3282.0,90.0,165054.0
447,4584.0,-16220.0,-2164.0,-2880.0,5305.0,3229.0,108.0,165060.0
448,4624.0,-15988.0,-2176.0,-2896.0,5350.0,3162.0,169.0,165066.0
449,4744.0,-15912.0,-2060.0,-2864.0,5377.0,3165.0,233.0,165072.0
450,4692.0,-16036.0,-1908.0,-2896.0,5406.0,3108.0,327.0,165079.0
451,4848.0,-16224.0,-1916.0,-2912.0,5543.0,2985.0,432.0,165085.0
452,5296.0,-16108.0,-1904.0,-2896.0,5700.0,2789.0,549.0,165091.0
453,6000.0,-15824.0,-1856.0,-2912.0,5887.0,2560.0,684.0,165096.0
454,6452.0,-15656.0,-1508.0,-2880.0,5961.0,2436.0,884.0,165102.0
455,6592.0,-15504.0,-1176.0,-2864.0,5970.0,2603.0,1176.0,165108.0
456,6528.0,-15572.0,-1092.0,-2880.0,6023.0,2795.0,1439.0,165114.0
457,6376.0,-15404.0,-1044.0,-2896.0,6024.0,2912.0,1620.0,165121.0
458,6080.0,-15104.0,-596.0,-2880.0,5912.0,3007.0,1752.0,165127.0
459,5336.0,-15148.0,-84.0,-2880.0,5789.0,3093.0,1861.0,165133.0
460,4860.0,-15412.0,260.0,-2880.0,5674.0,3176.0,1916.0,165139.0
461,4412.0,-15952.0,488.0,-2928.0,5573.0,3166.0,1906.0,165145.0
462,4080.0,-15908.0,360.0,-2896.0,5481.0,3028.0,1908.0,165151.0
463,3804.0,-15960.0,376.0,-2912.0,5444.0,2794.0,1850.0,165157.0
464,3952.0,-15916.0,432.0,-2896.0,5382.0,2550.0,1771.0,165163.0
465,4116.0,-16004.0,660.0,-2864.0,5302.0,2437.0,1747.0,165169.0
466,4068.0,-16036.0,596.0,-2912.0,5248.0,2595.0,1665.0,165175.0
467,4400.0,-16016.0,680.0,-2880.0,5193.0,2584.0,1637.0,165181.0
468,4568.0,-15956.0,904.0,-2896.0,5119.0,2585.0,1623.0,165187.0
469,4628.0,-16108.0,648.0,-2896.0,5032.0,2663.0,1622.0,165193.0
470,4496.0,-16024.0,884.0,-2880.0,5020.0,2778.0,1631.0,165199.0
471,4584.0,-15968.0,972.0,-2896.0,4946.0,2905.0,1630.0,165206.0
472,4296.0,-16164.0,924.0,-2896.0,4937.0,3087.0,1636.0,165212.0
473,4256.0,-15984.0,1120.0,-2864.0,4890.0,3118.0,1594.0,165217.0
474,4152.0,-15864.0,1112.0,-2880.0,4857.0,3098.0,1520.0,165223.0
475,4240.0,-15988.0,1128.0,-2896.0,4832.0,3061.0,1500.0,165229.0
476,4260.0,-16128.0,1224.0,-2896.0,4793.0,2995.0,1485.0,165235.0
477,4212.0,-16140.0,1376.0,-2880.0,4800.0,2980.0,1480.0,165241.0
478,4288.0,-16072.0,1204.0,-2864.0,4796.0,2938.0,1494.0,165248.0
479,4288.0,-16152.0,1332.0,-2880.0,4796.0,3020.0,1478.0,165254.0
480,4172.0,-16152.0,1204.0,-2848.0,4803.0,3002.0,1454.0,165260.0
481,4328.0,-16420.0,1320.0,-2896.0,4882.0,3038.0,1485.0,165266.0
482,4500.0,-16372.0,1204.0,-2880.0,4989.0,3031.0,1495.0,165272.0
483,4676.0,-16436.0,1280.0,-2864.0,5055.0,3111.0,1521.0,165278.0
484,4924.0,-16384.0,1412.0,-2896.0,5163.0,3194.0,1524.0,165283.0
485,4924.0,-16392.0,1340.0,-2880.0,5243.0,3379.0,1575.0,165289.0
486,4792.0,-16356.0,1460.0,-2896.0,5365.0,3613.0,1646.0,165296.0
487,4564.0,-16464.0,1484.0,-2864.0,5470.0,3822.0,1735.0,165302.0
488,4416.0,-16548.0,1512.0,-2880.0,5650.0,4002.0,1755.0,165308.0
489,4748.0,-16736.0,1788.0,-2928.0,5781.0,4145.0,1750.0,165314.0
490,5024.0,-16496.0,1456.0,-2896.0,5941.0,4239.0,1640.0,165320.0
491,5308.0,-16640.0,1420.0,-2880.0,6136.0,4319.0,1520.0,165326.0
492,5004.0,-16972.0,1376.0,-2896.0,6383.0,4284.0,2609.0,165332.0
493,4744.0,-15964.0,1824.0,-2880.0,6507.0,4687.0,2212.0,165339.0
494,4340.0,-16792.0,1864.0,-2880.0,6745.0,4542.0,2681.0,165345.0
495,5128.0,-16928.0,1624.0,-2864.0,6998.0,4420.0,2990.0,165351.0
496,5512.0,-16892.0,1804.0,-2880.0,7270.0,4377.0,3011.0,165356.0
497,5624.0,-16732.0,1648.0,-2864.0,7485.0,4294.0,3104.0,165362.0
498,5324.0,-17016.0,1888.0,-2864.0,7709.0,4215.0,3268.0,165368.0
499,4864.0,-17080.0,2300.0,-2912.0,7885.0,4319.0,3335.0,165374.0
500,4448.0,-17400.0,2656.0,-2896.0,8085.0,4285.0,3424.0,165381.0
501,3976.0,-17604.0,3008.0,-2896.0,8255.0,4305.0,3690.0,165387.0
502,4500.0,-17740.0,2888.0,-2912.0,8426.0,4388.0,3941.0,165393.0
503,3176.0,-18100.0,3016.0,-2896.0,8596.0,4647.0,4161.0,165399.0
504,3084.0,-18348.0,3252.0,-2896.0,8809.0,4533.0,4526.0,165405.0
505,2496.0,-18480.0,3168.0,-2880.0,9053.0,4404.0,4603.0,165411.0
506,2400.0,-18636.0,3096.0,-2896.0,9366.0,4130.0,4667.0,165417.0
507,2644.0,-18732.0,2908.0,-2880.0,9659.0,3955.0,4804.0,165423.0
508,2844.0,-18992.0,3148.0,-2912.0,9984.0,3844.0,4989.0,165429.0
509,3176.0,-19172.0,3232.0,-2896.0,10322.0,3822.0,5227.0,165435.0
510,3780.0,-19392.0,3292.0,-2912.0,10631.0,3887.0,5457.0,165441.0
511,4260.0,-19952.0,3008.0,-2928.0,10963.0,4064.0,5728.0,165447.0
512,3844.0,-21168.0,3180.0,-2912.0,11258.0,4444.0,6204.0,165453.0
513,2624.0,-22228.0,4488.0,-2912.0,11442.0,4708.0,7056.0,165459.0
514,2968.0,-24000.0,4944.0,-2896.0,11576.0,3977.0,7717.0,165466.0
515,4364.0,-24768.0,4148.0,-2880.0,11875.0,3644.0,8084.0,165472.0
516,6360.0,-24388.0,3160.0,-2896.0,12211.0,3693.0,7972.0,165478.0
517,7604.0,-24160.0,2456.0,-2880.0,12645.0,4305.0,8105.0,165484.0
518,7212.0,-24828.0,2484.0,-2896.0,13041.0,5535.0,8309.0,165490.0
519,6036.0,-25940.0,2672.0,-2912.0,13540.0,6719.0,8735.0,165496.0
520,4644.0,-27280.0,2728.0,-2896.0,14103.0,7386.0,9182.0,165502.0
521,4036.0,-28152.0,2536.0,-2880.0,14755.0,7557.0,9397.0,165509.0
522,4652.0,-29268.0,2800.0,-2880.0,15635.0,7501.0,9320.0,165515.0
523,5768.0,-29788.0,2224.0,-2896.0,16395.0,7593.0,9211.0,165521.0
524,7964.0,-29936.0,476.0,-2880.0,17019.0,8249.0,8818.0,165527.0
525,9572.0,-29688.0,-1012.0,-2864.0,17514.0,9402.0,8377.0,165533.0
526,11036.0,-29252.0,-2972.0,-2880.0,17660.0,11114.0,7993.0,165539.0
527,11776.0,-30172.0,-5860.0,-2880.0,17746.0,13697.0,7712.0,165545.0
528,10952.0,-31408.0,-9108.0,-2880.0,18019.0,15860.0,7874.0,165552.0
529,8656.0,-30696.0,-11940.0,-2912.0,18187.0,17304.0,8389.0,165558.0
530,5888.0,-28076.0,-12884.0,-2912.0,18092.0,17525.0,9038.0,165564.0
531,3496.0,-24800.0,-13368.0,-2896.0,17580.0,16603.0,9475.0,165570.0
532,1972.0,-22004.0,-13088.0,-2864.0,16881.0,15142.0,9682.0,165576.0
533,876.0,-19092.0,-12248.0,-2896.0,15979.0,13320.0,9601.0,165582.0
534,-44.0,-17008.0,-10100.0,-2928.0,15104.0,11087.0,9315.0,165588.0
535,-656.0,-15232.0,-7188.0,-2912.0,14285.0,8540.0,9067.0,165595.0
536,-536.0,-14692.0,-1556.0,-2896.0,14086.0,5316.0,8780.0,165601.0
537,-596.0,-15280.0,4712.0,-2880.0,14397.0,2118.0,8610.0,165607.0
538,-236.0,-15856.0,8076.0,-2896.0,14562.0,-501.0,8036.0,165613.0
539,-20.0,-15972.0,7912.0,-2896.0,13993.0,-2793.0,6992.0,165619.0
540,916.0,-16276.0,6304.0,-2896.0,13188.0,-4809.0,6022.0,165625.0
541,2336.0,-16732.0,5652.0,-2912.0,12518.0,-6085.0,5162.0,165632.0
542,3124.0,-17364.0,4976.0,-2896.0,12439.0,-6634.0,4513.0,165638.0
543,4192.0,-16012.0,3112.0,-2880.0,12054.0,-6237.0,4069.0,165644.0
544,6584.0,-13752.0,2364.0,-2880.0,11508.0,-4230.0,3771.0,165650.0
545,8692.0,-11308.0,456.0,-2864.0,11033.0,-342.0,3524.0,165656.0
546,10000.0,-6964.0,-2496.0,-2896.0,9438.0,4125.0,3269.0,165662.0
547,9428.0,-3820.0,-4692.0,-2896.0,6798.0,8262.0,3014.0,165668.0
548,7744.0,-3908.0,-5672.0,-2864.0,4430.0,11123.0,2748.0,165675.0
549,5116.0,-4380.0,-6696.0,-2880.0,2512.0,12402.0,2647.0,165681.0
550,2688.0,-4376.0,-7388.0,-2864.0,856.0,12434.0,2611.0,165687.0
551,432.0,-4316.0,-6900.0,-2880.0,-688.0,11650.0,2664.0,165692.0
552,-1564.0,-4844.0,-5728.0,-2880.0,-1849.0,10467.0,2834.0,165698.0
553,-3324.0,-6012.0,-5044.0,-2896.0,-2655.0,9058.0,2678.0,165704.0
554,-4768.0,-6032.0,-4192.0,-2880.0,-3579.0,7409.0,2450.0,165710.0
555,-5360.0,-5304.0,-4176.0,-2880.0,-4861.0,5457.0,2156.0,165716.0
556,-5296.0,-4732.0,-4404.0,-2896.0,-6417.0,3113.0,1443.0,165723.0
557,-4700.0,-4664.0,-4344.0,-2880.0,-8025.0,484.0,576.0,165729.0
558,-4372.0,-4716.0,-4024.0,-2864.0,-9447.0,-2077.0,-222.0,165735.0
559,-3520.0,-5128.0,-3008.0,-2880.0,-10716.0,-4626.0,-1116.0,165741.0
560,-2992.0,-5196.0,-2544.0,-2896.0,-11997.0,-6623.0,-1804.0,165747.0
561,-2048.0,-5120.0,-1920.0,-2896.0,-13332.0,-8118.0,-2331.0,165753.0
562,-896.0,-5012.0,-1612.0,-2912.0,-14779.0,-9086.0,-2785.0,165760.0
563,236.0,-4992.0,-1732.0,-2896.0,-16360.0,-9595.0,-3178.0,165765.0
564,1116.0,-5256.0,-2328.0,-2896.0,-17985.0,-9783.0,-3503.0,165771.0
565,1876.0,-5676.0,-3008.0,-2912.0,-19522.0,-9976.0,-3866.0,165777.0
566,2364.0,-6384.0,-3072.0,-2864.0,-20879.0,-10156.0,-4193.0,165783.0
567,2464.0,-7328.0,-3224.0,-2896.0,-22097.0,-10345.0,-4319.0,165789.0
568,2532.0,-7948.0,-2928.0,-2896.0,-23254.0,-10525.0,-4454.0,165795.0
569,2684.0,-8728.0,-2324.0,-2912.0,-24372.0,-10565.0,-4596.0,165801.0
570,2780.0,-9704.0,-1824.0,-2912.0,-25390.0,-10672.0,-4728.0,165808.0
571,3448.0,-10708.0,-1004.0,-2896.0,-26332.0,-10548.0,-4901.0,165814.0
572,4544.0,-11780.0,-600.0,-2896.0,-27287.0,-10159.0,-5165.0,165820.0
573,5572.0,-12768.0,-256.0,-2896.0,-28176.0,-9563.0,-5492.0,165827.0
574,6032.0,-13652.0,356.0,-2880.0,-28916.0,-8732.0,-5660.0,165833.0
575,6120.0,-14592.0,932.0,-2896.0,-29474.0,-7852.0,-5788.0,165839.0
576,5460.0,-15496.0,1752.0,-2912.0,-29920.0,-6935.0,-5934.0,165846.0
577,4848.0,-16012.0,2124.0,-2912.0,-30413.0,-6014.0,-6097.0,165852.0
578,4136.0,-16776.0,2360.0,-2896.0,-30952.0,-5351.0,-6368.0,165858.0
579,3624.0,-17864.0,2768.0,-2864.0,-31318.0,-5094.0,-6774.0,165864.0
580,3160.0,-18860.0,3236.0,-2880.0,-31564.0,-5083.0,-7196.0,165870.0
581,2952.0,-19548.0,3632.0,-2880.0,-31707.0,-5273.0,-7624.0,165876.0
582,2916.0,-20328.0,3648.0,-2896.0,-31813.0,-5580.0,-8026.0,165883.0
583,3256.0,-21012.0,3768.0,-2912.0,-31953.0,-5873.0,-8478.0,165890.0
584,3888.0,-21696.0,3796.0,-2848.0,-32064.0,-6137.0,-8959.0,165896.0
585,4612.0,-22392.0,3716.0,-2864.0,-32173.0,-6271.0,-9507.0,165902.0
586,5232.0,-22900.0,3688.0,-2896.0,-32191.0,-6327.0,-10080.0,165908.0
587,5764.0,-23400.0,3928.0,-2896.0,-32158.0,-6211.0,-10626.0,165914.0
588,5876.0,-23992.0,4192.0,-2912.0,-32062.0,-6047.0,-11112.0,165921.0
589,5968.0,-24232.0,4128.0,-2896.0,-31877.0,-5971.0,-11631.0,165927.0
590,5612.0,-24620.0,4372.0,-2896.0,-31680.0,-6089.0,-12160.0,165934.0
591,5624.0,-24932.0,4440.0,-2880.0,-31429.0,-6292.0,-12585.0,165940.0
592,5568.0,-25236.0,5020.0,-2896.0,-31026.0,-6546.0,-12947.0,165947.0
593,5708.0,-25472.0,5572.0,-2912.0,-30593.0,-6776.0,-13192.0,165953.0
594,5952.0,-25744.0,5712.0,-2880.0,-30160.0,-6902.0,-13330.0,165959.0
595,6864.0,-26212.0,6108.0,-2928.0,-29740.0,-6730.0,-13355.0,165965.0
596,7716.0,-26696.0,6212.0,-2912.0,-29283.0,-6105.0,-13300.0,165971.0
597,8328.0,-26888.0,6740.0,-2896.0,-28751.0,-4869.0,-13060.0,165979.0
598,8916.0,-27148.0,6820.0,-2896.0,-28206.0,-3116.0,-12813.0,165985.0
599,8980.0,-27072.0,7348.0,-2880.0,-27594.0,-1170.0,-12548.0,165991.0
600,8864.0,-26672.0,7856.0,-2896.0,-26966.0,772.0,-12456.0,165997.0
601,8724.0,-26532.0,8200.0,-2896.0,-26260.0,2605.0,-12489.0,166003.0
602,8488.0,-26408.0,8956.0,-2880.0,-25447.0,4321.0,-12466.0,166010.0
603,8212.0,-26412.0,9784.0,-2880.0,-24498.0,6055.0,-12398.0,166017.0
604,7976.0,-26424.0,10804.0,-2896.0,-23389.0,7976.0,-12184.0,166023.0
605,7184.0,-26324.0,11780.0,-2880.0,-22170.0,10015.0,-11920.0,166029.0
606,5572.0,-26604.0,13708.0,-2880.0,-20704.0,12087.0,-11774.0,166035.0
607,3648.0,-26668.0,14916.0,-2912.0,-19081.0,13833.0,-11505.0,166042.0
608,332.0,-26568.0,16052.0,-2880.0,-17440.0,15300.0,-10950.0,166048.0
609,-3388.0,-25116.0,16040.0,-2896.0,-15803.0,16380.0,-9698.0,166054.0
610,-8560.0,-25172.0,18456.0,-2896.0,-13888.0,16605.0,-8166.0,166062.0
611,-8140.0,-24144.0,18392.0,-2896.0,-11718.0,16585.0,-6111.0,166068.0
612,-12168.0,-25216.0,21244.0,-2864.0,-9660.0,15686.0,-7172.0,166074.0
613,-15884.0,-22248.0,22108.0,-2896.0,-7519.0,13160.0,-4881.0,166080.0
614,-15856.0,-23272.0,23244.0,-2896.0,-4693.0,9922.0,-4153.0,166087.0
615,-14492.0,-23316.0,23956.0,-2880.0,-1943.0,6734.0,-2533.0,166093.0
616,-12228.0,-23228.0,23724.0,-2896.0,759.0,3762.0,-1576.0,166099.0
617,-10352.0,-23744.0,22316.0,-2896.0,3358.0,983.0,-928.0,166106.0
618,-9484.0,-23048.0,20600.0,-2864.0,5851.0,-1446.0,-371.0,166112.0
619,-8980.0,-22016.0,18604.0,-2896.0,7938.0,-3532.0,232.0,166118.0
620,-8448.0,-20464.0,17124.0,-2880.0,9603.0,-5312.0,612.0,166124.0
621,-8092.0,-20008.0,15584.0,-2864.0,11030.0,-6796.0,994.0,166130.0
622,-7596.0,-19124.0,14328.0,-2896.0,12141.0,-8081.0,1324.0,166136.0
623,-6900.0,-18312.0,13592.0,-2896.0,12986.0,-9126.0,1713.0,166142.0
624,-6188.0,-17272.0,11584.0,-2880.0,13690.0,-10009.0,1950.0,166150.0
625,-6872.0,-10936.0,-4456.0,-2896.0,12661.0,-11847.0,2242.0,166156.0
626,7728.0,8056.0,-32768.0,-2896.0,-1456.0,-10711.0,-1900.0,166162.0
627,32767.0,6992.0,-32768.0,-2896.0,-20601.0,-10623.0,-22846.0,166168.0
628,32767.0,-32768.0,-32768.0,-2912.0,-194.0,-31652.0,-23578.0,166175.0
629,20096.0,-32768.0,1184.0,-2880.0,13713.0,-32768.0,2168.0,166181.0
630,1556.0,-27568.0,28836.0,-2896.0,12314.0,-5198.0,8828.0,166188.0
631,-26156.0,-32768.0,32767.0,-2864.0,13205.0,11628.0,9083.0,166194.0
632,-32768.0,-32768.0,27896.0,-2912.0,13004.0,10362.0,5204.0,166200.0
633,-32768.0,-32768.0,-648.0,-2912.0,10418.0,-7185.0,-1179.0,166207.0
634,-19160.0,-30260.0,-15776.0,-2896.0,11105.0,-19826.0,-3982.0,166213.0
635,6344.0,-24376.0,-10408.0,-2912.0,14779.0,-22863.0,-2601.0,166219.0
636,22724.0,-14344.0,236.0,-2880.0,15617.0,-17033.0,-3485.0,166226.0
637,16932.0,-11212.0,2816.0,-2896.0,12784.0,-6483.0,-2819.0,166233.0
638,5860.0,-12660.0,-564.0,-2928.0,10782.0,892.0,-924.0,166239.0
639,3396.0,-13416.0,-1336.0,-2896.0,9673.0,2381.0,399.0,166245.0
640,8512.0,-13076.0,-3544.0,-2880.0,9467.0,-993.0,-949.0,166251.0
641,13460.0,-12292.0,-5532.0,-2912.0,9890.0,-3998.0,-2025.0,166257.0
642,12592.0,-11760.0,-6276.0,-2880.0,10192.0,-2562.0,-945.0,166263.0
643,11808.0,-11700.0,-6080.0,-2896.0,10374.0,-254.0,750.0,166269.0
644,11896.0,-12780.0,-4920.0,-2912.0,10147.0,-411.0,1811.0,166276.0
645,11108.0,-14680.0,-2900.0,-2912.0,10082.0,249.0,2599.0,166282.0
646,8784.0,-14964.0,-1468.0,-2896.0,9636.0,2798.0,2877.0,166288.0
647,6204.0,-14572.0,-1928.0,-2880.0,8847.0,5235.0,2630.0,166294.0
648,4672.0,-15336.0,-3128.0,-2896.0,8575.0,6510.0,2101.0,166300.0
649,3304.0,-16400.0,-4372.0,-2880.0,9070.0,6481.0,1687.0,166306.0
650,2420.0,-16172.0,-5092.0,-2864.0,9635.0,5589.0,1379.0,166312.0
651,1076.0,-15720.0,-4160.0,-2880.0,9918.0,4876.0,1030.0,166319.0
652,-552.0,-15952.0,-2336.0,-2896.0,9804.0,4242.0,463.0,166324.0
653,-1724.0,-16208.0,-1268.0,-2912.0,9507.0,3262.0,-305.0,166330.0
654,-892.0,-16188.0,-936.0,-2880.0,9042.0,1394.0,-930.0,166336.0
655,1488.0,-15856.0,-1324.0,-2880.0,8497.0,-259.0,-1349.0,166342.0
656,4240.0,-15132.0,-1668.0,-2896.0,7803.0,-1009.0,-1659.0,166348.0
657,6748.0,-14960.0,-1712.0,-2864.0,7292.0,-1066.0,-1555.0,166354.0
658,8956.0,-14876.0,-1444.0,-2896.0,6896.0,-334.0,-953.0,166361.0
659,9324.0,-14552.0,-1332.0,-2896.0,6548.0,1401.0,-309.0,166367.0
660,8192.0,-14372.0,-1416.0,-2912.0,6248.0,3310.0,181.0,166373.0
661,6552.0,-14548.0,-1332.0,-2896.0,5957.0,4421.0,362.0,166379.0
662,4948.0,-15344.0,-1232.0,-2896.0,5730.0,4599.0,417.0,166384.0
663,4132.0,-15544.0,-1288.0,-2880.0,5565.0,4314.0,363.0,166390.0
664,3636.0,-15628.0,-1324.0,-2912.0,5457.0,3646.0,216.0,166396.0
665,3428.0,-15532.0,-1420.0,-2896.0,5363.0,2703.0,107.0,166403.0
666,3620.0,-15472.0,-1252.0,-2864.0,5282.0,1797.0,62.0,166409.0
667,4188.0,-15364.0,-1040.0,-2880.0,5173.0,1103.0,-1.0,166415.0
668,4876.0,-15192.0,-1008.0,-2880.0,5016.0,746.0,-58.0,166421.0
669,5744.0,-15244.0,-956.0,-2896.0,4839.0,672.0,-36.0,166427.0
670,6452.0,-15144.0,-912.0,-2864.0,4658.0,826.0,147.0,166432.0
671,6904.0,-15144.0,-684.0,-2928.0,4480.0,1124.0,362.0,166438.0
672,6968.0,-15160.0,-720.0,-2896.0,4256.0,1539.0,653.0,166445.0
673,6824.0,-15316.0,-692.0,-2896.0,4055.0,1947.0,917.0,166451.0
674,6580.0,-15600.0,-644.0,-2896.0,3931.0,2377.0,1142.0,166457.0
675,6164.0,-15708.0,-704.0,-2880.0,3831.0,2669.0,1313.0,166463.0
676,5896.0,-15868.0,-868.0,-2896.0,3826.0,2793.0,1485.0,166468.0
677,5748.0,-15704.0,-876.0,-2896.0,3779.0,2779.0,1551.0,166474.0
678,5616.0,-15700.0,-752.0,-2928.0,3719.0,2739.0,1602.0,166480.0
679,5336.0,-15860.0,-720.0,-2912.0,3678.0,2780.0,1652.0,166487.0
680,5392.0,-15744.0,-640.0,-2896.0,3655.0,2723.0,1682.0,166493.0
681,5396.0,-15728.0,-752.0,-2896.0,3660.0,2678.0,1675.0,166499.0
682,5240.0,-15832.0,-876.0,-2880.0,3668.0,2613.0,1675.0,166505.0
683,5108.0,-15816.0,-724.0,-2896.0,3720.0,2571.0,1699.0,166511.0
684,4912.0,-15952.0,-628.0,-2928.0,3774.0,2523.0,1706.0,166517.0
685,4708.0,-16124.0,-432.0,-2880.0,3834.0,2473.0,1660.0,166523.0
686,4744.0,-16236.0,-460.0,-2912.0,3929.0,2371.0,1681.0,166529.0
687,4728.0,-16216.0,-404.0,-2896.0,3981.0,2344.0,1744.0,166535.0
688,4492.0,-16116.0,-436.0,-2880.0,4063.0,2366.0,1705.0,166541.0
689,4464.0,-15928.0,-484.0,-2912.0,4112.0,2120.0,1695.0,166547.0
690,4580.0,-15708.0,-152.0,-2896.0,4140.0,1926.0,1689.0,166553.0
691,4824.0,-15700.0,-88.0,-2928.0,4150.0,1765.0,1648.0,166559.0
692,5136.0,-15656.0,152.0,-2864.0,4116.0,1664.0,1642.0,166565.0
693,5196.0,-15572.0,376.0,-2912.0,4071.0,1782.0,1686.0,166572.0
694,5068.0,-15712.0,492.0,-2896.0,4009.0,1962.0,1707.0,166578.0
695,4808.0,-15700.0,568.0,-2864.0,3969.0,2121.0,1716.0,166583.0
696,4452.0,-15764.0,488.0,-2896.0,3923.0,2231.0,1670.0,166589.0
697,4336.0,-15892.0,756.0,-2896.0,3884.0,2208.0,1590.0,166595.0
698,4124.0,-15776.0,784.0,-2880.0,3783.0,2140.0,1530.0,166601.0
699,4088.0,-15772.0,864.0,-2880.0,3726.0,2121.0,1433.0,166607.0
700,3900.0,-15788.0,928.0,-2912.0,3679.0,2065.0,1348.0,166614.0
701,3964.0,-15708.0,828.0,-2912.0,3616.0,1931.0,1253.0,166620.0
702,3972.0,-15788.0,924.0,-2928.0,3540.0,1821.0,1180.0,166625.0
703,3984.0,-15720.0,1120.0,-2896.0,3487.0,1771.0,1070.0,166631.0
704,4164.0,-15856.0,1056.0,-2880.0,3427.0,1701.0,980.0,166637.0
705,4260.0,-15736.0,1028.0,-2912.0,3391.0,1625.0,959.0,166643.0
706,4356.0,-15768.0,976.0,-2912.0,3367.0,1639.0,880.0,166649.0
707,4488.0,-16052.0,1060.0,-2912.0,3383.0,1693.0,866.0,166656.0
708,4556.0,-16008.0,1080.0,-2912.0,3420.0,1840.0,870.0,166662.0
709,4588.0,-16060.0,980.0,-2896.0,3448.0,1887.0,868.0,166667.0
710,4644.0,-16168.0,948.0,-2864.0,3498.0,1937.0,920.0,166673.0
711,4820.0,-16048.0,860.0,-2880.0,3545.0,1917.0,894.0,166679.0
712,4692.0,-16172.0,832.0,-2880.0,3612.0,1965.0,908.0,166685.0
713,5228.0,-15212.0,592.0,-2912.0,3597.0,2002.0,1044.0,166691.0
714,3428.0,-16128.0,1280.0,-2928.0,3639.0,2058.0,2172.0,166697.0
715,7896.0,-16892.0,800.0,-2896.0,4124.0,2969.0,949.0,166704.0
716,2776.0,-14520.0,700.0,-2896.0,3955.0,2814.0,1075.0,166709.0
717,3204.0,-15716.0,1480.0,-2896.0,4070.0,2131.0,464.0,166715.0
718,4588.0,-16732.0,988.0,-2912.0,4367.0,1444.0,1198.0,166721.0
719,4084.0,-16244.0,1180.0,-2912.0,4448.0,1516.0,993.0,166727.0
720,5080.0,-16336.0,1152.0,-2912.0,4522.0,1588.0,1296.0,166733.0
721,5272.0,-16532.0,1356.0,-2864.0,4701.0,1794.0,1379.0,166739.0
722,4792.0,-16492.0,1404.0,-2896.0,4839.0,1932.0,1443.0,166746.0
723,4856.0,-16728.0,1084.0,-2880.0,5058.0,1998.0,1493.0,166751.0
724,4976.0,-16732.0,1292.0,-2896.0,5285.0,1894.0,1635.0,166757.0
725,5656.0,-16740.0,1488.0,-2912.0,5455.0,1956.0,1804.0,166763.0
726,5344.0,-16428.0,1072.0,-2880.0,5627.0,2075.0,2021.0,166769.0
727,4396.0,-16604.0,1436.0,-2896.0,5818.0,2084.0,2251.0,166775.0
728,5404.0,-16700.0,1736.0,-2880.0,6045.0,2074.0,2394.0,166781.0
729,4392.0,-16748.0,1628.0,-2896.0,6198.0,2113.0,2523.0,166788.0
730,4192.0,-16804.0,1976.0,-2896.0,6392.0,1985.0,2751.0,166794.0
731,3660.0,-16940.0,2200.0,-2880.0,6540.0,1862.0,2875.0,166800.0
732,3472.0,-17008.0,2344.0,-2896.0,6648.0,1668.0,2953.0,166806.0
733,3468.0,-17104.0,2416.0,-2896.0,6792.0,1452.0,3104.0,166812.0
734,3452.0,-17200.0,2716.0,-2880.0,6907.0,1257.0,3203.0,166818.0
735,3512.0,-16868.0,2576.0,-2896.0,7052.0,1089.0,3228.0,166823.0
736,3496.0,-16920.0,2756.0,-2880.0,7157.0,1065.0,3397.0,166830.0
737,3836.0,-17020.0,2860.0,-2896.0,7265.0,1128.0,3563.0,166836.0
738,3844.0,-16936.0,2868.0,-2896.0,7394.0,1210.0,3686.0,166842.0
739,4104.0,-17168.0,3000.0,-2912.0,7497.0,1164.0,3735.0,166848.0
740,4744.0,-17408.0,2932.0,-2896.0,7595.0,1103.0,3766.0,166854.0
741,5752.0,-17548.0,3248.0,-2896.0,7727.0,1244.0,3739.0,166860.0
742,6432.0,-17532.0,3000.0,-2880.0,7796.0,1563.0,3728.0,166866.0
743,6520.0,-17704.0,2720.0,-2928.0,7870.0,2160.0,3832.0,166873.0
744,6236.0,-17648.0,2764.0,-2896.0,7974.0,2833.0,3920.0,166879.0
745,5508.0,-17752.0,3036.0,-2912.0,8105.0,3380.0,4008.0,166885.0
746,4820.0,-17868.0,3092.0,-2928.0,8202.0,3769.0,4114.0,166891.0
747,3948.0,-18212.0,3224.0,-2912.0,8318.0,4119.0,4273.0,166896.0
748,2424.0,-18700.0,3840.0,-2928.0,8420.0,4315.0,4642.0,166902.0
749,972.0,-19932.0,4872.0,-2896.0,8385.0,4014.0,5234.0,166908.0
750,1492.0,-21500.0,5332.0,-2880.0,8425.0,2998.0,5569.0,166915.0
751,3568.0,-21600.0,3564.0,-2912.0,8652.0,2459.0,5484.0,166921.0
752,5592.0,-20720.0,1912.0,-2896.0,8965.0,2610.0,5053.0,166927.0
753,6284.0,-20260.0,1580.0,-2880.0,9302.0,3409.0,4849.0,166933.0
754,5516.0,-20216.0,2392.0,-2880.0,9671.0,4631.0,4938.0,166939.0
755,2988.0,-20508.0,2832.0,-2928.0,9998.0,5663.0,5302.0,166945.0
756,-240.0,-20568.0,3476.0,-2912.0,10355.0,5924.0,5836.0,166951.0
757,-2164.0,-21264.0,3984.0,-2896.0,10682.0,5339.0,6421.0,166958.0
758,-2452.0,-22072.0,3888.0,-2912.0,11004.0,4182.0,6911.0,166964.0
759,-1384.0,-22676.0,3464.0,-2928.0,11428.0,2975.0,7207.0,166970.0
760,200.0,-22720.0,2640.0,-2896.0,11839.0,2223.0,7425.0,166975.0
761,2032.0,-22600.0,2056.0,-2896.0,12300.0,1910.0,7539.0,166981.0
762,3400.0,-22452.0,1932.0,-2880.0,12805.0,2013.0,7639.0,166987.0
763,4448.0,-22576.0,2380.0,-2896.0,13262.0,2453.0,7666.0,166993.0
764,5224.0,-22816.0,2696.0,-2912.0,13637.0,2963.0,7589.0,167000.0
765,6084.0,-23444.0,4200.0,-2896.0,14432.0,3542.0,7399.0,167006.0
766,6488.0,-23332.0,2972.0,-2928.0,14642.0,4394.0,7239.0,167012.0
767,7604.0,-24268.0,1320.0,-2912.0,14881.0,5756.0,6887.0,167018.0
768,8280.0,-25400.0,-28.0,-2896.0,15283.0,7300.0,6946.0,167024.0
769,7776.0,-26080.0,-2740.0,-2896.0,15438.0,8790.0,7383.0,167030.0
770,7520.0,-26000.0,-3748.0,-2880.0,15797.0,9869.0,7802.0,167036.0
771,6972.0,-24888.0,-4864.0,-2928.0,15836.0,10392.0,7861.0,167043.0
772,5520.0,-23560.0,-6504.0,-2864.0,15673.0,10119.0,8093.0,167049.0
773,4652.0,-22244.0,-6728.0,-2896.0,15462.0,9382.0,8095.0,167055.0
774,3840.0,-20704.0,-6520.0,-2880.0,15083.0,8290.0,7853.0,167061.0
775,3572.0,-19060.0,-6612.0,-2912.0,14428.0,7239.0,7601.0,167067.0
776,3780.0,-17792.0,-6128.0,-2928.0,13664.0,6388.0,7227.0,167073.0
777,3700.0,-16184.0,-5912.0,-2912.0,12681.0,5732.0,6748.0,167079.0
778,3468.0,-14324.0,-5028.0,-2880.0,11633.0,5178.0,6344.0,167086.0
779,3528.0,-12872.0,-3584.0,-2896.0,10508.0,4569.0,6117.0,167092.0
780,3780.0,-11648.0,-652.0,-2912.0,9501.0,3927.0,5983.0,167098.0
781,4492.0,-11896.0,4340.0,-2896.0,9006.0,3557.0,5898.0,167104.0
782,3908.0,-13504.0,10016.0,-2896.0,9483.0,3430.0,5594.0,167110.0
783,1496.0,-15920.0,14880.0,-2912.0,10989.0,3160.0,5277.0,167116.0
784,-1676.0,-15648.0,14536.0,-2912.0,11973.0,2759.0,4840.0,167122.0
785,-2920.0,-14288.0,13320.0,-2912.0,11843.0,1476.0,3989.0,167129.0
786,-2576.0,-11956.0,9328.0,-2912.0,11045.0,-321.0,2986.0,167135.0
787,716.0,-9920.0,5860.0,-2928.0,9666.0,-888.0,2111.0,167141.0
788,5228.0,-8136.0,1592.0,-2880.0,8033.0,1309.0,1431.0,167147.0
789,8844.0,-5128.0,-2724.0,-2896.0,6005.0,4871.0,669.0,167152.0
790,9744.0,-2096.0,-7488.0,-2896.0,3301.0,7941.0,163.0,167158.0
791,8864.0,-1388.0,-9216.0,-2912.0,669.0,10184.0,-125.0,167164.0
792,7188.0,-2840.0,-8000.0,-2912.0,-863.0,11953.0,-272.0,167171.0
793,4504.0,-3196.0,-7556.0,-2896.0,-1819.0,12623.0,-14.0,167177.0
794,1380.0,-3256.0,-6996.0,-2864.0,-2909.0,12658.0,642.0,167183.0
795,-1872.0,-3816.0,-6104.0,-2896.0,-4102.0,12642.0,1253.0,167188.0
796,-4436.0,-4588.0,-5220.0,-2896.0,-5356.0,12371.0,1539.0,167194.0
797,-5760.0,-5332.0,-4088.0,-2864.0,-6499.0,11538.0,1504.0,167200.0
798,-5908.0,-6012.0,-3328.0,-2896.0,-7755.0,10045.0,1066.0,167206.0
799,-5700.0,-6428.0,-2924.0,-2912.0,-8982.0,8046.0,302.0,167213.0
800,-5432.0,-6712.0,-2536.0,-2912.0,-10161.0,5710.0,-532.0,167219.0
801,-5060.0,-7112.0,-1736.0,-2896.0,-11145.0,3110.0,-1279.0,167225.0
802,-4432.0,-7380.0,-864.0,-2880.0,-12101.0,941.0,-1830.0,167231.0
803,-3708.0,-7364.0,-620.0,-2896.0,-13130.0,-586.0,-2320.0,167237.0
804,-2952.0,-7388.0,-460.0,-2896.0,-14249.0,-1494.0,-2766.0,167243.0
805,-2228.0,-7652.0,-340.0,-2912.0,-15433.0,-1963.0,-3207.0,167249.0
806,-1492.0,-7972.0,-324.0,-2896.0,-16659.0,-2409.0,-3642.0,167256.0
807,-1172.0,-8856.0,-356.0,-2896.0,-17701.0,-3058.0,-4124.0,167262.0
808,-1068.0,-9784.0,-508.0,-2896.0,-18615.0,-3948.0,-4497.0,167268.0
809,-1108.0,-10244.0,-200.0,-2896.0,-19294.0,-4982.0,-4741.0,167273.0
810,-872.0,-10664.0,396.0,-2912.0,-19778.0,-6165.0,-4977.0,167279.0
811,-624.0,-10732.0,876.0,-2896.0,-20400.0,-7110.0,-5169.0,167285.0
812,-188.0,-11076.0,1172.0,-2912.0,-21069.0,-8025.0,-5434.0,167291.0
813,708.0,-11836.0,1336.0,-2864.0,-21796.0,-8648.0,-5631.0,167298.0
814,1592.0,-12928.0,1868.0,-2880.0,-22484.0,-8953.0,-5842.0,167304.0
815,2424.0,-14048.0,2080.0,-2928.0,-22979.0,-9112.0,-6056.0,167310.0
816,2956.0,-15032.0,2640.0,-2864.0,-23393.0,-9117.0,-6183.0,167316.0
817,3180.0,-15700.0,3012.0,-2864.0,-23623.0,-9021.0,-6252.0,167322.0
818,3068.0,-16128.0,3156.0,-2896.0,-23843.0,-8798.0,-6329.0,167328.0
819,2684.0,-16764.0,3256.0,-2880.0,-24061.0,-8520.0,-6418.0,167334.0
820,2172.0,-17104.0,3660.0,-2880.0,-24214.0,-8395.0,-6569.0,167342.0
821,1560.0,-17516.0,3640.0,-2864.0,-24362.0,-8475.0,-6680.0,167348.0
822,1296.0,-17816.0,3772.0,-2928.0,-24442.0,-8776.0,-6774.0,167354.0
823,1792.0,-18372.0,3792.0,-2880.0,-24492.0,-8996.0,-6801.0,167360.0
824,2528.0,-18564.0,3664.0,-2896.0,-24593.0,-8966.0,-6865.0,167366.0
825,3392.0,-19040.0,3608.0,-2896.0,-24692.0,-8637.0,-6911.0,167372.0
826,4172.0,-19460.0,3516.0,-2912.0,-24862.0,-8033.0,-7032.0,167378.0
827,4640.0,-19732.0,3496.0,-2864.0,-24999.0,-7402.0,-7261.0,167386.0
828,4580.0,-19928.0,3588.0,-2896.0,-25138.0,-6836.0,-7463.0,167392.0
829,4684.0,-20120.0,3240.0,-2880.0,-25276.0,-6373.0,-7787.0,167398.0
830,4440.0,-20540.0,3248.0,-2880.0,-25303.0,-6069.0,-8131.0,167404.0
831,4244.0,-20804.0,3220.0,-2896.0,-25262.0,-5957.0,-8513.0,167410.0
832,4232.0,-21844.0,3860.0,-2912.0,-25039.0,-5945.0,-9475.0,167416.0
833,2548.0,-21488.0,3844.0,-2880.0,-24901.0,-6414.0,-8628.0,167422.0
834,4668.0,-21112.0,3984.0,-2896.0,-24754.0,-6204.0,-8799.0,167430.0
835,3700.0,-21620.0,3992.0,-2928.0,-24541.0,-6107.0,-9565.0,167436.0
836,2680.0,-22036.0,4056.0,-2880.0,-24296.0,-6320.0,-9359.0,167442.0
837,2460.0,-22232.0,4268.0,-2912.0,-24181.0,-6405.0,-9104.0,167448.0
838,1944.0,-22728.0,4340.0,-2896.0,-24014.0,-6226.0,-8678.0,167454.0
839,1324.0,-23040.0,4804.0,-2912.0,-23737.0,-5922.0,-8353.0,167460.0
840,668.0,-23232.0,5152.0,-2880.0,-23312.0,-5944.0,-8209.0,167467.0
841,436.0,-23052.0,5756.0,-2880.0,-22837.0,-6317.0,-8037.0,167474.0
842,-12.0,-23072.0,6720.0,-2912.0,-22248.0,-7094.0,-8234.0,167480.0
843,180.0,-23248.0,7688.0,-2880.0,-21574.0,-8120.0,-7946.0,167486.0
844,732.0,-23652.0,8488.0,-2912.0,-20715.0,-9088.0,-7793.0,167492.0
845,2164.0,-23608.0,9692.0,-2896.0,-19765.0,-9592.0,-7348.0,167498.0
846,2572.0,-23584.0,10728.0,-2912.0,-18628.0,-9865.0,-7673.0,167504.0
847,2580.0,-23324.0,11716.0,-2912.0,-17440.0,-9747.0,-7516.0,167511.0
848,2932.0,-22844.0,12500.0,-2896.0,-16246.0,-9136.0,-7375.0,167517.0
849,3200.0,-22756.0,13104.0,-2880.0,-14977.0,-8238.0,-7394.0,167524.0
850,3152.0,-22320.0,13356.0,-2896.0,-13657.0,-7147.0,-7291.0,167530.0
851,3296.0,-21456.0,13548.0,-2896.0,-12365.0,-5871.0,-6887.0,167536.0
852,3648.0,-21056.0,13852.0,-2912.0,-11081.0,-4321.0,-6427.0,167542.0
853,3872.0,-20564.0,14056.0,-2928.0,-9737.0,-2576.0,-5795.0,167549.0
854,3404.0,-20172.0,14396.0,-2880.0,-8275.0,-896.0,-5087.0,167556.0
855,2844.0,-19828.0,14756.0,-2912.0,-6798.0,560.0,-4264.0,167562.0
856,2164.0,-19464.0,15020.0,-2864.0,-5348.0,1797.0,-3373.0,167568.0
857,1456.0,-18820.0,15112.0,-2896.0,-3795.0,2944.0,-2624.0,167574.0
858,908.0,-18172.0,14844.0,-2896.0,-2361.0,3820.0,-2033.0,167580.0
859,368.0,-17504.0,14092.0,-2880.0,-1084.0,4336.0,-1632.0,167586.0
860,-232.0,-17188.0,13640.0,-2864.0,84.0,4476.0,-1251.0,167592.0
861,-460.0,-17624.0,14476.0,-2896.0,1363.0,4181.0,-1029.0,167599.0
862,708.0,-19444.0,17540.0,-2928.0,3213.0,3539.0,-1252.0,167605.0
863,1532.0,-22940.0,22436.0,-2896.0,5593.0,1154.0,-2308.0,167611.0
864,652.0,-26676.0,14464.0,-2896.0,7015.0,-1260.0,-2821.0,167617.0
865,1448.0,-25752.0,-8644.0,-2880.0,3910.0,-1025.0,-3129.0,167622.0
866,3996.0,-32768.0,-16876.0,-2896.0,2656.0,150.0,-4250.0,167628.0
867,4236.0,-32768.0,-6024.0,-2896.0,7751.0,-952.0,-4051.0,167634.0
868,-2904.0,-32768.0,10848.0,-2880.0,15614.0,-2130.0,382.0,167641.0
869,-8248.0,-32768.0,11412.0,-2896.0,18747.0,-554.0,3593.0,167647.0
870,-9540.0,-23944.0,-5212.0,-2880.0,17429.0,12.0,3365.0,167654.0
871,-4352.0,-12744.0,-11820.0,-2912.0,15147.0,-1022.0,1998.0,167659.0
872,1832.0,-5340.0,-7924.0,-2896.0,13553.0,32.0,104.0,167666.0
873,6680.0,-1060.0,-3156.0,-2864.0,11639.0,-1923.0,-2789.0,167671.0
874,8396.0,-1544.0,-1536.0,-2912.0,9255.0,-4399.0,-3484.0,167677.0
875,8504.0,-7272.0,-2900.0,-2896.0,8122.0,-3430.0,-1253.0,167684.0
876,11140.0,-13132.0,-4012.0,-2912.0,8173.0,-2048.0,624.0,167690.0
877,10692.0,-15532.0,-3032.0,-2848.0,8520.0,-589.0,1667.0,167696.0
878,9352.0,-15544.0,-1500.0,-2896.0,8229.0,1341.0,1981.0,167702.0
879,7032.0,-15436.0,-872.0,-2848.0,7479.0,3336.0,1644.0,167708.0
880,3944.0,-15584.0,-564.0,-2912.0,6691.0,4847.0,1418.0,167714.0
881,1656.0,-16220.0,-1068.0,-2896.0,6239.0,4983.0,1227.0,167720.0
882,152.0,-16804.0,-1744.0,-2880.0,6153.0,3580.0,1064.0,167727.0
883,-336.0,-16368.0,-2172.0,-2912.0,5983.0,1762.0,835.0,167733.0
884,112.0,-15900.0,-2020.0,-2896.0,5753.0,111.0,317.0,167739.0
885,948.0,-15580.0,-1620.0,-2880.0,5484.0,-997.0,-138.0,167744.0
886,1864.0,-15240.0,-1544.0,-2912.0,5214.0,-1522.0,-349.0,167750.0
887,2996.0,-15148.0,-1416.0,-2896.0,4960.0,-1413.0,-437.0,167756.0
888,3500.0,-15108.0,-1256.0,-2896.0,4731.0,-898.0,-526.0,167762.0
889,3700.0,-15372.0,-1080.0,-2912.0,4442.0,-225.0,-626.0,167769.0
890,3672.0,-15364.0,-872.0,-2880.0,4149.0,282.0,-737.0,167775.0
891,3608.0,-15348.0,-760.0,-2880.0,3776.0,524.0,-857.0,167781.0
892,3804.0,-15560.0,-904.0,-2896.0,3464.0,513.0,-859.0,167786.0
893,3784.0,-15560.0,-808.0,-2928.0,3169.0,529.0,-881.0,167792.0
894,3900.0,-15460.0,-860.0,-2896.0,2877.0,590.0,-867.0,167798.0
895,3704.0,-15612.0,-888.0,-2928.0,2657.0,734.0,-918.0,167804.0
896,3256.0,-15628.0,-896.0,-2896.0,2437.0,861.0,-953.0,167811.0
897,2872.0,-15564.0,-840.0,-2896.0,2221.0,866.0,-1026.0,167817.0
898,2512.0,-15752.0,-980.0,-2928.0,2011.0,646.0,-1200.0,167822.0
899,2252.0,-16056.0,-912.0,-2896.0,1889.0,167.0,-1298.0,167828.0
900,2244.0,-16268.0,-768.0,-2896.0,1787.0,-243.0,-1459.0,167834.0
901,2292.0,-16384.0,-1360.0,-2896.0,1803.0,-531.0,-1726.0,167840.0
902,3236.0,-16232.0,-1596.0,-2912.0,1750.0,-652.0,-1683.0,167846.0
903,2844.0,-16004.0,-1256.0,-2896.0,1749.0,-787.0,-2010.0,167853.0
904,3196.0,-15772.0,-1264.0,-2912.0,1671.0,-919.0,-2044.0,167859.0
905,3480.0,-15892.0,-1184.0,-2896.0,1597.0,-790.0,-2159.0,167865.0
906,3868.0,-16156.0,-1424.0,-2928.0,1588.0,-537.0,-2252.0,167870.0
907,4040.0,-16448.0,-1312.0,-2912.0,1755.0,-359.0,-2339.0,167876.0
908,4160.0,-15964.0,-1544.0,-2896.0,1799.0,-408.0,-2348.0,167882.0
909,4284.0,-15660.0,-1248.0,-2896.0,1755.0,-495.0,-2349.0,167888.0
910,4428.0,-15652.0,-1348.0,-2880.0,1683.0,-598.0,-2330.0,167895.0
911,4500.0,-15820.0,-1108.0,-2896.0,1636.0,-713.0,-2328.0,167901.0
912,4476.0,-16456.0,-1244.0,-2896.0,1670.0,-753.0,-2356.0,167907.0
913,4624.0,-16740.0,-1420.0,-2912.0,1871.0,-666.0,-2325.0,167913.0
914,4780.0,-16120.0,-1000.0,-2896.0,1910.0,-689.0,-2262.0,167919.0
915,4864.0,-16080.0,-672.0,-2880.0,1870.0,-494.0,-2143.0,167925.0
916,5040.0,-16500.0,-1076.0,-2912.0,1955.0,-243.0,-2031.0,167931.0
917,5328.0,-16376.0,-1404.0,-2896.0,2063.0,-195.0,-1912.0,167937.0
918,5592.0,-15732.0,-872.0,-2880.0,2075.0,-83.0,-1698.0,167943.0
919,5648.0,-15484.0,-748.0,-2928.0,1950.0,-17.0,-1540.0,167949.0
920,5488.0,-15536.0,-820.0,-2896.0,1844.0,84.0,-1346.0,167955.0
921,5384.0,-15668.0,-520.0,-2896.0,1728.0,179.0,-1148.0,167961.0
922,5472.0,-15812.0,-796.0,-2928.0,1642.0,276.0,-927.0,167967.0
923,5596.0,-15820.0,-712.0,-2896.0,1579.0,286.0,-735.0,167973.0
924,5824.0,-15832.0,-576.0,-2864.0,1512.0,334.0,-509.0,167979.0
925,5920.0,-15728.0,-720.0,-2928.0,1408.0,487.0,-265.0,167985.0
926,5816.0,-15676.0,-760.0,-2896.0,1330.0,666.0,-20.0,167991.0
927,5544.0,-15732.0,-856.0,-2912.0,1268.0,875.0,169.0,167997.0
928,5408.0,-15868.0,-580.0,-2912.0,1218.0,1009.0,325.0,168002.0
929,5092.0,-15792.0,-640.0,-2880.0,1123.0,1074.0,421.0,168008.0
930,5872.0,-16376.0,-816.0,-2912.0,1143.0,1132.0,829.0,168014.0
931,5576.0,-15368.0,-704.0,-2944.0,1067.0,1359.0,603.0,168020.0
932,4948.0,-15532.0,-628.0,-2912.0,988.0,1355.0,899.0,168027.0
933,5360.0,-15948.0,-660.0,-2880.0,983.0,1262.0,1114.0,168033.0
934,5372.0,-15880.0,-616.0,-2880.0,985.0,1395.0,1267.0,168039.0
935,5416.0,-15876.0,-876.0,-2928.0,961.0,1597.0,1316.0,168044.0
936,4956.0,-15864.0,-848.0,-2896.0,984.0,1670.0,1279.0,168050.0
937,4644.0,-15784.0,-720.0,-2896.0,960.0,1605.0,1377.0,168056.0
938,4644.0,-15748.0,-756.0,-2896.0,974.0,1539.0,1388.0,168062.0
939,4536.0,-16000.0,-712.0,-2864.0,1013.0,1638.0,1437.0,168069.0
940,4468.0,-16056.0,-776.0,-2880.0,1121.0,1777.0,1438.0,168075.0
941,4252.0,-16056.0,-508.0,-2880.0,1147.0,1794.0,1419.0,168081.0
942,4016.0,-16044.0,-576.0,-2928.0,1203.0,1773.0,1395.0,168086.0
943,3832.0,-16120.0,-400.0,-2912.0,1248.0,1645.0,1288.0,168092.0
944,3980.0,-16004.0,-540.0,-2912.0,1260.0,1480.0,1213.0,168098.0
945,4180.0,-15808.0,-344.0,-2896.0,1239.0,1339.0,1127.0,168104.0
946,4228.0,-15988.0,-224.0,-2896.0,1229.0,1205.0,1106.0,168111.0
947,4048.0,-16000.0,-208.0,-2896.0,1232.0,1210.0,1080.0,168117.0
948,4304.0,-15876.0,-312.0,-2880.0,1193.0,1257.0,1071.0,168123.0
949,4368.0,-15820.0,-280.0,-2864.0,1151.0,1319.0,1062.0,168129.0
950,4212.0,-15916.0,-148.0,-2928.0,1110.0,1384.0,1065.0,168135.0
951,4192.0,-16180.0,-328.0,-2880.0,1148.0,1441.0,1089.0,168141.0
952,4000.0,-16064.0,-184.0,-2912.0,1138.0,1480.0,1070.0,168146.0
953,3832.0,-16208.0,-92.0,-2928.0,1116.0,1469.0,1028.0,168153.0
954,3752.0,-16032.0,16.0,-2928.0,1049.0,1458.0,957.0,168159.0
955,3616.0,-15944.0,184.0,-2896.0,1002.0,1476.0,885.0,168165.0
956,3772.0,-16052.0,124.0,-2880.0,929.0,1456.0,818.0,168171.0
957,3864.0,-15980.0,-16.0,-2912.0,888.0,1520.0,756.0,168176.0
958,3928.0,-15900.0,-52.0,-2864.0,880.0,1588.0,697.0,168182.0
959,3916.0,-16004.0,260.0,-2912.0,813.0,1604.0,638.0,168188.0
960,3868.0,-15936.0,140.0,-2864.0,766.0,1623.0,597.0,168195.0
961,4032.0,-15876.0,260.0,-2896.0,729.0,1628.0,609.0,168200.0
962,4056.0,-16072.0,68.0,-2912.0,715.0,1658.0,566.0,168206.0
963,4212.0,-16176.0,-252.0,-2928.0,763.0,1664.0,576.0,168212.0
964,4360.0,-16288.0,-424.0,-2896.0,781.0,1712.0,568.0,168218.0
965,4200.0,-16136.0,-324.0,-2912.0,812.0,1773.0,577.0,168223.0
966,3688.0,-16628.0,-588.0,-2912.0,894.0,1888.0,706.0,168229.0
967,2696.0,-17556.0,-188.0,-2896.0,1019.0,1972.0,949.0,168236.0
968,3048.0,-17900.0,412.0,-2896.0,1077.0,1558.0,1020.0,168242.0
969,4768.0,-16136.0,-140.0,-2896.0,1037.0,302.0,1045.0,168248.0
970,6100.0,-15336.0,-896.0,-2896.0,1095.0,31.0,1313.0,168253.0
971,6652.0,-14452.0,-1212.0,-2896.0,1223.0,61.0,1544.0,168259.0
972,4536.0,-15304.0,-464.0,-2896.0,1374.0,608.0,1871.0,168265.0
973,5256.0,-15552.0,-372.0,-2896.0,1537.0,1195.0,1558.0,168271.0
974,3240.0,-16604.0,-200.0,-2896.0,1642.0,1710.0,1764.0,168278.0
975,2988.0,-16892.0,-48.0,-2896.0,1796.0,1603.0,1730.0,168284.0
976,3044.0,-16868.0,76.0,-2896.0,1872.0,1235.0,1717.0,168289.0
977,3368.0,-16624.0,160.0,-2896.0,1873.0,890.0,1663.0,168295.0
978,3848.0,-16376.0,356.0,-2896.0,1841.0,567.0,1673.0,168301.0
979,4616.0,-16144.0,428.0,-2896.0,1813.0,470.0,1691.0,168307.0
980,4948.0,-15760.0,584.0,-2896.0,1661.0,527.0,1725.0,168313.0
981,5056.0,-15648.0,316.0,-2912.0,1592.0,796.0,1780.0,168320.0
982,4832.0,-15740.0,344.0,-2912.0,1551.0,1235.0,1845.0,168325.0
983,4348.0,-15684.0,684.0,-2896.0,1455.0,1710.0,1854.0,168331.0
984,3804.0,-16176.0,592.0,-2864.0,1452.0,1923.0,1932.0,168337.0
985,3396.0,-16268.0,524.0,-2896.0,1399.0,2038.0,1883.0,168343.0
986,3120.0,-16308.0,640.0,-2896.0,1396.0,1989.0,1823.0,168349.0
987,3084.0,-16284.0,568.0,-2912.0,1379.0,1834.0,1809.0,168355.0
988,2864.0,-16144.0,660.0,-2880.0,1349.0,1591.0,1697.0,168360.0
989,2796.0,-16156.0,708.0,-2912.0,1337.0,1391.0,1659.0,168367.0
990,2920.0,-16124.0,844.0,-2912.0,1291.0,1231.0,1574.0,168373.0
991,3032.0,-16020.0,748.0,-2896.0,1243.0,1177.0,1492.0,168379.0
992,3204.0,-15868.0,736.0,-2864.0,1187.0,1129.0,1465.0,168385.0
993,3204.0,-15920.0,756.0,-2896.0,1120.0,1150.0,1382.0,168391.0
994,3384.0,-15796.0,1140.0,-2928.0,1048.0,1162.0,1342.0,168397.0
995,3368.0,-15672.0,1048.0,-2880.0,968.0,1203.0,1342.0,168403.0
996,3408.0,-15736.0,1056.0,-2912.0,871.0,1282.0,1305.0,168409.0
997,3432.0,-15872.0,1004.0,-2896.0,801.0,1357.0,1242.0,168415.0
998,3436.0,-15876.0,1020.0,-2896.0,747.0,1412.0,1230.0,168421.0
999,3416.0,-15876.0,1024.0,-2896.0,644.0,1429.0,1243.0,168427.0
1000,3252.0,-16064.0,972.0,-2896.0,556.0,1459.0,1212.0,168433.0
1001,3208.0,-16132.0,960.0,-2896.0,492.0,1527.0,1191.0,168439.0
1002,3092.0,-16160.0,956.0,-2896.0,433.0,1581.0,1166.0,168444.0
1003,2992.0,-16144.0,776.0,-2896.0,446.0,1548.0,1153.0,168451.0
1004,2780.0,-16292.0,760.0,-2896.0,434.0,1451.0,1170.0,168457.0
1005,2848.0,-16256.0,788.0,-2912.0,447.0,1344.0,1137.0,168463.0
1006,2820.0,-16184.0,596.0,-2912.0,456.0,1203.0,1128.0,168469.0
1007,2796.0,-16332.0,628.0,-2912.0,503.0,1042.0,1122.0,168475.0
1008,2920.0,-16304.0,688.0,-2880.0,532.0,866.0,1125.0,168480.0
1009,3052.0,-16144.0,872.0,-2896.0,549.0,707.0,1152.0,168486.0
1010,3232.0,-16172.0,656.0,-2896.0,556.0,566.0,1144.0,168493.0
1011,3320.0,-16100.0,720.0,-2880.0,555.0,475.0,1180.0,168499.0
1012,3376.0,-16072.0,948.0,-2896.0,557.0,457.0,1237.0,168504.0
1013,3596.0,-16068.0,992.0,-2896.0,549.0,436.0,1260.0,168510.0
1014,3636.0,-16100.0,964.0,-2912.0,548.0,482.0,1308.0,168516.0
1015,3716.0,-15968.0,760.0,-2912.0,519.0,627.0,1364.0,168522.0
1016,3584.0,-15956.0,1148.0,-2896.0,501.0,694.0,1394.0,168527.0
1017,3344.0,-16044.0,888.0,-2864.0,479.0,781.0,1428.0,168534.0
1018,3320.0,-16060.0,900.0,-2912.0,511.0,796.0,1480.0,168540.0
1019,3280.0,-16008.0,1064.0,-2864.0,506.0,834.0,1449.0,168546.0
1020,2984.0,-15896.0,1120.0,-2896.0,496.0,841.0,1431.0,168552.0
1021,2896.0,-15908.0,956.0,-2896.0,470.0,788.0,1432.0,168557.0
1022,2664.0,-16052.0,1056.0,-2864.0,485.0,781.0,1421.0,168563.0
1023,2516.0,-16012.0,1036.0,-2896.0,489.0,741.0,1431.0,168569.0
1024,2512.0,-15904.0,1140.0,-2912.0,516.0,698.0,1426.0,168576.0
1025,2608.0,-15832.0,976.0,-2880.0,508.0,644.0,1446.0,168582.0
1026,2492.0,-15716.0,936.0,-2880.0,505.0,592.0,1433.0,168587.0
1027,2436.0,-15660.0,928.0,-2896.0,519.0,488.0,1430.0,168593.0
1028,2360.0,-15480.0,1000.0,-2896.0,523.0,387.0,1447.0,168599.0
1029,2288.0,-15416.0,1108.0,-2880.0,520.0,237.0,1523.0,168605.0
1030,2208.0,-15500.0,1308.0,-2912.0,515.0,191.0,1521.0,168610.0
1031,2312.0,-16288.0,352.0,-2880.0,792.0,118.0,1508.0,168616.0
1032,2552.0,-16188.0,404.0,-2896.0,1002.0,-242.0,1614.0,168623.0
1033,2776.0,-15836.0,720.0,-2896.0,1061.0,-569.0,1642.0,168629.0
1034,3120.0,-16232.0,992.0,-2896.0,1106.0,-767.0,1663.0,168635.0
1035,3452.0,-16752.0,840.0,-2896.0,1219.0,-651.0,1607.0,168641.0
1036,3296.0,-17484.0,216.0,-2896.0,1451.0,-362.0,1608.0,168646.0
1037,3164.0,-17036.0,632.0,-2896.0,1502.0,-431.0,1591.0,168652.0
1038,2976.0,-16892.0,1248.0,-2896.0,1430.0,-503.0,1589.0,168658.0
1039,2876.0,-16948.0,1436.0,-2896.0,1376.0,-581.0,1645.0,168665.0
1040,2796.0,-17100.0,1440.0,-2864.0,1333.0,-364.0,1668.0,168671.0
1041,2652.0,-17096.0,1220.0,-2944.0,1356.0,-179.0,1644.0,168677.0
1042,2696.0,-16540.0,1496.0,-2880.0,1310.0,-163.0,1663.0,168682.0
1043,2568.0,-16356.0,1528.0,-2912.0,1205.0,-80.0,1608.0,168688.0
1044,2636.0,-16364.0,1496.0,-2880.0,1109.0,-41.0,1592.0,168694.0
1045,2568.0,-16344.0,1504.0,-2912.0,1024.0,74.0,1589.0,168700.0
1046,2448.0,-16216.0,1584.0,-2880.0,959.0,141.0,1563.0,168707.0
1047,2372.0,-16196.0,1580.0,-2880.0,836.0,175.0,1534.0,168713.0
1048,2292.0,-16184.0,1672.0,-2912.0,724.0,173.0,1479.0,168718.0
1049,2388.0,-16172.0,1580.0,-2896.0,618.0,183.0,1447.0,168724.0
1050,2312.0,-16132.0,1536.0,-2896.0,520.0,223.0,1446.0,168730.0
1051,2380.0,-16032.0,1668.0,-2864.0,422.0,284.0,1404.0,168736.0
1052,2420.0,-15912.0,1720.0,-2864.0,314.0,321.0,1381.0,168742.0
1053,2372.0,-15848.0,1568.0,-2896.0,209.0,335.0,1396.0,168748.0
1054,2312.0,-15620.0,1640.0,-2896.0,98.0,343.0,1380.0,168754.0
1055,2244.0,-15856.0,1552.0,-2880.0,15.0,452.0,1370.0,168760.0
1056,2128.0,-15980.0,1268.0,-2864.0,48.0,459.0,1366.0,168766.0
1057,2044.0,-16096.0,1436.0,-2864.0,61.0,429.0,1418.0,168772.0
1058,2208.0,-15576.0,1500.0,-2880.0,47.0,374.0,1422.0,168777.0
1059,2212.0,-15248.0,1428.0,-2896.0,-36.0,189.0,1380.0,168783.0
1060,3248.0,-16696.0,1272.0,-2896.0,137.0,494.0,1583.0,168790.0
1061,1992.0,-15364.0,1440.0,-2896.0,37.0,447.0,1416.0,168796.0
1062,1964.0,-15760.0,1324.0,-2880.0,35.0,221.0,1482.0,168801.0
1063,2396.0,-16224.0,1356.0,-2880.0,79.0,80.0,1504.0,168807.0
1064,2492.0,-16472.0,1208.0,-2832.0,158.0,105.0,1521.0,168813.0
1065,2532.0,-16592.0,1064.0,-2912.0,282.0,191.0,1628.0,168819.0
1066,2812.0,-16420.0,1148.0,-2912.0,346.0,283.0,1688.0,168824.0
1067,2768.0,-16496.0,944.0,-2912.0,398.0,438.0,1771.0,168830.0
1068,2760.0,-16672.0,924.0,-2928.0,495.0,443.0,1801.0,168837.0
1069,2616.0,-16684.0,1132.0,-2896.0,513.0,428.0,1822.0,168843.0
1070,2600.0,-16804.0,1032.0,-2880.0,577.0,413.0,1828.0,168849.0
1071,2460.0,-16572.0,1284.0,-2880.0,662.0,392.0,1873.0,168854.0
1072,2292.0,-16708.0,1140.0,-2848.0,708.0,415.0,1895.0,168860.0
1073,2228.0,-16580.0,1196.0,-2880.0,766.0,437.0,1873.0,168866.0
1074,2368.0,-16476.0,1148.0,-2912.0,834.0,370.0,1892.0,168872.0
1075,2332.0,-16368.0,1152.0,-2896.0,858.0,346.0,1870.0,168879.0
1076,2420.0,-16304.0,1276.0,-2896.0,864.0,357.0,1860.0,168885.0
1077,2384.0,-16220.0,1400.0,-2864.0,918.0,391.0,1807.0,168890.0
1078,2292.0,-16224.0,1480.0,-2928.0,912.0,397.0,1806.0,168896.0
1079,2020.0,-16132.0,1488.0,-2896.0,851.0,370.0,1845.0,168902.0
1080,2004.0,-16144.0,1652.0,-2864.0,809.0,379.0,1781.0,168908.0
1081,2004.0,-16240.0,1828.0,-2880.0,719.0,315.0,1746.0,168914.0
1082,2272.0,-16088.0,1920.0,-2880.0,621.0,292.0,1651.0,168920.0
1083,2552.0,-15544.0,1680.0,-2880.0,460.0,224.0,1429.0,168926.0
1084,2324.0,-15760.0,1504.0,-2864.0,375.0,116.0,1446.0,168932.0
1085,2308.0,-15896.0,1916.0,-2896.0,336.0,159.0,1404.0,168938.0
1086,2096.0,-15632.0,2020.0,-2896.0,255.0,267.0,1301.0,168944.0
1087,1760.0,-15416.0,2052.0,-2864.0,138.0,331.0,1148.0,168949.0
1088,1720.0,-15624.0,2208.0,-2864.0,34.0,360.0,1014.0,168955.0
1089,1736.0,-15508.0,2096.0,-2912.0,-66.0,415.0,854.0,168962.0
1090,1588.0,-15676.0,2012.0,-2896.0,-182.0,520.0,735.0,168968.0
1091,1512.0,-15676.0,2272.0,-2896.0,-290.0,646.0,684.0,168973.0
1092,1172.0,-15924.0,2232.0,-2880.0,-353.0,742.0,664.0,168979.0
1093,920.0,-16004.0,2500.0,-2880.0,-380.0,841.0,639.0,168985.0
1094,692.0,-16044.0,2348.0,-2896.0,-439.0,967.0,605.0,168991.0
1095,460.0,-16072.0,2400.0,-2880.0,-482.0,1009.0,598.0,168996.0
1096,-24.0,-16204.0,2440.0,-2912.0,-517.0,979.0,568.0,169003.0
1097,-408.0,-16408.0,2320.0,-2880.0,-518.0,889.0,552.0,169009.0
1098,-440.0,-16588.0,2304.0,-2864.0,-524.0,758.0,531.0,169015.0
1099,-480.0,-16588.0,2264.0,-2912.0,-532.0,608.0,469.0,169020.0
1100,-516.0,-16560.0,2148.0,-2912.0,-539.0,464.0,403.0,169026.0
1101,-364.0,-16604.0,2068.0,-2896.0,-547.0,306.0,357.0,169032.0
1102,-116.0,-16648.0,1864.0,-2880.0,-540.0,226.0,296.0,169038.0
1103,236.0,-16540.0,1964.0,-2896.0,-538.0,151.0,207.0,169043.0
1104,592.0,-16284.0,1728.0,-2912.0,-578.0,113.0,152.0,169050.0
1105,812.0,-16428.0,1544.0,-2896.0,-572.0,58.0,20.0,169056.0
1106,1104.0,-16396.0,1764.0,-2896.0,-573.0,-5.0,-51.0,169061.0
1107,1548.0,-16392.0,1492.0,-2944.0,-597.0,-39.0,-86.0,169067.0
1108,1724.0,-16360.0,1396.0,-2912.0,-570.0,-27.0,-103.0,169073.0
1109,1968.0,-16344.0,1596.0,-2928.0,-570.0,57.0,-103.0,169078.0
1110,2132.0,-16208.0,1576.0,-2864.0,-596.0,187.0,-53.0,169084.0
1111,2176.0,-16152.0,1520.0,-2880.0,-583.0,298.0,-26.0,169091.0
1112,2276.0,-16072.0,1592.0,-2896.0,-606.0,435.0,5.0,169097.0
1113,2240.0,-16052.0,1600.0,-2896.0,-578.0,512.0,34.0,169102.0
1114,2256.0,-16032.0,1612.0,-2896.0,-569.0,573.0,59.0,169108.0
1115,2236.0,-16084.0,1480.0,-2880.0,-597.0,579.0,45.0,169114.0
1116,2072.0,-15904.0,1620.0,-2864.0,-584.0,562.0,49.0,169119.0
1117,2116.0,-16104.0,1464.0,-2912.0,-542.0,539.0,39.0,169125.0
1118,1988.0,-16132.0,1356.0,-2896.0,-565.0,477.0,38.0,169132.0
1119,1900.0,-16032.0,1400.0,-2912.0,-552.0,448.0,68.0,169137.0
1120,1724.0,-16188.0,1264.0,-2896.0,-568.0,462.0,84.0,169143.0
1121,1516.0,-16168.0,1224.0,-2896.0,-568.0,423.0,110.0,169149.0
1122,1436.0,-16228.0,1340.0,-2896.0,-547.0,346.0,128.0,169155.0
