id,AcX,AcY,AcZ,Tmp,GyX,GyY,GyZ,Timer
0,5324.0,-19480.0,10368.0,-2480.0,4997.0,737.0,1192.0,22068.0
1,3792.0,-19596.0,11096.0,-2480.0,6101.0,1078.0,1383.0,22074.0
2,1760.0,-19836.0,12100.0,-2512.0,7335.0,842.0,1581.0,22080.0
3,-132.0,-20024.0,12344.0,-2512.0,8553.0,175.0,1841.0,22086.0
4,-2108.0,-19888.0,12176.0,-2496.0,9705.0,-870.0,2064.0,22091.0
5,-3604.0,-19620.0,12748.0,-2512.0,10841.0,-2254.0,2203.0,22097.0
6,-4824.0,-19864.0,14196.0,-2496.0,12150.0,-4105.0,2399.0,22104.0
7,-4932.0,-19404.0,13768.0,-2496.0,13220.0,-6112.0,2489.0,22110.0
8,-4568.0,-18756.0,11752.0,-2480.0,13826.0,-7805.0,2586.0,22116.0
9,-3764.0,-14844.0,6992.0,-2480.0,14055.0,-9275.0,2536.0,22123.0
10,-1052.0,-9344.0,-6320.0,-2480.0,12280.0,-10340.0,1871.0,22128.0
11,15532.0,-1604.0,-32768.0,-2528.0,4811.0,-9813.0,-2617.0,22134.0
12,32767.0,-3272.0,-32768.0,-2544.0,-7759.0,-9416.0,-13313.0,22140.0
13,32767.0,-32768.0,-32768.0,-2512.0,305.0,-13666.0,-10106.0,22147.0
14,10392.0,-32768.0,-1168.0,-2512.0,10462.0,65.0,10501.0,22154.0
15,-22956.0,-23500.0,12840.0,-2496.0,8980.0,20474.0,10879.0,22160.0
16,-32768.0,-31124.0,21816.0,-2480.0,9390.0,15406.0,4349.0,22166.0
17,-28896.0,-32768.0,23596.0,-2480.0,12738.0,-2748.0,-133.0,22172.0
18,-11216.0,-24804.0,12156.0,-2496.0,13383.0,-10088.0,-951.0,22178.0
19,4056.0,-8216.0,-1964.0,-2512.0,10692.0,-7374.0,-2865.0,22184.0
20,13592.0,-3712.0,-11004.0,-2496.0,8052.0,-4297.0,-3620.0,22191.0
21,17140.0,-8524.0,-13244.0,-2512.0,7059.0,-550.0,-2821.0,22197.0
22,14052.0,-15172.0,-8728.0,-2464.0,7497.0,4455.0,-1046.0,22203.0
23,10260.0,-16868.0,-5160.0,-2480.0,8207.0,9158.0,921.0,22209.0
24,9076.0,-16004.0,-3452.0,-2496.0,8602.0,13058.0,1626.0,22215.0
25,9212.0,-15308.0,-3332.0,-2512.0,8277.0,15290.0,1408.0,22221.0
26,9188.0,-15572.0,-2324.0,-2480.0,7730.0,16005.0,933.0,22227.0
27,7276.0,-16232.0,-164.0,-2512.0,7660.0,15749.0,537.0,22233.0
28,4024.0,-16084.0,1940.0,-2496.0,7843.0,13458.0,173.0,22239.0
29,564.0,-15456.0,3100.0,-2496.0,7890.0,9671.0,-97.0,22245.0
30,-1812.0,-15460.0,2620.0,-2496.0,7844.0,5516.0,-252.0,22251.0
31,-1472.0,-15744.0,996.0,-2528.0,7691.0,1387.0,-463.0,22257.0
32,768.0,-16012.0,-572.0,-2496.0,7565.0,-2013.0,-774.0,22263.0
33,2024.0,-17268.0,-932.0,-2464.0,7564.0,-3540.0,-958.0,22269.0
34,928.0,-18752.0,-112.0,-2528.0,7711.0,-3754.0,-1032.0,22275.0
35,-568.0,-19372.0,140.0,-2496.0,7832.0,-3830.0,-1202.0,22281.0
36,-140.0,-18932.0,-372.0,-2496.0,7922.0,-4532.0,-1490.0,22287.0
37,3020.0,-17972.0,-1656.0,-2480.0,7971.0,-5376.0,-1628.0,22293.0
38,6724.0,-16964.0,-2836.0,-2512.0,8139.0,-5221.0,-1497.0,22299.0
39,9108.0,-16064.0,-2776.0,-2496.0,8327.0,-3524.0,-1092.0,22305.0
40,9468.0,-15212.0,-2336.0,-2512.0,8359.0,-887.0,-703.0,22311.0
41,8324.0,-15060.0,-1364.0,-2544.0,8259.0,1294.0,-384.0,22318.0
42,6104.0,-15920.0,-572.0,-2496.0,8252.0,2658.0,-80.0,22323.0
43,4780.0,-17172.0,-592.0,-2512.0,8511.0,3143.0,65.0,22329.0
44,4108.0,-17224.0,-1304.0,-2512.0,8812.0,2909.0,128.0,22335.0
45,4412.0,-16260.0,-1736.0,-2512.0,8876.0,2103.0,85.0,22341.0
46,4784.0,-14980.0,-1020.0,-2512.0,8573.0,1590.0,117.0,22347.0
47,4532.0,-14900.0,-372.0,-2496.0,8112.0,1691.0,53.0,22353.0
48,4212.0,-15528.0,-24.0,-2512.0,7744.0,2170.0,-33.0,22359.0
49,4032.0,-16028.0,-76.0,-2480.0,7452.0,2730.0,-74.0,22365.0
50,4224.0,-15904.0,-300.0,-2528.0,7187.0,3285.0,-205.0,22371.0
51,4420.0,-15572.0,-376.0,-2496.0,6876.0,3728.0,-357.0,22377.0
52,4776.0,-15340.0,-324.0,-2528.0,6563.0,4196.0,-420.0,22382.0
53,4504.0,-15788.0,-60.0,-2512.0,6321.0,4712.0,-461.0,22388.0
54,4616.0,-16308.0,-460.0,-2512.0,6152.0,5319.0,-471.0,22394.0
55,4636.0,-16140.0,-584.0,-2480.0,6022.0,5621.0,-454.0,22401.0
56,4800.0,-15560.0,-496.0,-2496.0,5750.0,5734.0,-476.0,22406.0
57,4612.0,-15288.0,-476.0,-2496.0,5435.0,5872.0,-493.0,22412.0
58,4384.0,-15784.0,-24.0,-2464.0,5267.0,5911.0,-465.0,22418.0
59,4292.0,-16144.0,-396.0,-2496.0,5220.0,5807.0,-472.0,22424.0
60,4524.0,-15768.0,-776.0,-2480.0,5210.0,5509.0,-508.0,22430.0
61,4828.0,-15200.0,-400.0,-2480.0,5022.0,5163.0,-474.0,22435.0
62,5068.0,-15300.0,-248.0,-2480.0,4902.0,4881.0,-371.0,22441.0
63,5156.0,-15600.0,-100.0,-2512.0,4856.0,4694.0,-219.0,22448.0
64,5328.0,-15608.0,-200.0,-2528.0,4915.0,4548.0,-121.0,22454.0
65,5600.0,-15556.0,-476.0,-2496.0,4939.0,4433.0,-24.0,22460.0
66,5400.0,-15584.0,-64.0,-2496.0,4903.0,4394.0,121.0,22465.0
67,5184.0,-15424.0,152.0,-2512.0,4846.0,4239.0,219.0,22471.0
68,5136.0,-15584.0,408.0,-2528.0,4818.0,4160.0,311.0,22477.0
69,4540.0,-16204.0,492.0,-2464.0,4839.0,4171.0,362.0,22483.0
70,4324.0,-16292.0,588.0,-2512.0,4921.0,4087.0,452.0,22489.0
71,4364.0,-15964.0,608.0,-2480.0,4918.0,3942.0,556.0,22495.0
72,4804.0,-15924.0,568.0,-2480.0,4952.0,3937.0,651.0,22501.0
73,5288.0,-15948.0,724.0,-2528.0,4973.0,4090.0,720.0,22507.0
74,5568.0,-15828.0,800.0,-2496.0,4981.0,4339.0,821.0,22513.0
75,5688.0,-15680.0,612.0,-2528.0,5001.0,4602.0,912.0,22518.0
76,5488.0,-15692.0,904.0,-2480.0,4961.0,4871.0,992.0,22524.0
77,5256.0,-15604.0,844.0,-2512.0,4878.0,5078.0,1030.0,22531.0
78,5068.0,-15796.0,932.0,-2512.0,4811.0,5175.0,1038.0,22537.0
79,4916.0,-15924.0,864.0,-2480.0,4713.0,5206.0,1066.0,22542.0
80,4860.0,-16004.0,780.0,-2480.0,4595.0,5195.0,1044.0,22548.0
81,4448.0,-16212.0,1024.0,-2512.0,4535.0,5156.0,1121.0,22554.0
82,4304.0,-16276.0,1016.0,-2496.0,4533.0,5074.0,1173.0,22560.0
83,4420.0,-16496.0,848.0,-2496.0,4551.0,4848.0,1160.0,22566.0
84,4868.0,-16388.0,988.0,-2496.0,4584.0,4688.0,1134.0,22573.0
85,5148.0,-16624.0,1112.0,-2464.0,4623.0,4649.0,1132.0,22579.0
86,5740.0,-16528.0,776.0,-2512.0,4666.0,4619.0,940.0,22584.0
87,5400.0,-16680.0,1048.0,-2496.0,4715.0,4782.0,1166.0,22590.0
88,5292.0,-16592.0,1092.0,-2512.0,4812.0,4940.0,1124.0,22596.0
89,4816.0,-16772.0,1348.0,-2512.0,4894.0,5103.0,1220.0,22602.0
90,4540.0,-16732.0,1356.0,-2480.0,4994.0,5235.0,1195.0,22608.0
91,3896.0,-17000.0,1512.0,-2512.0,5175.0,5255.0,1314.0,22615.0
92,3448.0,-17280.0,1744.0,-2496.0,5328.0,5216.0,1281.0,22621.0
93,2416.0,-17492.0,1968.0,-2512.0,5478.0,5043.0,1290.0,22626.0
94,4376.0,-17300.0,1460.0,-2512.0,5647.0,4906.0,1425.0,22632.0
95,3552.0,-17476.0,1428.0,-2512.0,5829.0,5081.0,1358.0,22638.0
96,3220.0,-17648.0,1640.0,-2528.0,6080.0,4955.0,1502.0,22644.0
97,3136.0,-17840.0,1804.0,-2496.0,6296.0,4839.0,1608.0,22650.0
98,3192.0,-17764.0,1948.0,-2512.0,6519.0,4644.0,1517.0,22657.0
99,3568.0,-17988.0,2100.0,-2512.0,6740.0,4479.0,1593.0,22663.0
100,4332.0,-18236.0,2092.0,-2496.0,6966.0,4278.0,1644.0,22669.0
101,4804.0,-18200.0,2004.0,-2528.0,7191.0,4243.0,1722.0,22674.0
102,5316.0,-18096.0,2052.0,-2528.0,7413.0,4380.0,1819.0,22680.0
103,4348.0,-18056.0,2180.0,-2512.0,7619.0,4743.0,2109.0,22686.0
104,3168.0,-18364.0,2296.0,-2480.0,7901.0,4966.0,2369.0,22692.0
105,2048.0,-18264.0,2360.0,-2496.0,8209.0,4882.0,2678.0,22699.0
106,1120.0,-18284.0,2204.0,-2528.0,8543.0,4511.0,2976.0,22705.0
107,728.0,-18628.0,2532.0,-2544.0,8899.0,3950.0,3224.0,22711.0
108,736.0,-18924.0,2516.0,-2512.0,9251.0,3374.0,3448.0,22717.0
109,648.0,-19248.0,2680.0,-2512.0,9578.0,2633.0,3700.0,22722.0
110,928.0,-19324.0,2812.0,-2528.0,9913.0,1936.0,3951.0,22728.0
111,984.0,-19208.0,2800.0,-2496.0,10192.0,1354.0,4174.0,22734.0
112,1252.0,-19268.0,3192.0,-2544.0,10506.0,923.0,4451.0,22740.0
113,1516.0,-19436.0,3052.0,-2512.0,10792.0,496.0,4650.0,22747.0
114,2080.0,-19444.0,3244.0,-2544.0,11028.0,285.0,4857.0,22753.0
115,2704.0,-19536.0,3252.0,-2464.0,11300.0,126.0,4984.0,22758.0
116,3152.0,-19460.0,2920.0,-2512.0,11575.0,102.0,5274.0,22764.0
117,3228.0,-19416.0,2980.0,-2512.0,11875.0,202.0,5433.0,22770.0
118,3368.0,-19392.0,3184.0,-2480.0,12122.0,293.0,5682.0,22776.0
119,3524.0,-19832.0,3180.0,-2528.0,12420.0,425.0,5908.0,22782.0
120,3916.0,-19980.0,2872.0,-2496.0,12765.0,526.0,6114.0,22789.0
121,4296.0,-20204.0,2832.0,-2512.0,13082.0,667.0,6316.0,22795.0
122,4916.0,-20460.0,2732.0,-2544.0,13425.0,876.0,6463.0,22801.0
123,5180.0,-20696.0,2528.0,-2496.0,13719.0,1255.0,6615.0,22806.0
124,5260.0,-20788.0,2604.0,-2512.0,13991.0,1697.0,6760.0,22812.0
125,5228.0,-20900.0,2452.0,-2512.0,14322.0,2236.0,6913.0,22818.0
126,5188.0,-21196.0,2460.0,-2496.0,14688.0,2767.0,7011.0,22824.0
127,5540.0,-21388.0,2408.0,-2544.0,15006.0,3383.0,7150.0,22831.0
128,6068.0,-21852.0,1952.0,-2528.0,15333.0,4135.0,7274.0,22837.0
129,4144.0,-22044.0,2604.0,-2512.0,15699.0,5258.0,7747.0,22843.0
130,1100.0,-24320.0,3080.0,-2496.0,15663.0,5618.0,8748.0,22849.0
131,1832.0,-27376.0,2260.0,-2512.0,15787.0,4282.0,9614.0,22855.0
132,4396.0,-27308.0,356.0,-2528.0,16251.0,3832.0,9874.0,22861.0
133,7016.0,-26344.0,-948.0,-2528.0,16815.0,4016.0,9565.0,22867.0
134,8472.0,-27748.0,-1920.0,-2512.0,17425.0,4419.0,9508.0,22874.0
135,9008.0,-29972.0,-3392.0,-2528.0,18038.0,5123.0,9696.0,22880.0
136,8860.0,-31452.0,-5496.0,-2512.0,18561.0,6019.0,9872.0,22886.0
137,8416.0,-31696.0,-7936.0,-2528.0,18847.0,6773.0,10056.0,22891.0
138,8536.0,-31244.0,-10816.0,-2512.0,18853.0,7453.0,10217.0,22897.0
139,8564.0,-30456.0,-13548.0,-2480.0,18629.0,7770.0,10083.0,22904.0
140,7748.0,-29208.0,-14636.0,-2480.0,18090.0,7978.0,9942.0,22910.0
141,6412.0,-28636.0,-13956.0,-2512.0,17491.0,8077.0,9920.0,22917.0
142,3624.0,-27656.0,-11260.0,-2528.0,17051.0,7697.0,10405.0,22923.0
143,1208.0,-28160.0,-2556.0,-2496.0,17326.0,6134.0,10888.0,22929.0
144,-2128.0,-28864.0,6220.0,-2528.0,17869.0,4513.0,11731.0,22935.0
145,-4424.0,-29476.0,9744.0,-2480.0,18220.0,1606.0,11864.0,22941.0
146,-3756.0,-28664.0,6652.0,-2512.0,17669.0,-3151.0,10863.0,22947.0
147,-36.0,-26788.0,1564.0,-2512.0,16793.0,-8255.0,9250.0,22953.0
148,3804.0,-25080.0,-688.0,-2512.0,16090.0,-11051.0,7694.0,22960.0
149,5972.0,-24696.0,616.0,-2560.0,16270.0,-11621.0,6930.0,22966.0
150,6928.0,-23572.0,100.0,-2512.0,16845.0,-9913.0,6860.0,22971.0
151,7108.0,-21660.0,748.0,-2496.0,17059.0,-7199.0,7033.0,22977.0
152,7152.0,-19216.0,232.0,-2544.0,17020.0,-4984.0,7261.0,22983.0
153,6312.0,-15156.0,-1876.0,-2512.0,16049.0,-4339.0,7390.0,22989.0
154,8188.0,-11128.0,-564.0,-2528.0,14338.0,-5360.0,6616.0,22995.0
155,9284.0,-9732.0,-1928.0,-2512.0,12167.0,-4322.0,5960.0,23002.0
156,10072.0,-8696.0,-3372.0,-2512.0,9537.0,-834.0,5291.0,23008.0
157,8288.0,-9336.0,-6736.0,-2528.0,6920.0,2646.0,4613.0,23014.0
158,6784.0,-9216.0,-8856.0,-2496.0,5024.0,4128.0,4367.0,23020.0
159,6448.0,-8144.0,-9308.0,-2544.0,3509.0,4386.0,4324.0,23026.0
160,5960.0,-7256.0,-8472.0,-2512.0,2372.0,4486.0,4130.0,23031.0
161,5288.0,-5872.0,-7300.0,-2544.0,1138.0,4915.0,4096.0,23037.0
162,4460.0,-4428.0,-6792.0,-2544.0,-356.0,6010.0,4228.0,23044.0
163,3368.0,-3296.0,-6220.0,-2512.0,-2081.0,7310.0,4193.0,23050.0
164,2532.0,-2280.0,-6116.0,-2512.0,-3971.0,8193.0,3882.0,23056.0
165,1588.0,-1404.0,-6508.0,-2496.0,-6047.0,8189.0,3086.0,23062.0
166,952.0,-1044.0,-6508.0,-2528.0,-8052.0,7412.0,2207.0,23067.0
167,64.0,-1344.0,-6240.0,-2528.0,-9836.0,6120.0,1359.0,23073.0
168,-768.0,-2112.0,-5620.0,-2528.0,-11412.0,4589.0,682.0,23079.0
169,-1440.0,-2568.0,-5332.0,-2544.0,-12856.0,2940.0,170.0,23086.0
170,-1752.0,-2920.0,-5392.0,-2496.0,-14398.0,1222.0,-331.0,23092.0
171,-1760.0,-3128.0,-5360.0,-2560.0,-15996.0,-250.0,-864.0,23098.0
172,-1136.0,-3096.0,-5588.0,-2544.0,-17674.0,-1668.0,-1490.0,23103.0
173,-592.0,-3440.0,-5836.0,-2528.0,-19444.0,-2881.0,-2133.0,23109.0
174,100.0,-3932.0,-5952.0,-2528.0,-21107.0,-4044.0,-2749.0,23115.0
175,736.0,-4812.0,-5956.0,-2544.0,-22669.0,-5056.0,-3236.0,23121.0
176,1024.0,-5440.0,-5552.0,-2544.0,-24065.0,-5777.0,-3553.0,23128.0
177,1288.0,-6088.0,-5180.0,-2528.0,-25504.0,-6376.0,-3810.0,23134.0
178,1420.0,-6664.0,-4740.0,-2544.0,-26914.0,-6851.0,-4144.0,23140.0
179,1488.0,-7464.0,-3992.0,-2528.0,-28236.0,-7255.0,-4559.0,23146.0
180,1764.0,-8296.0,-3724.0,-2512.0,-29575.0,-7502.0,-5122.0,23152.0
181,2384.0,-9104.0,-3684.0,-2528.0,-30875.0,-7631.0,-5696.0,23158.0
182,3220.0,-10120.0,-3560.0,-2512.0,-32157.0,-7637.0,-6274.0,23164.0
183,4424.0,-11388.0,-3276.0,-2512.0,-32768.0,-7417.0,-6746.0,23171.0
184,5416.0,-12980.0,-2636.0,-2528.0,-32768.0,-6883.0,-7016.0,23177.0
185,6092.0,-14156.0,-2048.0,-2512.0,-32768.0,-5874.0,-7165.0,23183.0
186,6696.0,-15176.0,-1708.0,-2576.0,-32768.0,-4656.0,-7330.0,23189.0
187,6452.0,-15900.0,-1372.0,-2496.0,-32768.0,-3546.0,-7477.0,23195.0
188,6252.0,-16468.0,-952.0,-2496.0,-32768.0,-2634.0,-7610.0,23201.0
189,5364.0,-17644.0,-860.0,-2512.0,-32768.0,-2186.0,-7749.0,23207.0
190,4740.0,-18644.0,-376.0,-2528.0,-32768.0,-1830.0,-7973.0,23214.0
191,4468.0,-19548.0,-120.0,-2512.0,-32768.0,-1341.0,-8209.0,23220.0
192,4304.0,-20656.0,-288.0,-2528.0,-32768.0,-808.0,-8449.0,23225.0
193,4384.0,-21696.0,-128.0,-2528.0,-32768.0,-330.0,-8693.0,23231.0
194,4404.0,-22748.0,252.0,-2512.0,-32768.0,67.0,-8910.0,23237.0
195,4120.0,-23488.0,492.0,-2544.0,-32768.0,349.0,-9142.0,23243.0
196,3944.0,-23900.0,780.0,-2544.0,-32768.0,548.0,-9414.0,23249.0
197,3800.0,-24564.0,1156.0,-2528.0,-32768.0,708.0,-9806.0,23256.0
198,3700.0,-25240.0,1520.0,-2512.0,-32768.0,749.0,-10319.0,23262.0
199,3804.0,-26080.0,1532.0,-2528.0,-32768.0,721.0,-11007.0,23268.0
200,4108.0,-26908.0,1560.0,-2512.0,-32768.0,627.0,-11664.0,23274.0
201,4700.0,-27812.0,1680.0,-2512.0,-32768.0,512.0,-12282.0,23280.0
202,4644.0,-28932.0,2208.0,-2528.0,-32768.0,305.0,-12571.0,23286.0
203,3964.0,-29788.0,3104.0,-2512.0,-32768.0,-158.0,-13012.0,23292.0
204,2548.0,-30932.0,4024.0,-2544.0,-32768.0,-848.0,-13447.0,23299.0
205,1764.0,-31988.0,5176.0,-2528.0,-32768.0,-1611.0,-13886.0,23305.0
206,1472.0,-32768.0,6128.0,-2528.0,-32768.0,-2220.0,-14251.0,23311.0
207,2048.0,-32768.0,7260.0,-2512.0,-32768.0,-2649.0,-14437.0,23317.0
208,3216.0,-32768.0,9268.0,-2544.0,-32768.0,-2779.0,-14520.0,23323.0
209,4300.0,-32768.0,10912.0,-2544.0,-32768.0,-2466.0,-14334.0,23329.0
210,5816.0,-32768.0,12664.0,-2512.0,-32768.0,-1789.0,-14154.0,23335.0
211,6976.0,-32768.0,15604.0,-2496.0,-32768.0,-662.0,-13898.0,23342.0
212,7460.0,-32768.0,18380.0,-2512.0,-31221.0,849.0,-13565.0,23348.0
213,7648.0,-32768.0,20540.0,-2512.0,-29172.0,2501.0,-13410.0,23354.0
214,7052.0,-32768.0,22848.0,-2512.0,-26496.0,4231.0,-13239.0,23360.0
215,4324.0,-32768.0,23600.0,-2496.0,-24242.0,5697.0,-13890.0,23367.0
216,5552.0,-32768.0,23512.0,-2544.0,-21392.0,7917.0,-9986.0,23373.0
217,3084.0,-32736.0,26616.0,-2512.0,-18304.0,11841.0,-9572.0,23379.0
218,-7888.0,-28972.0,30192.0,-2544.0,-15619.0,14316.0,-8607.0,23386.0
219,-12112.0,-28184.0,32767.0,-2512.0,-12295.0,14679.0,-5810.0,23392.0
220,-15812.0,-26944.0,32767.0,-2544.0,-8453.0,13442.0,-3354.0,23398.0
221,-17384.0,-26880.0,32767.0,-2528.0,-4270.0,11260.0,-724.0,23405.0
222,-17876.0,-27888.0,32767.0,-2560.0,59.0,8684.0,1176.0,23411.0
223,-17444.0,-27576.0,32767.0,-2512.0,4286.0,5558.0,2267.0,23417.0
224,-17560.0,-26784.0,32767.0,-2544.0,8143.0,1855.0,3331.0,23424.0
225,-16344.0,-25288.0,30968.0,-2512.0,11329.0,-1495.0,3785.0,23430.0
226,-16544.0,-23720.0,28456.0,-2512.0,13770.0,-4676.0,4047.0,23436.0
227,-16292.0,-22320.0,25756.0,-2544.0,15707.0,-7868.0,4473.0,23442.0
228,-14888.0,-21492.0,22072.0,-2544.0,17314.0,-10970.0,4953.0,23448.0
229,-12692.0,-20872.0,18884.0,-2528.0,18707.0,-13948.0,5261.0,23454.0
230,-9488.0,-20384.0,15048.0,-2512.0,19833.0,-16571.0,5522.0,23460.0
231,-4632.0,-15760.0,7468.0,-2560.0,19946.0,-18195.0,5260.0,23468.0
232,14652.0,9752.0,-32768.0,-2528.0,9435.0,-16074.0,1260.0,23474.0
233,32767.0,14504.0,-32768.0,-2528.0,-19000.0,-11720.0,-31092.0,23480.0
234,32767.0,-32768.0,-32768.0,-2560.0,5969.0,-32768.0,-32768.0,23486.0
235,12372.0,-32768.0,4240.0,-2560.0,18987.0,-11443.0,22661.0,23492.0
236,-32768.0,-32768.0,32767.0,-2512.0,20439.0,32767.0,29551.0,23498.0
237,-32768.0,-32768.0,32767.0,-2528.0,20648.0,32767.0,17358.0,23505.0
238,-32768.0,-32768.0,31140.0,-2512.0,16956.0,14935.0,1478.0,23512.0
239,-32360.0,-23496.0,-17796.0,-2560.0,12125.0,-10099.0,-6452.0,23518.0
240,3328.0,-13800.0,-22408.0,-2560.0,13503.0,-18693.0,-3305.0,23524.0
241,32767.0,-8560.0,5468.0,-2496.0,18458.0,-22745.0,-3752.0,23531.0
242,32767.0,-9656.0,17528.0,-2528.0,18002.0,-15804.0,-5759.0,23537.0
243,12964.0,-17616.0,11536.0,-2528.0,13578.0,-2221.0,-2889.0,23543.0
244,-1468.0,-24212.0,1332.0,-2512.0,12795.0,3439.0,-556.0,23549.0
245,-632.0,-21912.0,-676.0,-2560.0,13933.0,-2365.0,-2283.0,23556.0
246,4092.0,-17068.0,956.0,-2544.0,14064.0,-7949.0,-2287.0,23562.0
247,9800.0,-14680.0,-524.0,-2528.0,13456.0,-6909.0,-721.0,23568.0
248,12104.0,-16324.0,-1404.0,-2528.0,13232.0,-3302.0,340.0,23574.0
249,8756.0,-19708.0,-1512.0,-2528.0,14311.0,-201.0,1664.0,23580.0
250,6044.0,-18356.0,-1824.0,-2528.0,14979.0,542.0,1897.0,23586.0
251,5360.0,-13320.0,-1032.0,-2512.0,13849.0,1016.0,1447.0,23592.0
252,5172.0,-11032.0,608.0,-2544.0,11902.0,1774.0,1079.0,23598.0
253,4720.0,-13000.0,1412.0,-2512.0,10381.0,2943.0,1751.0,23604.0
254,3668.0,-15656.0,1124.0,-2544.0,9517.0,4963.0,2051.0,23610.0
255,1944.0,-16584.0,-384.0,-2544.0,9006.0,5388.0,1792.0,23616.0
256,984.0,-15836.0,-2140.0,-2528.0,8737.0,4894.0,1226.0,23622.0
257,332.0,-15020.0,-2140.0,-2528.0,8509.0,4259.0,231.0,23628.0
258,-892.0,-15148.0,-828.0,-2496.0,8068.0,3352.0,-357.0,23634.0
259,-1492.0,-15912.0,-456.0,-2528.0,7590.0,2312.0,-635.0,23641.0
260,-1148.0,-16900.0,-1212.0,-2528.0,7457.0,1047.0,-1104.0,23647.0
261,-116.0,-16876.0,-1892.0,-2512.0,7515.0,-368.0,-1820.0,23652.0
262,2076.0,-15956.0,-1412.0,-2544.0,7393.0,-1733.0,-2497.0,23658.0
263,5356.0,-15284.0,-808.0,-2528.0,6999.0,-2525.0,-2393.0,23664.0
264,8880.0,-15116.0,-1288.0,-2544.0,6683.0,-1511.0,-1853.0,23670.0
265,10384.0,-14696.0,-1980.0,-2544.0,6468.0,514.0,-1283.0,23676.0
266,9564.0,-13944.0,-1652.0,-2544.0,6181.0,2265.0,-527.0,23683.0
267,8108.0,-13792.0,-1036.0,-2544.0,5845.0,3524.0,95.0,23689.0
268,6836.0,-14288.0,-860.0,-2576.0,5527.0,4531.0,476.0,23695.0
269,5592.0,-15336.0,-1168.0,-2544.0,5372.0,5226.0,591.0,23700.0
270,4280.0,-15980.0,-1264.0,-2480.0,5335.0,5514.0,473.0,23706.0
271,3160.0,-16404.0,-1504.0,-2496.0,5357.0,5296.0,265.0,23712.0
272,2828.0,-16544.0,-1192.0,-2528.0,5464.0,4830.0,136.0,23718.0
273,3140.0,-16688.0,-1100.0,-2512.0,5558.0,4613.0,-87.0,23725.0
274,3484.0,-16704.0,-1020.0,-2544.0,5681.0,4551.0,-238.0,23731.0
275,3440.0,-16488.0,-884.0,-2544.0,5746.0,4507.0,-288.0,23737.0
276,3900.0,-15996.0,-624.0,-2512.0,5817.0,4306.0,-252.0,23742.0
277,4660.0,-15572.0,-664.0,-2544.0,5837.0,4141.0,-177.0,23748.0
278,5420.0,-15396.0,-544.0,-2512.0,5875.0,4180.0,-110.0,23754.0
279,5956.0,-15456.0,-324.0,-2576.0,5855.0,4443.0,87.0,23760.0
280,6312.0,-15500.0,-292.0,-2544.0,5891.0,4834.0,389.0,23767.0
281,6248.0,-15468.0,-508.0,-2544.0,5930.0,5185.0,613.0,23773.0
282,5992.0,-15424.0,-204.0,-2544.0,5938.0,5410.0,856.0,23778.0
283,5760.0,-15488.0,-372.0,-2512.0,5970.0,5525.0,1053.0,23784.0
284,5420.0,-15740.0,-332.0,-2544.0,5995.0,5672.0,1229.0,23790.0
285,4828.0,-15852.0,-412.0,-2576.0,6048.0,5829.0,1376.0,23796.0
286,4060.0,-15992.0,-368.0,-2576.0,6078.0,5732.0,1479.0,23802.0
287,3376.0,-16188.0,-232.0,-2560.0,6151.0,5277.0,1539.0,23809.0
288,2976.0,-16312.0,156.0,-2528.0,6184.0,4583.0,1564.0,23814.0
289,3224.0,-16296.0,16.0,-2560.0,6195.0,3872.0,1580.0,23820.0
290,3484.0,-16316.0,104.0,-2544.0,6235.0,3300.0,1555.0,23826.0
291,3736.0,-16280.0,440.0,-2544.0,6226.0,2846.0,1542.0,23832.0
292,4088.0,-16336.0,668.0,-2560.0,6236.0,2593.0,1539.0,23838.0
293,4244.0,-16408.0,660.0,-2560.0,6225.0,2576.0,1571.0,23844.0
294,4012.0,-16416.0,828.0,-2528.0,6246.0,2622.0,1629.0,23849.0
295,3872.0,-16488.0,1060.0,-2528.0,6239.0,2622.0,1656.0,23856.0
296,3816.0,-16288.0,1316.0,-2528.0,6242.0,2559.0,1664.0,23862.0
297,3968.0,-16312.0,1312.0,-2544.0,6218.0,2532.0,1685.0,23868.0
298,4120.0,-16384.0,1296.0,-2544.0,6233.0,2389.0,1698.0,23874.0
299,4312.0,-16244.0,1428.0,-2528.0,6193.0,2355.0,1688.0,23880.0
300,4176.0,-16296.0,1436.0,-2528.0,6246.0,2347.0,1703.0,23886.0
301,3888.0,-16244.0,1636.0,-2560.0,6228.0,2310.0,1710.0,23891.0
302,3800.0,-16016.0,1908.0,-2544.0,6242.0,2251.0,1756.0,23898.0
303,3940.0,-16256.0,2084.0,-2512.0,6264.0,2191.0,1740.0,23904.0
304,4000.0,-16092.0,1864.0,-2512.0,6275.0,2158.0,1778.0,23910.0
305,4240.0,-16280.0,1952.0,-2528.0,6308.0,2190.0,1778.0,23916.0
306,4396.0,-16376.0,2076.0,-2544.0,6311.0,2252.0,1837.0,23922.0
307,4384.0,-16560.0,1988.0,-2544.0,6338.0,2476.0,1829.0,23928.0
308,4228.0,-16908.0,2028.0,-2560.0,6409.0,2685.0,1778.0,23934.0
309,4224.0,-16660.0,2088.0,-2560.0,6475.0,2791.0,1701.0,23940.0
310,3928.0,-16548.0,2120.0,-2496.0,6539.0,2879.0,1781.0,23946.0
311,4356.0,-16776.0,2448.0,-2512.0,6587.0,3104.0,1609.0,23952.0
312,4716.0,-17048.0,2364.0,-2512.0,6619.0,3315.0,1553.0,23958.0
313,7456.0,-17732.0,2232.0,-2528.0,6702.0,3798.0,925.0,23964.0
314,8584.0,-16096.0,1244.0,-2528.0,6763.0,4271.0,667.0,23970.0
315,7092.0,-16668.0,1608.0,-2528.0,6909.0,5080.0,1405.0,23976.0
316,5844.0,-16924.0,2108.0,-2528.0,7017.0,6330.0,1379.0,23983.0
317,3860.0,-17192.0,2268.0,-2544.0,7246.0,6678.0,1597.0,23988.0
318,2312.0,-17380.0,2352.0,-2544.0,7513.0,6575.0,1906.0,23994.0
319,1664.0,-17496.0,2444.0,-2560.0,7819.0,6196.0,1939.0,24000.0
320,268.0,-17292.0,3568.0,-2528.0,8043.0,5694.0,1852.0,24006.0
321,2472.0,-18624.0,2868.0,-2560.0,8506.0,4872.0,2809.0,24012.0
322,1868.0,-18056.0,2984.0,-2512.0,8749.0,4805.0,2447.0,24018.0
323,1760.0,-18400.0,3284.0,-2576.0,9037.0,4233.0,2896.0,24025.0
324,1620.0,-18604.0,3320.0,-2544.0,9316.0,3922.0,3244.0,24030.0
325,1596.0,-18680.0,3108.0,-2560.0,9615.0,3783.0,3473.0,24036.0
326,852.0,-18784.0,3360.0,-2528.0,9917.0,3634.0,3708.0,24042.0
327,652.0,-19220.0,3356.0,-2560.0,10294.0,3289.0,4118.0,24048.0
328,292.0,-19376.0,3568.0,-2576.0,10671.0,2900.0,4239.0,24054.0
329,268.0,-19404.0,3436.0,-2576.0,11019.0,2489.0,4421.0,24060.0
330,256.0,-19708.0,3692.0,-2560.0,11384.0,2029.0,4681.0,24067.0
331,568.0,-19876.0,3764.0,-2544.0,11761.0,1705.0,4960.0,24073.0
332,800.0,-19928.0,4056.0,-2544.0,12126.0,1398.0,5242.0,24078.0
333,1552.0,-20028.0,3984.0,-2560.0,12492.0,1141.0,5475.0,24084.0
334,2492.0,-20204.0,3920.0,-2560.0,12814.0,951.0,5699.0,24090.0
335,3868.0,-20332.0,3780.0,-2544.0,13204.0,1029.0,5975.0,24096.0
336,5260.0,-20644.0,3620.0,-2560.0,13533.0,1447.0,6211.0,24102.0
337,6244.0,-20952.0,3316.0,-2576.0,13857.0,2067.0,6461.0,24109.0
338,7204.0,-21480.0,3368.0,-2544.0,14240.0,2750.0,6703.0,24115.0
339,8156.0,-21676.0,3280.0,-2544.0,14674.0,3676.0,6938.0,24121.0
340,8992.0,-22000.0,3320.0,-2544.0,15110.0,4635.0,7070.0,24127.0
341,9820.0,-22616.0,3500.0,-2528.0,15627.0,5729.0,7097.0,24133.0
342,10564.0,-23092.0,3696.0,-2512.0,16173.0,6858.0,7151.0,24139.0
343,10672.0,-24064.0,3824.0,-2544.0,16775.0,8363.0,7252.0,24145.0
344,8536.0,-24444.0,5972.0,-2560.0,17291.0,9803.0,8036.0,24152.0
345,6268.0,-27604.0,5440.0,-2544.0,17338.0,10392.0,9108.0,24158.0
346,7340.0,-29940.0,2676.0,-2528.0,17602.0,10592.0,9391.0,24164.0
347,9088.0,-28788.0,312.0,-2560.0,17989.0,10919.0,9326.0,24170.0
348,10884.0,-28144.0,-2032.0,-2576.0,18080.0,11663.0,9180.0,24176.0
349,12444.0,-29504.0,-4152.0,-2560.0,17942.0,12930.0,8866.0,24182.0
350,13872.0,-31844.0,-5640.0,-2528.0,17777.0,14742.0,8556.0,24188.0
351,14096.0,-32768.0,-8712.0,-2560.0,17950.0,17018.0,8406.0,24195.0
352,12616.0,-32768.0,-10920.0,-2560.0,18261.0,19015.0,8672.0,24201.0
353,10020.0,-32768.0,-13020.0,-2544.0,18200.0,20917.0,9242.0,24207.0
354,7372.0,-32260.0,-14916.0,-2576.0,17750.0,21983.0,9559.0,24213.0
355,4528.0,-29244.0,-14900.0,-2544.0,17225.0,21472.0,9717.0,24219.0
356,2720.0,-26436.0,-12084.0,-2544.0,16656.0,19954.0,10056.0,24225.0
357,204.0,-24096.0,-5232.0,-2544.0,16526.0,17468.0,10378.0,24231.0
358,-2988.0,-23280.0,4496.0,-2544.0,17075.0,13737.0,10756.0,24238.0
359,-6652.0,-22696.0,9584.0,-2576.0,17295.0,8743.0,10932.0,24244.0
360,-6672.0,-22044.0,7080.0,-2560.0,16445.0,2737.0,10092.0,24250.0
361,-4044.0,-21624.0,3288.0,-2528.0,15129.0,-3244.0,8782.0,24256.0
362,-508.0,-20508.0,1564.0,-2576.0,14236.0,-7895.0,7566.0,24262.0
363,2036.0,-19688.0,592.0,-2528.0,13835.0,-10756.0,6931.0,24268.0
364,3836.0,-19772.0,1724.0,-2544.0,14240.0,-11942.0,6790.0,24274.0
365,5096.0,-18408.0,-80.0,-2544.0,14687.0,-10600.0,6860.0,24281.0
366,6804.0,-15996.0,392.0,-2512.0,14894.0,-8360.0,6406.0,24287.0
367,10356.0,-9432.0,-3272.0,-2560.0,12957.0,-5500.0,5611.0,24293.0
368,12920.0,-5660.0,-4176.0,-2544.0,9572.0,-1415.0,4205.0,24299.0
369,11404.0,-5036.0,-4900.0,-2560.0,6591.0,3010.0,3485.0,24305.0
370,8092.0,-4452.0,-6664.0,-2544.0,4155.0,5914.0,3602.0,24311.0
371,4960.0,-3496.0,-8552.0,-2512.0,1885.0,6931.0,3804.0,24317.0
372,2416.0,-3208.0,-7940.0,-2544.0,8.0,6918.0,3698.0,24323.0
373,500.0,-3100.0,-6376.0,-2560.0,-1446.0,6596.0,4050.0,24329.0
374,-824.0,-3720.0,-5888.0,-2560.0,-2504.0,6075.0,4160.0,24335.0
375,-2148.0,-3600.0,-5360.0,-2560.0,-3523.0,5384.0,3870.0,24341.0
376,-2984.0,-2680.0,-5440.0,-2560.0,-4861.0,4418.0,3550.0,24347.0
377,-2984.0,-1692.0,-5616.0,-2544.0,-6497.0,3060.0,3006.0,24353.0
378,-2620.0,-848.0,-5596.0,-2576.0,-8219.0,1450.0,2202.0,24358.0
379,-2128.0,-248.0,-5640.0,-2528.0,-9951.0,-220.0,1331.0,24365.0
380,-1752.0,32.0,-5076.0,-2576.0,-11585.0,-1627.0,533.0,24371.0
381,-1552.0,48.0,-4572.0,-2576.0,-13194.0,-2887.0,-247.0,24377.0
382,-1392.0,-292.0,-3644.0,-2528.0,-14681.0,-3978.0,-1065.0,24383.0
383,-972.0,-488.0,-3524.0,-2544.0,-16243.0,-5084.0,-1845.0,24388.0
384,-32.0,-584.0,-3936.0,-2544.0,-17972.0,-5945.0,-2606.0,24394.0
385,1276.0,-1008.0,-4940.0,-2544.0,-19770.0,-6629.0,-3353.0,24400.0
386,2348.0,-1860.0,-5500.0,-2560.0,-21535.0,-7116.0,-4051.0,24407.0
387,3084.0,-3320.0,-5652.0,-2544.0,-23041.0,-7447.0,-4655.0,24413.0
388,3088.0,-4924.0,-5624.0,-2544.0,-24187.0,-7599.0,-5105.0,24419.0
389,2432.0,-6536.0,-4636.0,-2544.0,-25252.0,-7623.0,-5403.0,24425.0
390,2080.0,-7684.0,-3644.0,-2560.0,-26241.0,-7699.0,-5689.0,24431.0
391,1488.0,-8616.0,-2868.0,-2576.0,-27269.0,-7828.0,-6084.0,24437.0
392,944.0,-9456.0,-2284.0,-2528.0,-28391.0,-8084.0,-6478.0,24443.0
393,984.0,-10516.0,-1536.0,-2560.0,-29437.0,-8315.0,-6771.0,24450.0
394,1000.0,-11968.0,-624.0,-2544.0,-30303.0,-8563.0,-7349.0,24456.0
395,760.0,-12984.0,56.0,-2560.0,-31139.0,-8788.0,-7788.0,24461.0
396,932.0,-13988.0,716.0,-2560.0,-31934.0,-8766.0,-7978.0,24467.0
397,1456.0,-15568.0,1400.0,-2544.0,-32660.0,-8429.0,-8066.0,24473.0
398,2220.0,-17404.0,2180.0,-2560.0,-32768.0,-7852.0,-8112.0,24479.0
399,2932.0,-18800.0,2820.0,-2544.0,-32768.0,-7337.0,-8190.0,24485.0
400,3136.0,-20000.0,3352.0,-2544.0,-32768.0,-6886.0,-8035.0,24492.0
401,2904.0,-20776.0,3920.0,-2560.0,-32768.0,-6631.0,-7920.0,24498.0
402,2712.0,-21208.0,4536.0,-2576.0,-32768.0,-6467.0,-7821.0,24504.0
403,2340.0,-21892.0,5048.0,-2560.0,-32768.0,-6338.0,-7792.0,24510.0
404,2048.0,-22080.0,5428.0,-2576.0,-32768.0,-6398.0,-7934.0,24516.0
405,1756.0,-22860.0,5832.0,-2576.0,-32768.0,-6611.0,-8179.0,24522.0
406,1688.0,-23720.0,5860.0,-2560.0,-32768.0,-6880.0,-8482.0,24528.0
407,1612.0,-24352.0,5988.0,-2544.0,-32768.0,-7313.0,-8871.0,24535.0
408,1648.0,-24672.0,6040.0,-2576.0,-32768.0,-7790.0,-9273.0,24541.0
409,1664.0,-25120.0,6200.0,-2528.0,-32768.0,-8329.0,-9652.0,24547.0
410,1704.0,-25268.0,6440.0,-2544.0,-32768.0,-8887.0,-10016.0,24553.0
411,1892.0,-25216.0,6912.0,-2576.0,-32768.0,-9426.0,-10325.0,24559.0
412,2060.0,-25452.0,7324.0,-2544.0,-32768.0,-9875.0,-10599.0,24565.0
413,2372.0,-25508.0,7884.0,-2560.0,-32768.0,-10313.0,-10836.0,24571.0
414,2916.0,-25932.0,8196.0,-2528.0,-32712.0,-10643.0,-11146.0,24578.0
415,3552.0,-26244.0,8528.0,-2528.0,-32352.0,-10923.0,-11449.0,24584.0
416,4032.0,-26564.0,8704.0,-2560.0,-31935.0,-11020.0,-11616.0,24590.0
417,4528.0,-26776.0,8744.0,-2560.0,-31318.0,-10860.0,-11751.0,24596.0
418,5264.0,-26236.0,8536.0,-2576.0,-30738.0,-10287.0,-11803.0,24603.0
419,6664.0,-25772.0,7988.0,-2560.0,-30368.0,-9083.0,-11705.0,24609.0
420,8096.0,-25860.0,7184.0,-2544.0,-29933.0,-7244.0,-11373.0,24615.0
421,9076.0,-26244.0,6760.0,-2576.0,-29321.0,-5107.0,-10989.0,24622.0
422,9168.0,-26136.0,6380.0,-2592.0,-28605.0,-2887.0,-10623.0,24628.0
423,8732.0,-25892.0,6380.0,-2560.0,-27869.0,-917.0,-10198.0,24634.0
424,7712.0,-25704.0,6920.0,-2560.0,-27039.0,823.0,-9812.0,24640.0
425,6408.0,-25636.0,7376.0,-2576.0,-26179.0,2306.0,-9521.0,24646.0
426,4372.0,-28684.0,9272.0,-2560.0,-24965.0,3571.0,-9411.0,24652.0
427,896.0,-27292.0,7224.0,-2544.0,-23764.0,4118.0,-10531.0,24658.0
428,3468.0,-25364.0,10208.0,-2544.0,-23208.0,4896.0,-5148.0,24665.0
429,5172.0,-24540.0,10312.0,-2560.0,-21941.0,6284.0,-8617.0,24671.0
430,-1220.0,-24240.0,11516.0,-2560.0,-20773.0,7049.0,-10363.0,24677.0
431,-3400.0,-24432.0,12328.0,-2560.0,-19408.0,6834.0,-9955.0,24684.0
432,-3832.0,-24692.0,12580.0,-2528.0,-17841.0,6097.0,-9207.0,24690.0
433,-4484.0,-24024.0,13280.0,-2544.0,-16121.0,5227.0,-8318.0,24696.0
434,-5144.0,-23328.0,14348.0,-2576.0,-14403.0,4804.0,-7079.0,24702.0
435,-6304.0,-22652.0,15060.0,-2592.0,-12586.0,4503.0,-6225.0,24709.0
436,-8400.0,-21584.0,16116.0,-2576.0,-10870.0,3966.0,-5300.0,24715.0
437,-8748.0,-21320.0,17520.0,-2576.0,-9047.0,3214.0,-4314.0,24722.0
438,-7648.0,-21024.0,18576.0,-2576.0,-7007.0,1925.0,-3527.0,24728.0
439,-5532.0,-20856.0,18992.0,-2576.0,-4932.0,448.0,-2835.0,24734.0
440,-2728.0,-21188.0,19040.0,-2560.0,-2768.0,-626.0,-2239.0,24740.0
441,-916.0,-21116.0,19072.0,-2560.0,-503.0,-1249.0,-1490.0,24747.0
442,-380.0,-21372.0,18732.0,-2576.0,1762.0,-1562.0,-842.0,24753.0
443,-388.0,-21028.0,18608.0,-2560.0,3853.0,-1920.0,-27.0,24759.0
444,-1272.0,-20344.0,18296.0,-2560.0,5670.0,-2392.0,714.0,24764.0
445,-2644.0,-19240.0,17408.0,-2576.0,7211.0,-2933.0,1391.0,24770.0
446,-4328.0,-18236.0,16204.0,-2528.0,8421.0,-3697.0,1926.0,24776.0
447,-5736.0,-17564.0,15252.0,-2544.0,9412.0,-4769.0,2169.0,24782.0
448,-6776.0,-17140.0,14384.0,-2528.0,10262.0,-6226.0,2233.0,24788.0
449,-6820.0,-17216.0,13840.0,-2560.0,11091.0,-7895.0,2285.0,24795.0
450,-6180.0,-16912.0,12384.0,-2560.0,11818.0,-9692.0,2199.0,24801.0
451,-5124.0,-14168.0,6288.0,-2560.0,11635.0,-11875.0,1949.0,24807.0
452,1364.0,4728.0,-32768.0,-2576.0,1994.0,-13999.0,-156.0,24813.0
453,32767.0,7196.0,-32768.0,-2528.0,-21024.0,-13688.0,-16648.0,24819.0
454,32767.0,-32768.0,-32768.0,-2560.0,-8087.0,-22970.0,-25596.0,24826.0
455,7948.0,-32768.0,3724.0,-2544.0,13286.0,-24953.0,3485.0,24833.0
456,-20660.0,-32768.0,23672.0,-2560.0,14434.0,1604.0,15393.0,24839.0
457,-32768.0,-32768.0,32767.0,-2544.0,12964.0,24713.0,12528.0,24845.0
458,-22660.0,-32768.0,32767.0,-2592.0,14553.0,14920.0,-266.0,24851.0
459,-11460.0,-32768.0,-3728.0,-2592.0,12589.0,-12072.0,-13329.0,24857.0
460,3668.0,-26532.0,-19388.0,-2544.0,12630.0,-26436.0,-11215.0,24864.0
461,18480.0,-23064.0,-3632.0,-2544.0,17630.0,-21939.0,-2637.0,24870.0
462,19832.0,-11540.0,6920.0,-2592.0,17546.0,-8400.0,-2739.0,24877.0
463,-3976.0,-12768.0,3764.0,-2528.0,14009.0,546.0,-2680.0,24883.0
464,-6032.0,-16160.0,-492.0,-2576.0,12232.0,734.0,-72.0,24889.0
465,10480.0,-17856.0,-4776.0,-2576.0,12181.0,-5096.0,-2108.0,24895.0
466,17508.0,-20184.0,-7988.0,-2576.0,13939.0,-9649.0,-3433.0,24901.0
467,18292.0,-15000.0,-8652.0,-2576.0,15517.0,-8213.0,27.0,24907.0
468,21020.0,-8696.0,-6248.0,-2560.0,15211.0,-2528.0,2076.0,24913.0
469,14140.0,-6684.0,-2516.0,-2576.0,13112.0,6162.0,2329.0,24920.0
470,2120.0,-8648.0,-940.0,-2592.0,10582.0,10607.0,2138.0,24926.0
471,-1276.0,-12124.0,-2460.0,-2576.0,9139.0,10335.0,1183.0,24932.0
472,1996.0,-15140.0,-3912.0,-2560.0,9285.0,6928.0,186.0,24938.0
473,4076.0,-15036.0,-4240.0,-2576.0,9623.0,2162.0,527.0,24944.0
474,4532.0,-14188.0,-2900.0,-2576.0,9266.0,732.0,1300.0,24950.0
475,3728.0,-13968.0,-2028.0,-2544.0,8843.0,817.0,724.0,24956.0
476,504.0,-13676.0,-2152.0,-2608.0,8013.0,1091.0,-37.0,24963.0
477,-3220.0,-15180.0,-1860.0,-2544.0,7348.0,535.0,-456.0,24968.0
478,-4416.0,-17184.0,-2400.0,-2544.0,7285.0,-1966.0,-1135.0,24974.0
479,-3224.0,-17300.0,-2212.0,-2560.0,7011.0,-4923.0,-1783.0,24980.0
480,-376.0,-16744.0,-1752.0,-2576.0,6428.0,-6876.0,-2083.0,24986.0
481,2736.0,-16156.0,-1992.0,-2576.0,5836.0,-7364.0,-2113.0,24992.0
482,4300.0,-15528.0,-2316.0,-2560.0,5201.0,-6540.0,-1876.0,24998.0
483,4864.0,-15432.0,-2532.0,-2576.0,4684.0,-5039.0,-1641.0,25005.0
484,5608.0,-15940.0,-2496.0,-2560.0,4410.0,-3626.0,-1426.0,25011.0
485,6176.0,-15724.0,-2316.0,-2576.0,4132.0,-2048.0,-1142.0,25017.0
486,5880.0,-15544.0,-2528.0,-2592.0,3895.0,-483.0,-1089.0,25023.0
487,4720.0,-15496.0,-2644.0,-2544.0,3740.0,385.0,-1155.0,25029.0
488,4020.0,-15436.0,-2804.0,-2576.0,3642.0,219.0,-1232.0,25034.0
489,4084.0,-15400.0,-2944.0,-2576.0,3584.0,-691.0,-1212.0,25040.0
490,4348.0,-15304.0,-2812.0,-2528.0,3542.0,-1630.0,-1027.0,25047.0
491,4484.0,-15680.0,-3116.0,-2576.0,3614.0,-2122.0,-960.0,25053.0
492,4820.0,-15540.0,-2960.0,-2576.0,3639.0,-2475.0,-920.0,25059.0
493,5096.0,-15392.0,-2676.0,-2560.0,3549.0,-2708.0,-881.0,25065.0
494,5372.0,-15268.0,-2564.0,-2560.0,3481.0,-2635.0,-764.0,25071.0
495,5708.0,-15420.0,-2696.0,-2608.0,3389.0,-2320.0,-601.0,25077.0
496,5944.0,-15624.0,-2552.0,-2544.0,3325.0,-1682.0,-394.0,25083.0
497,5804.0,-15820.0,-2548.0,-2576.0,3253.0,-938.0,-252.0,25089.0
498,5384.0,-15992.0,-2428.0,-2560.0,3172.0,-274.0,-144.0,25095.0
499,5104.0,-16112.0,-2200.0,-2560.0,3113.0,214.0,-56.0,25101.0
500,4988.0,-15944.0,-2052.0,-2576.0,2994.0,523.0,7.0,25107.0
501,4776.0,-15884.0,-1804.0,-2576.0,2857.0,761.0,74.0,25113.0
502,4568.0,-15932.0,-1808.0,-2592.0,2753.0,802.0,152.0,25118.0
503,4572.0,-15768.0,-1812.0,-2592.0,2611.0,755.0,181.0,25124.0
504,4708.0,-15564.0,-1812.0,-2592.0,2462.0,742.0,208.0,25131.0
505,4724.0,-15508.0,-1724.0,-2560.0,2332.0,795.0,272.0,25137.0
506,4776.0,-15632.0,-1772.0,-2592.0,2244.0,879.0,279.0,25143.0
507,4600.0,-15884.0,-1916.0,-2592.0,2193.0,921.0,303.0,25148.0
508,4560.0,-16076.0,-2100.0,-2592.0,2198.0,972.0,301.0,25154.0
509,4756.0,-16040.0,-2336.0,-2592.0,2251.0,967.0,368.0,25160.0
510,4680.0,-15928.0,-2052.0,-2624.0,2293.0,1106.0,374.0,25166.0
511,4588.0,-15948.0,-1808.0,-2560.0,2310.0,1198.0,352.0,25172.0
512,4608.0,-15824.0,-1864.0,-2576.0,2289.0,1233.0,408.0,25179.0
513,4800.0,-15948.0,-1884.0,-2576.0,2272.0,1267.0,421.0,25185.0
514,5024.0,-15872.0,-2024.0,-2576.0,2330.0,1357.0,492.0,25190.0
515,4924.0,-16092.0,-2164.0,-2576.0,2364.0,1532.0,533.0,25196.0
516,5008.0,-15816.0,-1940.0,-2560.0,2399.0,1712.0,623.0,25202.0
517,4792.0,-15820.0,-1852.0,-2560.0,2391.0,1900.0,663.0,25208.0
518,4648.0,-15976.0,-1596.0,-2560.0,2423.0,2006.0,703.0,25214.0
519,4532.0,-15992.0,-1668.0,-2576.0,2412.0,2059.0,718.0,25221.0
520,4612.0,-16064.0,-1536.0,-2576.0,2434.0,2023.0,754.0,25227.0
521,4608.0,-15984.0,-1472.0,-2544.0,2422.0,2057.0,761.0,25232.0
522,4392.0,-15920.0,-1564.0,-2544.0,2436.0,2215.0,816.0,25238.0
523,4152.0,-16152.0,-1648.0,-2544.0,2439.0,2359.0,822.0,25244.0
524,3992.0,-16300.0,-1468.0,-2576.0,2467.0,2408.0,777.0,25250.0
525,3764.0,-16172.0,-1356.0,-2592.0,2499.0,2406.0,742.0,25256.0
526,3604.0,-16128.0,-1196.0,-2592.0,2505.0,2399.0,690.0,25263.0
527,3728.0,-16128.0,-1240.0,-2624.0,2493.0,2309.0,637.0,25269.0
528,3640.0,-16172.0,-1244.0,-2592.0,2505.0,2216.0,595.0,25274.0
529,3732.0,-16164.0,-1200.0,-2592.0,2524.0,2079.0,574.0,25280.0
530,3940.0,-16104.0,-972.0,-2576.0,2495.0,1989.0,574.0,25286.0
531,4160.0,-16048.0,-1024.0,-2528.0,2434.0,1863.0,587.0,25292.0
532,4644.0,-15988.0,-1052.0,-2560.0,2371.0,1842.0,591.0,25298.0
533,3760.0,-16296.0,-720.0,-2576.0,2281.0,1922.0,942.0,25305.0
534,6476.0,-14904.0,-768.0,-2592.0,2182.0,2155.0,695.0,25310.0
535,4500.0,-15480.0,-392.0,-2592.0,1948.0,2635.0,844.0,25316.0
536,5384.0,-15876.0,-668.0,-2560.0,1914.0,2628.0,1206.0,25322.0
537,5088.0,-15640.0,-568.0,-2592.0,1798.0,2924.0,1274.0,25328.0
538,4708.0,-15772.0,-624.0,-2560.0,1713.0,3037.0,1268.0,25334.0
539,4336.0,-16004.0,-532.0,-2560.0,1698.0,3015.0,1207.0,25339.0
540,4356.0,-15984.0,-936.0,-2560.0,1689.0,2945.0,1239.0,25346.0
541,4460.0,-15884.0,-836.0,-2592.0,1686.0,3028.0,1253.0,25352.0
542,4356.0,-16060.0,-628.0,-2560.0,1657.0,3207.0,1378.0,25358.0
543,4128.0,-16760.0,-948.0,-2576.0,1745.0,3282.0,1471.0,25364.0
544,4048.0,-16700.0,-1108.0,-2608.0,1836.0,3112.0,1498.0,25370.0
545,4432.0,-16224.0,-976.0,-2576.0,1891.0,2681.0,1541.0,25376.0
546,4604.0,-16188.0,-868.0,-2576.0,1885.0,2560.0,1617.0,25381.0
547,4588.0,-16304.0,-696.0,-2592.0,1915.0,2443.0,1745.0,25388.0
548,4564.0,-16144.0,-688.0,-2560.0,1882.0,2365.0,1857.0,25394.0
549,4768.0,-16096.0,-828.0,-2560.0,1904.0,2336.0,1911.0,25400.0
550,4812.0,-16280.0,-852.0,-2592.0,1922.0,2382.0,1992.0,25406.0
551,4764.0,-16352.0,-900.0,-2592.0,1942.0,2430.0,2115.0,25412.0
552,4644.0,-16476.0,-736.0,-2560.0,1963.0,2513.0,2206.0,25418.0
553,4320.0,-16408.0,-752.0,-2544.0,1966.0,2651.0,2350.0,25423.0
554,4252.0,-16356.0,-712.0,-2576.0,2017.0,2784.0,2419.0,25430.0
555,3840.0,-16460.0,-880.0,-2576.0,2070.0,2843.0,2372.0,25436.0
556,3456.0,-16500.0,-1136.0,-2576.0,2189.0,2684.0,2324.0,25442.0
557,3296.0,-16292.0,-844.0,-2592.0,2271.0,2462.0,2297.0,25448.0
558,3140.0,-16180.0,-608.0,-2560.0,2322.0,2255.0,2247.0,25454.0
559,3056.0,-16012.0,-552.0,-2560.0,2307.0,2139.0,2212.0,25460.0
560,2856.0,-15880.0,-384.0,-2624.0,2298.0,1970.0,2199.0,25465.0
561,2916.0,-15912.0,-348.0,-2560.0,2271.0,1719.0,2150.0,25472.0
562,3032.0,-16160.0,-500.0,-2560.0,2362.0,1538.0,2063.0,25478.0
563,3268.0,-15984.0,-420.0,-2576.0,2459.0,1417.0,2073.0,25484.0
564,3480.0,-15596.0,-164.0,-2576.0,2451.0,1332.0,2103.0,25490.0
565,3692.0,-15592.0,0.0,-2576.0,2428.0,1258.0,2166.0,25496.0
566,3952.0,-15632.0,-104.0,-2592.0,2420.0,1256.0,2160.0,25501.0
567,4596.0,-15392.0,-176.0,-2592.0,2424.0,1357.0,2104.0,25507.0
568,4956.0,-15736.0,148.0,-2560.0,2482.0,1663.0,2087.0,25513.0
569,6680.0,-16276.0,-1264.0,-2560.0,2769.0,2079.0,1493.0,25520.0
570,5720.0,-16280.0,-1212.0,-2576.0,3135.0,2174.0,1861.0,25526.0
571,4700.0,-15848.0,448.0,-2576.0,3018.0,2467.0,2111.0,25532.0
572,3812.0,-15964.0,796.0,-2576.0,2885.0,2840.0,1976.0,25537.0
573,3496.0,-16268.0,752.0,-2576.0,2808.0,2708.0,1923.0,25543.0
574,3272.0,-16312.0,844.0,-2640.0,2736.0,2526.0,1805.0,25549.0
575,3256.0,-15980.0,876.0,-2576.0,2595.0,2374.0,1742.0,25555.0
576,3612.0,-15684.0,940.0,-2608.0,2444.0,2419.0,1626.0,25562.0
577,3712.0,-15716.0,1136.0,-2576.0,2264.0,2616.0,1579.0,25568.0
578,3496.0,-15624.0,1068.0,-2544.0,2108.0,2844.0,1497.0,25573.0
579,2992.0,-15700.0,972.0,-2560.0,1968.0,2930.0,1439.0,25579.0
580,2648.0,-15640.0,1248.0,-2560.0,1825.0,2914.0,1354.0,25585.0
581,2384.0,-15588.0,1276.0,-2592.0,1658.0,2915.0,1298.0,25591.0
582,2124.0,-15692.0,1444.0,-2576.0,1514.0,2888.0,1215.0,25597.0
583,1776.0,-15776.0,1516.0,-2544.0,1363.0,2804.0,1165.0,25604.0
584,1452.0,-15816.0,1512.0,-2592.0,1248.0,2611.0,1167.0,25610.0
585,1096.0,-15728.0,1664.0,-2528.0,1121.0,2379.0,1179.0,25616.0
586,1056.0,-15812.0,1612.0,-2560.0,1055.0,2139.0,1179.0,25621.0
587,932.0,-15852.0,1332.0,-2544.0,1002.0,1930.0,1220.0,25627.0
588,1028.0,-16076.0,1308.0,-2576.0,1074.0,1592.0,1237.0,25633.0
589,1048.0,-16220.0,1144.0,-2544.0,1126.0,1283.0,1255.0,25639.0
590,1256.0,-16512.0,1004.0,-2576.0,1273.0,1016.0,1188.0,25646.0
591,1468.0,-16400.0,896.0,-2560.0,1311.0,671.0,1206.0,25652.0
592,1780.0,-16280.0,1080.0,-2544.0,1322.0,430.0,1157.0,25658.0
593,1996.0,-16504.0,1164.0,-2544.0,1271.0,186.0,1110.0,25663.0
594,2240.0,-16596.0,1236.0,-2576.0,1230.0,75.0,1132.0,25669.0
595,2492.0,-16640.0,1144.0,-2576.0,1212.0,44.0,1060.0,25675.0
596,2412.0,-16488.0,1072.0,-2560.0,1143.0,37.0,950.0,25681.0
597,2504.0,-16400.0,1096.0,-2576.0,1102.0,-86.0,936.0,25687.0
598,2636.0,-16236.0,1188.0,-2560.0,1066.0,-167.0,913.0,25693.0
599,2764.0,-16168.0,1152.0,-2560.0,970.0,-187.0,932.0,25699.0
600,2900.0,-16104.0,1264.0,-2576.0,909.0,-120.0,917.0,25705.0
601,2776.0,-16012.0,1224.0,-2592.0,819.0,-22.0,868.0,25710.0
602,2792.0,-15928.0,1292.0,-2576.0,746.0,-2.0,823.0,25716.0
603,2812.0,-15876.0,1248.0,-2560.0,646.0,15.0,804.0,25722.0
604,2704.0,-15936.0,1320.0,-2560.0,619.0,83.0,781.0,25728.0
605,2680.0,-15836.0,1460.0,-2576.0,526.0,151.0,775.0,25734.0
606,2620.0,-15872.0,1456.0,-2560.0,454.0,201.0,756.0,25740.0
607,2544.0,-16064.0,1200.0,-2544.0,472.0,266.0,724.0,25745.0
608,2524.0,-16104.0,1228.0,-2560.0,439.0,251.0,665.0,25751.0
609,2472.0,-16084.0,1364.0,-2544.0,391.0,244.0,647.0,25757.0
610,2516.0,-16108.0,1420.0,-2576.0,337.0,233.0,595.0,25763.0
611,2404.0,-16192.0,1424.0,-2560.0,293.0,228.0,553.0,25768.0
612,2244.0,-16004.0,1228.0,-2544.0,262.0,235.0,519.0,25775.0
613,2324.0,-15988.0,1308.0,-2592.0,232.0,252.0,498.0,25781.0
614,2292.0,-16188.0,1336.0,-2544.0,216.0,166.0,447.0,25786.0
615,2408.0,-16028.0,1228.0,-2592.0,206.0,118.0,451.0,25792.0
616,2412.0,-16180.0,1144.0,-2576.0,226.0,110.0,411.0,25798.0
617,2512.0,-16284.0,1044.0,-2560.0,254.0,112.0,386.0,25804.0
618,2560.0,-16228.0,1208.0,-2608.0,275.0,93.0,366.0,25809.0
619,2600.0,-16244.0,1248.0,-2560.0,297.0,126.0,339.0,25816.0
620,2708.0,-16248.0,1204.0,-2576.0,270.0,122.0,354.0,25822.0
621,2740.0,-16304.0,1164.0,-2560.0,265.0,154.0,354.0,25827.0
622,2756.0,-16332.0,1172.0,-2576.0,283.0,154.0,369.0,25833.0
623,2740.0,-16308.0,1184.0,-2592.0,286.0,176.0,378.0,25839.0
624,2796.0,-16164.0,1268.0,-2544.0,300.0,222.0,412.0,25845.0
625,2712.0,-16256.0,1220.0,-2560.0,350.0,299.0,421.0,25850.0
626,2572.0,-16188.0,1108.0,-2576.0,363.0,274.0,406.0,25857.0
627,2524.0,-16148.0,1228.0,-2576.0,400.0,246.0,385.0,25863.0
628,2504.0,-16236.0,1272.0,-2560.0,413.0,207.0,366.0,25868.0
629,2452.0,-16220.0,1256.0,-2576.0,443.0,149.0,378.0,25874.0
630,2608.0,-16120.0,1248.0,-2560.0,418.0,72.0,367.0,25880.0
631,2556.0,-16144.0,1468.0,-2560.0,412.0,58.0,324.0,25886.0
632,2560.0,-16216.0,1356.0,-2544.0,415.0,46.0,310.0,25891.0
633,2548.0,-16176.0,1508.0,-2560.0,400.0,-8.0,296.0,25897.0
634,2500.0,-16184.0,1316.0,-2560.0,394.0,-31.0,278.0,25904.0
635,2408.0,-16256.0,1404.0,-2576.0,384.0,-14.0,240.0,25909.0
636,2296.0,-16296.0,1488.0,-2592.0,385.0,-77.0,218.0,25915.0
637,2400.0,-16132.0,1460.0,-2544.0,357.0,-114.0,187.0,25921.0
638,2344.0,-16228.0,1508.0,-2576.0,311.0,-88.0,149.0,25926.0
639,2324.0,-16112.0,1516.0,-2592.0,267.0,-96.0,141.0,25932.0
640,2312.0,-16140.0,1576.0,-2576.0,252.0,-108.0,120.0,25938.0
641,2424.0,-16108.0,1516.0,-2560.0,198.0,-130.0,95.0,25944.0
642,2444.0,-16168.0,1444.0,-2576.0,161.0,-104.0,70.0,25950.0
643,2636.0,-16112.0,1600.0,-2592.0,145.0,-110.0,79.0,25956.0
644,2572.0,-16164.0,1544.0,-2576.0,144.0,-78.0,62.0,25961.0
645,2636.0,-16116.0,1572.0,-2544.0,125.0,-100.0,67.0,25967.0
646,2572.0,-15952.0,1464.0,-2528.0,105.0,-50.0,51.0,25973.0
647,2556.0,-16104.0,1332.0,-2592.0,87.0,-54.0,37.0,25978.0
648,2548.0,-16076.0,1292.0,-2592.0,54.0,-41.0,80.0,25985.0
649,2588.0,-16080.0,1404.0,-2576.0,55.0,-59.0,52.0,25990.0
650,2628.0,-16080.0,1424.0,-2544.0,56.0,-46.0,48.0,25996.0
651,2620.0,-16080.0,1436.0,-2576.0,29.0,-58.0,51.0,26002.0
652,2616.0,-16100.0,1464.0,-2576.0,22.0,-4.0,27.0,26007.0
653,2600.0,-16172.0,1444.0,-2576.0,40.0,-32.0,18.0,26013.0
654,2728.0,-16180.0,1296.0,-2576.0,33.0,-37.0,34.0,26018.0
655,2796.0,-16076.0,1368.0,-2576.0,19.0,44.0,29.0,26024.0
656,2884.0,-16176.0,1412.0,-2592.0,-1.0,51.0,25.0,26030.0
657,2744.0,-16100.0,1348.0,-2592.0,5.0,104.0,59.0,26036.0
658,2680.0,-16216.0,1372.0,-2592.0,18.0,174.0,56.0,26041.0
659,2696.0,-16180.0,1396.0,-2560.0,18.0,196.0,51.0,26047.0
660,2644.0,-16408.0,1320.0,-2592.0,12.0,189.0,30.0,26053.0
661,2544.0,-16376.0,1352.0,-2528.0,39.0,162.0,47.0,26058.0
662,2572.0,-16260.0,1272.0,-2560.0,52.0,124.0,24.0,26064.0
663,2436.0,-16272.0,1172.0,-2576.0,75.0,100.0,43.0,26071.0
664,2600.0,-16284.0,1404.0,-2576.0,84.0,70.0,32.0,26076.0
665,2500.0,-16296.0,1372.0,-2576.0,101.0,45.0,42.0,26082.0
666,2448.0,-16376.0,1380.0,-2576.0,71.0,29.0,51.0,26087.0
667,2508.0,-16204.0,1412.0,-2576.0,96.0,41.0,24.0,26093.0
668,2616.0,-16316.0,1376.0,-2560.0,73.0,46.0,29.0,26098.0
669,2640.0,-16236.0,1512.0,-2560.0,58.0,30.0,45.0,26104.0
670,2740.0,-16076.0,1508.0,-2560.0,64.0,61.0,36.0,26110.0
671,2660.0,-16112.0,1316.0,-2592.0,40.0,94.0,30.0,26116.0
672,2696.0,-16132.0,1388.0,-2544.0,59.0,116.0,49.0,26122.0
673,2684.0,-16116.0,1404.0,-2560.0,64.0,157.0,44.0,26127.0
674,2592.0,-16092.0,1444.0,-2560.0,67.0,148.0,70.0,26133.0
675,2500.0,-16168.0,1612.0,-2560.0,69.0,155.0,64.0,26138.0
676,2544.0,-16204.0,1444.0,-2560.0,131.0,188.0,46.0,26144.0
677,2404.0,-16236.0,1420.0,-2544.0,154.0,145.0,63.0,26150.0
678,2436.0,-16216.0,1356.0,-2592.0,141.0,93.0,51.0,26156.0
679,2516.0,-16260.0,1576.0,-2560.0,169.0,31.0,31.0,26162.0
680,2596.0,-16252.0,1420.0,-2560.0,136.0,-9.0,8.0,26168.0
681,2592.0,-16168.0,1452.0,-2576.0,136.0,-20.0,16.0,26173.0
682,2648.0,-16168.0,1480.0,-2592.0,117.0,-7.0,28.0,26179.0
683,2724.0,-16028.0,1536.0,-2592.0,85.0,52.0,19.0,26184.0
684,2748.0,-16072.0,1540.0,-2592.0,70.0,125.0,25.0,26190.0
685,2652.0,-16044.0,1652.0,-2592.0,53.0,184.0,30.0,26196.0
686,2724.0,-16132.0,1584.0,-2560.0,5.0,222.0,21.0,26202.0
687,2524.0,-16024.0,1720.0,-2560.0,-15.0,225.0,45.0,26208.0
688,2656.0,-16188.0,1496.0,-2560.0,-20.0,244.0,40.0,26213.0
689,2584.0,-16156.0,1408.0,-2592.0,-41.0,243.0,34.0,26219.0
690,2724.0,-15976.0,1520.0,-2576.0,-48.0,208.0,29.0,26225.0
691,2520.0,-16164.0,1672.0,-2576.0,-72.0,251.0,38.0,26230.0
692,2452.0,-16144.0,1528.0,-2544.0,-82.0,285.0,15.0,26236.0
693,2440.0,-16168.0,1664.0,-2560.0,-101.0,283.0,2.0,26242.0
694,2448.0,-16220.0,1544.0,-2560.0,-114.0,265.0,-15.0,26248.0
695,2356.0,-16232.0,1572.0,-2544.0,-127.0,172.0,-27.0,26254.0
696,2472.0,-16168.0,1504.0,-2592.0,-140.0,178.0,-48.0,26259.0
697,2544.0,-16232.0,1540.0,-2544.0,-160.0,132.0,-51.0,26265.0
698,2656.0,-16128.0,1644.0,-2608.0,-177.0,151.0,-76.0,26271.0
699,2680.0,-16236.0,1464.0,-2592.0,-196.0,143.0,-81.0,26276.0
700,2656.0,-16148.0,1632.0,-2576.0,-205.0,214.0,-58.0,26283.0
701,2680.0,-16192.0,1532.0,-2560.0,-232.0,241.0,-88.0,26289.0
702,2640.0,-16172.0,1568.0,-2576.0,-240.0,202.0,-78.0,26294.0
703,2692.0,-16200.0,1684.0,-2560.0,-254.0,255.0,-59.0,26300.0
704,2672.0,-16340.0,1520.0,-2576.0,-260.0,235.0,-71.0,26306.0
705,2556.0,-16280.0,1488.0,-2592.0,-231.0,249.0,-86.0,26312.0
706,2488.0,-16200.0,1588.0,-2528.0,-231.0,278.0,-79.0,26317.0
707,2416.0,-16176.0,1688.0,-2608.0,-226.0,252.0,-96.0,26323.0
708,2444.0,-16220.0,1460.0,-2592.0,-211.0,209.0,-108.0,26330.0
709,2488.0,-16208.0,1592.0,-2544.0,-187.0,122.0,-120.0,26335.0
710,2564.0,-16216.0,1452.0,-2576.0,-201.0,80.0,-119.0,26341.0
711,2652.0,-16240.0,1452.0,-2592.0,-180.0,45.0,-100.0,26347.0
712,2560.0,-16240.0,1568.0,-2576.0,-180.0,54.0,-107.0,26352.0
713,2600.0,-16156.0,1484.0,-2544.0,-161.0,65.0,-110.0,26358.0
714,2592.0,-16184.0,1560.0,-2560.0,-183.0,76.0,-99.0,26364.0
715,2804.0,-16164.0,1648.0,-2576.0,-176.0,111.0,-67.0,26370.0
716,2472.0,-16252.0,1668.0,-2576.0,-159.0,124.0,-99.0,26376.0
717,2616.0,-16148.0,1400.0,-2560.0,-145.0,32.0,-83.0,26382.0
718,2728.0,-16108.0,1476.0,-2544.0,-161.0,15.0,-82.0,26387.0
719,2620.0,-16164.0,1568.0,-2544.0,-127.0,33.0,-90.0,26393.0
720,2548.0,-16148.0,1440.0,-2560.0,-136.0,-9.0,-64.0,26399.0
721,2616.0,-16232.0,1656.0,-2576.0,-126.0,-30.0,-75.0,26404.0
722,2624.0,-16248.0,1540.0,-2560.0,-130.0,-7.0,-60.0,26411.0
723,2608.0,-16020.0,1608.0,-2576.0,-107.0,-25.0,-63.0,26417.0
724,2744.0,-16028.0,1372.0,-2576.0,-97.0,-54.0,-61.0,26422.0
725,2652.0,-16088.0,1612.0,-2608.0,-99.0,-52.0,-59.0,26428.0
726,2692.0,-16244.0,1328.0,-2576.0,-68.0,-20.0,-56.0,26433.0
727,2724.0,-16016.0,1516.0,-2560.0,-65.0,-49.0,-42.0,26439.0
728,2696.0,-16224.0,1536.0,-2560.0,-68.0,-64.0,-41.0,26445.0
729,2712.0,-16244.0,1516.0,-2624.0,-68.0,-18.0,-34.0,26450.0
730,2680.0,-16212.0,1452.0,-2592.0,-64.0,-22.0,-36.0,26457.0
731,2776.0,-16116.0,1412.0,-2560.0,-51.0,17.0,-25.0,26462.0
732,2792.0,-16172.0,1448.0,-2560.0,-52.0,28.0,-14.0,26468.0
733,2760.0,-16176.0,1604.0,-2576.0,-76.0,47.0,14.0,26474.0
734,2656.0,-16236.0,1404.0,-2608.0,-63.0,49.0,-3.0,26479.0
735,2784.0,-16132.0,1456.0,-2592.0,-70.0,58.0,9.0,26485.0
736,2688.0,-16192.0,1548.0,-2592.0,-84.0,85.0,8.0,26490.0
737,2696.0,-16140.0,1532.0,-2576.0,-97.0,122.0,-28.0,26497.0
738,2708.0,-16208.0,1648.0,-2576.0,-118.0,103.0,-47.0,26502.0
739,2716.0,-16116.0,1624.0,-2592.0,-123.0,106.0,-61.0,26508.0
740,2720.0,-16168.0,1616.0,-2576.0,-144.0,152.0,-52.0,26514.0
741,2668.0,-16184.0,1672.0,-2592.0,-140.0,191.0,-49.0,26519.0
742,2692.0,-16220.0,1508.0,-2576.0,-155.0,216.0,-57.0,26525.0
743,2652.0,-16184.0,1536.0,-2592.0,-167.0,251.0,-62.0,26531.0
744,2560.0,-16192.0,1544.0,-2576.0,-177.0,266.0,-49.0,26536.0
745,2632.0,-16108.0,1796.0,-2576.0,-205.0,224.0,-65.0,26543.0
746,2644.0,-16240.0,1488.0,-2560.0,-192.0,253.0,-55.0,26549.0
747,2632.0,-16136.0,1388.0,-2576.0,-207.0,246.0,-55.0,26554.0
748,2588.0,-16156.0,1692.0,-2592.0,-198.0,225.0,-66.0,26560.0
749,2656.0,-16008.0,1632.0,-2576.0,-214.0,188.0,-43.0,26566.0
750,2604.0,-16012.0,1660.0,-2560.0,-242.0,217.0,-70.0,26572.0
751,2604.0,-15988.0,1636.0,-2576.0,-259.0,217.0,-65.0,26577.0
752,2528.0,-16024.0,1524.0,-2576.0,-263.0,162.0,-49.0,26584.0
753,2628.0,-16072.0,1632.0,-2592.0,-291.0,213.0,-63.0,26590.0
754,2744.0,-16088.0,1412.0,-2576.0,-287.0,186.0,-60.0,26595.0
755,2624.0,-16136.0,1592.0,-2592.0,-275.0,182.0,-95.0,26601.0
756,2680.0,-16080.0,1516.0,-2608.0,-275.0,196.0,-128.0,26607.0
757,2528.0,-16036.0,1632.0,-2592.0,-299.0,198.0,-131.0,26612.0
758,2568.0,-16104.0,1724.0,-2560.0,-316.0,187.0,-100.0,26618.0
759,2588.0,-16120.0,1624.0,-2608.0,-308.0,201.0,-157.0,26625.0
760,2612.0,-16152.0,1508.0,-2608.0,-322.0,236.0,-163.0,26631.0
761,2596.0,-16096.0,1392.0,-2592.0,-316.0,239.0,-185.0,26636.0
762,2672.0,-16108.0,1692.0,-2576.0,-349.0,220.0,-188.0,26642.0
763,2640.0,-16232.0,1616.0,-2544.0,-363.0,205.0,-178.0,26648.0
764,2812.0,-16204.0,1508.0,-2592.0,-388.0,211.0,-183.0,26654.0
765,2640.0,-16184.0,1584.0,-2576.0,-387.0,210.0,-150.0,26659.0
766,2880.0,-16080.0,1516.0,-2576.0,-392.0,208.0,-145.0,26665.0
767,2792.0,-16192.0,1636.0,-2560.0,-419.0,232.0,-141.0,26672.0
768,2792.0,-16200.0,1584.0,-2608.0,-415.0,269.0,-139.0,26678.0
769,2748.0,-16216.0,1480.0,-2576.0,-408.0,269.0,-116.0,26683.0
770,2788.0,-16208.0,1480.0,-2592.0,-409.0,279.0,-124.0,26689.0
771,2608.0,-16184.0,1508.0,-2592.0,-394.0,284.0,-128.0,26695.0
772,2632.0,-16264.0,1500.0,-2576.0,-391.0,248.0,-109.0,26701.0
773,2616.0,-16096.0,1536.0,-2560.0,-390.0,251.0,-96.0,26706.0
774,2720.0,-16084.0,1416.0,-2576.0,-382.0,227.0,-94.0,26713.0
775,2676.0,-16184.0,1492.0,-2592.0,-369.0,212.0,-79.0,26719.0
776,2736.0,-16228.0,1428.0,-2544.0,-334.0,217.0,-83.0,26724.0
777,2932.0,-16136.0,1324.0,-2560.0,-320.0,180.0,-66.0,26730.0
778,2904.0,-16204.0,1596.0,-2576.0,-305.0,172.0,-76.0,26736.0
779,2904.0,-16220.0,1576.0,-2592.0,-303.0,218.0,-70.0,26741.0
780,2772.0,-16192.0,1412.0,-2576.0,-311.0,233.0,-64.0,26747.0
781,2708.0,-16092.0,1516.0,-2576.0,-319.0,251.0,-39.0,26754.0
782,2672.0,-16024.0,1544.0,-2592.0,-319.0,263.0,-48.0,26760.0
783,2556.0,-16176.0,1720.0,-2576.0,-310.0,251.0,-27.0,26765.0
784,2600.0,-16112.0,1500.0,-2560.0,-332.0,253.0,-51.0,26771.0
785,2588.0,-16032.0,1472.0,-2576.0,-304.0,259.0,-28.0,26777.0
786,2516.0,-16244.0,1404.0,-2560.0,-292.0,206.0,-60.0,26782.0
787,2664.0,-16152.0,1392.0,-2576.0,-266.0,151.0,-39.0,26788.0
788,2700.0,-16120.0,1412.0,-2544.0,-280.0,99.0,-46.0,26795.0
789,2780.0,-16188.0,1428.0,-2592.0,-261.0,114.0,-39.0,26800.0
790,2740.0,-16208.0,1360.0,-2576.0,-262.0,109.0,-44.0,26806.0
791,2712.0,-16172.0,1420.0,-2560.0,-250.0,115.0,-30.0,26812.0
792,2816.0,-16224.0,1416.0,-2576.0,-261.0,109.0,-35.0,26817.0
793,2784.0,-16120.0,1556.0,-2592.0,-263.0,113.0,-39.0,26823.0
794,2696.0,-16192.0,1420.0,-2576.0,-239.0,107.0,-62.0,26829.0
795,2788.0,-16112.0,1596.0,-2544.0,-254.0,97.0,-39.0,26834.0
796,2708.0,-16116.0,1336.0,-2560.0,-252.0,88.0,-50.0,26841.0
797,2632.0,-16216.0,1528.0,-2544.0,-255.0,97.0,-33.0,26847.0
798,2720.0,-16096.0,1548.0,-2576.0,-267.0,87.0,-44.0,26852.0
799,2776.0,-16116.0,1496.0,-2560.0,-283.0,127.0,-62.0,26858.0
800,2752.0,-16140.0,1396.0,-2624.0,-264.0,103.0,-61.0,26864.0
801,2680.0,-16100.0,1520.0,-2576.0,-268.0,90.0,-46.0,26869.0
802,2624.0,-16088.0,1636.0,-2560.0,-298.0,71.0,-37.0,26875.0
803,2668.0,-16072.0,1412.0,-2560.0,-286.0,52.0,-29.0,26882.0
804,2712.0,-16076.0,1452.0,-2576.0,-282.0,29.0,-47.0,26887.0
805,2784.0,-16064.0,1384.0,-2576.0,-292.0,45.0,-52.0,26893.0
806,2736.0,-16204.0,1668.0,-2592.0,-297.0,27.0,-48.0,26899.0
807,2728.0,-16164.0,1500.0,-2592.0,-291.0,40.0,-40.0,26904.0
808,2616.0,-16140.0,1524.0,-2576.0,-287.0,15.0,-47.0,26910.0
809,2744.0,-16172.0,1472.0,-2576.0,-282.0,44.0,-43.0,26915.0
810,2740.0,-16184.0,1492.0,-2560.0,-291.0,17.0,-41.0,26921.0
811,2864.0,-16112.0,1496.0,-2592.0,-300.0,70.0,-43.0,26928.0
812,2868.0,-16152.0,1448.0,-2544.0,-308.0,64.0,-28.0,26933.0
813,2812.0,-16188.0,1460.0,-2576.0,-310.0,70.0,-31.0,26939.0
814,2712.0,-16180.0,1512.0,-2592.0,-298.0,126.0,-52.0,26945.0
815,2624.0,-16264.0,1364.0,-2576.0,-301.0,153.0,-36.0,26950.0
816,2644.0,-16124.0,1460.0,-2560.0,-316.0,107.0,-41.0,26956.0
817,2624.0,-16152.0,1424.0,-2592.0,-313.0,98.0,-28.0,26962.0
818,2784.0,-16092.0,1452.0,-2576.0,-318.0,87.0,-34.0,26968.0
819,2740.0,-16120.0,1416.0,-2560.0,-326.0,75.0,-29.0,26974.0
820,2656.0,-16176.0,1444.0,-2528.0,-338.0,79.0,-29.0,26980.0
821,2708.0,-16032.0,1544.0,-2560.0,-347.0,84.0,-31.0,26985.0
822,2728.0,-16096.0,1692.0,-2576.0,-326.0,50.0,-7.0,26991.0
823,2780.0,-16136.0,1580.0,-2576.0,-343.0,69.0,-9.0,26997.0
824,2724.0,-16192.0,1408.0,-2576.0,-290.0,55.0,-17.0,27002.0
825,2660.0,-16084.0,1468.0,-2560.0,-295.0,36.0,10.0,27009.0
826,2652.0,-16164.0,1472.0,-2560.0,-291.0,49.0,17.0,27014.0
827,2712.0,-16080.0,1460.0,-2560.0,-300.0,20.0,8.0,27020.0
828,2620.0,-16100.0,1280.0,-2560.0,-282.0,15.0,1.0,27026.0
829,2728.0,-16152.0,1448.0,-2592.0,-264.0,-6.0,3.0,27031.0
830,2648.0,-16144.0,1416.0,-2560.0,-271.0,-29.0,22.0,27037.0
831,2696.0,-16164.0,1684.0,-2592.0,-271.0,-45.0,0.0,27042.0
832,2788.0,-16176.0,1428.0,-2560.0,-257.0,-48.0,19.0,27048.0
833,2764.0,-16160.0,1364.0,-2576.0,-266.0,-57.0,23.0,27055.0
834,2900.0,-16088.0,1388.0,-2608.0,-261.0,-67.0,31.0,27060.0
835,2924.0,-16128.0,1352.0,-2576.0,-293.0,-89.0,44.0,27066.0
836,2976.0,-16156.0,1472.0,-2592.0,-268.0,-58.0,59.0,27071.0
837,2900.0,-16140.0,1476.0,-2592.0,-262.0,-30.0,49.0,27077.0
838,2744.0,-16076.0,1388.0,-2576.0,-259.0,-19.0,74.0,27083.0
839,2672.0,-16192.0,1304.0,-2608.0,-267.0,-53.0,71.0,27088.0
840,2736.0,-16104.0,1360.0,-2592.0,-228.0,-57.0,82.0,27095.0
841,2696.0,-16060.0,1320.0,-2560.0,-227.0,-100.0,81.0,27101.0
842,2660.0,-16164.0,1528.0,-2576.0,-216.0,-123.0,64.0,27106.0
843,2752.0,-16132.0,1328.0,-2592.0,-199.0,-158.0,72.0,27112.0
844,2756.0,-16184.0,1420.0,-2576.0,-200.0,-197.0,73.0,27118.0
845,2856.0,-16232.0,1448.0,-2592.0,-189.0,-224.0,104.0,27123.0
846,2836.0,-16152.0,1392.0,-2608.0,-174.0,-195.0,86.0,27129.0
847,2832.0,-16228.0,1364.0,-2592.0,-188.0,-209.0,111.0,27136.0
848,2812.0,-16272.0,1396.0,-2576.0,-180.0,-209.0,94.0,27142.0
849,2852.0,-16212.0,1472.0,-2576.0,-159.0,-191.0,122.0,27147.0
850,2908.0,-16220.0,1504.0,-2576.0,-165.0,-119.0,132.0,27153.0
851,2708.0,-16188.0,1292.0,-2592.0,-133.0,-88.0,129.0,27159.0
852,2852.0,-16188.0,1536.0,-2576.0,-125.0,-82.0,138.0,27164.0
853,2788.0,-16236.0,1436.0,-2592.0,-143.0,-150.0,154.0,27170.0
854,2712.0,-16096.0,1372.0,-2576.0,-132.0,-140.0,147.0,27176.0
855,2748.0,-16204.0,1488.0,-2576.0,-154.0,-161.0,139.0,27183.0
856,2728.0,-16256.0,1452.0,-2592.0,-126.0,-167.0,119.0,27188.0
857,2776.0,-16104.0,1512.0,-2576.0,-111.0,-165.0,132.0,27194.0
858,2720.0,-16144.0,1480.0,-2576.0,-145.0,-185.0,133.0,27200.0
859,2776.0,-16120.0,1480.0,-2592.0,-146.0,-196.0,134.0,27205.0
860,2696.0,-16180.0,1500.0,-2576.0,-155.0,-185.0,110.0,27211.0
861,2692.0,-16288.0,1276.0,-2576.0,-127.0,-106.0,104.0,27217.0
862,2720.0,-16352.0,1360.0,-2560.0,-106.0,-151.0,121.0,27224.0
863,2608.0,-16216.0,1352.0,-2560.0,-132.0,-184.0,95.0,27229.0
864,2628.0,-16172.0,1496.0,-2592.0,-129.0,-181.0,103.0,27235.0
865,2668.0,-16196.0,1492.0,-2592.0,-139.0,-185.0,63.0,27241.0
866,2564.0,-16152.0,1504.0,-2592.0,-133.0,-193.0,63.0,27247.0
867,2536.0,-16112.0,1448.0,-2608.0,-149.0,-192.0,54.0,27252.0
868,2544.0,-16184.0,1428.0,-2560.0,-154.0,-249.0,52.0,27258.0
869,2700.0,-16104.0,1364.0,-2576.0,-163.0,-293.0,49.0,27265.0
870,2700.0,-16116.0,1444.0,-2592.0,-181.0,-343.0,35.0,27270.0
871,2648.0,-16200.0,1472.0,-2608.0,-188.0,-312.0,35.0,27276.0
872,2800.0,-16196.0,1368.0,-2560.0,-169.0,-336.0,48.0,27282.0
873,2740.0,-16332.0,1392.0,-2576.0,-149.0,-324.0,59.0,27287.0
874,2824.0,-16132.0,1300.0,-2592.0,-178.0,-284.0,60.0,27293.0
875,2808.0,-16124.0,1348.0,-2576.0,-195.0,-275.0,39.0,27299.0
876,2872.0,-16068.0,1412.0,-2576.0,-197.0,-220.0,34.0,27304.0
877,2736.0,-16136.0,1492.0,-2592.0,-203.0,-211.0,42.0,27311.0
878,2764.0,-16040.0,1380.0,-2576.0,-216.0,-171.0,78.0,27317.0
879,2680.0,-16032.0,1440.0,-2592.0,-226.0,-152.0,56.0,27322.0
880,2704.0,-16064.0,1420.0,-2576.0,-228.0,-178.0,58.0,27328.0
881,2648.0,-16096.0,1332.0,-2560.0,-219.0,-202.0,64.0,27334.0
882,2780.0,-16132.0,1276.0,-2608.0,-185.0,-235.0,41.0,27340.0
883,2800.0,-16076.0,1348.0,-2576.0,-186.0,-305.0,22.0,27345.0
884,2904.0,-16112.0,1252.0,-2592.0,-139.0,-320.0,20.0,27352.0
885,2928.0,-16184.0,1356.0,-2576.0,-121.0,-247.0,36.0,27358.0
886,3004.0,-16336.0,1292.0,-2560.0,-110.0,-209.0,30.0,27363.0
887,2872.0,-16272.0,1352.0,-2576.0,-82.0,-130.0,19.0,27369.0
888,2812.0,-16296.0,1268.0,-2608.0,-40.0,-111.0,31.0,27375.0
889,2708.0,-16232.0,1276.0,-2576.0,-29.0,-154.0,35.0,27380.0
890,2848.0,-16316.0,1400.0,-2560.0,-22.0,-149.0,54.0,27386.0
891,2812.0,-16240.0,1328.0,-2576.0,27.0,-142.0,89.0,27393.0
892,2684.0,-16380.0,1232.0,-2608.0,70.0,-147.0,94.0,27398.0
893,2852.0,-16128.0,1584.0,-2576.0,76.0,-238.0,110.0,27404.0
894,2824.0,-16268.0,1408.0,-2560.0,60.0,-227.0,81.0,27409.0
895,2856.0,-16244.0,1564.0,-2560.0,22.0,-200.0,107.0,27415.0
896,2752.0,-16108.0,1560.0,-2608.0,29.0,-127.0,118.0,27421.0
897,2788.0,-16176.0,1520.0,-2592.0,17.0,-119.0,118.0,27426.0
898,2748.0,-16272.0,1436.0,-2576.0,-5.0,-128.0,121.0,27432.0
899,2724.0,-16168.0,1404.0,-2576.0,-32.0,-152.0,116.0,27439.0
900,2628.0,-16120.0,1332.0,-2608.0,-62.0,-111.0,104.0,27444.0
901,2712.0,-16152.0,1520.0,-2608.0,-66.0,-140.0,99.0,27450.0
902,2712.0,-16184.0,1488.0,-2608.0,-79.0,-114.0,65.0,27456.0
903,2764.0,-16164.0,1548.0,-2592.0,-73.0,-107.0,101.0,27461.0
904,2728.0,-16172.0,1504.0,-2560.0,-96.0,-108.0,53.0,27467.0
905,2788.0,-16116.0,1452.0,-2608.0,-109.0,-93.0,52.0,27473.0
906,2728.0,-16088.0,1540.0,-2576.0,-122.0,-91.0,33.0,27479.0
907,2712.0,-16092.0,1532.0,-2560.0,-154.0,-73.0,39.0,27485.0
908,2828.0,-16156.0,1492.0,-2592.0,-152.0,-41.0,61.0,27491.0
909,2864.0,-16176.0,1404.0,-2592.0,-175.0,-18.0,54.0,27496.0
910,2880.0,-16124.0,1412.0,-2576.0,-173.0,-20.0,59.0,27502.0
911,2900.0,-16288.0,1652.0,-2576.0,-179.0,10.0,67.0,27507.0
912,2780.0,-16148.0,1524.0,-2624.0,-178.0,68.0,65.0,27513.0
913,2768.0,-16236.0,1412.0,-2592.0,-176.0,51.0,67.0,27520.0
914,2884.0,-16232.0,1408.0,-2560.0,-179.0,61.0,69.0,27525.0
915,2804.0,-16108.0,1496.0,-2592.0,-174.0,79.0,50.0,27531.0
916,2676.0,-16144.0,1444.0,-2576.0,-149.0,75.0,49.0,27537.0
917,2708.0,-16124.0,1412.0,-2576.0,-170.0,90.0,34.0,27542.0
918,2616.0,-16064.0,1472.0,-2576.0,-166.0,113.0,58.0,27548.0
919,2608.0,-15984.0,1548.0,-2592.0,-200.0,109.0,34.0,27553.0
920,2728.0,-16056.0,1504.0,-2608.0,-182.0,98.0,48.0,27559.0
921,2708.0,-16144.0,1384.0,-2544.0,-202.0,69.0,18.0,27566.0
922,2760.0,-16148.0,1420.0,-2576.0,-199.0,49.0,8.0,27571.0
923,2864.0,-16060.0,1488.0,-2576.0,-190.0,47.0,22.0,27577.0
924,2872.0,-16144.0,1364.0,-2592.0,-207.0,62.0,29.0,27583.0
925,2956.0,-16136.0,1504.0,-2592.0,-207.0,133.0,53.0,27588.0
926,2880.0,-16140.0,1312.0,-2576.0,-188.0,164.0,65.0,27594.0
927,2864.0,-16152.0,1348.0,-2576.0,-197.0,122.0,60.0,27599.0
928,2972.0,-16116.0,1432.0,-2592.0,-213.0,195.0,62.0,27606.0
929,2844.0,-16132.0,1356.0,-2576.0,-219.0,228.0,80.0,27612.0
930,2940.0,-16196.0,1436.0,-2560.0,-225.0,256.0,92.0,27618.0
931,2844.0,-16204.0,1472.0,-2608.0,-223.0,316.0,83.0,27623.0
932,2784.0,-16164.0,1488.0,-2576.0,-255.0,333.0,103.0,27629.0
933,2704.0,-16132.0,1520.0,-2576.0,-250.0,353.0,113.0,27635.0
934,2768.0,-16084.0,1352.0,-2592.0,-247.0,325.0,103.0,27640.0
935,2668.0,-16168.0,1476.0,-2576.0,-262.0,319.0,91.0,27646.0
936,2724.0,-16112.0,1600.0,-2592.0,-269.0,287.0,73.0,27653.0
937,2784.0,-16052.0,1248.0,-2576.0,-281.0,301.0,81.0,27658.0
938,2776.0,-16128.0,1628.0,-2576.0,-269.0,327.0,75.0,27664.0
939,2716.0,-16132.0,1400.0,-2560.0,-269.0,323.0,67.0,27670.0
940,2596.0,-16144.0,1460.0,-2544.0,-278.0,329.0,76.0,27675.0
941,2680.0,-16144.0,1560.0,-2560.0,-297.0,316.0,44.0,27681.0
942,2640.0,-16268.0,1360.0,-2576.0,-296.0,288.0,70.0,27687.0
943,2740.0,-16108.0,1480.0,-2560.0,-322.0,292.0,72.0,27694.0
944,2764.0,-16104.0,1432.0,-2592.0,-316.0,317.0,69.0,27699.0
945,2836.0,-16284.0,1396.0,-2608.0,-302.0,296.0,57.0,27705.0
946,2676.0,-16116.0,1428.0,-2592.0,-302.0,293.0,60.0,27711.0
947,2752.0,-16032.0,1580.0,-2544.0,-315.0,276.0,64.0,27716.0
948,2744.0,-16152.0,1352.0,-2592.0,-323.0,306.0,76.0,27722.0
949,2752.0,-16272.0,1540.0,-2544.0,-307.0,312.0,69.0,27728.0
950,2760.0,-16312.0,1296.0,-2608.0,-268.0,311.0,93.0,27734.0
951,2724.0,-16128.0,1304.0,-2592.0,-275.0,299.0,85.0,27740.0
952,2864.0,-16244.0,1400.0,-2576.0,-279.0,280.0,89.0,27746.0
953,2768.0,-16204.0,1324.0,-2560.0,-304.0,277.0,114.0,27751.0
954,2668.0,-16156.0,1368.0,-2576.0,-297.0,296.0,138.0,27757.0
955,2580.0,-16288.0,1552.0,-2592.0,-278.0,309.0,125.0,27763.0
956,2740.0,-16188.0,1332.0,-2592.0,-262.0,278.0,117.0,27769.0
957,2824.0,-16216.0,1300.0,-2608.0,-241.0,279.0,115.0,27774.0
958,2776.0,-16112.0,1352.0,-2592.0,-242.0,260.0,116.0,27781.0
959,2804.0,-16188.0,1408.0,-2576.0,-236.0,253.0,114.0,27787.0
960,2748.0,-16184.0,1472.0,-2576.0,-200.0,289.0,144.0,27792.0
961,2760.0,-16204.0,1268.0,-2560.0,-183.0,287.0,135.0,27798.0
962,2708.0,-16204.0,1444.0,-2576.0,-190.0,257.0,124.0,27804.0
963,2656.0,-16220.0,1496.0,-2592.0,-184.0,252.0,110.0,27810.0
964,2764.0,-16196.0,1328.0,-2608.0,-175.0,229.0,121.0,27815.0
965,2796.0,-16156.0,1472.0,-2608.0,-165.0,250.0,145.0,27822.0
966,2600.0,-16196.0,1452.0,-2560.0,-136.0,269.0,127.0,27828.0
967,2728.0,-16148.0,1444.0,-2576.0,-151.0,276.0,142.0,27834.0
968,2672.0,-16132.0,1384.0,-2592.0,-149.0,268.0,162.0,27839.0
969,2676.0,-16176.0,1496.0,-2592.0,-155.0,292.0,146.0,27845.0
970,2680.0,-16128.0,1388.0,-2576.0,-157.0,311.0,160.0,27851.0
971,2612.0,-16268.0,1568.0,-2560.0,-182.0,296.0,140.0,27856.0
972,2604.0,-16316.0,1496.0,-2576.0,-166.0,250.0,140.0,27863.0
973,2700.0,-16208.0,1464.0,-2592.0,-166.0,218.0,122.0,27869.0
974,2684.0,-16180.0,1428.0,-2576.0,-206.0,233.0,117.0,27875.0
975,2692.0,-16208.0,1500.0,-2608.0,-187.0,271.0,107.0,27880.0
976,2808.0,-16160.0,1540.0,-2592.0,-226.0,278.0,112.0,27886.0
977,2748.0,-16300.0,1520.0,-2544.0,-213.0,306.0,114.0,27892.0
978,2716.0,-16204.0,1352.0,-2576.0,-182.0,327.0,134.0,27898.0
979,2676.0,-16168.0,1300.0,-2560.0,-214.0,304.0,120.0,27904.0
980,2688.0,-16204.0,1404.0,-2576.0,-232.0,308.0,110.0,27910.0
981,2692.0,-16124.0,1372.0,-2592.0,-223.0,303.0,95.0,27916.0
982,2664.0,-16200.0,1448.0,-2576.0,-225.0,301.0,121.0,27921.0
983,2632.0,-16120.0,1540.0,-2592.0,-229.0,303.0,97.0,27927.0
984,2640.0,-16192.0,1440.0,-2608.0,-224.0,352.0,93.0,27933.0
985,2656.0,-16248.0,1464.0,-2592.0,-221.0,313.0,94.0,27939.0
986,2672.0,-16136.0,1412.0,-2544.0,-254.0,302.0,92.0,27944.0
987,2632.0,-16280.0,1424.0,-2560.0,-253.0,285.0,75.0,27951.0
988,2728.0,-16176.0,1560.0,-2560.0,-253.0,286.0,91.0,27957.0
989,2688.0,-16184.0,1396.0,-2576.0,-244.0,276.0,101.0,27962.0
990,2684.0,-16076.0,1480.0,-2592.0,-247.0,280.0,102.0,27968.0
991,2700.0,-16132.0,1368.0,-2608.0,-292.0,290.0,79.0,27974.0
992,2728.0,-16020.0,1456.0,-2592.0,-257.0,329.0,83.0,27979.0
993,2548.0,-16144.0,1544.0,-2576.0,-302.0,303.0,95.0,27985.0
994,2576.0,-16124.0,1536.0,-2560.0,-285.0,270.0,118.0,27992.0
995,2524.0,-16136.0,1472.0,-2576.0,-292.0,283.0,114.0,27997.0
996,2596.0,-16296.0,1264.0,-2544.0,-283.0,265.0,105.0,28003.0
997,2540.0,-16196.0,1448.0,-2592.0,-274.0,255.0,105.0,28009.0
998,2644.0,-16188.0,1360.0,-2544.0,-262.0,224.0,101.0,28015.0
999,2696.0,-16104.0,1592.0,-2592.0,-262.0,191.0,88.0,28020.0
1000,2704.0,-16124.0,1512.0,-2576.0,-264.0,220.0,125.0,28026.0
1001,2688.0,-16124.0,1216.0,-2592.0,-255.0,276.0,92.0,28033.0
1002,2632.0,-16192.0,1360.0,-2544.0,-248.0,308.0,93.0,28038.0
