id,AcX,AcY,AcZ,Tmp,GyX,GyY,GyZ,Timer
0,4240.0,-15812.0,-1452.0,-2704.0,5265.0,2452.0,-122.0,51447.0
1,4244.0,-15976.0,-1428.0,-2672.0,5307.0,2103.0,-25.0,51453.0
2,4296.0,-15836.0,-1312.0,-2672.0,5312.0,1851.0,81.0,51460.0
3,4436.0,-15716.0,-1244.0,-2640.0,5314.0,1579.0,130.0,51466.0
4,4732.0,-15752.0,-1196.0,-2672.0,5302.0,1426.0,206.0,51472.0
5,4864.0,-15820.0,-1020.0,-2656.0,5306.0,1381.0,295.0,51478.0
6,4804.0,-16016.0,-980.0,-2656.0,5321.0,1500.0,450.0,51484.0
7,4760.0,-16092.0,-1004.0,-2688.0,5355.0,1645.0,605.0,51489.0
8,4836.0,-15952.0,-896.0,-2624.0,5445.0,1778.0,708.0,51495.0
9,4972.0,-15916.0,-728.0,-2688.0,5494.0,1814.0,798.0,51502.0
10,4876.0,-15836.0,-628.0,-2672.0,5525.0,1776.0,899.0,51508.0
11,4288.0,-15500.0,-1152.0,-2640.0,5490.0,1745.0,954.0,51514.0
12,5036.0,-15700.0,76.0,-2640.0,5306.0,2315.0,1655.0,51519.0
13,3688.0,-16088.0,0.0,-2672.0,5617.0,1948.0,808.0,51525.0
14,3052.0,-15748.0,-56.0,-2704.0,5511.0,1540.0,1116.0,51531.0
15,4152.0,-16132.0,24.0,-2672.0,5567.0,1284.0,1088.0,51537.0
16,4160.0,-16028.0,24.0,-2672.0,5635.0,1172.0,1071.0,51543.0
17,4208.0,-16092.0,256.0,-2656.0,5669.0,1150.0,1140.0,51549.0
18,4348.0,-16104.0,216.0,-2656.0,5717.0,1119.0,1244.0,51555.0
19,4256.0,-16256.0,96.0,-2656.0,5797.0,1119.0,1318.0,51561.0
20,4216.0,-16332.0,88.0,-2688.0,5910.0,1169.0,1468.0,51567.0
21,4168.0,-17160.0,936.0,-2672.0,6258.0,1367.0,1609.0,51572.0
22,4272.0,-17708.0,-1028.0,-2672.0,6929.0,1792.0,1619.0,51578.0
23,5108.0,-16664.0,-1340.0,-2688.0,7657.0,1649.0,1590.0,51585.0
24,6008.0,-15572.0,-380.0,-2656.0,7899.0,1305.0,1750.0,51591.0
25,5676.0,-15520.0,244.0,-2656.0,7953.0,1585.0,1875.0,51597.0
26,4412.0,-15668.0,676.0,-2656.0,7914.0,2402.0,1898.0,51603.0
27,3208.0,-15848.0,1212.0,-2688.0,7873.0,3136.0,1801.0,51608.0
28,2612.0,-16224.0,680.0,-2672.0,7866.0,3552.0,1517.0,51614.0
29,2928.0,-16092.0,720.0,-2672.0,7872.0,3380.0,1275.0,51620.0
30,3244.0,-15880.0,1064.0,-2672.0,7770.0,3036.0,1150.0,51627.0
31,3108.0,-15820.0,1544.0,-2672.0,7590.0,3014.0,1114.0,51633.0
32,3008.0,-16056.0,1496.0,-2688.0,7469.0,3289.0,976.0,51639.0
33,2780.0,-16324.0,1720.0,-2656.0,7345.0,3478.0,830.0,51645.0
34,2620.0,-16064.0,1664.0,-2688.0,7236.0,3422.0,716.0,51650.0
35,2760.0,-15992.0,1972.0,-2656.0,7123.0,3242.0,591.0,51656.0
36,3432.0,-16388.0,1876.0,-2656.0,7029.0,3242.0,498.0,51662.0
37,3836.0,-16488.0,1460.0,-2656.0,6974.0,3369.0,617.0,51668.0
38,4328.0,-16252.0,1284.0,-2656.0,6958.0,3562.0,791.0,51675.0
39,4588.0,-16580.0,1096.0,-2656.0,7080.0,3900.0,938.0,51681.0
40,4204.0,-16080.0,1664.0,-2656.0,7030.0,3883.0,978.0,51686.0
41,4168.0,-16276.0,2128.0,-2688.0,7019.0,3923.0,1142.0,51692.0
42,4072.0,-16564.0,1740.0,-2672.0,7108.0,4037.0,1209.0,51698.0
43,4188.0,-16740.0,1772.0,-2672.0,7218.0,3865.0,1334.0,51704.0
44,4436.0,-16644.0,1908.0,-2656.0,7336.0,3582.0,1465.0,51710.0
45,4668.0,-16888.0,2140.0,-2656.0,7422.0,3576.0,1639.0,51717.0
46,4284.0,-17456.0,2244.0,-2704.0,7552.0,3791.0,1887.0,51723.0
47,3708.0,-17696.0,1816.0,-2640.0,7816.0,3924.0,2040.0,51728.0
48,3396.0,-17716.0,2248.0,-2672.0,8040.0,3850.0,2256.0,51734.0
49,3660.0,-18012.0,2508.0,-2688.0,8288.0,3565.0,2414.0,51740.0
50,3884.0,-18072.0,2536.0,-2656.0,8562.0,3350.0,2687.0,51746.0
51,3840.0,-18448.0,2760.0,-2672.0,8804.0,3326.0,2993.0,51752.0
52,3648.0,-18452.0,2800.0,-2704.0,9143.0,3276.0,3275.0,51759.0
53,3444.0,-18284.0,3312.0,-2656.0,9346.0,3201.0,3642.0,51765.0
54,3012.0,-19020.0,3472.0,-2656.0,9562.0,3328.0,3958.0,51771.0
55,2748.0,-18996.0,3432.0,-2656.0,9807.0,3279.0,4252.0,51776.0
56,2816.0,-19196.0,3456.0,-2672.0,10078.0,3160.0,4585.0,51782.0
57,3148.0,-20932.0,4360.0,-2688.0,10388.0,3065.0,4746.0,51788.0
58,3036.0,-18388.0,4408.0,-2672.0,10897.0,2563.0,5072.0,51794.0
59,2292.0,-19788.0,1472.0,-2688.0,10953.0,3334.0,5755.0,51801.0
60,3152.0,-21480.0,2520.0,-2656.0,11452.0,3222.0,5750.0,51807.0
61,3912.0,-22016.0,2864.0,-2672.0,11824.0,3205.0,6055.0,51813.0
62,4712.0,-23116.0,2348.0,-2656.0,12332.0,3449.0,6051.0,51819.0
63,4588.0,-23436.0,2072.0,-2672.0,12768.0,3899.0,6389.0,51825.0
64,4328.0,-23884.0,2256.0,-2688.0,13346.0,4410.0,6623.0,51831.0
65,2880.0,-24324.0,3676.0,-2672.0,13793.0,4924.0,7254.0,51837.0
66,980.0,-25984.0,4596.0,-2656.0,14161.0,4894.0,8219.0,51844.0
67,1228.0,-27852.0,4164.0,-2688.0,14671.0,3832.0,8902.0,51850.0
68,3016.0,-27436.0,1988.0,-2672.0,15299.0,3108.0,9108.0,51855.0
69,5284.0,-26812.0,768.0,-2688.0,15994.0,3083.0,9103.0,51861.0
70,6956.0,-27720.0,1000.0,-2672.0,16720.0,3656.0,9358.0,51867.0
71,7708.0,-29412.0,1152.0,-2672.0,17440.0,4785.0,9811.0,51873.0
72,8136.0,-31424.0,1464.0,-2688.0,18352.0,5842.0,10199.0,51879.0
73,8176.0,-32768.0,2684.0,-2656.0,19497.0,6674.0,10534.0,51886.0
74,8320.0,-32768.0,1732.0,-2672.0,20363.0,7985.0,10878.0,51892.0
75,8652.0,-32768.0,0.0,-2656.0,21282.0,8722.0,10684.0,51898.0
76,8872.0,-32768.0,-1956.0,-2688.0,21701.0,9249.0,10771.0,51904.0
77,9340.0,-32768.0,-5180.0,-2672.0,21649.0,10401.0,10750.0,51910.0
78,9500.0,-32768.0,-10076.0,-2704.0,21753.0,11934.0,10943.0,51916.0
79,9464.0,-32768.0,-16856.0,-2688.0,21796.0,12457.0,11487.0,51922.0
80,8592.0,-32768.0,-20416.0,-2656.0,21413.0,12073.0,11955.0,51929.0
81,7292.0,-30768.0,-21604.0,-2688.0,20546.0,11415.0,12450.0,51935.0
82,5708.0,-26720.0,-20432.0,-2640.0,19362.0,9808.0,12805.0,51941.0
83,4752.0,-22804.0,-18980.0,-2672.0,17713.0,7780.0,13095.0,51947.0
84,4280.0,-19396.0,-16136.0,-2672.0,15830.0,6518.0,13504.0,51954.0
85,3980.0,-17020.0,-11412.0,-2672.0,13992.0,5130.0,13629.0,51960.0
86,3892.0,-17108.0,-1400.0,-2672.0,12702.0,2631.0,13507.0,51966.0
87,4524.0,-19684.0,6392.0,-2688.0,12406.0,-102.0,12700.0,51973.0
88,4388.0,-22980.0,11712.0,-2640.0,12993.0,-2699.0,10982.0,51979.0
89,3076.0,-25096.0,11692.0,-2672.0,14039.0,-4958.0,9129.0,51985.0
90,2196.0,-26428.0,11072.0,-2672.0,15544.0,-5718.0,7645.0,51991.0
91,1884.0,-23680.0,7060.0,-2688.0,15998.0,-6319.0,6474.0,51997.0
92,3356.0,-19100.0,3040.0,-2672.0,16217.0,-8271.0,5730.0,52003.0
93,8052.0,-10268.0,-4440.0,-2688.0,13261.0,-8708.0,5140.0,52009.0
94,8160.0,-8132.0,-4672.0,-2688.0,10264.0,-6286.0,4301.0,52016.0
95,6292.0,-8168.0,-6464.0,-2656.0,7919.0,-3967.0,4066.0,52021.0
96,6416.0,-6680.0,-9972.0,-2672.0,5566.0,-3152.0,3430.0,52027.0
97,7912.0,-5580.0,-11576.0,-2672.0,3450.0,-2941.0,2252.0,52033.0
98,8696.0,-5600.0,-11308.0,-2688.0,1995.0,-2166.0,1096.0,52039.0
99,8440.0,-5628.0,-10180.0,-2656.0,1052.0,-759.0,546.0,52045.0
100,8008.0,-4912.0,-9108.0,-2656.0,34.0,794.0,593.0,52051.0
101,7328.0,-3524.0,-8508.0,-2672.0,-1321.0,2447.0,816.0,52057.0
102,6696.0,-2808.0,-7880.0,-2656.0,-2902.0,4164.0,779.0,52063.0
103,6004.0,-2352.0,-7156.0,-2688.0,-4574.0,5542.0,176.0,52069.0
104,4848.0,-1920.0,-6648.0,-2656.0,-6232.0,6158.0,-786.0,52075.0
105,3088.0,-1668.0,-6172.0,-2688.0,-7855.0,5891.0,-1768.0,52081.0
106,1260.0,-1720.0,-5548.0,-2688.0,-9447.0,4847.0,-2666.0,52087.0
107,-572.0,-1668.0,-4856.0,-2672.0,-11069.0,3416.0,-3509.0,52092.0
108,-2056.0,-1564.0,-4644.0,-2672.0,-12741.0,2068.0,-4318.0,52099.0
109,-2532.0,-1136.0,-4852.0,-2688.0,-14701.0,926.0,-5102.0,52105.0
110,-2444.0,-1520.0,-5024.0,-2704.0,-16667.0,-114.0,-5775.0,52111.0
111,-1988.0,-2056.0,-5276.0,-2672.0,-18541.0,-845.0,-6399.0,52117.0
112,-1024.0,-2916.0,-6148.0,-2688.0,-20367.0,-1623.0,-7079.0,52123.0
113,-588.0,-3772.0,-6688.0,-2704.0,-22001.0,-2444.0,-7765.0,52129.0
114,56.0,-4420.0,-6736.0,-2688.0,-23511.0,-3104.0,-8220.0,52135.0
115,292.0,-5096.0,-6684.0,-2656.0,-24898.0,-3525.0,-8540.0,52142.0
116,416.0,-5736.0,-6404.0,-2672.0,-26249.0,-3877.0,-8764.0,52148.0
117,652.0,-6436.0,-6416.0,-2704.0,-27519.0,-4210.0,-9004.0,52153.0
118,848.0,-7168.0,-5944.0,-2688.0,-28823.0,-4572.0,-9283.0,52159.0
119,1272.0,-8048.0,-5740.0,-2688.0,-30038.0,-4833.0,-9647.0,52165.0
120,1960.0,-8932.0,-5636.0,-2672.0,-31283.0,-4841.0,-10136.0,52171.0
121,2816.0,-10160.0,-5448.0,-2672.0,-32452.0,-4552.0,-10655.0,52177.0
122,3620.0,-11500.0,-4732.0,-2672.0,-32768.0,-4001.0,-11209.0,52184.0
123,4060.0,-12936.0,-4388.0,-2688.0,-32768.0,-3187.0,-11627.0,52190.0
124,4428.0,-14220.0,-3652.0,-2688.0,-32768.0,-2179.0,-11906.0,52196.0
125,4468.0,-15288.0,-3468.0,-2688.0,-32768.0,-1041.0,-12144.0,52202.0
126,4508.0,-16572.0,-3068.0,-2704.0,-32768.0,-13.0,-12597.0,52208.0
127,4172.0,-18424.0,-2700.0,-2656.0,-32768.0,840.0,-12895.0,52214.0
128,3332.0,-19404.0,-2400.0,-2688.0,-32768.0,1816.0,-12967.0,52220.0
129,2612.0,-19788.0,-2544.0,-2672.0,-32768.0,2516.0,-13325.0,52227.0
130,2204.0,-20712.0,-2480.0,-2672.0,-32768.0,3013.0,-13735.0,52233.0
131,1924.0,-22392.0,-2240.0,-2672.0,-32768.0,3393.0,-14084.0,52239.0
132,1816.0,-24796.0,-1644.0,-2688.0,-32768.0,3634.0,-14388.0,52245.0
133,1608.0,-26468.0,-1168.0,-2688.0,-32768.0,3778.0,-14596.0,52251.0
134,1140.0,-27844.0,-676.0,-2672.0,-32768.0,3697.0,-14881.0,52258.0
135,824.0,-29420.0,28.0,-2640.0,-32768.0,3236.0,-15178.0,52264.0
136,-464.0,-31100.0,1112.0,-2672.0,-32768.0,2290.0,-15485.0,52270.0
137,-2744.0,-32568.0,3072.0,-2656.0,-32768.0,815.0,-15808.0,52276.0
138,-4648.0,-32768.0,5164.0,-2656.0,-32768.0,-1220.0,-16131.0,52283.0
139,-6300.0,-32768.0,7608.0,-2656.0,-32768.0,-3396.0,-16415.0,52289.0
140,-6596.0,-32768.0,9364.0,-2640.0,-32768.0,-5334.0,-16811.0,52295.0
141,-5848.0,-32768.0,10100.0,-2656.0,-32768.0,-7053.0,-17080.0,52301.0
142,-4984.0,-32768.0,11504.0,-2720.0,-32768.0,-8499.0,-17108.0,52308.0
143,-4584.0,-32768.0,12992.0,-2656.0,-32768.0,-9879.0,-16581.0,52315.0
144,-4428.0,-32768.0,15280.0,-2688.0,-32768.0,-11196.0,-15561.0,52321.0
145,-4372.0,-32768.0,17436.0,-2672.0,-32334.0,-12013.0,-13970.0,52328.0
146,-3560.0,-32768.0,20344.0,-2656.0,-29869.0,-12630.0,-12273.0,52334.0
147,-2484.0,-32768.0,23116.0,-2688.0,-27126.0,-12954.0,-10736.0,52340.0
148,-488.0,-32768.0,26456.0,-2672.0,-24093.0,-12903.0,-9516.0,52347.0
149,1324.0,-32768.0,29152.0,-2688.0,-21014.0,-12211.0,-8694.0,52354.0
150,2760.0,-32312.0,32036.0,-2688.0,-17845.0,-10186.0,-7962.0,52360.0
151,3000.0,-30976.0,32767.0,-2672.0,-14624.0,-7408.0,-7101.0,52366.0
152,-660.0,-32768.0,32767.0,-2640.0,-10976.0,-4409.0,-5421.0,52373.0
153,-5896.0,-28480.0,32767.0,-2688.0,-7578.0,-1520.0,-5417.0,52379.0
154,-1632.0,-26916.0,32767.0,-2672.0,-3418.0,1133.0,1243.0,52385.0
155,-5060.0,-24600.0,32767.0,-2688.0,355.0,3275.0,536.0,52391.0
156,-11560.0,-23260.0,32767.0,-2640.0,3558.0,3799.0,1707.0,52398.0
157,-14028.0,-24784.0,32767.0,-2688.0,6869.0,2171.0,4053.0,52404.0
158,-13164.0,-25012.0,31812.0,-2688.0,10198.0,-148.0,5568.0,52410.0
159,-12260.0,-23932.0,30012.0,-2688.0,12873.0,-2061.0,6562.0,52416.0
160,-10536.0,-23832.0,25788.0,-2688.0,14540.0,-3630.0,6969.0,52422.0
161,-1976.0,-16888.0,13632.0,-2720.0,14585.0,-3734.0,5628.0,52428.0
162,26220.0,4404.0,-32768.0,-2688.0,2116.0,-3339.0,-2564.0,52434.0
163,32767.0,-15132.0,-32768.0,-2672.0,-6755.0,-8860.0,-20676.0,52441.0
164,32767.0,-32768.0,-32768.0,-2656.0,6673.0,-19435.0,-14270.0,52447.0
165,7992.0,-32768.0,-1560.0,-2656.0,18877.0,-5807.0,12414.0,52453.0
166,-18484.0,-25816.0,16640.0,-2688.0,17724.0,22937.0,14413.0,52460.0
167,-32768.0,-29040.0,30036.0,-2704.0,17271.0,26784.0,12216.0,52466.0
168,-19296.0,-32768.0,32332.0,-2704.0,20240.0,6612.0,4303.0,52472.0
169,-9896.0,-31508.0,13528.0,-2704.0,20528.0,-15049.0,-3176.0,52478.0
170,3264.0,-18388.0,-6760.0,-2656.0,18037.0,-23987.0,-3345.0,52485.0
171,15800.0,-15688.0,-6672.0,-2672.0,17778.0,-23443.0,1256.0,52491.0
172,20916.0,-12700.0,-1076.0,-2640.0,18633.0,-17298.0,4019.0,52498.0
173,12360.0,-9100.0,5444.0,-2656.0,17384.0,-7729.0,4492.0,52504.0
174,3236.0,-6516.0,4656.0,-2640.0,13573.0,-1294.0,2886.0,52510.0
175,-788.0,-11144.0,1680.0,-2688.0,11391.0,-1740.0,1388.0,52516.0
176,476.0,-17112.0,216.0,-2704.0,11069.0,-5227.0,936.0,52523.0
177,2444.0,-19976.0,692.0,-2672.0,11415.0,-4661.0,1871.0,52528.0
178,3688.0,-19564.0,-204.0,-2672.0,11209.0,-597.0,2749.0,52534.0
179,4392.0,-18100.0,-572.0,-2720.0,10663.0,2815.0,2707.0,52540.0
180,3568.0,-17844.0,-616.0,-2672.0,10403.0,4043.0,2031.0,52546.0
181,1496.0,-18108.0,-1452.0,-2672.0,10493.0,3761.0,1303.0,52552.0
182,-800.0,-17496.0,-2004.0,-2672.0,10645.0,3167.0,398.0,52558.0
183,-2412.0,-15596.0,-1464.0,-2672.0,10293.0,2969.0,-172.0,52564.0
184,-2352.0,-14020.0,-60.0,-2688.0,9427.0,2837.0,-511.0,52571.0
185,-1196.0,-14696.0,456.0,-2672.0,8646.0,2464.0,-701.0,52577.0
186,528.0,-15988.0,164.0,-2672.0,8199.0,2126.0,-1085.0,52582.0
187,2004.0,-16876.0,-32.0,-2704.0,8003.0,1959.0,-1566.0,52588.0
188,2932.0,-17380.0,-384.0,-2704.0,8011.0,2092.0,-2119.0,52594.0
189,3192.0,-16800.0,-936.0,-2656.0,8027.0,2134.0,-2456.0,52600.0
190,3824.0,-15812.0,-1300.0,-2688.0,7965.0,1976.0,-2457.0,52606.0
191,4176.0,-15368.0,-1252.0,-2704.0,7816.0,1727.0,-2430.0,52613.0
192,4240.0,-15240.0,-1364.0,-2720.0,7659.0,1500.0,-2317.0,52619.0
193,4596.0,-15056.0,-1044.0,-2672.0,7408.0,1105.0,-2115.0,52625.0
194,5412.0,-15176.0,-840.0,-2688.0,7167.0,800.0,-1906.0,52630.0
195,5876.0,-15528.0,-956.0,-2720.0,7036.0,813.0,-1766.0,52636.0
196,6436.0,-15248.0,-948.0,-2688.0,6877.0,1218.0,-1448.0,52642.0
197,6636.0,-15056.0,-536.0,-2688.0,6611.0,2042.0,-1131.0,52648.0
198,5968.0,-15084.0,84.0,-2704.0,6252.0,3131.0,-791.0,52655.0
199,4960.0,-15284.0,588.0,-2688.0,5928.0,4095.0,-531.0,52661.0
200,3980.0,-15416.0,336.0,-2688.0,5607.0,4740.0,-406.0,52666.0
201,3112.0,-15608.0,88.0,-2720.0,5391.0,4973.0,-419.0,52672.0
202,2716.0,-15848.0,-248.0,-2688.0,5311.0,4720.0,-536.0,52678.0
203,2336.0,-16072.0,-608.0,-2688.0,5271.0,4221.0,-684.0,52684.0
204,2300.0,-16256.0,-804.0,-2688.0,5282.0,3689.0,-867.0,52690.0
205,2284.0,-16496.0,-652.0,-2688.0,5324.0,3201.0,-1108.0,52697.0
206,2408.0,-16420.0,-976.0,-2704.0,5314.0,2730.0,-1232.0,52702.0
207,2820.0,-16064.0,-816.0,-2704.0,5250.0,2336.0,-1265.0,52708.0
208,3260.0,-15960.0,-584.0,-2688.0,5133.0,2240.0,-1302.0,52714.0
209,3756.0,-15956.0,-208.0,-2688.0,4996.0,2266.0,-1342.0,52720.0
210,4212.0,-16136.0,-364.0,-2688.0,4904.0,2249.0,-1348.0,52726.0
211,4780.0,-15940.0,-504.0,-2672.0,4802.0,2138.0,-1238.0,52732.0
212,5444.0,-15624.0,-92.0,-2672.0,4650.0,2177.0,-1013.0,52739.0
213,5632.0,-15488.0,36.0,-2704.0,4454.0,2416.0,-707.0,52745.0
214,5604.0,-15440.0,-180.0,-2688.0,4322.0,2610.0,-418.0,52750.0
215,5584.0,-15516.0,-176.0,-2656.0,4216.0,2692.0,-138.0,52756.0
216,5740.0,-15480.0,-52.0,-2720.0,4131.0,2682.0,97.0,52762.0
217,5540.0,-15532.0,220.0,-2672.0,4073.0,2749.0,372.0,52768.0
218,5456.0,-15652.0,316.0,-2688.0,4040.0,3057.0,569.0,52773.0
219,5248.0,-16000.0,364.0,-2720.0,4036.0,3374.0,684.0,52780.0
220,4860.0,-16264.0,236.0,-2672.0,4092.0,3471.0,780.0,52786.0
221,4296.0,-16764.0,184.0,-2704.0,4225.0,3506.0,793.0,52792.0
222,3968.0,-16916.0,132.0,-2688.0,4360.0,3546.0,807.0,52797.0
223,3492.0,-16920.0,-136.0,-2688.0,4586.0,3591.0,826.0,52803.0
224,3372.0,-16996.0,-128.0,-2688.0,4824.0,3467.0,807.0,52809.0
225,3280.0,-16812.0,-128.0,-2704.0,5054.0,3291.0,809.0,52815.0
226,3500.0,-16596.0,84.0,-2736.0,5257.0,3008.0,789.0,52822.0
227,3768.0,-16456.0,28.0,-2688.0,5450.0,2693.0,848.0,52827.0
228,3920.0,-16348.0,268.0,-2704.0,5631.0,2506.0,993.0,52833.0
229,4432.0,-16140.0,352.0,-2704.0,5744.0,2400.0,1103.0,52839.0
230,4696.0,-16016.0,300.0,-2672.0,5908.0,2291.0,1249.0,52845.0
231,4920.0,-16044.0,428.0,-2672.0,6072.0,2194.0,1392.0,52850.0
232,4832.0,-15908.0,740.0,-2672.0,6168.0,2183.0,1521.0,52856.0
233,4740.0,-16008.0,876.0,-2704.0,6263.0,2238.0,1634.0,52862.0
234,4492.0,-16160.0,1108.0,-2704.0,6341.0,2379.0,1814.0,52869.0
235,4140.0,-16352.0,1268.0,-2704.0,6418.0,2453.0,1878.0,52875.0
236,3992.0,-16460.0,1412.0,-2656.0,6511.0,2449.0,1945.0,52881.0
237,3896.0,-16312.0,1720.0,-2720.0,6580.0,2403.0,1935.0,52887.0
238,3944.0,-16208.0,1748.0,-2672.0,6632.0,2422.0,1881.0,52892.0
239,3844.0,-16300.0,1952.0,-2704.0,6722.0,2539.0,1836.0,52898.0
240,3616.0,-16396.0,2336.0,-2656.0,6770.0,2666.0,1822.0,52904.0
241,3460.0,-16416.0,2488.0,-2720.0,6763.0,2754.0,1764.0,52911.0
242,3348.0,-16796.0,2532.0,-2688.0,6816.0,2878.0,1817.0,52917.0
243,3408.0,-16844.0,2288.0,-2704.0,6910.0,3040.0,1876.0,52923.0
244,3400.0,-17052.0,2228.0,-2672.0,7013.0,3193.0,1938.0,52929.0
245,3404.0,-17112.0,2180.0,-2704.0,7181.0,3233.0,1975.0,52935.0
246,3772.0,-17548.0,2220.0,-2688.0,7361.0,3181.0,2043.0,52940.0
247,3656.0,-17680.0,2236.0,-2688.0,7545.0,3073.0,2212.0,52946.0
248,3832.0,-17900.0,2208.0,-2704.0,7762.0,3133.0,2396.0,52953.0
249,4196.0,-17892.0,2224.0,-2704.0,8035.0,3141.0,2493.0,52959.0
250,5776.0,-19980.0,2768.0,-2688.0,8436.0,3401.0,2273.0,52965.0
251,5324.0,-16984.0,1228.0,-2688.0,8522.0,3222.0,2503.0,52971.0
252,3856.0,-18344.0,2600.0,-2720.0,8850.0,3447.0,3469.0,52977.0
253,3332.0,-17760.0,2952.0,-2704.0,9065.0,3750.0,3202.0,52983.0
254,2512.0,-18140.0,2736.0,-2704.0,9371.0,3126.0,3610.0,52988.0
255,2664.0,-18404.0,3072.0,-2704.0,9715.0,2855.0,3832.0,52995.0
256,2220.0,-18708.0,3036.0,-2736.0,10034.0,2639.0,4067.0,53001.0
257,1432.0,-19360.0,3256.0,-2688.0,10341.0,2530.0,4586.0,53007.0
258,904.0,-19616.0,3584.0,-2704.0,10632.0,2484.0,4944.0,53013.0
259,460.0,-20020.0,3600.0,-2688.0,10999.0,2159.0,5351.0,53019.0
260,444.0,-20300.0,3612.0,-2688.0,11322.0,1843.0,5817.0,53025.0
261,1184.0,-20212.0,2868.0,-2704.0,11665.0,1433.0,5681.0,53031.0
262,4076.0,-21624.0,3024.0,-2688.0,12169.0,1300.0,7530.0,53038.0
263,1856.0,-20696.0,3472.0,-2672.0,12369.0,2039.0,6434.0,53044.0
264,2872.0,-21580.0,2784.0,-2704.0,12838.0,1205.0,7115.0,53049.0
265,4424.0,-21808.0,3052.0,-2688.0,13277.0,1138.0,7249.0,53055.0
266,5200.0,-22324.0,2788.0,-2672.0,13683.0,1175.0,7563.0,53061.0
267,7136.0,-22420.0,2824.0,-2688.0,14172.0,1599.0,8008.0,53067.0
268,7756.0,-23112.0,2708.0,-2704.0,14573.0,2570.0,8065.0,53073.0
269,6400.0,-23944.0,3100.0,-2688.0,14917.0,3630.0,8510.0,53080.0
270,4416.0,-25232.0,4292.0,-2720.0,15068.0,4211.0,9432.0,53086.0
271,4560.0,-27120.0,4296.0,-2704.0,15303.0,3789.0,9996.0,53092.0
272,6144.0,-27392.0,3088.0,-2688.0,15701.0,3811.0,10144.0,53098.0
273,7668.0,-27092.0,4128.0,-2672.0,16477.0,4338.0,9929.0,53104.0
274,7316.0,-27124.0,3136.0,-2688.0,16988.0,5482.0,10328.0,53110.0
275,7156.0,-28440.0,2160.0,-2704.0,17607.0,6887.0,10472.0,53116.0
276,6268.0,-29472.0,788.0,-2672.0,18386.0,7935.0,10985.0,53123.0
277,6112.0,-29764.0,-1220.0,-2688.0,19046.0,8509.0,11388.0,53129.0
278,6340.0,-30312.0,-3988.0,-2704.0,19549.0,8841.0,11343.0,53135.0
279,7208.0,-31472.0,-7356.0,-2688.0,19820.0,8728.0,11161.0,53141.0
280,8876.0,-32004.0,-9344.0,-2688.0,19811.0,8329.0,10840.0,53147.0
281,11028.0,-32768.0,-11112.0,-2672.0,19675.0,9100.0,10544.0,53153.0
282,13628.0,-32560.0,-14744.0,-2704.0,19425.0,10434.0,12482.0,53159.0
283,12892.0,-32768.0,-16144.0,-2720.0,20229.0,12308.0,10302.0,53166.0
284,8524.0,-32392.0,-18920.0,-2704.0,19617.0,11955.0,11075.0,53172.0
285,8604.0,-28544.0,-19748.0,-2704.0,18575.0,11370.0,12029.0,53178.0
286,7968.0,-25032.0,-19820.0,-2672.0,17332.0,11629.0,12380.0,53184.0
287,5832.0,-21972.0,-15952.0,-2656.0,15908.0,11842.0,13334.0,53191.0
288,3536.0,-20284.0,-4552.0,-2688.0,15385.0,11210.0,14224.0,53197.0
289,1400.0,-19780.0,4232.0,-2688.0,15267.0,9201.0,14514.0,53203.0
290,-4.0,-19720.0,6200.0,-2720.0,14387.0,5556.0,14229.0,53210.0
291,336.0,-20280.0,4188.0,-2720.0,12510.0,745.0,12570.0,53216.0
292,1424.0,-22920.0,3620.0,-2704.0,11135.0,-3600.0,10497.0,53222.0
293,1684.0,-27100.0,6412.0,-2720.0,11778.0,-7591.0,8734.0,53228.0
294,1824.0,-30488.0,9568.0,-2704.0,14269.0,-9395.0,8040.0,53233.0
295,1576.0,-27732.0,6244.0,-2688.0,15907.0,-9554.0,7920.0,53239.0
296,2256.0,-21476.0,3832.0,-2672.0,16455.0,-9564.0,7982.0,53245.0
297,4224.0,-12940.0,-1428.0,-2688.0,14805.0,-9109.0,7738.0,53252.0
298,5396.0,-7572.0,-4116.0,-2704.0,11334.0,-7671.0,7160.0,53258.0
299,4940.0,-7672.0,-4492.0,-2672.0,8415.0,-5795.0,6522.0,53264.0
300,3984.0,-8044.0,-6400.0,-2688.0,6222.0,-4949.0,5884.0,53270.0
301,4928.0,-6400.0,-8392.0,-2688.0,4357.0,-5189.0,4920.0,53276.0
302,5912.0,-5016.0,-10132.0,-2688.0,2512.0,-5413.0,3453.0,53282.0
303,6224.0,-3856.0,-10048.0,-2736.0,720.0,-5337.0,2497.0,53288.0
304,5908.0,-2852.0,-9420.0,-2704.0,-907.0,-4660.0,2234.0,53295.0
305,5916.0,-1776.0,-8684.0,-2704.0,-2561.0,-3697.0,2082.0,53300.0
306,6232.0,-1148.0,-8012.0,-2704.0,-4301.0,-2773.0,1632.0,53306.0
307,6532.0,-724.0,-7364.0,-2720.0,-6137.0,-1768.0,928.0,53312.0
308,6588.0,-376.0,-7364.0,-2672.0,-8083.0,-859.0,16.0,53318.0
309,5884.0,-392.0,-7140.0,-2720.0,-9962.0,-342.0,-1152.0,53324.0
310,4904.0,-332.0,-6736.0,-2688.0,-11913.0,-409.0,-2139.0,53329.0
311,4036.0,-352.0,-6508.0,-2688.0,-13746.0,-937.0,-3123.0,53336.0
312,3224.0,-832.0,-5848.0,-2688.0,-15424.0,-1658.0,-3977.0,53342.0
313,3084.0,-1160.0,-5312.0,-2704.0,-17000.0,-1975.0,-4808.0,53348.0
314,3080.0,-1152.0,-5396.0,-2704.0,-18758.0,-1817.0,-5631.0,53354.0
315,3456.0,-1052.0,-5792.0,-2688.0,-20786.0,-1557.0,-6480.0,53360.0
316,4048.0,-1640.0,-6560.0,-2736.0,-22867.0,-1136.0,-7255.0,53366.0
317,4424.0,-2772.0,-7476.0,-2688.0,-24758.0,-553.0,-7918.0,53372.0
318,4432.0,-3964.0,-7860.0,-2672.0,-26354.0,-56.0,-8583.0,53379.0
319,3572.0,-5148.0,-8080.0,-2704.0,-27716.0,515.0,-9060.0,53384.0
320,2560.0,-6344.0,-7556.0,-2704.0,-28952.0,881.0,-9430.0,53390.0
321,1316.0,-7816.0,-7084.0,-2720.0,-30073.0,1021.0,-9825.0,53396.0
322,528.0,-9228.0,-6084.0,-2736.0,-31066.0,776.0,-10165.0,53402.0
323,-28.0,-10600.0,-4924.0,-2704.0,-32006.0,385.0,-10532.0,53408.0
324,-256.0,-11480.0,-4348.0,-2704.0,-32768.0,9.0,-10960.0,53414.0
325,-36.0,-12328.0,-4084.0,-2688.0,-32768.0,-330.0,-11589.0,53421.0
326,276.0,-13312.0,-4072.0,-2720.0,-32768.0,-498.0,-12205.0,53427.0
327,368.0,-14428.0,-4252.0,-2672.0,-32768.0,-530.0,-12947.0,53433.0
328,188.0,-15504.0,-4068.0,-2688.0,-32768.0,-416.0,-13465.0,53438.0
329,228.0,-16816.0,-4072.0,-2672.0,-32768.0,-596.0,-13976.0,53444.0
330,108.0,-18260.0,-3648.0,-2704.0,-32768.0,-903.0,-14363.0,53450.0
331,112.0,-19360.0,-3436.0,-2704.0,-32768.0,-1035.0,-14586.0,53456.0
332,388.0,-19740.0,-3024.0,-2720.0,-32768.0,-1124.0,-14929.0,53463.0
333,852.0,-20568.0,-2840.0,-2736.0,-32768.0,-1102.0,-15453.0,53469.0
334,1752.0,-21944.0,-2552.0,-2720.0,-32768.0,-956.0,-16031.0,53475.0
335,2580.0,-23552.0,-2292.0,-2720.0,-32768.0,-720.0,-16553.0,53481.0
336,3228.0,-25248.0,-2120.0,-2736.0,-32768.0,-447.0,-16916.0,53487.0
337,3636.0,-27248.0,-2112.0,-2720.0,-32768.0,-100.0,-17166.0,53493.0
338,3852.0,-28988.0,-1896.0,-2720.0,-32768.0,214.0,-17375.0,53499.0
339,3500.0,-31228.0,-892.0,-2704.0,-32768.0,445.0,-17567.0,53506.0
340,2184.0,-32768.0,956.0,-2688.0,-32768.0,635.0,-17704.0,53512.0
341,-44.0,-32768.0,3356.0,-2704.0,-32768.0,713.0,-17741.0,53518.0
342,-2536.0,-32768.0,5448.0,-2704.0,-32768.0,478.0,-17754.0,53524.0
343,-4456.0,-32768.0,7596.0,-2688.0,-32768.0,-71.0,-17719.0,53530.0
344,-5516.0,-32768.0,9664.0,-2704.0,-32768.0,-945.0,-17575.0,53536.0
345,-5480.0,-32768.0,11724.0,-2688.0,-32768.0,-2021.0,-17329.0,53542.0
346,-4936.0,-32768.0,13548.0,-2688.0,-32768.0,-3217.0,-16795.0,53549.0
347,-3524.0,-32768.0,15580.0,-2656.0,-32768.0,-4238.0,-15883.0,53555.0
348,-2232.0,-32768.0,17852.0,-2720.0,-32768.0,-4939.0,-14742.0,53562.0
349,-1516.0,-32768.0,20796.0,-2688.0,-31722.0,-5155.0,-13407.0,53568.0
350,-1876.0,-32768.0,23496.0,-2688.0,-28787.0,-5081.0,-12073.0,53574.0
351,-2604.0,-32768.0,26556.0,-2688.0,-25792.0,-4808.0,-11048.0,53581.0
352,-3120.0,-32768.0,29172.0,-2720.0,-22749.0,-4520.0,-10387.0,53587.0
353,-3868.0,-32572.0,31160.0,-2720.0,-19886.0,-3886.0,-9690.0,53594.0
354,-4752.0,-31168.0,32504.0,-2672.0,-17030.0,-2610.0,-8603.0,53601.0
355,-4060.0,-28664.0,32767.0,-2688.0,-13641.0,-1166.0,-7911.0,53607.0
356,-7976.0,-30168.0,32767.0,-2720.0,-9626.0,-330.0,-7291.0,53613.0
357,-11532.0,-27680.0,32767.0,-2688.0,-6786.0,-177.0,-833.0,53619.0
358,-5756.0,-26856.0,32767.0,-2704.0,-2780.0,-178.0,80.0,53625.0
359,-9932.0,-25916.0,32767.0,-2704.0,853.0,-15.0,898.0,53632.0
360,-10272.0,-25512.0,32767.0,-2704.0,3806.0,-226.0,2340.0,53638.0
361,-9672.0,-26120.0,32512.0,-2688.0,7091.0,-1153.0,3387.0,53644.0
362,-9464.0,-24852.0,30316.0,-2704.0,9927.0,-2145.0,3966.0,53650.0
363,-9532.0,-23336.0,28132.0,-2704.0,12258.0,-3411.0,4469.0,53656.0
364,-9736.0,-22868.0,25884.0,-2672.0,14259.0,-4848.0,5045.0,53662.0
365,-9572.0,-22396.0,23796.0,-2688.0,16021.0,-6330.0,5686.0,53668.0
366,-8540.0,-21956.0,18980.0,-2688.0,17083.0,-7878.0,6099.0,53675.0
367,-3276.0,-14516.0,7776.0,-2704.0,16275.0,-8700.0,5138.0,53681.0
368,28628.0,10496.0,-32768.0,-2736.0,1207.0,-7039.0,-2393.0,53687.0
369,32767.0,-11128.0,-32768.0,-2688.0,-10056.0,-11387.0,-23433.0,53693.0
370,32767.0,-32768.0,-32768.0,-2704.0,8358.0,-25710.0,-15076.0,53699.0
371,12572.0,-32768.0,440.0,-2672.0,18577.0,-8518.0,13988.0,53706.0
372,-19808.0,-29148.0,27836.0,-2704.0,18405.0,23556.0,15114.0,53712.0
373,-32768.0,-32768.0,32767.0,-2704.0,19086.0,26470.0,15346.0,53719.0
374,-32768.0,-32768.0,32092.0,-2736.0,20298.0,10371.0,8956.0,53725.0
375,-24876.0,-29996.0,2328.0,-2720.0,17659.0,-8268.0,634.0,53731.0
376,-6360.0,-17600.0,-12476.0,-2672.0,15874.0,-16624.0,-2419.0,53737.0
377,20324.0,-10024.0,-7056.0,-2736.0,16787.0,-22058.0,-2894.0,53743.0
378,30244.0,-7616.0,3504.0,-2720.0,17611.0,-21310.0,-1692.0,53750.0
379,15148.0,-10724.0,7856.0,-2720.0,15506.0,-8737.0,252.0,53756.0
380,572.0,-12476.0,4796.0,-2704.0,12390.0,1812.0,2224.0,53763.0
381,-1116.0,-14656.0,996.0,-2752.0,11114.0,347.0,1208.0,53769.0
382,2672.0,-16888.0,412.0,-2720.0,11122.0,-5990.0,-858.0,53774.0
383,5148.0,-18692.0,984.0,-2704.0,11056.0,-6621.0,-434.0,53780.0
384,5920.0,-19036.0,-32.0,-2736.0,10727.0,-2198.0,1177.0,53786.0
385,5892.0,-18368.0,-580.0,-2704.0,10483.0,1151.0,1788.0,53792.0
386,4200.0,-18480.0,-712.0,-2752.0,10749.0,2010.0,1447.0,53798.0
387,1952.0,-18900.0,-1920.0,-2704.0,11349.0,1677.0,938.0,53805.0
388,1700.0,-17484.0,-2392.0,-2704.0,11744.0,1365.0,349.0,53811.0
389,2284.0,-15516.0,-1168.0,-2720.0,11548.0,1667.0,-41.0,53817.0
390,2384.0,-14928.0,268.0,-2704.0,10856.0,2608.0,148.0,53823.0
391,1984.0,-15420.0,1308.0,-2704.0,10036.0,3644.0,372.0,53828.0
392,1716.0,-15348.0,936.0,-2704.0,9104.0,4248.0,287.0,53834.0
393,2080.0,-15284.0,484.0,-2704.0,8322.0,4222.0,-219.0,53840.0
394,2668.0,-15140.0,-552.0,-2736.0,7804.0,3682.0,-679.0,53847.0
395,2984.0,-15404.0,-1164.0,-2736.0,7572.0,3038.0,-902.0,53853.0
396,2828.0,-16140.0,-1164.0,-2736.0,7665.0,2598.0,-1007.0,53859.0
397,2124.0,-16900.0,-1088.0,-2704.0,7878.0,2339.0,-1311.0,53865.0
398,1564.0,-16728.0,-636.0,-2736.0,7937.0,1974.0,-1611.0,53871.0
399,1804.0,-16100.0,-416.0,-2720.0,7696.0,1320.0,-1814.0,53876.0
400,2832.0,-15516.0,-520.0,-2720.0,7335.0,465.0,-1955.0,53882.0
401,4196.0,-15464.0,-768.0,-2720.0,7090.0,-162.0,-1989.0,53889.0
402,5792.0,-15080.0,-644.0,-2720.0,6900.0,-331.0,-1929.0,53895.0
403,6868.0,-14588.0,-172.0,-2720.0,6537.0,101.0,-1641.0,53901.0
404,7392.0,-14588.0,252.0,-2752.0,6189.0,1144.0,-1223.0,53907.0
405,7156.0,-14732.0,228.0,-2736.0,5908.0,2516.0,-757.0,53913.0
406,6244.0,-15020.0,344.0,-2704.0,5655.0,3840.0,-456.0,53918.0
407,5048.0,-15176.0,336.0,-2704.0,5509.0,4792.0,-337.0,53924.0
408,4320.0,-15524.0,-196.0,-2736.0,5438.0,5296.0,-349.0,53931.0
409,4016.0,-15440.0,-592.0,-2704.0,5386.0,5355.0,-353.0,53937.0
410,3832.0,-15400.0,-876.0,-2704.0,5169.0,5290.0,-386.0,53943.0
411,3440.0,-15704.0,-1008.0,-2720.0,4980.0,5185.0,-297.0,53948.0
412,2956.0,-16092.0,-1304.0,-2720.0,4769.0,4897.0,-305.0,53954.0
413,2668.0,-16232.0,-1000.0,-2704.0,4619.0,4325.0,-317.0,53960.0
414,2764.0,-16168.0,-836.0,-2704.0,4502.0,3631.0,-370.0,53966.0
415,3272.0,-16128.0,-640.0,-2736.0,4412.0,2973.0,-417.0,53972.0
416,3812.0,-15984.0,-508.0,-2704.0,4329.0,2457.0,-428.0,53979.0
417,4392.0,-15936.0,-168.0,-2688.0,4259.0,2249.0,-401.0,53984.0
418,4864.0,-16108.0,-64.0,-2720.0,4229.0,2254.0,-281.0,53990.0
419,5344.0,-16204.0,-276.0,-2736.0,4236.0,2437.0,-179.0,53996.0
420,5788.0,-16040.0,-380.0,-2736.0,4252.0,2640.0,2.0,54002.0
421,5916.0,-15944.0,-84.0,-2752.0,4288.0,3043.0,252.0,54007.0
422,5596.0,-15916.0,-84.0,-2736.0,4321.0,3497.0,429.0,54013.0
423,4968.0,-15992.0,-208.0,-2752.0,4391.0,3841.0,586.0,54020.0
424,4516.0,-16056.0,28.0,-2720.0,4473.0,3985.0,654.0,54026.0
425,4168.0,-16216.0,16.0,-2704.0,4580.0,3861.0,726.0,54031.0
426,4212.0,-16196.0,-48.0,-2720.0,4713.0,3567.0,687.0,54037.0
427,4052.0,-16356.0,28.0,-2704.0,4826.0,3333.0,748.0,54043.0
428,4044.0,-16516.0,-44.0,-2704.0,5001.0,3169.0,827.0,54049.0
429,4092.0,-16540.0,140.0,-2720.0,5158.0,3033.0,880.0,54054.0
430,3924.0,-16516.0,108.0,-2704.0,5335.0,2970.0,948.0,54061.0
431,4020.0,-16728.0,56.0,-2736.0,5573.0,2837.0,1107.0,54067.0
432,4144.0,-16552.0,-164.0,-2720.0,5857.0,2609.0,1161.0,54073.0
433,4416.0,-16436.0,16.0,-2752.0,6095.0,2390.0,1268.0,54078.0
434,4612.0,-16316.0,92.0,-2704.0,6322.0,2216.0,1368.0,54084.0
435,4620.0,-16300.0,208.0,-2736.0,6548.0,2225.0,1490.0,54090.0
436,4548.0,-16268.0,468.0,-2704.0,6731.0,2282.0,1563.0,54096.0
437,4396.0,-16340.0,844.0,-2704.0,6866.0,2197.0,1591.0,54103.0
438,4388.0,-16452.0,1244.0,-2736.0,6944.0,2034.0,1671.0,54109.0
439,4668.0,-16568.0,1424.0,-2720.0,7021.0,2136.0,1709.0,54114.0
440,4724.0,-16468.0,1672.0,-2720.0,7083.0,2317.0,1750.0,54120.0
441,4644.0,-16492.0,1680.0,-2704.0,7132.0,2616.0,1810.0,54126.0
442,4392.0,-16652.0,1916.0,-2736.0,7185.0,2975.0,1809.0,54132.0
443,4232.0,-17084.0,2136.0,-2704.0,7247.0,3301.0,1875.0,54138.0
444,4492.0,-17228.0,1880.0,-2720.0,7409.0,3724.0,1948.0,54145.0
445,4168.0,-17604.0,1752.0,-2720.0,7590.0,4021.0,2121.0,54151.0
446,4036.0,-17676.0,1660.0,-2736.0,7811.0,4296.0,2183.0,54157.0
447,3560.0,-18116.0,1884.0,-2736.0,8070.0,4405.0,2314.0,54162.0
448,3832.0,-18652.0,1836.0,-2704.0,8328.0,4548.0,2300.0,54168.0
449,6064.0,-18120.0,1388.0,-2720.0,8661.0,4643.0,1855.0,54174.0
450,3700.0,-17988.0,1332.0,-2720.0,8950.0,4470.0,2812.0,54180.0
451,3780.0,-18636.0,2196.0,-2720.0,9212.0,4571.0,3259.0,54187.0
452,3284.0,-18464.0,2400.0,-2704.0,9507.0,4525.0,3173.0,54193.0
453,3192.0,-18432.0,1908.0,-2736.0,9818.0,3879.0,3556.0,54199.0
454,3248.0,-18276.0,2032.0,-2752.0,10129.0,3667.0,3916.0,54205.0
455,3096.0,-18468.0,2516.0,-2720.0,10397.0,3533.0,4158.0,54210.0
456,2696.0,-18924.0,2840.0,-2736.0,10741.0,3320.0,4552.0,54216.0
457,1988.0,-19524.0,2952.0,-2720.0,11049.0,3124.0,4838.0,54222.0
458,1356.0,-19920.0,2828.0,-2736.0,11388.0,2896.0,5103.0,54228.0
459,844.0,-20304.0,3064.0,-2720.0,11750.0,2623.0,5490.0,54235.0
460,448.0,-20728.0,3416.0,-2720.0,12098.0,2337.0,5849.0,54241.0
461,284.0,-21160.0,3372.0,-2736.0,12469.0,2023.0,6255.0,54247.0
462,584.0,-21180.0,3284.0,-2736.0,12853.0,1719.0,6929.0,54253.0
463,220.0,-22132.0,3316.0,-2720.0,13292.0,1140.0,7851.0,54259.0
464,5416.0,-21884.0,2712.0,-2720.0,13665.0,1654.0,7278.0,54265.0
465,4116.0,-22020.0,2640.0,-2736.0,14149.0,2032.0,7372.0,54272.0
466,5684.0,-22100.0,2272.0,-2688.0,14600.0,1981.0,7615.0,54278.0
467,6840.0,-22392.0,1876.0,-2736.0,15056.0,2473.0,7972.0,54283.0
468,7544.0,-22536.0,2088.0,-2704.0,15503.0,3442.0,7962.0,54289.0
469,7140.0,-23416.0,1924.0,-2720.0,15978.0,4375.0,8417.0,54295.0
470,5116.0,-23636.0,2620.0,-2736.0,16384.0,5409.0,9328.0,54301.0
471,3180.0,-25400.0,3924.0,-2688.0,16546.0,5457.0,10421.0,54307.0
472,3224.0,-28412.0,3444.0,-2736.0,16828.0,4607.0,11036.0,54313.0
473,5016.0,-29892.0,3512.0,-2736.0,17455.0,4135.0,11360.0,54320.0
474,6936.0,-29416.0,2824.0,-2720.0,18130.0,3839.0,11290.0,54326.0
475,9224.0,-29512.0,1528.0,-2704.0,18707.0,4500.0,11316.0,54332.0
476,11752.0,-30920.0,288.0,-2688.0,19293.0,5750.0,11056.0,54338.0
477,13384.0,-31824.0,-1980.0,-2720.0,19747.0,7323.0,10802.0,54344.0
478,14968.0,-31772.0,-5208.0,-2736.0,19944.0,8789.0,10115.0,54350.0
479,15840.0,-32388.0,-9380.0,-2704.0,19777.0,10967.0,9185.0,54356.0
480,16140.0,-32768.0,-13260.0,-2736.0,19744.0,13088.0,8688.0,54363.0
481,14324.0,-32768.0,-15824.0,-2704.0,19639.0,14759.0,8965.0,54369.0
482,11572.0,-31692.0,-16796.0,-2720.0,19148.0,15992.0,9674.0,54375.0
483,8616.0,-28996.0,-17288.0,-2720.0,18296.0,17009.0,10270.0,54382.0
484,5900.0,-25328.0,-17932.0,-2720.0,17153.0,17387.0,10451.0,54388.0
485,3576.0,-22080.0,-15856.0,-2704.0,15835.0,16976.0,10740.0,54394.0
486,1344.0,-18892.0,-12044.0,-2704.0,14450.0,15656.0,11014.0,54401.0
487,484.0,-17360.0,-3376.0,-2704.0,13893.0,12661.0,10875.0,54407.0
488,252.0,-18112.0,6480.0,-2704.0,13878.0,9171.0,10842.0,54413.0
489,1164.0,-18972.0,7520.0,-2720.0,13158.0,5481.0,9820.0,54419.0
490,1064.0,-20080.0,5924.0,-2768.0,11768.0,1413.0,8171.0,54425.0
491,1420.0,-21176.0,3720.0,-2752.0,10459.0,-2477.0,6306.0,54431.0
492,1928.0,-22820.0,4464.0,-2736.0,10213.0,-5636.0,4791.0,54437.0
493,3264.0,-23440.0,4780.0,-2720.0,10846.0,-6876.0,3924.0,54444.0
494,4472.0,-22116.0,3848.0,-2736.0,11383.0,-6938.0,3673.0,54450.0
495,6772.0,-18372.0,1296.0,-2704.0,11786.0,-6590.0,3788.0,54456.0
496,9512.0,-13416.0,1308.0,-2720.0,11941.0,-5131.0,3514.0,54462.0
497,10324.0,-9160.0,636.0,-2768.0,11352.0,-1864.0,3230.0,54468.0
498,9620.0,-6200.0,-1084.0,-2720.0,9306.0,2413.0,3176.0,54473.0
499,8952.0,-4656.0,-2148.0,-2720.0,6866.0,6448.0,2694.0,54479.0
500,7236.0,-4652.0,-3976.0,-2752.0,4579.0,9081.0,1857.0,54486.0
501,5468.0,-4356.0,-6584.0,-2736.0,2803.0,10456.0,1088.0,54492.0
502,4440.0,-3084.0,-8712.0,-2736.0,1067.0,10631.0,349.0,54498.0
503,3760.0,-1724.0,-9736.0,-2704.0,-884.0,10320.0,-435.0,54504.0
504,2892.0,-836.0,-9192.0,-2736.0,-2757.0,9922.0,-1119.0,54510.0
505,1508.0,-736.0,-8648.0,-2736.0,-4427.0,9448.0,-1576.0,54515.0
506,228.0,-1192.0,-7588.0,-2736.0,-5840.0,8817.0,-1924.0,54521.0
507,-1260.0,-1620.0,-6788.0,-2704.0,-7153.0,7898.0,-2333.0,54528.0
508,-2100.0,-1936.0,-6432.0,-2736.0,-8471.0,6768.0,-2910.0,54534.0
509,-2852.0,-2312.0,-5796.0,-2688.0,-9786.0,5133.0,-3785.0,54540.0
510,-3160.0,-2544.0,-5048.0,-2688.0,-10983.0,2989.0,-4791.0,54546.0
511,-3000.0,-2724.0,-5064.0,-2736.0,-12357.0,578.0,-5918.0,54552.0
512,-2616.0,-2860.0,-5052.0,-2720.0,-13827.0,-1561.0,-6999.0,54558.0
513,-2136.0,-3008.0,-5276.0,-2736.0,-15404.0,-3163.0,-7987.0,54563.0
514,-1464.0,-3232.0,-5712.0,-2736.0,-17076.0,-4116.0,-8764.0,54569.0
515,-664.0,-3304.0,-6564.0,-2704.0,-18962.0,-4747.0,-9661.0,54576.0
516,-96.0,-3764.0,-7212.0,-2736.0,-20698.0,-5059.0,-10391.0,54582.0
517,384.0,-4464.0,-7200.0,-2720.0,-22297.0,-5207.0,-11029.0,54588.0
518,-1708.0,-7804.0,-9016.0,-2704.0,-23429.0,-5127.0,-11575.0,54594.0
519,724.0,-6464.0,-6604.0,-2720.0,-24935.0,-5309.0,-11973.0,54600.0
520,1420.0,-7184.0,-6260.0,-2736.0,-26107.0,-5212.0,-12438.0,54606.0
521,1748.0,-7544.0,-6028.0,-2720.0,-27453.0,-4912.0,-12797.0,54612.0
522,2292.0,-8344.0,-6076.0,-2736.0,-28812.0,-4563.0,-13198.0,54619.0
523,3076.0,-9632.0,-5676.0,-2736.0,-30090.0,-4183.0,-13582.0,54625.0
524,3700.0,-11112.0,-5480.0,-2720.0,-31242.0,-3583.0,-13986.0,54631.0
525,3864.0,-12472.0,-5060.0,-2752.0,-32308.0,-2605.0,-14403.0,54637.0
526,4308.0,-13784.0,-4596.0,-2720.0,-32768.0,-1322.0,-14757.0,54643.0
527,4344.0,-14856.0,-4448.0,-2736.0,-32768.0,88.0,-15008.0,54649.0
528,3944.0,-16336.0,-4264.0,-2752.0,-32768.0,1426.0,-15269.0,54656.0
529,3196.0,-17680.0,-3936.0,-2752.0,-32768.0,2570.0,-15481.0,54662.0
530,1988.0,-18652.0,-3644.0,-2720.0,-32768.0,3398.0,-15638.0,54668.0
531,848.0,-19828.0,-3304.0,-2704.0,-32768.0,3780.0,-15725.0,54674.0
532,-164.0,-21128.0,-2680.0,-2704.0,-32768.0,3879.0,-15786.0,54680.0
533,-1124.0,-22440.0,-2096.0,-2720.0,-32768.0,3738.0,-15926.0,54686.0
534,-1460.0,-23740.0,-1636.0,-2704.0,-32768.0,3413.0,-16390.0,54693.0
535,-1760.0,-25064.0,-1492.0,-2752.0,-32768.0,2808.0,-16981.0,54700.0
536,-1880.0,-26744.0,-1128.0,-2720.0,-32768.0,1807.0,-17556.0,54706.0
537,-2284.0,-28696.0,-44.0,-2704.0,-32768.0,511.0,-18094.0,54712.0
538,-3152.0,-29756.0,1200.0,-2752.0,-32768.0,-981.0,-18568.0,54718.0
539,-5724.0,-31976.0,2476.0,-2736.0,-32768.0,-3001.0,-19103.0,54724.0
540,-4576.0,-32084.0,4708.0,-2752.0,-32768.0,-4753.0,-18196.0,54731.0
541,-5428.0,-32768.0,5980.0,-2704.0,-32768.0,-6232.0,-20625.0,54737.0
542,-8020.0,-32768.0,7372.0,-2720.0,-32768.0,-8126.0,-20782.0,54744.0
543,-6332.0,-32768.0,8348.0,-2768.0,-32768.0,-10300.0,-19888.0,54750.0
544,-5896.0,-32768.0,9676.0,-2720.0,-32768.0,-12487.0,-19747.0,54757.0
545,-5104.0,-32768.0,11216.0,-2736.0,-32768.0,-14352.0,-18106.0,54763.0
546,-3104.0,-32768.0,14376.0,-2720.0,-32768.0,-16037.0,-16521.0,54769.0
547,-1292.0,-32768.0,19684.0,-2704.0,-31097.0,-16233.0,-14775.0,54776.0
548,-264.0,-32768.0,24140.0,-2736.0,-28147.0,-15376.0,-12892.0,54782.0
549,900.0,-32768.0,27776.0,-2736.0,-25154.0,-14273.0,-10251.0,54789.0
550,4372.0,-32768.0,27968.0,-2704.0,-22837.0,-12064.0,-10357.0,54796.0
551,2108.0,-30992.0,27852.0,-2704.0,-20420.0,-9985.0,-9983.0,54802.0
552,2940.0,-30312.0,28612.0,-2768.0,-17728.0,-8653.0,-8959.0,54808.0
553,3952.0,-28932.0,30636.0,-2752.0,-14961.0,-6475.0,-8650.0,54814.0
554,4068.0,-28716.0,32767.0,-2720.0,-11944.0,-2754.0,-7850.0,54820.0
555,2348.0,-28588.0,32767.0,-2736.0,-8191.0,1539.0,-6284.0,54827.0
556,-2160.0,-27580.0,32767.0,-2720.0,-4151.0,4705.0,-3860.0,54833.0
557,-5496.0,-26492.0,32767.0,-2752.0,277.0,6399.0,-1528.0,54839.0
558,-9208.0,-25740.0,32767.0,-2704.0,4473.0,6264.0,1084.0,54845.0
559,-16928.0,-23948.0,31900.0,-2720.0,6973.0,4697.0,5438.0,54851.0
560,-11324.0,-23844.0,27312.0,-2720.0,10416.0,2359.0,8527.0,54857.0
561,-12952.0,-22160.0,23300.0,-2736.0,12288.0,522.0,6464.0,54863.0
562,-9628.0,-17084.0,15816.0,-2736.0,12002.0,-2273.0,5519.0,54870.0
563,11652.0,-488.0,-26348.0,-2736.0,2794.0,-7284.0,-1451.0,54876.0
564,32767.0,-15072.0,-32768.0,-2736.0,-3120.0,-11836.0,-13620.0,54882.0
565,29940.0,-32768.0,-29068.0,-2704.0,2709.0,-15541.0,-9313.0,54889.0
566,6680.0,-32768.0,1120.0,-2736.0,15003.0,-3423.0,6269.0,54895.0
567,-12592.0,-32768.0,31444.0,-2736.0,19265.0,12761.0,7898.0,54901.0
568,-17364.0,-32768.0,32767.0,-2720.0,22077.0,5881.0,2776.0,54907.0
569,-18340.0,-32768.0,19364.0,-2720.0,22011.0,-12824.0,1516.0,54914.0
570,-17208.0,-32768.0,-2584.0,-2736.0,19630.0,-16385.0,4588.0,54920.0
571,-6712.0,-23764.0,-9568.0,-2720.0,20671.0,-11716.0,4338.0,54926.0
572,9280.0,-6416.0,-7192.0,-2704.0,20269.0,-14617.0,1686.0,54933.0
573,16788.0,3056.0,2092.0,-2720.0,17330.0,-15717.0,-140.0,54939.0
574,14856.0,756.0,5344.0,-2736.0,13450.0,-10986.0,1131.0,54945.0
575,13068.0,-9420.0,276.0,-2704.0,11873.0,-6414.0,917.0,54951.0
576,9888.0,-14844.0,-1256.0,-2736.0,11853.0,-3020.0,860.0,54957.0
577,8980.0,-15736.0,-1612.0,-2720.0,11815.0,2.0,1232.0,54963.0
578,8004.0,-17280.0,168.0,-2688.0,11066.0,4422.0,2343.0,54969.0
579,4544.0,-19892.0,1672.0,-2720.0,10532.0,10005.0,2969.0,54975.0
580,-92.0,-19624.0,244.0,-2720.0,10032.0,12801.0,2162.0,54981.0
581,-2796.0,-17888.0,-1544.0,-2720.0,9502.0,11684.0,685.0,54987.0
582,-2284.0,-16348.0,-3236.0,-2736.0,9180.0,8197.0,-561.0,54993.0
583,-608.0,-14716.0,-2524.0,-2720.0,8797.0,4948.0,-881.0,55000.0
584,1068.0,-14092.0,-1664.0,-2752.0,8175.0,3518.0,-897.0,55006.0
585,1452.0,-14092.0,-960.0,-2720.0,7498.0,3193.0,-1304.0,55011.0
586,804.0,-13784.0,-988.0,-2720.0,6807.0,2498.0,-2042.0,55017.0
587,1104.0,-13924.0,-992.0,-2720.0,6261.0,1387.0,-2442.0,55023.0
588,2732.0,-14588.0,-1268.0,-2736.0,5777.0,541.0,-2464.0,55029.0
589,4504.0,-15452.0,-1412.0,-2736.0,5542.0,597.0,-2335.0,55035.0
590,5424.0,-15720.0,-1772.0,-2736.0,5380.0,988.0,-2248.0,55042.0
591,5856.0,-15304.0,-1788.0,-2752.0,5201.0,1440.0,-2126.0,55048.0
592,5840.0,-15088.0,-1384.0,-2736.0,4959.0,1943.0,-1973.0,55054.0
593,5868.0,-15180.0,-1124.0,-2720.0,4719.0,2461.0,-1844.0,55060.0
594,5976.0,-15132.0,-1232.0,-2704.0,4507.0,2817.0,-1641.0,55065.0
595,6016.0,-15220.0,-1336.0,-2752.0,4340.0,3073.0,-1479.0,55071.0
596,6264.0,-15288.0,-1188.0,-2720.0,4199.0,3234.0,-1211.0,55077.0
597,6068.0,-15596.0,-1044.0,-2736.0,4097.0,3574.0,-948.0,55084.0
598,5760.0,-15724.0,-1088.0,-2720.0,4042.0,3854.0,-785.0,55090.0
599,5480.0,-15404.0,-988.0,-2752.0,3924.0,3762.0,-631.0,55096.0
600,5552.0,-15524.0,-1272.0,-2720.0,3872.0,3610.0,-443.0,55102.0
601,5444.0,-15876.0,-1252.0,-2704.0,3866.0,3572.0,-262.0,55108.0
602,5276.0,-15940.0,-1528.0,-2736.0,3948.0,3676.0,-94.0,55114.0
603,4948.0,-16156.0,-1588.0,-2736.0,4118.0,3761.0,-6.0,55119.0
604,4448.0,-16428.0,-1668.0,-2768.0,4310.0,3780.0,47.0,55126.0
605,4248.0,-16684.0,-1648.0,-2768.0,4592.0,3632.0,2.0,55132.0
606,4452.0,-16560.0,-1668.0,-2736.0,4804.0,3348.0,124.0,55138.0
607,4852.0,-16384.0,-1768.0,-2736.0,5032.0,3052.0,221.0,55144.0
608,5304.0,-16240.0,-1876.0,-2736.0,5234.0,2924.0,344.0,55150.0
609,5728.0,-15960.0,-1792.0,-2704.0,5458.0,2878.0,534.0,55155.0
610,5788.0,-15996.0,-1556.0,-2752.0,5645.0,2902.0,799.0,55161.0
611,5792.0,-16000.0,-1352.0,-2720.0,5830.0,2865.0,1048.0,55168.0
612,5788.0,-15964.0,-1488.0,-2736.0,5976.0,2767.0,1255.0,55174.0
613,5908.0,-15960.0,-1036.0,-2752.0,6113.0,2622.0,1526.0,55180.0
614,5896.0,-15984.0,-948.0,-2720.0,6208.0,2662.0,1790.0,55186.0
615,5556.0,-16100.0,-724.0,-2720.0,6302.0,2835.0,1983.0,55192.0
616,5092.0,-16092.0,-480.0,-2704.0,6383.0,2910.0,2117.0,55198.0
617,4684.0,-15992.0,-380.0,-2736.0,6403.0,2825.0,2219.0,55203.0
618,4464.0,-15760.0,60.0,-2704.0,6399.0,2637.0,2297.0,55209.0
619,4348.0,-15896.0,152.0,-2704.0,6339.0,2483.0,2367.0,55216.0
620,4356.0,-15824.0,372.0,-2752.0,6288.0,2381.0,2404.0,55222.0
621,4116.0,-15844.0,628.0,-2736.0,6194.0,2278.0,2363.0,55228.0
622,4228.0,-16032.0,736.0,-2736.0,6130.0,2204.0,2367.0,55234.0
623,4276.0,-16084.0,740.0,-2768.0,6030.0,2237.0,2343.0,55239.0
624,3964.0,-16080.0,1084.0,-2704.0,5930.0,2311.0,2290.0,55245.0
625,3704.0,-16120.0,1132.0,-2736.0,5810.0,2409.0,2323.0,55251.0
626,3564.0,-16348.0,1200.0,-2720.0,5725.0,2435.0,2265.0,55258.0
627,3388.0,-16260.0,1436.0,-2720.0,5630.0,2369.0,2205.0,55264.0
628,3528.0,-16320.0,1424.0,-2736.0,5513.0,2258.0,2134.0,55270.0
629,3848.0,-16380.0,1536.0,-2768.0,5403.0,2218.0,2130.0,55276.0
630,3872.0,-16364.0,1540.0,-2736.0,5370.0,2274.0,2130.0,55281.0
631,3856.0,-16476.0,1460.0,-2720.0,5300.0,2397.0,2128.0,55287.0
632,3796.0,-16416.0,1452.0,-2720.0,5291.0,2443.0,2132.0,55293.0
633,4084.0,-16140.0,1348.0,-2736.0,5286.0,2477.0,2127.0,55300.0
634,4320.0,-16484.0,1316.0,-2704.0,5290.0,2515.0,2135.0,55306.0
635,4424.0,-16656.0,1300.0,-2736.0,5315.0,2612.0,2125.0,55312.0
636,4232.0,-16596.0,1236.0,-2736.0,5358.0,2758.0,2179.0,55318.0
637,4096.0,-16948.0,1500.0,-2752.0,5457.0,2936.0,2182.0,55324.0
638,3840.0,-16980.0,1412.0,-2736.0,5558.0,3054.0,2206.0,55329.0
639,3704.0,-17284.0,1536.0,-2704.0,5683.0,3163.0,2263.0,55335.0
640,3608.0,-17404.0,1364.0,-2736.0,5830.0,3192.0,2303.0,55342.0
641,4884.0,-17944.0,1772.0,-2720.0,6040.0,3341.0,2076.0,55348.0
642,7208.0,-16672.0,896.0,-2720.0,6243.0,3358.0,1412.0,55354.0
643,5208.0,-16196.0,296.0,-2752.0,6320.0,3545.0,2345.0,55360.0
644,3636.0,-16800.0,1532.0,-2720.0,6531.0,4217.0,2471.0,55366.0
645,2600.0,-16512.0,2200.0,-2736.0,6738.0,3933.0,2446.0,55372.0
646,2856.0,-16672.0,1696.0,-2736.0,6974.0,3433.0,2804.0,55377.0
647,3316.0,-16784.0,1624.0,-2752.0,7188.0,3168.0,2887.0,55384.0
648,3712.0,-16964.0,1856.0,-2752.0,7420.0,2962.0,3104.0,55390.0
649,3852.0,-17160.0,1932.0,-2736.0,7645.0,2782.0,3265.0,55396.0
650,3540.0,-17180.0,2128.0,-2736.0,7909.0,2686.0,3445.0,55402.0
651,3280.0,-17324.0,2216.0,-2736.0,8147.0,2451.0,3568.0,55408.0
652,2948.0,-17612.0,2448.0,-2720.0,8370.0,2183.0,3740.0,55414.0
653,2844.0,-17916.0,2572.0,-2720.0,8562.0,2010.0,3924.0,55420.0
654,2612.0,-18128.0,2564.0,-2736.0,8780.0,1949.0,4138.0,55426.0
655,2304.0,-18404.0,2628.0,-2736.0,9004.0,1894.0,4391.0,55432.0
656,1704.0,-18416.0,2832.0,-2736.0,9232.0,1813.0,4557.0,55438.0
657,1408.0,-18512.0,2972.0,-2736.0,9487.0,1687.0,4789.0,55444.0
658,1224.0,-18688.0,2952.0,-2720.0,9755.0,1498.0,5017.0,55450.0
659,236.0,-19604.0,2632.0,-2768.0,10102.0,1232.0,5562.0,55456.0
660,2824.0,-18700.0,2788.0,-2704.0,10416.0,1367.0,5838.0,55462.0
661,656.0,-18564.0,2892.0,-2720.0,10762.0,1270.0,5743.0,55469.0
662,1724.0,-19096.0,2924.0,-2704.0,11154.0,431.0,6049.0,55474.0
663,3136.0,-19536.0,2852.0,-2736.0,11550.0,70.0,6185.0,55480.0
664,4376.0,-19828.0,2632.0,-2736.0,11950.0,25.0,6372.0,55486.0
665,5376.0,-20100.0,2516.0,-2736.0,12375.0,268.0,6581.0,55492.0
666,5952.0,-20504.0,2420.0,-2720.0,12770.0,760.0,6787.0,55498.0
667,5788.0,-21252.0,2400.0,-2720.0,13150.0,1474.0,7102.0,55504.0
668,4536.0,-22172.0,3332.0,-2736.0,13298.0,2247.0,7807.0,55511.0
669,4176.0,-24024.0,3944.0,-2720.0,13519.0,2252.0,8491.0,55517.0
670,4748.0,-24928.0,3248.0,-2736.0,13930.0,2283.0,8898.0,55523.0
671,5640.0,-24528.0,2104.0,-2736.0,14325.0,2610.0,8961.0,55528.0
672,6096.0,-24060.0,1944.0,-2720.0,14766.0,3067.0,9137.0,55534.0
673,6128.0,-24924.0,2216.0,-2768.0,15175.0,3988.0,9211.0,55540.0
674,5092.0,-26136.0,2108.0,-2720.0,15453.0,5143.0,9609.0,55546.0
675,5836.0,-28336.0,1868.0,-2736.0,15928.0,6141.0,10002.0,55553.0
676,5320.0,-29256.0,2456.0,-2720.0,16302.0,6951.0,10292.0,55559.0
677,6884.0,-30356.0,2736.0,-2752.0,16740.0,7639.0,10429.0,55565.0
678,8812.0,-30960.0,1032.0,-2736.0,17061.0,8747.0,9614.0,55571.0
679,10756.0,-32616.0,-2100.0,-2752.0,17433.0,10534.0,8681.0,55577.0
680,11376.0,-32768.0,-5260.0,-2752.0,17832.0,12611.0,8583.0,55583.0
681,10832.0,-32768.0,-8764.0,-2720.0,17924.0,14907.0,9162.0,55589.0
682,9464.0,-31776.0,-10896.0,-2736.0,17891.0,16651.0,9944.0,55596.0
683,6812.0,-29196.0,-13880.0,-2736.0,17464.0,17796.0,10496.0,55602.0
684,3436.0,-26288.0,-15404.0,-2720.0,16932.0,17300.0,10977.0,55608.0
685,696.0,-23152.0,-16064.0,-2720.0,16009.0,16194.0,11316.0,55615.0
686,-1660.0,-20400.0,-15500.0,-2752.0,14910.0,14146.0,11364.0,55621.0
687,-3248.0,-16856.0,-13016.0,-2736.0,13632.0,11543.0,11379.0,55627.0
688,-3372.0,-14620.0,-8808.0,-2736.0,12268.0,8400.0,11373.0,55633.0
689,-3244.0,-14012.0,-2004.0,-2768.0,11366.0,4169.0,11375.0,55640.0
690,-3032.0,-15916.0,7612.0,-2720.0,11660.0,-629.0,11422.0,55646.0
691,-2900.0,-18568.0,14712.0,-2704.0,12633.0,-4993.0,10716.0,55652.0
692,-4788.0,-20152.0,13732.0,-2752.0,13048.0,-9598.0,9696.0,55658.0
693,-3968.0,-20128.0,11452.0,-2720.0,13055.0,-13588.0,8416.0,55664.0
694,-644.0,-19200.0,9820.0,-2752.0,12838.0,-16653.0,6993.0,55670.0
695,2056.0,-15928.0,4836.0,-2736.0,12203.0,-18363.0,7124.0,55676.0
696,12384.0,-13076.0,2792.0,-2736.0,11037.0,-16310.0,6098.0,55683.0
697,13436.0,-12108.0,1048.0,-2736.0,10766.0,-11820.0,3286.0,55689.0
698,13168.0,-7168.0,-3456.0,-2736.0,9202.0,-6566.0,2699.0,55695.0
699,11752.0,-3388.0,-6596.0,-2736.0,6279.0,-2344.0,2975.0,55701.0
700,9996.0,-2500.0,-6864.0,-2720.0,3724.0,75.0,3515.0,55707.0
701,9072.0,-3104.0,-6428.0,-2752.0,2240.0,1301.0,3511.0,55713.0
702,7808.0,-2544.0,-6948.0,-2752.0,926.0,2043.0,3258.0,55719.0
703,6192.0,-1992.0,-7128.0,-2720.0,-489.0,2766.0,3094.0,55726.0
704,4680.0,-1720.0,-7016.0,-2720.0,-2036.0,3712.0,3405.0,55731.0
705,3068.0,-1768.0,-6460.0,-2720.0,-3580.0,4424.0,3419.0,55737.0
706,1844.0,-2108.0,-5600.0,-2736.0,-5021.0,4399.0,3005.0,55743.0
707,1096.0,-2796.0,-4444.0,-2736.0,-6241.0,3944.0,2289.0,55749.0
708,504.0,-2644.0,-3924.0,-2736.0,-7419.0,3192.0,1323.0,55755.0
709,-52.0,-1976.0,-3604.0,-2768.0,-8779.0,1945.0,262.0,55761.0
710,-556.0,-1428.0,-3744.0,-2752.0,-10180.0,114.0,-754.0,55767.0
711,-792.0,-1320.0,-3340.0,-2720.0,-11573.0,-2212.0,-1763.0,55773.0
712,-564.0,-1612.0,-3212.0,-2752.0,-13000.0,-4304.0,-2768.0,55779.0
713,-520.0,-2248.0,-3080.0,-2736.0,-14468.0,-5886.0,-3433.0,55785.0
714,-340.0,-2724.0,-3028.0,-2736.0,-15995.0,-6834.0,-3769.0,55791.0
715,60.0,-3020.0,-3368.0,-2720.0,-17689.0,-7224.0,-4043.0,55797.0
716,264.0,-3584.0,-3796.0,-2720.0,-19282.0,-7451.0,-4334.0,55802.0
717,376.0,-4412.0,-4376.0,-2768.0,-20857.0,-7626.0,-4630.0,55809.0
718,944.0,-4496.0,-4796.0,-2736.0,-22411.0,-8210.0,-5052.0,55815.0
719,916.0,-5060.0,-5188.0,-2720.0,-23819.0,-9001.0,-5460.0,55821.0
720,876.0,-5600.0,-5088.0,-2768.0,-25048.0,-9914.0,-5809.0,55827.0
721,1080.0,-6040.0,-5060.0,-2736.0,-26193.0,-10891.0,-6095.0,55833.0
722,1624.0,-6880.0,-4204.0,-2736.0,-27380.0,-11885.0,-6366.0,55839.0
723,2876.0,-7612.0,-3700.0,-2720.0,-28620.0,-11887.0,-6643.0,55845.0
724,4312.0,-8928.0,-3764.0,-2736.0,-29903.0,-11516.0,-6943.0,55852.0
725,6260.0,-10524.0,-3836.0,-2752.0,-31102.0,-10941.0,-7223.0,55858.0
726,7692.0,-12080.0,-3044.0,-2720.0,-32029.0,-9983.0,-7558.0,55864.0
727,8572.0,-13520.0,-2696.0,-2736.0,-32723.0,-8830.0,-7812.0,55870.0
728,8824.0,-14380.0,-2592.0,-2736.0,-32768.0,-7462.0,-7883.0,55876.0
729,8424.0,-15368.0,-2116.0,-2720.0,-32768.0,-6317.0,-8004.0,55882.0
730,7752.0,-16668.0,-1696.0,-2736.0,-32768.0,-5229.0,-8114.0,55888.0
731,5972.0,-17708.0,-1656.0,-2736.0,-32768.0,-3949.0,-8244.0,55895.0
732,4828.0,-18084.0,-1776.0,-2752.0,-32768.0,-3003.0,-8569.0,55901.0
733,4096.0,-19312.0,-1644.0,-2752.0,-32768.0,-2279.0,-8941.0,55907.0
734,3988.0,-21064.0,-1056.0,-2768.0,-32768.0,-1773.0,-9254.0,55913.0
735,4252.0,-22780.0,-860.0,-2720.0,-32768.0,-1388.0,-9562.0,55919.0
736,4556.0,-24552.0,-452.0,-2736.0,-32768.0,-1043.0,-9953.0,55925.0
737,4024.0,-26876.0,952.0,-2736.0,-32768.0,-991.0,-10407.0,55931.0
738,2612.0,-28784.0,3348.0,-2752.0,-32768.0,-1240.0,-10945.0,55938.0
739,1048.0,-30128.0,5520.0,-2704.0,-32768.0,-1888.0,-11852.0,55944.0
740,228.0,-31148.0,7540.0,-2800.0,-32768.0,-2690.0,-12890.0,55950.0
741,720.0,-32684.0,9148.0,-2768.0,-32768.0,-3522.0,-14206.0,55956.0
742,1676.0,-32768.0,10160.0,-2736.0,-32768.0,-4261.0,-15256.0,55962.0
743,2924.0,-32768.0,11264.0,-2736.0,-32768.0,-4924.0,-15811.0,55968.0
744,6348.0,-32768.0,13188.0,-2720.0,-32768.0,-5272.0,-16164.0,55975.0
745,2060.0,-32768.0,14352.0,-2736.0,-32335.0,-5960.0,-14256.0,55982.0
746,10356.0,-32768.0,15052.0,-2736.0,-30359.0,-4646.0,-12510.0,55988.0
747,9704.0,-32768.0,17912.0,-2736.0,-28317.0,-1790.0,-14219.0,55994.0
748,6824.0,-32768.0,21072.0,-2752.0,-25689.0,665.0,-12473.0,56001.0
749,6824.0,-32768.0,23076.0,-2720.0,-22976.0,3768.0,-10641.0,56007.0
750,6000.0,-31684.0,23404.0,-2720.0,-20759.0,7239.0,-9610.0,56013.0
751,4284.0,-29032.0,24468.0,-2752.0,-18672.0,10952.0,-8504.0,56019.0
752,1288.0,-26764.0,24212.0,-2736.0,-16706.0,14656.0,-7192.0,56026.0
753,-3128.0,-25392.0,25152.0,-2752.0,-14355.0,17665.0,-6352.0,56032.0
754,-7948.0,-24112.0,26016.0,-2736.0,-11823.0,19114.0,-5114.0,56038.0
755,-12608.0,-23884.0,26576.0,-2752.0,-9132.0,19115.0,-3491.0,56045.0
756,-15104.0,-23888.0,26716.0,-2752.0,-6240.0,17618.0,-1744.0,56051.0
757,-16392.0,-23764.0,26468.0,-2768.0,-3291.0,14958.0,-125.0,56057.0
758,-16112.0,-23392.0,26476.0,-2752.0,-480.0,11285.0,785.0,56064.0
759,-15120.0,-25000.0,29032.0,-2736.0,2460.0,6922.0,2010.0,56070.0
760,-10564.0,-30656.0,32767.0,-2752.0,6958.0,2611.0,823.0,56076.0
761,-10484.0,-32768.0,32767.0,-2736.0,12020.0,-71.0,-255.0,56082.0
762,-14644.0,-32768.0,15360.0,-2720.0,13483.0,-1557.0,67.0,56088.0
763,-8132.0,-31752.0,-20848.0,-2736.0,6835.0,-7605.0,-2015.0,56094.0
764,-1284.0,-32768.0,-16216.0,-2752.0,8665.0,-14962.0,-3792.0,56100.0
765,524.0,-32768.0,3940.0,-2736.0,17062.0,-18490.0,1712.0,56107.0
766,-424.0,-25616.0,12036.0,-2720.0,20046.0,-13556.0,5665.0,56113.0
767,-7488.0,-18300.0,-372.0,-2752.0,17819.0,-10100.0,3776.0,56119.0
768,-5528.0,-11868.0,-8512.0,-2736.0,15566.0,-14044.0,2935.0,56125.0
769,5076.0,-7156.0,-7692.0,-2752.0,14342.0,-18268.0,1603.0,56132.0
770,12664.0,-5436.0,-2712.0,-2768.0,13164.0,-18618.0,212.0,56138.0
771,15948.0,-4924.0,1228.0,-2736.0,10845.0,-14651.0,-616.0,56144.0
772,13984.0,-8020.0,2564.0,-2752.0,8645.0,-7285.0,115.0,56151.0
773,10256.0,-13172.0,1308.0,-2752.0,7686.0,-528.0,1126.0,56156.0
774,7240.0,-17140.0,-724.0,-2768.0,7644.0,2974.0,1578.0,56162.0
775,5376.0,-18520.0,-1448.0,-2752.0,7707.0,4722.0,1911.0,56168.0
776,4128.0,-17864.0,-1164.0,-2752.0,7372.0,5984.0,2042.0,56174.0
777,2668.0,-16656.0,-368.0,-2736.0,6646.0,6874.0,1741.0,56180.0
778,512.0,-15648.0,-288.0,-2752.0,5718.0,7113.0,1273.0,56186.0
779,-1468.0,-15616.0,-708.0,-2752.0,4944.0,6362.0,736.0,56193.0
780,-2700.0,-16156.0,-1012.0,-2752.0,4456.0,4383.0,-43.0,56199.0
781,-3168.0,-16416.0,-1372.0,-2752.0,4197.0,1749.0,-823.0,56204.0
782,-2544.0,-16308.0,-1248.0,-2688.0,3992.0,-733.0,-1678.0,56210.0
783,-1088.0,-15624.0,-940.0,-2736.0,3631.0,-2429.0,-2367.0,56216.0
784,1156.0,-15388.0,-1096.0,-2736.0,3291.0,-3359.0,-2814.0,56222.0
785,3472.0,-15200.0,-1732.0,-2720.0,3018.0,-3728.0,-3048.0,56228.0
786,5072.0,-14920.0,-2316.0,-2736.0,2771.0,-3680.0,-3059.0,56235.0
787,6180.0,-15044.0,-2568.0,-2752.0,2640.0,-3121.0,-3013.0,56241.0
788,6296.0,-15260.0,-2456.0,-2768.0,2586.0,-2164.0,-2950.0,56247.0
789,5884.0,-15656.0,-2340.0,-2752.0,2615.0,-1100.0,-2884.0,56253.0
790,5456.0,-16064.0,-2324.0,-2704.0,2740.0,-168.0,-2812.0,56259.0
791,4908.0,-16292.0,-2504.0,-2736.0,2891.0,482.0,-2746.0,56265.0
792,4648.0,-16484.0,-2160.0,-2784.0,3020.0,901.0,-2720.0,56270.0
793,4484.0,-16668.0,-2236.0,-2784.0,3267.0,1181.0,-2749.0,56276.0
794,4388.0,-16776.0,-1976.0,-2736.0,3451.0,1202.0,-2661.0,56283.0
795,4544.0,-16312.0,-2024.0,-2752.0,3593.0,988.0,-2544.0,56289.0
796,4776.0,-16020.0,-2088.0,-2736.0,3628.0,821.0,-2368.0,56295.0
797,4976.0,-15788.0,-2060.0,-2736.0,3702.0,563.0,-2179.0,56301.0
798,5408.0,-15804.0,-1984.0,-2768.0,3785.0,363.0,-2004.0,56307.0
799,5776.0,-15996.0,-2032.0,-2752.0,3920.0,281.0,-1787.0,56313.0
800,6132.0,-16072.0,-1972.0,-2768.0,4098.0,452.0,-1501.0,56320.0
801,6280.0,-15992.0,-1792.0,-2768.0,4216.0,653.0,-1225.0,56325.0
802,6116.0,-15952.0,-1700.0,-2752.0,4316.0,839.0,-904.0,56331.0
803,5956.0,-16256.0,-1644.0,-2752.0,4481.0,1040.0,-587.0,56337.0
804,6216.0,-16060.0,-1656.0,-2752.0,4583.0,1146.0,-300.0,56343.0
805,6464.0,-15916.0,-1524.0,-2736.0,4701.0,1251.0,-51.0,56349.0
806,6400.0,-15596.0,-1360.0,-2736.0,4620.0,1482.0,236.0,56355.0
807,6244.0,-15572.0,-916.0,-2768.0,4533.0,1845.0,506.0,56361.0
808,5828.0,-15748.0,-980.0,-2768.0,4446.0,2217.0,790.0,56368.0
809,5760.0,-15880.0,-988.0,-2736.0,4383.0,2514.0,1007.0,56373.0
810,5356.0,-15800.0,-996.0,-2768.0,4310.0,2655.0,1151.0,56379.0
811,4992.0,-15760.0,-716.0,-2720.0,4188.0,2670.0,1305.0,56385.0
812,4752.0,-15900.0,-520.0,-2720.0,4066.0,2637.0,1400.0,56391.0
813,4704.0,-16076.0,-540.0,-2752.0,4015.0,2630.0,1463.0,56397.0
814,4696.0,-15972.0,-256.0,-2768.0,3960.0,2687.0,1500.0,56403.0
815,4612.0,-15796.0,-372.0,-2736.0,3847.0,2728.0,1535.0,56410.0
816,4380.0,-15756.0,-212.0,-2736.0,3740.0,2699.0,1582.0,56415.0
817,4332.0,-15736.0,-300.0,-2752.0,3660.0,2687.0,1602.0,56421.0
818,4080.0,-15952.0,-204.0,-2752.0,3557.0,2666.0,1560.0,56427.0
819,4088.0,-15924.0,-76.0,-2720.0,3471.0,2494.0,1490.0,56433.0
820,3956.0,-15824.0,200.0,-2752.0,3335.0,2305.0,1438.0,56439.0
821,4276.0,-15932.0,152.0,-2752.0,3212.0,2093.0,1351.0,56445.0
822,4452.0,-15848.0,-52.0,-2752.0,3119.0,2059.0,1426.0,56451.0
823,4448.0,-15640.0,188.0,-2720.0,2991.0,2212.0,1423.0,56457.0
824,4272.0,-15748.0,152.0,-2752.0,2900.0,2410.0,1355.0,56463.0
825,4356.0,-15664.0,160.0,-2752.0,2804.0,2528.0,1332.0,56469.0
826,4456.0,-15592.0,396.0,-2720.0,2698.0,2570.0,1283.0,56475.0
827,4408.0,-15676.0,556.0,-2752.0,2567.0,2638.0,1268.0,56481.0
828,4384.0,-15872.0,676.0,-2752.0,2485.0,2666.0,1244.0,56486.0
829,4552.0,-16192.0,516.0,-2720.0,2392.0,2718.0,1287.0,56493.0
830,4572.0,-16212.0,388.0,-2720.0,2344.0,2831.0,1282.0,56499.0
831,4488.0,-16136.0,148.0,-2752.0,2314.0,3050.0,1332.0,56505.0
832,4560.0,-16228.0,-88.0,-2720.0,2379.0,3142.0,1369.0,56511.0
833,4404.0,-16056.0,-40.0,-2736.0,2452.0,3143.0,1355.0,56516.0
834,4364.0,-16084.0,-188.0,-2768.0,2574.0,3227.0,1426.0,56522.0
835,4076.0,-16168.0,-372.0,-2736.0,2733.0,3271.0,1460.0,56528.0
836,4076.0,-15924.0,-32.0,-2768.0,2866.0,3241.0,1467.0,56535.0
837,4052.0,-16012.0,-216.0,-2736.0,3056.0,3081.0,1530.0,56541.0
838,4252.0,-15984.0,-288.0,-2736.0,3227.0,2926.0,1566.0,56547.0
839,4440.0,-16040.0,-232.0,-2736.0,3432.0,2806.0,1651.0,56552.0
840,4536.0,-16172.0,0.0,-2768.0,3588.0,2697.0,1747.0,56558.0
841,4524.0,-16140.0,36.0,-2768.0,3802.0,2658.0,1882.0,56564.0
842,4244.0,-16080.0,120.0,-2752.0,3968.0,2691.0,1973.0,56570.0
843,4420.0,-16064.0,316.0,-2752.0,4173.0,2889.0,2007.0,56577.0
844,3996.0,-16896.0,268.0,-2720.0,4443.0,2729.0,2574.0,56582.0
845,4448.0,-15972.0,220.0,-2720.0,4484.0,3069.0,2073.0,56588.0
846,3100.0,-16384.0,360.0,-2736.0,4629.0,2456.0,2089.0,56594.0
847,3088.0,-16836.0,860.0,-2736.0,4775.0,1705.0,2225.0,56600.0
848,3596.0,-16744.0,928.0,-2768.0,4886.0,1447.0,2396.0,56606.0
849,3792.0,-16512.0,900.0,-2736.0,4964.0,1317.0,2496.0,56612.0
850,3476.0,-16444.0,736.0,-2768.0,5004.0,1015.0,2655.0,56617.0
851,3620.0,-16336.0,928.0,-2736.0,5099.0,710.0,2868.0,56624.0
852,3756.0,-16092.0,1156.0,-2784.0,5124.0,665.0,3076.0,56630.0
853,3468.0,-16076.0,1108.0,-2752.0,5188.0,737.0,3262.0,56636.0
854,3036.0,-15740.0,1396.0,-2752.0,5248.0,678.0,3519.0,56642.0
855,3236.0,-15632.0,1596.0,-2736.0,5312.0,647.0,3813.0,56647.0
856,2736.0,-15932.0,1196.0,-2736.0,5518.0,435.0,3846.0,56653.0
857,2816.0,-15756.0,976.0,-2768.0,5756.0,-126.0,3988.0,56659.0
858,3536.0,-15348.0,2272.0,-2752.0,5754.0,-541.0,4108.0,56666.0
859,4668.0,-17644.0,420.0,-2752.0,6318.0,-433.0,4132.0,56672.0
860,5088.0,-17800.0,1000.0,-2752.0,6617.0,-684.0,4280.0,56678.0
861,6036.0,-17564.0,1768.0,-2784.0,6631.0,-870.0,4311.0,56683.0
862,7404.0,-17228.0,1852.0,-2768.0,6520.0,-956.0,4528.0,56689.0
863,7776.0,-17372.0,1628.0,-2736.0,6539.0,-141.0,4670.0,56695.0
864,6604.0,-17220.0,2080.0,-2768.0,6495.0,878.0,4786.0,56701.0
865,5084.0,-17208.0,2452.0,-2736.0,6398.0,1800.0,4835.0,56708.0
866,3396.0,-17660.0,3172.0,-2768.0,6304.0,2501.0,4803.0,56714.0
867,2148.0,-17840.0,3252.0,-2752.0,6235.0,2933.0,4784.0,56720.0
868,1016.0,-18176.0,3124.0,-2752.0,6144.0,3089.0,4808.0,56725.0
869,540.0,-18516.0,3260.0,-2768.0,6137.0,3088.0,4739.0,56731.0
870,496.0,-19472.0,3100.0,-2768.0,6157.0,3029.0,4666.0,56737.0
871,1216.0,-19704.0,2868.0,-2736.0,6223.0,2813.0,4408.0,56743.0
872,3996.0,-19028.0,1856.0,-2768.0,6284.0,2684.0,3757.0,56750.0
873,3688.0,-19492.0,1584.0,-2784.0,6345.0,2552.0,3941.0,56756.0
874,2076.0,-20200.0,2392.0,-2752.0,6640.0,2846.0,4812.0,56762.0
875,532.0,-19936.0,2512.0,-2784.0,6825.0,3534.0,4869.0,56767.0
876,-220.0,-19252.0,1964.0,-2768.0,7053.0,3218.0,4923.0,56773.0
877,-980.0,-19024.0,2192.0,-2736.0,7356.0,2297.0,5474.0,56779.0
878,-1356.0,-18672.0,2844.0,-2768.0,7571.0,1659.0,5799.0,56785.0
879,-1092.0,-18360.0,2616.0,-2768.0,7720.0,944.0,5760.0,56792.0
880,-284.0,-18228.0,2664.0,-2736.0,7929.0,104.0,5793.0,56798.0
881,836.0,-17984.0,2548.0,-2736.0,8091.0,-373.0,5793.0,56803.0
882,1484.0,-17688.0,2508.0,-2768.0,8281.0,-437.0,5775.0,56809.0
883,1824.0,-17720.0,2612.0,-2736.0,8437.0,-319.0,5668.0,56815.0
884,2116.0,-17972.0,2584.0,-2736.0,8591.0,-92.0,5740.0,56821.0
885,2388.0,-18520.0,2320.0,-2768.0,8694.0,306.0,5938.0,56827.0
886,2052.0,-19404.0,2004.0,-2736.0,8830.0,710.0,6126.0,56834.0
887,1828.0,-19908.0,936.0,-2736.0,9048.0,818.0,6351.0,56839.0
888,1328.0,-20224.0,148.0,-2752.0,9052.0,521.0,6585.0,56845.0
889,920.0,-21140.0,-256.0,-2752.0,8965.0,-267.0,6715.0,56851.0
890,1416.0,-21864.0,-396.0,-2768.0,8840.0,-943.0,6792.0,56857.0
891,2664.0,-22552.0,1168.0,-2736.0,9077.0,-1518.0,6844.0,56862.0
892,2804.0,-22016.0,3788.0,-2752.0,10023.0,-2152.0,6911.0,56868.0
893,2548.0,-19064.0,3384.0,-2768.0,10703.0,-2669.0,6783.0,56875.0
894,3140.0,-17648.0,2840.0,-2752.0,10956.0,-2948.0,6265.0,56881.0
895,4076.0,-17732.0,2492.0,-2736.0,11091.0,-3068.0,5953.0,56887.0
896,5084.0,-17968.0,2244.0,-2720.0,11154.0,-2842.0,5665.0,56893.0
897,5584.0,-17236.0,2436.0,-2720.0,11153.0,-2377.0,5333.0,56899.0
898,5092.0,-15872.0,2404.0,-2736.0,11004.0,-2141.0,4883.0,56905.0
899,5428.0,-14644.0,3272.0,-2752.0,10614.0,-1769.0,5037.0,56911.0
900,4656.0,-13480.0,5136.0,-2768.0,10623.0,-1708.0,4494.0,56918.0
901,3844.0,-11068.0,5896.0,-2784.0,10028.0,-1693.0,3938.0,56924.0
902,3360.0,-8736.0,3020.0,-2768.0,8692.0,-1449.0,3235.0,56930.0
903,5640.0,-6256.0,-5096.0,-2752.0,6179.0,-555.0,1881.0,56936.0
904,8840.0,-3280.0,-10120.0,-2768.0,4285.0,1718.0,869.0,56941.0
905,7908.0,-2920.0,-10784.0,-2752.0,2342.0,4444.0,1513.0,56947.0
906,3772.0,-4784.0,-10804.0,-2752.0,687.0,6686.0,2442.0,56953.0
907,652.0,-5476.0,-9284.0,-2752.0,-777.0,7425.0,2505.0,56960.0
908,-1292.0,-5780.0,-8784.0,-2752.0,-2281.0,7094.0,2298.0,56966.0
909,-2056.0,-6476.0,-8176.0,-2784.0,-3872.0,6542.0,2008.0,56972.0
910,-2184.0,-7196.0,-7524.0,-2800.0,-5360.0,5947.0,1441.0,56978.0
911,-2812.0,-7620.0,-7200.0,-2736.0,-6686.0,4913.0,892.0,56983.0
912,-3712.0,-8228.0,-6572.0,-2768.0,-7910.0,3618.0,531.0,56989.0
913,-4288.0,-8960.0,-5808.0,-2736.0,-9127.0,2348.0,116.0,56995.0
914,-4588.0,-9744.0,-5004.0,-2768.0,-10257.0,956.0,-365.0,57001.0
915,-4200.0,-10332.0,-4720.0,-2736.0,-11319.0,-548.0,-883.0,57008.0
916,-3912.0,-10880.0,-4296.0,-2736.0,-12294.0,-2005.0,-1242.0,57014.0
917,-3360.0,-11236.0,-3632.0,-2736.0,-13237.0,-3327.0,-1553.0,57020.0
918,-3224.0,-11680.0,-3124.0,-2752.0,-14145.0,-4473.0,-1711.0,57026.0
919,-3180.0,-12316.0,-2524.0,-2752.0,-15040.0,-5563.0,-1871.0,57032.0
920,-3060.0,-12952.0,-2172.0,-2768.0,-15859.0,-6680.0,-2030.0,57038.0
921,-2896.0,-13688.0,-1628.0,-2768.0,-16639.0,-7787.0,-2107.0,57044.0
922,-2676.0,-14296.0,-1092.0,-2784.0,-17296.0,-8798.0,-2195.0,57051.0
923,-2624.0,-14996.0,-472.0,-2736.0,-17852.0,-9791.0,-2259.0,57057.0
924,-2456.0,-15448.0,-316.0,-2752.0,-18415.0,-10868.0,-2428.0,57063.0
925,-1972.0,-16228.0,-232.0,-2752.0,-18915.0,-11864.0,-2582.0,57069.0
926,-1192.0,-16812.0,-20.0,-2736.0,-19321.0,-12826.0,-2649.0,57075.0
927,-252.0,-17308.0,160.0,-2720.0,-19653.0,-13549.0,-2654.0,57081.0
928,760.0,-17856.0,460.0,-2768.0,-19887.0,-13992.0,-2628.0,57086.0
929,1544.0,-18368.0,760.0,-2752.0,-20098.0,-14309.0,-2636.0,57093.0
930,2080.0,-18892.0,1156.0,-2736.0,-20204.0,-14554.0,-2696.0,57099.0
931,2484.0,-19572.0,2076.0,-2704.0,-20259.0,-14592.0,-2723.0,57105.0
932,2076.0,-19972.0,2708.0,-2752.0,-20177.0,-14652.0,-2853.0,57111.0
933,2144.0,-19808.0,2948.0,-2752.0,-20186.0,-14959.0,-2895.0,57117.0
934,2420.0,-19940.0,3196.0,-2752.0,-19980.0,-15520.0,-3180.0,57123.0
935,2796.0,-19788.0,3664.0,-2736.0,-19687.0,-16120.0,-3469.0,57131.0
936,4188.0,-19372.0,4372.0,-2752.0,-19401.0,-16529.0,-3745.0,57137.0
937,6192.0,-19316.0,4096.0,-2768.0,-19209.0,-16451.0,-4032.0,57143.0
938,8284.0,-19096.0,4696.0,-2736.0,-18786.0,-16113.0,-4314.0,57149.0
939,10432.0,-19128.0,9184.0,-2720.0,-17939.0,-16157.0,-4474.0,57155.0
940,12612.0,-23164.0,19784.0,-2736.0,-15946.0,-15941.0,-4619.0,57161.0
941,14968.0,-32236.0,32767.0,-2768.0,-11991.0,-15190.0,-5232.0,57168.0
942,15636.0,-32768.0,32767.0,-2768.0,-5620.0,-13003.0,-5686.0,57175.0
943,12028.0,-32768.0,32767.0,-2752.0,-2168.0,-8166.0,-5491.0,57181.0
944,7784.0,-29472.0,32767.0,-2736.0,-1162.0,-629.0,-4084.0,57187.0
945,6416.0,-20824.0,31936.0,-2784.0,-160.0,6346.0,-2545.0,57193.0
946,3400.0,-15392.0,25192.0,-2736.0,823.0,10985.0,-1491.0,57199.0
947,-780.0,-12704.0,20924.0,-2752.0,1879.0,14142.0,-217.0,57205.0
948,-5000.0,-10276.0,15824.0,-2768.0,2329.0,15235.0,1057.0,57211.0
949,-6740.0,-7644.0,5916.0,-2752.0,1455.0,14015.0,1136.0,57218.0
950,-4096.0,-7520.0,-1192.0,-2768.0,228.0,10677.0,-403.0,57224.0
951,2340.0,-9208.0,-4136.0,-2736.0,-323.0,5980.0,-2224.0,57230.0
952,9352.0,-12284.0,-5716.0,-2736.0,-447.0,1961.0,-3556.0,57236.0
953,11636.0,-16972.0,-5636.0,-2752.0,-245.0,364.0,-3448.0,57242.0
954,8668.0,-20408.0,-4916.0,-2784.0,128.0,527.0,-2632.0,57247.0
955,3720.0,-21860.0,-3352.0,-2784.0,383.0,892.0,-1893.0,57253.0
956,-1192.0,-22304.0,-1616.0,-2720.0,496.0,1424.0,-1290.0,57260.0
957,-4880.0,-22268.0,208.0,-2736.0,733.0,2019.0,-986.0,57266.0
958,-6396.0,-21420.0,852.0,-2752.0,1002.0,2014.0,-1293.0,57272.0
959,-5128.0,-19332.0,492.0,-2768.0,1008.0,1038.0,-1766.0,57278.0
960,-1024.0,-16360.0,-456.0,-2736.0,898.0,-139.0,-2253.0,57284.0
961,2320.0,-15308.0,-668.0,-2768.0,932.0,-879.0,-2552.0,57289.0
962,4732.0,-14500.0,-116.0,-2752.0,947.0,-1052.0,-2453.0,57295.0
963,5640.0,-14116.0,344.0,-2720.0,866.0,-698.0,-2230.0,57302.0
964,5236.0,-13596.0,844.0,-2752.0,611.0,-129.0,-2004.0,57308.0
965,4336.0,-14060.0,800.0,-2752.0,279.0,211.0,-1850.0,57314.0
966,3520.0,-15028.0,616.0,-2768.0,-11.0,160.0,-1790.0,57319.0
967,3120.0,-15956.0,564.0,-2752.0,-190.0,-209.0,-1706.0,57325.0
968,2984.0,-16668.0,428.0,-2752.0,-308.0,-482.0,-1610.0,57331.0
969,2860.0,-16868.0,296.0,-2768.0,-401.0,-329.0,-1497.0,57337.0
970,2708.0,-17052.0,152.0,-2736.0,-480.0,139.0,-1408.0,57342.0
971,2340.0,-16952.0,132.0,-2768.0,-541.0,680.0,-1388.0,57349.0
972,1916.0,-16976.0,108.0,-2752.0,-546.0,1018.0,-1400.0,57355.0
973,1212.0,-16728.0,408.0,-2752.0,-571.0,1001.0,-1420.0,57361.0
974,724.0,-16476.0,340.0,-2752.0,-571.0,567.0,-1528.0,57367.0
975,812.0,-16296.0,440.0,-2736.0,-592.0,-147.0,-1736.0,57372.0
976,1184.0,-16092.0,496.0,-2768.0,-605.0,-943.0,-1906.0,57378.0
977,2196.0,-16004.0,92.0,-2752.0,-677.0,-1620.0,-2055.0,57384.0
978,2944.0,-15904.0,160.0,-2752.0,-767.0,-2007.0,-2091.0,57391.0
979,3812.0,-15692.0,448.0,-2784.0,-896.0,-2092.0,-1948.0,57396.0
980,3828.0,-16072.0,264.0,-2784.0,-949.0,-1967.0,-1945.0,57402.0
981,3656.0,-16044.0,172.0,-2784.0,-1065.0,-1769.0,-1806.0,57408.0
982,3536.0,-16212.0,488.0,-2736.0,-1147.0,-1466.0,-1738.0,57414.0
983,3508.0,-16260.0,320.0,-2768.0,-1229.0,-1046.0,-1676.0,57420.0
984,3460.0,-16316.0,404.0,-2768.0,-1286.0,-591.0,-1629.0,57426.0
985,3292.0,-16552.0,68.0,-2784.0,-1291.0,-173.0,-1635.0,57433.0
986,3252.0,-16520.0,-144.0,-2768.0,-1245.0,110.0,-1606.0,57438.0
987,2984.0,-16552.0,-400.0,-2768.0,-1189.0,182.0,-1592.0,57444.0
988,3088.0,-16340.0,-232.0,-2736.0,-1160.0,76.0,-1591.0,57450.0
989,2908.0,-16400.0,-168.0,-2736.0,-1132.0,-86.0,-1547.0,57456.0
990,2828.0,-16596.0,-180.0,-2752.0,-1036.0,-215.0,-1536.0,57462.0
991,2900.0,-16332.0,-340.0,-2752.0,-1070.0,-296.0,-1372.0,57467.0
992,4240.0,-16696.0,-184.0,-2752.0,-873.0,23.0,-1375.0,57474.0
993,3392.0,-16252.0,-428.0,-2752.0,-876.0,337.0,-1434.0,57480.0
994,3092.0,-16696.0,-812.0,-2768.0,-740.0,273.0,-1285.0,57486.0
995,3704.0,-16368.0,-760.0,-2736.0,-553.0,41.0,-1185.0,57492.0
996,4032.0,-16208.0,-580.0,-2720.0,-434.0,-55.0,-1104.0,57497.0
997,4148.0,-16228.0,-580.0,-2768.0,-339.0,-36.0,-963.0,57503.0
998,4208.0,-16064.0,-636.0,-2752.0,-223.0,-69.0,-854.0,57509.0
999,4136.0,-16264.0,-660.0,-2768.0,-112.0,-163.0,-707.0,57516.0
1000,4040.0,-16280.0,-680.0,-2752.0,24.0,-247.0,-531.0,57521.0
1001,4108.0,-16388.0,-684.0,-2768.0,147.0,-269.0,-389.0,57527.0
1002,4128.0,-16440.0,-844.0,-2768.0,286.0,-193.0,-282.0,57533.0
1003,4108.0,-16520.0,-716.0,-2784.0,412.0,-112.0,-152.0,57538.0
1004,3956.0,-16404.0,-888.0,-2768.0,545.0,34.0,-73.0,57544.0
1005,3620.0,-16480.0,-680.0,-2768.0,657.0,142.0,-20.0,57550.0
1006,3364.0,-16284.0,-596.0,-2736.0,746.0,244.0,26.0,57555.0
1007,3136.0,-16672.0,-348.0,-2752.0,863.0,201.0,-6.0,57562.0
1008,2868.0,-16344.0,-272.0,-2752.0,902.0,66.0,-19.0,57568.0
1009,3072.0,-16124.0,-84.0,-2784.0,907.0,-110.0,-13.0,57573.0
1010,3176.0,-16104.0,204.0,-2752.0,914.0,-156.0,-15.0,57579.0
1011,3372.0,-16160.0,-56.0,-2768.0,897.0,-160.0,-22.0,57584.0
1012,3384.0,-16140.0,88.0,-2736.0,871.0,-120.0,-17.0,57590.0
1013,3552.0,-15924.0,76.0,-2768.0,791.0,-76.0,20.0,57596.0
1014,3496.0,-16056.0,392.0,-2784.0,727.0,-24.0,58.0,57602.0
1015,3448.0,-16100.0,440.0,-2752.0,644.0,151.0,86.0,57608.0
1016,3324.0,-16136.0,224.0,-2736.0,591.0,319.0,115.0,57613.0
1017,3432.0,-16096.0,296.0,-2768.0,507.0,389.0,125.0,57619.0
1018,3304.0,-16140.0,472.0,-2784.0,418.0,424.0,168.0,57625.0
1019,3124.0,-16184.0,384.0,-2768.0,350.0,500.0,160.0,57630.0
1020,3136.0,-16148.0,284.0,-2768.0,268.0,574.0,128.0,57636.0
1021,2896.0,-16328.0,408.0,-2784.0,240.0,604.0,95.0,57643.0
1022,2764.0,-16364.0,252.0,-2752.0,210.0,630.0,83.0,57648.0
1023,2880.0,-16200.0,76.0,-2752.0,216.0,601.0,22.0,57654.0
1024,2828.0,-16016.0,140.0,-2752.0,205.0,492.0,-27.0,57660.0
1025,2968.0,-16176.0,132.0,-2752.0,171.0,450.0,-60.0,57665.0
1026,3012.0,-16240.0,116.0,-2768.0,175.0,440.0,-88.0,57671.0
1027,3028.0,-16180.0,-8.0,-2768.0,172.0,356.0,-108.0,57676.0
1028,3176.0,-16288.0,12.0,-2768.0,164.0,250.0,-111.0,57682.0
1029,3208.0,-16324.0,52.0,-2768.0,180.0,213.0,-108.0,57689.0
1030,3376.0,-16144.0,56.0,-2768.0,193.0,223.0,-109.0,57694.0
1031,3520.0,-16188.0,124.0,-2768.0,198.0,291.0,-65.0,57700.0
1032,3580.0,-16136.0,40.0,-2752.0,221.0,361.0,-50.0,57705.0
1033,3600.0,-16172.0,116.0,-2768.0,233.0,414.0,6.0,57711.0
1034,3600.0,-16184.0,-88.0,-2768.0,263.0,418.0,46.0,57717.0
1035,3548.0,-16116.0,64.0,-2768.0,251.0,343.0,64.0,57722.0
1036,3476.0,-16196.0,40.0,-2736.0,282.0,298.0,108.0,57729.0
1037,3368.0,-16272.0,-28.0,-2736.0,287.0,255.0,151.0,57734.0
1038,3264.0,-16104.0,36.0,-2784.0,293.0,284.0,165.0,57740.0
1039,3040.0,-16228.0,188.0,-2752.0,291.0,301.0,160.0,57746.0
1040,3136.0,-16204.0,36.0,-2768.0,294.0,298.0,154.0,57751.0
1041,3012.0,-16300.0,92.0,-2768.0,297.0,266.0,143.0,57757.0
1042,2908.0,-16340.0,160.0,-2736.0,301.0,162.0,146.0,57762.0
1043,3056.0,-16296.0,160.0,-2752.0,333.0,93.0,117.0,57768.0
1044,3096.0,-16204.0,192.0,-2752.0,298.0,-2.0,117.0,57775.0
1045,3268.0,-16204.0,144.0,-2752.0,302.0,-14.0,120.0,57780.0
1046,3176.0,-16136.0,312.0,-2752.0,299.0,33.0,106.0,57786.0
1047,3232.0,-15656.0,312.0,-2752.0,190.0,105.0,200.0,57792.0
1048,3280.0,-16580.0,136.0,-2768.0,261.0,251.0,102.0,57797.0
1049,3124.0,-16328.0,164.0,-2752.0,266.0,202.0,123.0,57803.0
1050,3248.0,-16204.0,176.0,-2752.0,244.0,131.0,121.0,57809.0
1051,3320.0,-16100.0,220.0,-2736.0,224.0,166.0,142.0,57815.0
1052,3368.0,-16236.0,84.0,-2736.0,209.0,183.0,123.0,57821.0
1053,3204.0,-16148.0,216.0,-2752.0,206.0,172.0,145.0,57826.0
1054,3204.0,-16252.0,244.0,-2720.0,184.0,160.0,138.0,57832.0
1055,3120.0,-16184.0,164.0,-2768.0,188.0,181.0,122.0,57838.0
1056,3168.0,-16296.0,464.0,-2784.0,155.0,207.0,127.0,57843.0
1057,3232.0,-16196.0,328.0,-2784.0,124.0,227.0,90.0,57849.0
1058,3228.0,-15996.0,176.0,-2752.0,125.0,229.0,174.0,57856.0
1059,3220.0,-16292.0,236.0,-2736.0,159.0,237.0,101.0,57861.0
1060,3120.0,-16012.0,72.0,-2752.0,136.0,156.0,100.0,57867.0
1061,3232.0,-16092.0,420.0,-2752.0,131.0,144.0,76.0,57873.0
1062,2976.0,-16092.0,484.0,-2752.0,123.0,139.0,76.0,57878.0
1063,3020.0,-16108.0,348.0,-2784.0,106.0,181.0,62.0,57884.0
1064,2968.0,-16228.0,328.0,-2752.0,104.0,161.0,17.0,57889.0
1065,2936.0,-16316.0,512.0,-2784.0,92.0,107.0,8.0,57895.0
1066,2964.0,-16252.0,212.0,-2736.0,71.0,31.0,11.0,57902.0
1067,3140.0,-16276.0,276.0,-2768.0,93.0,-58.0,-3.0,57907.0
1068,3264.0,-16136.0,356.0,-2752.0,91.0,-101.0,39.0,57913.0
1069,3212.0,-16100.0,308.0,-2752.0,82.0,-106.0,30.0,57918.0
1070,3224.0,-16232.0,352.0,-2784.0,76.0,-77.0,56.0,57924.0
1071,3252.0,-16196.0,344.0,-2784.0,61.0,-64.0,62.0,57929.0
1072,3184.0,-16164.0,376.0,-2736.0,25.0,-57.0,93.0,57935.0
1073,3152.0,-16172.0,276.0,-2768.0,0.0,-81.0,49.0,57940.0
1074,3228.0,-16044.0,504.0,-2784.0,-43.0,-119.0,49.0,57947.0
1075,3160.0,-16300.0,340.0,-2752.0,-48.0,-77.0,35.0,57952.0
1076,3292.0,-16464.0,296.0,-2768.0,13.0,-83.0,11.0,57958.0
1077,3320.0,-16224.0,320.0,-2768.0,71.0,-51.0,-16.0,57963.0
1078,3320.0,-16152.0,276.0,-2752.0,28.0,-43.0,-15.0,57969.0
1079,3260.0,-16176.0,504.0,-2768.0,25.0,-49.0,-11.0,57974.0
1080,3232.0,-16264.0,504.0,-2768.0,14.0,-6.0,26.0,57980.0
1081,3168.0,-16240.0,360.0,-2752.0,-15.0,72.0,4.0,57986.0
1082,3156.0,-16336.0,436.0,-2768.0,6.0,108.0,-5.0,57992.0
1083,3136.0,-16304.0,360.0,-2752.0,17.0,25.0,-36.0,57997.0
1084,3184.0,-16076.0,500.0,-2752.0,2.0,-66.0,-83.0,58003.0
1085,3244.0,-16024.0,484.0,-2768.0,-22.0,-139.0,-103.0,58008.0
1086,3208.0,-16060.0,544.0,-2768.0,-43.0,-146.0,-102.0,58014.0
1087,3280.0,-16176.0,432.0,-2752.0,-96.0,-57.0,-111.0,58020.0
1088,3248.0,-16164.0,588.0,-2752.0,-130.0,28.0,-100.0,58025.0
1089,3108.0,-16260.0,400.0,-2768.0,-140.0,97.0,-139.0,58032.0
1090,3144.0,-16256.0,460.0,-2768.0,-135.0,121.0,-117.0,58038.0
1091,3176.0,-16196.0,308.0,-2752.0,-173.0,80.0,-128.0,58043.0
1092,3196.0,-16120.0,384.0,-2784.0,-187.0,6.0,-156.0,58049.0
1093,3116.0,-16240.0,304.0,-2720.0,-188.0,-57.0,-148.0,58055.0
1094,3128.0,-16144.0,376.0,-2768.0,-180.0,-119.0,-123.0,58060.0
1095,3184.0,-16268.0,416.0,-2768.0,-180.0,-177.0,-167.0,58066.0
1096,3196.0,-16112.0,292.0,-2768.0,-173.0,-199.0,-145.0,58073.0
1097,3260.0,-16128.0,304.0,-2736.0,-194.0,-188.0,-156.0,58078.0
1098,3348.0,-16168.0,300.0,-2752.0,-183.0,-162.0,-132.0,58084.0
1099,3380.0,-16132.0,356.0,-2736.0,-217.0,-161.0,-144.0,58090.0
1100,3324.0,-16200.0,164.0,-2720.0,-175.0,-90.0,-112.0,58095.0
1101,3224.0,-16376.0,148.0,-2736.0,-165.0,-27.0,-71.0,58101.0
1102,3272.0,-16196.0,288.0,-2736.0,-151.0,-44.0,-72.0,58107.0
1103,3180.0,-16292.0,336.0,-2768.0,-162.0,-120.0,-87.0,58113.0
1104,3212.0,-16244.0,312.0,-2752.0,-139.0,-175.0,-56.0,58119.0
1105,3192.0,-16420.0,264.0,-2752.0,-104.0,-107.0,-39.0,58125.0
1106,3352.0,-16376.0,28.0,-2736.0,-16.0,-84.0,-39.0,58130.0
1107,3520.0,-16148.0,180.0,-2720.0,32.0,-229.0,-29.0,58136.0
1108,3552.0,-16092.0,328.0,-2784.0,15.0,-274.0,-21.0,58141.0
1109,3468.0,-16160.0,352.0,-2752.0,8.0,-250.0,24.0,58147.0
1110,3336.0,-16108.0,424.0,-2768.0,2.0,-158.0,57.0,58152.0
1111,3236.0,-16088.0,520.0,-2768.0,-37.0,-107.0,46.0,58159.0
1112,3120.0,-16164.0,460.0,-2736.0,-33.0,-59.0,67.0,58164.0
1113,3140.0,-16196.0,516.0,-2784.0,-27.0,-123.0,38.0,58170.0
1114,3080.0,-16188.0,420.0,-2752.0,-43.0,-165.0,7.0,58176.0
1115,2952.0,-16308.0,408.0,-2784.0,-42.0,-180.0,-6.0,58181.0
1116,3168.0,-16248.0,368.0,-2784.0,-46.0,-197.0,-8.0,58187.0
1117,3244.0,-16308.0,192.0,-2768.0,-53.0,-252.0,-19.0,58192.0
1118,3264.0,-16304.0,380.0,-2768.0,-48.0,-249.0,-4.0,58199.0
1119,3200.0,-16340.0,116.0,-2736.0,-20.0,-186.0,1.0,58204.0
1120,3396.0,-16156.0,400.0,-2768.0,-1.0,-143.0,20.0,58210.0
1121,3480.0,-16196.0,340.0,-2752.0,11.0,-130.0,9.0,58215.0
1122,3340.0,-16208.0,360.0,-2768.0,-7.0,-147.0,15.0,58221.0
1123,3300.0,-16152.0,256.0,-2768.0,17.0,-128.0,30.0,58226.0
1124,3388.0,-16204.0,332.0,-2736.0,-9.0,-82.0,39.0,58232.0
1125,3308.0,-16188.0,328.0,-2784.0,11.0,-10.0,34.0,58238.0
1126,3340.0,-16268.0,380.0,-2736.0,37.0,39.0,27.0,58244.0
1127,3252.0,-16232.0,508.0,-2768.0,50.0,-29.0,28.0,58250.0
1128,3316.0,-16200.0,332.0,-2752.0,30.0,-56.0,37.0,58255.0
1129,3232.0,-16220.0,436.0,-2784.0,55.0,-97.0,45.0,58261.0
1130,3340.0,-16260.0,348.0,-2768.0,45.0,-88.0,66.0,58266.0
1131,3260.0,-16136.0,384.0,-2800.0,33.0,-42.0,52.0,58272.0
1132,3272.0,-16160.0,404.0,-2752.0,24.0,-6.0,79.0,58277.0
1133,3252.0,-16212.0,492.0,-2768.0,6.0,22.0,48.0,58284.0
1134,3228.0,-16132.0,480.0,-2752.0,-28.0,46.0,46.0,58289.0
1135,3268.0,-16204.0,504.0,-2720.0,-14.0,63.0,53.0,58295.0
1136,3248.0,-16288.0,348.0,-2768.0,6.0,130.0,33.0,58300.0
1137,3232.0,-16336.0,252.0,-2736.0,28.0,129.0,28.0,58306.0
1138,3220.0,-16160.0,448.0,-2736.0,17.0,69.0,23.0,58311.0
1139,3240.0,-16184.0,564.0,-2752.0,0.0,33.0,28.0,58317.0
1140,3220.0,-16076.0,644.0,-2736.0,-15.0,19.0,30.0,58322.0
1141,3244.0,-16076.0,444.0,-2752.0,-47.0,-1.0,8.0,58329.0
1142,3276.0,-16056.0,468.0,-2768.0,-102.0,15.0,-2.0,58334.0
1143,3236.0,-16160.0,568.0,-2768.0,-114.0,-23.0,-24.0,58340.0
1144,3176.0,-16108.0,684.0,-2784.0,-145.0,-2.0,-10.0,58345.0
1145,3136.0,-16124.0,520.0,-2752.0,-194.0,37.0,-21.0,58351.0
1146,3188.0,-16084.0,456.0,-2752.0,-213.0,72.0,-16.0,58356.0
1147,3156.0,-16232.0,552.0,-2720.0,-211.0,132.0,-24.0,58362.0
1148,3236.0,-16264.0,400.0,-2768.0,-186.0,99.0,-34.0,58369.0
1149,3172.0,-16140.0,404.0,-2736.0,-183.0,27.0,-34.0,58374.0
1150,3276.0,-16180.0,456.0,-2736.0,-174.0,5.0,-29.0,58380.0
1151,3244.0,-16112.0,380.0,-2768.0,-156.0,1.0,-49.0,58385.0
1152,3192.0,-16248.0,416.0,-2752.0,-170.0,27.0,-56.0,58391.0
1153,3248.0,-16236.0,412.0,-2752.0,-164.0,35.0,-44.0,58396.0
1154,3296.0,-16296.0,188.0,-2752.0,-128.0,12.0,-46.0,58402.0
1155,3544.0,-16280.0,360.0,-2752.0,-87.0,-37.0,-15.0,58408.0
1156,3464.0,-16092.0,240.0,-2720.0,-98.0,-29.0,-13.0,58414.0
1157,3472.0,-16172.0,436.0,-2736.0,-128.0,-22.0,13.0,58420.0
1158,3328.0,-16148.0,516.0,-2736.0,-100.0,11.0,47.0,58425.0
1159,3320.0,-16100.0,480.0,-2736.0,-139.0,60.0,35.0,58431.0
1160,3296.0,-16148.0,460.0,-2768.0,-162.0,66.0,38.0,58436.0
1161,3236.0,-16300.0,480.0,-2768.0,-146.0,93.0,51.0,58442.0
1162,3172.0,-16156.0,284.0,-2768.0,-157.0,139.0,17.0,58448.0
1163,3140.0,-16204.0,440.0,-2768.0,-146.0,150.0,18.0,58454.0
1164,3188.0,-16252.0,368.0,-2752.0,-120.0,115.0,32.0,58460.0
1165,3272.0,-16172.0,484.0,-2752.0,-114.0,61.0,-11.0,58465.0
1166,3124.0,-16280.0,280.0,-2784.0,-111.0,-24.0,15.0,58471.0
1167,3172.0,-16160.0,356.0,-2752.0,-110.0,-67.0,2.0,58477.0
1168,3324.0,-16096.0,488.0,-2752.0,-152.0,-84.0,-20.0,58482.0
1169,3384.0,-16228.0,416.0,-2800.0,-129.0,-119.0,5.0,58488.0
1170,3260.0,-16112.0,468.0,-2752.0,-143.0,-91.0,8.0,58493.0
1171,3428.0,-16160.0,428.0,-2768.0,-144.0,-98.0,9.0,58500.0
1172,3296.0,-16168.0,428.0,-2768.0,-157.0,-60.0,29.0,58505.0
1173,3340.0,-16240.0,444.0,-2736.0,-154.0,-41.0,35.0,58511.0
1174,3396.0,-16296.0,532.0,-2768.0,-150.0,26.0,51.0,58517.0
1175,3468.0,-16168.0,472.0,-2736.0,-159.0,57.0,70.0,58522.0
1176,3380.0,-16196.0,424.0,-2768.0,-143.0,48.0,90.0,58528.0
1177,3360.0,-16208.0,164.0,-2768.0,-152.0,60.0,89.0,58533.0
1178,3340.0,-16116.0,432.0,-2768.0,-126.0,54.0,110.0,58540.0
1179,3196.0,-16140.0,376.0,-2768.0,-95.0,28.0,97.0,58546.0
1180,3276.0,-16292.0,428.0,-2752.0,-86.0,53.0,88.0,58551.0
1181,3156.0,-16260.0,404.0,-2752.0,-103.0,14.0,86.0,58557.0
1182,3224.0,-16080.0,536.0,-2752.0,-109.0,-37.0,96.0,58562.0
1183,3264.0,-16076.0,648.0,-2784.0,-107.0,-28.0,84.0,58568.0
1184,3212.0,-16208.0,488.0,-2768.0,-121.0,17.0,87.0,58573.0
1185,3260.0,-16152.0,452.0,-2752.0,-133.0,28.0,72.0,58579.0
1186,3244.0,-16192.0,484.0,-2752.0,-131.0,6.0,59.0,58586.0
1187,3216.0,-16272.0,440.0,-2768.0,-119.0,21.0,76.0,58591.0
1188,3252.0,-16296.0,372.0,-2736.0,-108.0,14.0,64.0,58597.0
1189,3244.0,-16276.0,416.0,-2768.0,-83.0,23.0,61.0,58602.0
1190,3348.0,-16144.0,352.0,-2752.0,-64.0,23.0,62.0,58608.0
1191,3312.0,-16176.0,384.0,-2768.0,-87.0,22.0,46.0,58613.0
1192,3404.0,-16304.0,588.0,-2768.0,-119.0,40.0,66.0,58619.0
1193,3340.0,-16164.0,584.0,-2768.0,-103.0,67.0,58.0,58625.0
1194,3284.0,-16064.0,584.0,-2768.0,-111.0,85.0,51.0,58631.0
1195,3248.0,-16096.0,580.0,-2768.0,-144.0,112.0,65.0,58636.0
1196,3264.0,-16164.0,464.0,-2768.0,-150.0,108.0,77.0,58642.0
1197,3148.0,-16184.0,528.0,-2784.0,-170.0,88.0,41.0,58648.0
1198,3176.0,-16244.0,396.0,-2752.0,-154.0,91.0,41.0,58653.0
1199,3124.0,-16204.0,504.0,-2768.0,-156.0,104.0,51.0,58659.0
1200,3092.0,-16284.0,528.0,-2752.0,-165.0,88.0,13.0,58664.0
1201,3112.0,-16312.0,476.0,-2752.0,-173.0,56.0,-2.0,58671.0
1202,3164.0,-16096.0,516.0,-2736.0,-170.0,51.0,-16.0,58677.0
1203,3252.0,-16140.0,696.0,-2736.0,-181.0,-9.0,-55.0,58682.0
1204,3216.0,-16076.0,384.0,-2768.0,-212.0,-13.0,-14.0,58688.0
1205,3404.0,-16252.0,528.0,-2736.0,-226.0,5.0,-3.0,58693.0
1206,3368.0,-16164.0,472.0,-2752.0,-231.0,19.0,-22.0,58699.0
1207,3368.0,-16176.0,376.0,-2752.0,-239.0,44.0,-8.0,58704.0
1208,3324.0,-16156.0,512.0,-2720.0,-238.0,57.0,15.0,58711.0
1209,3380.0,-16180.0,592.0,-2752.0,-235.0,138.0,29.0,58717.0
1210,3236.0,-16272.0,424.0,-2720.0,-258.0,168.0,12.0,58722.0
1211,3208.0,-16260.0,556.0,-2752.0,-243.0,174.0,-13.0,58728.0
1212,3164.0,-16192.0,452.0,-2736.0,-264.0,164.0,-11.0,58733.0
1213,3044.0,-16248.0,420.0,-2736.0,-234.0,166.0,-25.0,58739.0
1214,3084.0,-16364.0,376.0,-2768.0,-220.0,152.0,-26.0,58745.0
1215,3164.0,-16112.0,320.0,-2768.0,-205.0,97.0,-52.0,58750.0
1216,3176.0,-16216.0,464.0,-2752.0,-229.0,111.0,-66.0,58757.0
1217,3252.0,-16248.0,300.0,-2752.0,-245.0,64.0,-23.0,58763.0
1218,3368.0,-16188.0,312.0,-2752.0,-216.0,92.0,-28.0,58768.0
1219,3328.0,-16084.0,440.0,-2784.0,-224.0,74.0,-28.0,58774.0
1220,3336.0,-16196.0,416.0,-2752.0,-232.0,65.0,-20.0,58779.0
1221,3268.0,-16112.0,544.0,-2736.0,-248.0,33.0,-43.0,58785.0
1222,3188.0,-16196.0,572.0,-2752.0,-256.0,39.0,-45.0,58790.0
1223,3244.0,-16216.0,500.0,-2768.0,-247.0,27.0,-27.0,58797.0
1224,3272.0,-16268.0,472.0,-2704.0,-228.0,34.0,-70.0,58803.0
1225,3276.0,-16228.0,428.0,-2768.0,-250.0,35.0,-47.0,58808.0
1226,3268.0,-16068.0,424.0,-2736.0,-258.0,52.0,-46.0,58814.0
1227,3268.0,-16208.0,488.0,-2768.0,-257.0,67.0,-55.0,58819.0
1228,3252.0,-16300.0,484.0,-2736.0,-254.0,123.0,-23.0,58825.0
1229,3300.0,-16248.0,460.0,-2736.0,-208.0,163.0,-26.0,58831.0
1230,3388.0,-16332.0,312.0,-2752.0,-178.0,141.0,-25.0,58836.0
1231,3444.0,-16020.0,412.0,-2720.0,-182.0,174.0,-27.0,58843.0
1232,3312.0,-16140.0,452.0,-2752.0,-190.0,162.0,-18.0,58849.0
1233,3376.0,-16108.0,292.0,-2736.0,-184.0,178.0,13.0,58854.0
1234,3228.0,-16144.0,288.0,-2736.0,-204.0,228.0,8.0,58860.0
1235,3212.0,-16248.0,500.0,-2736.0,-213.0,207.0,0.0,58865.0
1236,3200.0,-16144.0,412.0,-2768.0,-213.0,199.0,-4.0,58871.0
1237,3288.0,-16184.0,348.0,-2736.0,-220.0,175.0,-10.0,58877.0
1238,3244.0,-16176.0,432.0,-2736.0,-227.0,147.0,-12.0,58883.0
1239,3252.0,-16292.0,556.0,-2768.0,-233.0,190.0,-27.0,58889.0
1240,3264.0,-16252.0,452.0,-2720.0,-217.0,144.0,-20.0,58894.0
1241,3280.0,-16132.0,464.0,-2752.0,-191.0,125.0,-29.0,58900.0
1242,3276.0,-16140.0,404.0,-2768.0,-183.0,133.0,-32.0,58906.0
1243,3268.0,-16172.0,424.0,-2768.0,-216.0,169.0,-11.0,58911.0
1244,3200.0,-16220.0,444.0,-2736.0,-225.0,192.0,-20.0,58917.0
1245,3324.0,-16112.0,424.0,-2720.0,-220.0,191.0,-33.0,58924.0
1246,3248.0,-16084.0,464.0,-2784.0,-214.0,182.0,-30.0,58929.0
1247,3176.0,-16192.0,272.0,-2752.0,-225.0,142.0,-20.0,58935.0
1248,3248.0,-16192.0,380.0,-2736.0,-215.0,111.0,-8.0,58941.0
1249,3316.0,-16216.0,504.0,-2736.0,-215.0,86.0,-30.0,58946.0
1250,3272.0,-16132.0,436.0,-2736.0,-226.0,46.0,-51.0,58952.0
1251,3236.0,-16108.0,568.0,-2768.0,-228.0,56.0,-32.0,58957.0
1252,3308.0,-16144.0,464.0,-2736.0,-265.0,62.0,-22.0,58963.0
1253,3284.0,-16140.0,540.0,-2768.0,-264.0,57.0,-26.0,58969.0
1254,3440.0,-16208.0,464.0,-2768.0,-274.0,63.0,-29.0,58975.0
1255,3264.0,-16200.0,556.0,-2736.0,-284.0,121.0,-21.0,58981.0
1256,3328.0,-16308.0,304.0,-2768.0,-247.0,150.0,1.0,58986.0
1257,3380.0,-16220.0,428.0,-2768.0,-225.0,149.0,3.0,58992.0
1258,3324.0,-16240.0,480.0,-2768.0,-228.0,153.0,0.0,58997.0
1259,3340.0,-16216.0,456.0,-2800.0,-228.0,172.0,12.0,59003.0
1260,3312.0,-16252.0,460.0,-2800.0,-218.0,182.0,26.0,59010.0
1261,3372.0,-16176.0,416.0,-2768.0,-233.0,196.0,29.0,59015.0
1262,3348.0,-16120.0,324.0,-2784.0,-212.0,193.0,25.0,59021.0
1263,3400.0,-16120.0,496.0,-2784.0,-225.0,186.0,48.0,59026.0
1264,3308.0,-16176.0,300.0,-2752.0,-201.0,162.0,60.0,59032.0
1265,3348.0,-16180.0,572.0,-2768.0,-207.0,133.0,48.0,59038.0
1266,3256.0,-16140.0,480.0,-2768.0,-202.0,116.0,53.0,59043.0
1267,3304.0,-16136.0,528.0,-2736.0,-229.0,84.0,40.0,59049.0
1268,3284.0,-16220.0,508.0,-2768.0,-233.0,72.0,61.0,59056.0
1269,3304.0,-16156.0,408.0,-2768.0,-251.0,73.0,47.0,59061.0
1270,3312.0,-16196.0,544.0,-2736.0,-228.0,116.0,62.0,59067.0
1271,3376.0,-16304.0,356.0,-2768.0,-249.0,135.0,41.0,59072.0
1272,3388.0,-16124.0,432.0,-2768.0,-257.0,173.0,48.0,59078.0
1273,3316.0,-16112.0,408.0,-2752.0,-233.0,221.0,51.0,59084.0
1274,3260.0,-16204.0,316.0,-2752.0,-222.0,195.0,73.0,59089.0
1275,3336.0,-16216.0,328.0,-2752.0,-181.0,204.0,59.0,59096.0
1276,3316.0,-16304.0,360.0,-2752.0,-173.0,139.0,77.0,59101.0
1277,3236.0,-16292.0,516.0,-2768.0,-187.0,136.0,72.0,59107.0
1278,3368.0,-16176.0,352.0,-2768.0,-180.0,134.0,54.0,59113.0
1279,3280.0,-16184.0,436.0,-2736.0,-192.0,159.0,66.0,59118.0
1280,3276.0,-16196.0,500.0,-2736.0,-179.0,157.0,82.0,59124.0
1281,3332.0,-16244.0,416.0,-2736.0,-185.0,154.0,92.0,59129.0
1282,3248.0,-16296.0,332.0,-2752.0,-194.0,173.0,101.0,59136.0
1283,3300.0,-16164.0,552.0,-2736.0,-151.0,141.0,73.0,59142.0
1284,3428.0,-16120.0,524.0,-2768.0,-187.0,134.0,69.0,59147.0
1285,3280.0,-16176.0,416.0,-2768.0,-212.0,118.0,75.0,59153.0
1286,3180.0,-16076.0,364.0,-2768.0,-209.0,147.0,79.0,59159.0
1287,3312.0,-16072.0,444.0,-2784.0,-218.0,162.0,95.0,59164.0
1288,3332.0,-16220.0,368.0,-2752.0,-241.0,177.0,94.0,59170.0
1289,3348.0,-16116.0,400.0,-2720.0,-247.0,172.0,98.0,59175.0
1290,3328.0,-16100.0,484.0,-2736.0,-251.0,171.0,98.0,59182.0
1291,3284.0,-16140.0,416.0,-2768.0,-264.0,208.0,88.0,59188.0
1292,3168.0,-16128.0,500.0,-2768.0,-228.0,193.0,92.0,59193.0
1293,3272.0,-16128.0,412.0,-2736.0,-246.0,189.0,91.0,59199.0
1294,3180.0,-16264.0,408.0,-2752.0,-222.0,159.0,83.0,59205.0
1295,3172.0,-16096.0,484.0,-2768.0,-264.0,136.0,98.0,59210.0
1296,3224.0,-16080.0,300.0,-2752.0,-257.0,137.0,54.0,59216.0
1297,3240.0,-16164.0,572.0,-2752.0,-277.0,123.0,74.0,59222.0
1298,3444.0,-16184.0,448.0,-2736.0,-258.0,100.0,100.0,59228.0
1299,3216.0,-16168.0,600.0,-2800.0,-271.0,90.0,76.0,59234.0
1300,3268.0,-16140.0,408.0,-2768.0,-277.0,95.0,54.0,59239.0
1301,3360.0,-16104.0,508.0,-2736.0,-257.0,84.0,70.0,59245.0
1302,3344.0,-16196.0,304.0,-2736.0,-262.0,106.0,72.0,59250.0
1303,3372.0,-16224.0,468.0,-2768.0,-269.0,113.0,69.0,59256.0
1304,3288.0,-16244.0,424.0,-2768.0,-265.0,103.0,73.0,59262.0
1305,3340.0,-16160.0,480.0,-2752.0,-265.0,122.0,102.0,59268.0
1306,3164.0,-16076.0,512.0,-2768.0,-278.0,99.0,98.0,59274.0
1307,3168.0,-16228.0,440.0,-2736.0,-269.0,107.0,89.0,59280.0
1308,3096.0,-16240.0,292.0,-2768.0,-267.0,61.0,70.0,59285.0
1309,3132.0,-16292.0,304.0,-2736.0,-261.0,16.0,71.0,59291.0
1310,3056.0,-16196.0,356.0,-2736.0,-265.0,-27.0,81.0,59296.0
1311,3204.0,-16300.0,448.0,-2736.0,-248.0,-12.0,47.0,59302.0
1312,3152.0,-16156.0,404.0,-2736.0,-256.0,-65.0,23.0,59309.0
1313,3156.0,-16192.0,484.0,-2768.0,-242.0,-104.0,19.0,59314.0
1314,3180.0,-16292.0,388.0,-2720.0,-250.0,-145.0,10.0,59320.0
1315,3252.0,-16112.0,284.0,-2752.0,-231.0,-165.0,11.0,59325.0
1316,3196.0,-16168.0,280.0,-2768.0,-246.0,-146.0,13.0,59331.0
1317,3368.0,-16224.0,404.0,-2736.0,-244.0,-124.0,9.0,59337.0
1318,3372.0,-16380.0,324.0,-2768.0,-246.0,-116.0,42.0,59342.0
1319,3272.0,-16236.0,428.0,-2752.0,-236.0,-96.0,35.0,59348.0
1320,3304.0,-16152.0,432.0,-2752.0,-218.0,-85.0,52.0,59354.0
1321,3304.0,-16144.0,236.0,-2784.0,-232.0,-102.0,48.0,59360.0
1322,3284.0,-16104.0,324.0,-2752.0,-227.0,-91.0,58.0,59366.0
1323,3136.0,-16196.0,276.0,-2752.0,-233.0,-126.0,71.0,59371.0
1324,3188.0,-16096.0,344.0,-2768.0,-247.0,-155.0,46.0,59377.0
1325,3256.0,-16216.0,304.0,-2736.0,-254.0,-198.0,63.0,59383.0
1326,3632.0,-15912.0,564.0,-2768.0,-367.0,-166.0,213.0,59388.0
1327,3192.0,-16508.0,392.0,-2752.0,-268.0,-125.0,64.0,59395.0
1328,2900.0,-16060.0,344.0,-2736.0,-256.0,-257.0,45.0,59401.0
1329,3188.0,-15932.0,308.0,-2736.0,-268.0,-365.0,46.0,59406.0
1330,3380.0,-16248.0,360.0,-2752.0,-268.0,-448.0,37.0,59412.0
1331,3404.0,-16212.0,336.0,-2704.0,-251.0,-437.0,77.0,59417.0
1332,3440.0,-16132.0,276.0,-2736.0,-236.0,-392.0,92.0,59423.0
1333,3376.0,-16152.0,248.0,-2736.0,-264.0,-388.0,102.0,59429.0
1334,3328.0,-16200.0,440.0,-2784.0,-221.0,-381.0,128.0,59435.0
1335,3388.0,-16212.0,560.0,-2768.0,-228.0,-397.0,131.0,59441.0
1336,3300.0,-16204.0,372.0,-2752.0,-201.0,-404.0,155.0,59447.0
1337,3292.0,-16136.0,336.0,-2768.0,-227.0,-383.0,150.0,59453.0
1338,3428.0,-16164.0,316.0,-2720.0,-202.0,-340.0,172.0,59458.0
1339,3348.0,-16204.0,336.0,-2736.0,-166.0,-324.0,182.0,59464.0
1340,3440.0,-16312.0,224.0,-2720.0,-165.0,-296.0,169.0,59470.0
1341,3432.0,-16268.0,336.0,-2736.0,-143.0,-318.0,183.0,59475.0
1342,3344.0,-16368.0,376.0,-2720.0,-118.0,-309.0,191.0,59482.0
1343,3252.0,-16232.0,396.0,-2768.0,-98.0,-299.0,169.0,59488.0
1344,3260.0,-16336.0,508.0,-2768.0,-66.0,-285.0,191.0,59493.0
1345,3276.0,-16312.0,368.0,-2752.0,0.0,-198.0,191.0,59499.0
1346,3264.0,-16232.0,360.0,-2768.0,4.0,-173.0,154.0,59505.0
1347,3228.0,-16228.0,492.0,-2736.0,-9.0,-182.0,187.0,59510.0
1348,3340.0,-16144.0,372.0,-2736.0,-35.0,-125.0,177.0,59516.0
1349,3244.0,-16276.0,556.0,-2720.0,-58.0,-26.0,182.0,59522.0
1350,3224.0,-16172.0,572.0,-2800.0,-108.0,32.0,191.0,59528.0
1351,3112.0,-16244.0,536.0,-2752.0,-140.0,34.0,169.0,59534.0
1352,3056.0,-16180.0,528.0,-2752.0,-156.0,4.0,157.0,59539.0
1353,3180.0,-16300.0,440.0,-2752.0,-195.0,-25.0,146.0,59545.0
1354,3120.0,-16224.0,508.0,-2768.0,-220.0,-12.0,91.0,59550.0
1355,3208.0,-16208.0,540.0,-2736.0,-262.0,-6.0,112.0,59556.0
1356,3236.0,-16152.0,484.0,-2768.0,-280.0,20.0,110.0,59563.0
1357,3320.0,-16100.0,384.0,-2768.0,-296.0,60.0,111.0,59568.0
1358,3324.0,-16224.0,360.0,-2784.0,-290.0,70.0,87.0,59574.0
1359,3340.0,-16152.0,464.0,-2736.0,-331.0,77.0,96.0,59579.0
1360,3168.0,-16184.0,336.0,-2752.0,-350.0,71.0,120.0,59585.0
1361,3152.0,-16120.0,380.0,-2752.0,-390.0,115.0,123.0,59591.0
1362,3092.0,-16136.0,392.0,-2736.0,-383.0,92.0,75.0,59596.0
1363,3220.0,-16232.0,392.0,-2768.0,-409.0,92.0,91.0,59602.0
1364,3252.0,-16220.0,336.0,-2736.0,-397.0,98.0,69.0,59608.0
1365,3252.0,-16168.0,252.0,-2768.0,-388.0,101.0,70.0,59614.0
1366,3184.0,-16156.0,236.0,-2736.0,-380.0,139.0,84.0,59620.0
1367,3212.0,-16264.0,428.0,-2736.0,-390.0,138.0,90.0,59625.0
1368,3276.0,-16268.0,304.0,-2768.0,-386.0,143.0,79.0,59631.0
1369,3248.0,-16060.0,156.0,-2752.0,-367.0,97.0,81.0,59636.0
1370,3240.0,-16176.0,404.0,-2752.0,-364.0,81.0,86.0,59642.0
1371,3288.0,-16208.0,340.0,-2784.0,-383.0,106.0,89.0,59649.0
1372,3376.0,-16212.0,240.0,-2752.0,-392.0,111.0,85.0,59654.0
1373,3384.0,-16244.0,352.0,-2768.0,-378.0,180.0,91.0,59660.0
1374,3420.0,-16268.0,320.0,-2768.0,-381.0,200.0,122.0,59666.0
1375,3324.0,-16244.0,108.0,-2752.0,-361.0,226.0,126.0,59671.0
1376,3320.0,-16224.0,196.0,-2768.0,-355.0,237.0,147.0,59677.0
1377,3216.0,-16216.0,320.0,-2752.0,-315.0,251.0,165.0,59683.0
1378,3116.0,-16228.0,268.0,-2752.0,-299.0,232.0,151.0,59688.0
1379,3240.0,-16164.0,348.0,-2736.0,-262.0,191.0,187.0,59695.0
1380,3236.0,-16300.0,176.0,-2752.0,-241.0,190.0,215.0,59701.0
1381,3244.0,-16252.0,148.0,-2736.0,-214.0,179.0,211.0,59706.0
1382,3308.0,-16240.0,296.0,-2768.0,-167.0,161.0,194.0,59712.0
1383,3428.0,-16196.0,104.0,-2752.0,-161.0,131.0,231.0,59718.0
1384,3288.0,-16148.0,332.0,-2768.0,-176.0,128.0,228.0,59723.0
1385,3352.0,-16276.0,356.0,-2736.0,-168.0,130.0,221.0,59729.0
1386,3320.0,-16184.0,220.0,-2768.0,-172.0,192.0,273.0,59736.0
1387,3252.0,-16268.0,312.0,-2736.0,-157.0,260.0,260.0,59741.0
1388,3204.0,-16324.0,324.0,-2720.0,-158.0,305.0,295.0,59747.0
1389,3192.0,-16412.0,252.0,-2736.0,-107.0,350.0,297.0,59753.0
1390,3140.0,-16332.0,220.0,-2752.0,-60.0,326.0,286.0,59758.0
1391,3236.0,-16284.0,132.0,-2784.0,-41.0,292.0,276.0,59764.0
1392,3128.0,-16296.0,236.0,-2752.0,-50.0,269.0,296.0,59770.0
1393,3176.0,-16188.0,216.0,-2736.0,-25.0,262.0,297.0,59776.0
1394,2996.0,-16248.0,408.0,-2736.0,-52.0,222.0,258.0,59782.0
1395,3064.0,-16300.0,300.0,-2768.0,-55.0,171.0,262.0,59787.0
1396,3104.0,-16264.0,392.0,-2736.0,-73.0,140.0,240.0,59793.0
1397,3100.0,-16152.0,296.0,-2752.0,-77.0,132.0,230.0,59799.0
1398,3000.0,-16276.0,372.0,-2720.0,-98.0,162.0,227.0,59804.0
1399,3200.0,-16336.0,256.0,-2768.0,-111.0,171.0,208.0,59810.0
1400,3068.0,-16212.0,352.0,-2736.0,-148.0,184.0,206.0,59816.0
1401,3136.0,-16176.0,432.0,-2752.0,-141.0,170.0,205.0,59822.0
1402,3124.0,-16140.0,224.0,-2768.0,-154.0,166.0,209.0,59828.0
1403,3100.0,-16208.0,216.0,-2784.0,-133.0,156.0,178.0,59834.0
1404,3120.0,-16228.0,144.0,-2752.0,-125.0,122.0,173.0,59839.0
1405,3144.0,-16220.0,428.0,-2736.0,-123.0,93.0,163.0,59845.0
1406,3152.0,-16216.0,424.0,-2736.0,-105.0,54.0,199.0,59851.0
1407,3136.0,-16312.0,356.0,-2768.0,-124.0,109.0,193.0,59856.0
1408,3056.0,-16268.0,304.0,-2752.0,-131.0,139.0,197.0,59863.0
1409,2960.0,-16300.0,336.0,-2768.0,-131.0,147.0,153.0,59869.0
1410,3160.0,-16276.0,296.0,-2752.0,-122.0,119.0,145.0,59874.0
1411,3036.0,-16248.0,360.0,-2768.0,-96.0,85.0,181.0,59880.0
1412,3016.0,-16196.0,336.0,-2768.0,-113.0,82.0,146.0,59886.0
1413,3008.0,-16296.0,524.0,-2768.0,-116.0,98.0,160.0,59891.0
1414,3104.0,-16388.0,208.0,-2736.0,-73.0,133.0,156.0,59897.0
1415,3156.0,-16308.0,112.0,-2752.0,4.0,153.0,146.0,59902.0
1416,3300.0,-16204.0,212.0,-2752.0,28.0,150.0,169.0,59909.0
1417,3432.0,-16184.0,336.0,-2768.0,9.0,157.0,165.0,59915.0
1418,3300.0,-16112.0,396.0,-2752.0,-5.0,159.0,177.0,59920.0
1419,3128.0,-16184.0,516.0,-2768.0,-44.0,195.0,188.0,59926.0
1420,3028.0,-16100.0,564.0,-2752.0,-98.0,231.0,181.0,59931.0
1421,2928.0,-16144.0,480.0,-2784.0,-134.0,240.0,175.0,59937.0
1422,3004.0,-16124.0,428.0,-2768.0,-155.0,208.0,134.0,59943.0
1423,3004.0,-16104.0,544.0,-2784.0,-176.0,196.0,80.0,59949.0
1424,3024.0,-16220.0,428.0,-2784.0,-204.0,216.0,64.0,59955.0
1425,3000.0,-16188.0,484.0,-2752.0,-239.0,185.0,57.0,59961.0
