id,AcX,AcY,AcZ,Tmp,GyX,GyY,GyZ,Timer
0,-6800.0,-19468.0,11428.0,-2832.0,5702.0,8225.0,3922.0,196312.0
1,-6328.0,-19504.0,10692.0,-2848.0,6894.0,6175.0,4175.0,196318.0
2,-5892.0,-19276.0,10480.0,-2848.0,7975.0,4332.0,4281.0,196324.0
3,-5712.0,-19040.0,9904.0,-2832.0,8921.0,2723.0,4336.0,196330.0
4,-5580.0,-18808.0,9436.0,-2848.0,9733.0,1214.0,4387.0,196336.0
5,-5220.0,-18052.0,7924.0,-2832.0,10291.0,-179.0,4428.0,196342.0
6,-3708.0,-14824.0,2032.0,-2848.0,10116.0,-1295.0,4118.0,196348.0
7,10676.0,-4712.0,-27796.0,-2816.0,4037.0,133.0,713.0,196355.0
8,32767.0,5644.0,-32768.0,-2848.0,-9705.0,3047.0,-12003.0,196361.0
9,32767.0,-13092.0,-32768.0,-2816.0,-11858.0,-7384.0,-24436.0,196367.0
10,32396.0,-32768.0,-15556.0,-2864.0,4704.0,-12150.0,-3004.0,196374.0
11,5068.0,-24524.0,-488.0,-2864.0,6514.0,14002.0,11847.0,196380.0
12,-24908.0,-20464.0,11300.0,-2848.0,3518.0,32093.0,10384.0,196386.0
13,-26644.0,-22868.0,18492.0,-2864.0,3395.0,24325.0,3642.0,196392.0
14,-20148.0,-31628.0,22444.0,-2816.0,6457.0,4305.0,-3226.0,196399.0
15,-8080.0,-32768.0,14016.0,-2864.0,10132.0,-10662.0,-3146.0,196405.0
16,3836.0,-24344.0,-4760.0,-2896.0,9882.0,-13199.0,-321.0,196412.0
17,11256.0,-14180.0,-12372.0,-2816.0,7615.0,-10793.0,1181.0,196418.0
18,12984.0,-13316.0,-5524.0,-2848.0,7209.0,-7510.0,870.0,196424.0
19,7304.0,-16904.0,1508.0,-2864.0,8089.0,-4339.0,694.0,196430.0
20,852.0,-16996.0,2332.0,-2880.0,7980.0,-2204.0,759.0,196436.0
21,-8.0,-14156.0,-1996.0,-2848.0,7019.0,-2301.0,424.0,196443.0
22,5000.0,-12680.0,-6052.0,-2864.0,6372.0,-4542.0,41.0,196448.0
23,10400.0,-14204.0,-6772.0,-2848.0,6707.0,-5959.0,50.0,196454.0
24,12144.0,-15560.0,-5840.0,-2816.0,7460.0,-4238.0,539.0,196460.0
25,11336.0,-15240.0,-5096.0,-2864.0,7649.0,-864.0,940.0,196466.0
26,9680.0,-14468.0,-4480.0,-2880.0,7287.0,1898.0,1092.0,196472.0
27,7920.0,-14080.0,-3712.0,-2832.0,6868.0,3268.0,1447.0,196478.0
28,6892.0,-14132.0,-3072.0,-2848.0,6608.0,3794.0,1794.0,196485.0
29,5900.0,-14664.0,-3092.0,-2832.0,6373.0,4150.0,1948.0,196491.0
30,4692.0,-15092.0,-3860.0,-2880.0,6203.0,4000.0,2020.0,196497.0
31,3804.0,-15676.0,-4300.0,-2864.0,6316.0,3191.0,1968.0,196503.0
32,3224.0,-15860.0,-4244.0,-2864.0,6580.0,2051.0,1783.0,196509.0
33,2636.0,-15596.0,-3880.0,-2848.0,6773.0,1188.0,1470.0,196515.0
34,2032.0,-15408.0,-3572.0,-2832.0,6701.0,715.0,1043.0,196521.0
35,1876.0,-15480.0,-2952.0,-2864.0,6551.0,324.0,671.0,196528.0
36,2436.0,-15920.0,-2788.0,-2864.0,6440.0,-91.0,386.0,196533.0
37,3492.0,-16164.0,-3008.0,-2864.0,6397.0,-476.0,184.0,196539.0
38,4792.0,-16216.0,-3184.0,-2832.0,6433.0,-627.0,113.0,196545.0
39,5952.0,-15852.0,-3196.0,-2848.0,6451.0,-475.0,121.0,196551.0
40,6200.0,-15636.0,-2960.0,-2848.0,6521.0,-53.0,112.0,196557.0
41,5948.0,-15316.0,-2588.0,-2848.0,6452.0,554.0,135.0,196563.0
42,5312.0,-15460.0,-2240.0,-2848.0,6388.0,1137.0,195.0,196569.0
43,4852.0,-15808.0,-1904.0,-2832.0,6273.0,1552.0,289.0,196575.0
44,4532.0,-16204.0,-1748.0,-2880.0,6176.0,1705.0,357.0,196581.0
45,4736.0,-16380.0,-1824.0,-2848.0,6082.0,1806.0,396.0,196587.0
46,4740.0,-16336.0,-1592.0,-2864.0,5997.0,1949.0,354.0,196593.0
47,4672.0,-15968.0,-1688.0,-2832.0,5918.0,2035.0,302.0,196599.0
48,4424.0,-15684.0,-1652.0,-2848.0,5793.0,2056.0,215.0,196605.0
49,4404.0,-15332.0,-1824.0,-2864.0,5666.0,1955.0,118.0,196612.0
50,4340.0,-15112.0,-1620.0,-2864.0,5539.0,1670.0,27.0,196618.0
51,4704.0,-14936.0,-1604.0,-2864.0,5407.0,1229.0,16.0,196624.0
52,5064.0,-15072.0,-1732.0,-2848.0,5291.0,783.0,48.0,196629.0
53,5636.0,-15236.0,-1496.0,-2832.0,5177.0,429.0,173.0,196635.0
54,5880.0,-15464.0,-1348.0,-2864.0,5146.0,247.0,361.0,196641.0
55,6124.0,-15868.0,-1296.0,-2848.0,5178.0,284.0,544.0,196647.0
56,6392.0,-15912.0,-1468.0,-2880.0,5215.0,468.0,754.0,196654.0
57,6412.0,-15768.0,-1208.0,-2848.0,5221.0,820.0,956.0,196660.0
58,6192.0,-15744.0,-1120.0,-2848.0,5162.0,1310.0,1104.0,196665.0
59,5928.0,-15700.0,-1060.0,-2864.0,5108.0,1832.0,1240.0,196671.0
60,5356.0,-15816.0,-1124.0,-2848.0,5079.0,2204.0,1332.0,196677.0
61,4960.0,-16328.0,-972.0,-2896.0,5242.0,2480.0,1382.0,196683.0
62,4860.0,-16456.0,-1388.0,-2880.0,5501.0,2510.0,1386.0,196689.0
63,5064.0,-16104.0,-1312.0,-2864.0,5728.0,2283.0,1406.0,196696.0
64,5196.0,-15704.0,-1256.0,-2848.0,5830.0,2062.0,1442.0,196702.0
65,5252.0,-15792.0,-1180.0,-2832.0,5934.0,2082.0,1493.0,196708.0
66,5236.0,-15804.0,-1184.0,-2864.0,6031.0,2223.0,1499.0,196714.0
67,5064.0,-15448.0,-1300.0,-2880.0,6093.0,2340.0,1479.0,196720.0
68,5208.0,-15292.0,-1212.0,-2896.0,6017.0,2364.0,1527.0,196726.0
69,5416.0,-15360.0,-1152.0,-2816.0,5963.0,2396.0,1576.0,196732.0
70,5244.0,-15588.0,-1172.0,-2896.0,5943.0,2471.0,1678.0,196739.0
71,5116.0,-15840.0,-1260.0,-2848.0,6006.0,2380.0,1784.0,196745.0
72,5028.0,-15732.0,-1168.0,-2864.0,6005.0,2216.0,1861.0,196750.0
73,4984.0,-15556.0,-904.0,-2880.0,5952.0,1986.0,1905.0,196756.0
74,4844.0,-15424.0,-648.0,-2848.0,5852.0,1803.0,1976.0,196762.0
75,4748.0,-15496.0,-420.0,-2864.0,5765.0,1782.0,2013.0,196768.0
76,4696.0,-15636.0,-204.0,-2864.0,5662.0,1845.0,2067.0,196774.0
77,4668.0,-15792.0,-208.0,-2832.0,5601.0,1876.0,2058.0,196781.0
78,4588.0,-15888.0,44.0,-2848.0,5560.0,1911.0,2062.0,196787.0
79,4628.0,-15860.0,-108.0,-2848.0,5562.0,1923.0,2057.0,196793.0
80,4572.0,-15816.0,-160.0,-2848.0,5582.0,1910.0,2060.0,196798.0
81,4276.0,-15852.0,104.0,-2880.0,5543.0,1863.0,2048.0,196804.0
82,4156.0,-15912.0,580.0,-2864.0,5499.0,1773.0,1970.0,196810.0
83,4396.0,-15552.0,300.0,-2864.0,5424.0,1728.0,1675.0,196816.0
84,4196.0,-15888.0,576.0,-2864.0,5357.0,1489.0,2141.0,196823.0
85,4412.0,-15692.0,992.0,-2864.0,5181.0,1632.0,1717.0,196829.0
86,4476.0,-15868.0,892.0,-2832.0,5074.0,1571.0,1879.0,196835.0
87,4760.0,-15580.0,1224.0,-2880.0,4945.0,1606.0,2001.0,196840.0
88,5000.0,-15984.0,1000.0,-2864.0,4876.0,1896.0,2026.0,196846.0
89,4756.0,-15920.0,912.0,-2816.0,4840.0,2080.0,2042.0,196852.0
90,4632.0,-15720.0,872.0,-2848.0,4773.0,2158.0,2082.0,196858.0
91,4560.0,-15728.0,1128.0,-2848.0,4652.0,2218.0,2034.0,196865.0
92,4092.0,-15760.0,1384.0,-2864.0,4583.0,2351.0,2067.0,196871.0
93,3732.0,-15912.0,1400.0,-2864.0,4523.0,2390.0,1997.0,196877.0
94,3564.0,-15900.0,1460.0,-2848.0,4474.0,2290.0,1900.0,196883.0
95,3688.0,-15792.0,1504.0,-2864.0,4429.0,2199.0,1830.0,196889.0
96,3940.0,-15896.0,1352.0,-2848.0,4372.0,2028.0,1763.0,196895.0
97,4020.0,-15876.0,1328.0,-2832.0,4375.0,1986.0,1736.0,196901.0
98,4180.0,-16152.0,1600.0,-2832.0,4396.0,1981.0,1699.0,196907.0
99,4188.0,-16060.0,1452.0,-2848.0,4426.0,2021.0,1721.0,196913.0
100,4076.0,-16112.0,1644.0,-2864.0,4424.0,2122.0,1632.0,196919.0
101,4140.0,-16088.0,1624.0,-2864.0,4445.0,2196.0,1652.0,196925.0
102,4264.0,-16052.0,1260.0,-2880.0,4527.0,2151.0,1695.0,196931.0
103,4400.0,-16076.0,1508.0,-2864.0,4582.0,2151.0,1691.0,196937.0
104,4232.0,-16112.0,1564.0,-2848.0,4678.0,2201.0,1735.0,196943.0
105,4144.0,-16124.0,1492.0,-2848.0,4728.0,2230.0,1724.0,196950.0
106,3968.0,-16152.0,1812.0,-2864.0,4798.0,2273.0,1795.0,196956.0
107,3980.0,-16020.0,1876.0,-2848.0,4896.0,2245.0,1793.0,196962.0
108,3816.0,-16152.0,2028.0,-2864.0,4904.0,2229.0,1797.0,196968.0
109,3856.0,-16368.0,1900.0,-2864.0,5018.0,2181.0,1789.0,196974.0
110,4048.0,-16376.0,1924.0,-2816.0,5111.0,2113.0,1786.0,196979.0
111,4304.0,-16352.0,1804.0,-2864.0,5204.0,2126.0,1839.0,196985.0
112,4188.0,-16336.0,2024.0,-2848.0,5332.0,2268.0,1878.0,196992.0
113,3976.0,-16768.0,2036.0,-2880.0,5471.0,2441.0,1935.0,196998.0
114,3672.0,-17020.0,2024.0,-2864.0,5696.0,2479.0,2041.0,197004.0
115,3760.0,-16776.0,2020.0,-2816.0,5868.0,2443.0,2116.0,197010.0
116,3792.0,-16956.0,2444.0,-2864.0,6019.0,2287.0,2219.0,197016.0
117,3960.0,-16984.0,2432.0,-2864.0,6216.0,2208.0,2328.0,197022.0
118,4112.0,-16968.0,2484.0,-2848.0,6375.0,2165.0,2483.0,197028.0
119,4028.0,-17044.0,2504.0,-2864.0,6508.0,2229.0,2631.0,197035.0
120,3888.0,-17152.0,2444.0,-2864.0,6725.0,2269.0,2867.0,197041.0
121,3500.0,-17192.0,2752.0,-2880.0,6924.0,2349.0,3079.0,197047.0
122,3152.0,-17168.0,2972.0,-2864.0,7127.0,2379.0,3254.0,197052.0
123,2476.0,-17328.0,3004.0,-2848.0,7370.0,2394.0,3492.0,197058.0
124,2112.0,-17504.0,2900.0,-2816.0,7629.0,2189.0,3654.0,197064.0
125,1716.0,-18060.0,3576.0,-2864.0,7873.0,1962.0,3748.0,197070.0
126,1340.0,-17632.0,3544.0,-2848.0,8101.0,1497.0,3944.0,197076.0
127,1160.0,-17576.0,3568.0,-2880.0,8283.0,1188.0,4197.0,197083.0
128,1372.0,-17736.0,3636.0,-2864.0,8548.0,810.0,4370.0,197089.0
129,1908.0,-17872.0,3940.0,-2896.0,8682.0,458.0,4575.0,197095.0
130,3052.0,-18056.0,4088.0,-2848.0,8820.0,299.0,4789.0,197101.0
131,3956.0,-18304.0,4008.0,-2848.0,8969.0,449.0,5087.0,197106.0
132,4492.0,-18904.0,4076.0,-2848.0,9118.0,861.0,5295.0,197112.0
133,5392.0,-19356.0,3372.0,-2864.0,9266.0,1295.0,5429.0,197118.0
134,6340.0,-19708.0,2956.0,-2864.0,9411.0,1802.0,5539.0,197125.0
135,6604.0,-20104.0,3032.0,-2880.0,9600.0,2575.0,5779.0,197131.0
136,6308.0,-20652.0,3028.0,-2832.0,9792.0,3400.0,5912.0,197137.0
137,6348.0,-20552.0,3248.0,-2864.0,9989.0,4103.0,6376.0,197143.0
138,5196.0,-20788.0,3540.0,-2880.0,10234.0,4698.0,6344.0,197149.0
139,4252.0,-21360.0,3212.0,-2832.0,10530.0,4997.0,6506.0,197155.0
140,2872.0,-21912.0,3868.0,-2832.0,10801.0,5232.0,7062.0,197161.0
141,988.0,-22852.0,4984.0,-2848.0,11001.0,5164.0,7878.0,197168.0
142,1220.0,-24200.0,5048.0,-2848.0,11235.0,4275.0,8314.0,197174.0
143,2904.0,-24252.0,3448.0,-2864.0,11579.0,3625.0,8410.0,197180.0
144,5156.0,-23856.0,1888.0,-2864.0,12004.0,3688.0,8157.0,197186.0
145,5748.0,-24108.0,2616.0,-2848.0,12475.0,4294.0,8282.0,197191.0
146,5508.0,-24908.0,3112.0,-2864.0,12913.0,5377.0,8662.0,197197.0
147,4484.0,-25572.0,2800.0,-2848.0,13408.0,6301.0,9107.0,197203.0
148,3600.0,-25900.0,2884.0,-2864.0,14014.0,6730.0,9521.0,197210.0
149,3352.0,-26412.0,3064.0,-2848.0,14705.0,6782.0,9908.0,197216.0
150,3388.0,-27068.0,2184.0,-2832.0,15326.0,6977.0,10310.0,197222.0
151,4464.0,-27892.0,1412.0,-2864.0,16058.0,6842.0,10555.0,197228.0
152,5596.0,-27908.0,500.0,-2880.0,16756.0,6811.0,10672.0,197234.0
153,6872.0,-28080.0,-1088.0,-2880.0,17269.0,6994.0,10559.0,197240.0
154,8060.0,-27940.0,-2788.0,-2864.0,17453.0,7239.0,10271.0,197246.0
155,9028.0,-28340.0,-4896.0,-2832.0,17354.0,8269.0,10013.0,197253.0
156,9988.0,-30856.0,-8572.0,-2832.0,17455.0,9698.0,9817.0,197259.0
157,9436.0,-31332.0,-11448.0,-2848.0,17696.0,10436.0,10055.0,197265.0
158,8132.0,-29596.0,-13544.0,-2848.0,17652.0,10560.0,10532.0,197271.0
159,6304.0,-26816.0,-14248.0,-2864.0,17250.0,9794.0,10942.0,197278.0
160,4616.0,-23224.0,-14216.0,-2832.0,16506.0,8426.0,11318.0,197284.0
161,4048.0,-20600.0,-13108.0,-2848.0,15489.0,7121.0,11469.0,197291.0
162,3360.0,-17920.0,-11324.0,-2848.0,14284.0,6143.0,11645.0,197297.0
163,3044.0,-16084.0,-5916.0,-2848.0,13435.0,5366.0,11645.0,197303.0
164,2616.0,-16168.0,236.0,-2848.0,12715.0,4282.0,11596.0,197309.0
165,2328.0,-17416.0,4904.0,-2864.0,12309.0,2737.0,11409.0,197315.0
166,2252.0,-19292.0,6032.0,-2832.0,11652.0,830.0,10600.0,197321.0
167,2168.0,-21100.0,5448.0,-2848.0,10838.0,-1096.0,9455.0,197327.0
168,1784.0,-22688.0,4532.0,-2864.0,10466.0,-2809.0,8396.0,197334.0
169,1888.0,-24328.0,6632.0,-2832.0,11069.0,-4494.0,7533.0,197340.0
170,1228.0,-24004.0,5844.0,-2848.0,12146.0,-5682.0,7172.0,197346.0
171,400.0,-22504.0,3356.0,-2880.0,13192.0,-7401.0,7159.0,197352.0
172,3260.0,-17308.0,2176.0,-2864.0,12518.0,-8504.0,7127.0,197358.0
173,5012.0,-13128.0,108.0,-2848.0,11756.0,-9011.0,6731.0,197364.0
174,6504.0,-10784.0,1000.0,-2864.0,11049.0,-7830.0,6191.0,197370.0
175,7752.0,-8732.0,1956.0,-2848.0,10236.0,-4986.0,5928.0,197377.0
176,7168.0,-7392.0,116.0,-2864.0,8432.0,-1431.0,5789.0,197383.0
177,5052.0,-7620.0,-2644.0,-2832.0,6187.0,1616.0,5355.0,197389.0
178,2980.0,-8072.0,-5156.0,-2880.0,4495.0,3086.0,4693.0,197395.0
179,1980.0,-7520.0,-6740.0,-2848.0,3139.0,3501.0,4410.0,197400.0
180,2176.0,-6900.0,-7216.0,-2864.0,1999.0,2684.0,3747.0,197406.0
181,2348.0,-5520.0,-6816.0,-2864.0,640.0,1261.0,2842.0,197412.0
182,1280.0,-4636.0,-5732.0,-2896.0,-938.0,-193.0,2375.0,197419.0
183,-872.0,-4808.0,-4120.0,-2864.0,-2383.0,-1236.0,2430.0,197425.0
184,-2960.0,-5056.0,-3528.0,-2832.0,-3693.0,-2239.0,2531.0,197431.0
185,-3748.0,-4752.0,-3300.0,-2880.0,-4992.0,-3698.0,2082.0,197437.0
186,-3372.0,-4228.0,-2864.0,-2864.0,-6317.0,-5738.0,1172.0,197443.0
187,-2280.0,-3580.0,-2436.0,-2864.0,-7632.0,-7857.0,281.0,197448.0
188,-828.0,-3032.0,-2348.0,-2816.0,-9128.0,-9650.0,-534.0,197454.0
189,0.0,-2304.0,-2832.0,-2848.0,-10802.0,-10953.0,-1204.0,197460.0
190,904.0,-1760.0,-3208.0,-2848.0,-12572.0,-12067.0,-1745.0,197467.0
191,1948.0,-1532.0,-3712.0,-2864.0,-14422.0,-12558.0,-2099.0,197473.0
192,3184.0,-1520.0,-4288.0,-2864.0,-16312.0,-12614.0,-2531.0,197479.0
193,4204.0,-2076.0,-4484.0,-2864.0,-18074.0,-12424.0,-3037.0,197485.0
194,4924.0,-2736.0,-4412.0,-2848.0,-19772.0,-11808.0,-3522.0,197491.0
195,5060.0,-3644.0,-5192.0,-2848.0,-21174.0,-11224.0,-4008.0,197497.0
196,6220.0,-4772.0,-3524.0,-2864.0,-22255.0,-10319.0,-4256.0,197504.0
197,7060.0,-4932.0,-3072.0,-2864.0,-23634.0,-9169.0,-4627.0,197510.0
198,7408.0,-5700.0,-2836.0,-2848.0,-25101.0,-7891.0,-4901.0,197516.0
199,7704.0,-6660.0,-2824.0,-2864.0,-26489.0,-6597.0,-5153.0,197522.0
200,7792.0,-8084.0,-2476.0,-2864.0,-27829.0,-5315.0,-5468.0,197528.0
201,7328.0,-9756.0,-2072.0,-2848.0,-28903.0,-4013.0,-5680.0,197534.0
202,6804.0,-11104.0,-1396.0,-2832.0,-29821.0,-2657.0,-5830.0,197540.0
203,6168.0,-12364.0,-816.0,-2848.0,-30672.0,-1372.0,-6023.0,197547.0
204,5316.0,-13496.0,-712.0,-2864.0,-31493.0,-278.0,-6281.0,197553.0
205,4492.0,-14360.0,-456.0,-2864.0,-32343.0,672.0,-6577.0,197559.0
206,3820.0,-15408.0,-64.0,-2848.0,-32768.0,1327.0,-6916.0,197565.0
207,2968.0,-16452.0,252.0,-2832.0,-32768.0,1739.0,-7280.0,197571.0
208,1728.0,-17596.0,744.0,-2896.0,-32768.0,1872.0,-7646.0,197577.0
209,1128.0,-18552.0,1376.0,-2848.0,-32768.0,1670.0,-8022.0,197583.0
210,752.0,-19372.0,1688.0,-2880.0,-32768.0,1173.0,-8475.0,197590.0
211,536.0,-20084.0,1732.0,-2832.0,-32768.0,569.0,-8955.0,197596.0
212,616.0,-20696.0,1892.0,-2848.0,-32768.0,-145.0,-9444.0,197602.0
213,652.0,-21484.0,2128.0,-2864.0,-32768.0,-888.0,-9921.0,197608.0
214,944.0,-22096.0,2044.0,-2880.0,-32768.0,-1655.0,-10437.0,197614.0
215,1212.0,-22796.0,2320.0,-2864.0,-32768.0,-2518.0,-10953.0,197620.0
216,1624.0,-23376.0,2280.0,-2848.0,-32768.0,-3378.0,-11465.0,197626.0
217,2088.0,-23960.0,2500.0,-2864.0,-32768.0,-4207.0,-11930.0,197634.0
218,2724.0,-24612.0,2736.0,-2864.0,-32768.0,-4858.0,-12440.0,197640.0
219,3612.0,-25248.0,2792.0,-2848.0,-32768.0,-5255.0,-12721.0,197646.0
220,4140.0,-25780.0,3164.0,-2864.0,-32768.0,-5553.0,-13210.0,197652.0
221,4528.0,-26400.0,3372.0,-2832.0,-32768.0,-5642.0,-13476.0,197658.0
222,4628.0,-26864.0,4120.0,-2848.0,-32768.0,-5567.0,-13559.0,197665.0
223,4500.0,-27524.0,5192.0,-2832.0,-32768.0,-5337.0,-13591.0,197671.0
224,4644.0,-28132.0,6560.0,-2848.0,-32768.0,-4923.0,-13606.0,197678.0
225,4960.0,-28944.0,7884.0,-2848.0,-32768.0,-4349.0,-13518.0,197684.0
226,5672.0,-29568.0,8836.0,-2864.0,-32768.0,-3718.0,-13367.0,197691.0
227,6600.0,-30552.0,10124.0,-2880.0,-32747.0,-2929.0,-13095.0,197697.0
228,7660.0,-31304.0,11108.0,-2816.0,-31684.0,-1692.0,-12834.0,197703.0
229,8308.0,-32140.0,12548.0,-2848.0,-30488.0,-140.0,-12612.0,197709.0
230,8336.0,-30608.0,13208.0,-2848.0,-29359.0,1850.0,-12395.0,197716.0
231,6340.0,-32232.0,16936.0,-2832.0,-27734.0,3558.0,-12130.0,197723.0
232,9412.0,-32376.0,17724.0,-2848.0,-25820.0,5837.0,-11582.0,197729.0
233,6704.0,-31600.0,19576.0,-2864.0,-23895.0,8192.0,-13459.0,197735.0
234,2292.0,-31228.0,21192.0,-2864.0,-21776.0,9979.0,-13231.0,197742.0
235,-1184.0,-31612.0,22940.0,-2848.0,-19199.0,11239.0,-12070.0,197748.0
236,-6636.0,-29880.0,23928.0,-2864.0,-16422.0,12320.0,-10106.0,197754.0
237,-11272.0,-28428.0,25696.0,-2864.0,-13515.0,12663.0,-7729.0,197762.0
238,-15464.0,-26712.0,26968.0,-2880.0,-10361.0,11632.0,-5688.0,197768.0
239,-17236.0,-25504.0,29312.0,-2848.0,-7073.0,9253.0,-3775.0,197774.0
240,-16716.0,-25216.0,30880.0,-2880.0,-3716.0,6380.0,-2122.0,197781.0
241,-14184.0,-25208.0,30660.0,-2864.0,-385.0,3725.0,-1029.0,197787.0
242,-10900.0,-25584.0,29480.0,-2880.0,3016.0,1784.0,-322.0,197793.0
243,-9392.0,-25440.0,28236.0,-2832.0,6213.0,423.0,388.0,197799.0
244,-8872.0,-24328.0,26964.0,-2848.0,9081.0,-906.0,1197.0,197806.0
245,-9308.0,-23476.0,25432.0,-2864.0,11648.0,-2189.0,2199.0,197812.0
246,-9976.0,-22764.0,21696.0,-2864.0,13607.0,-3838.0,3243.0,197818.0
247,-10380.0,-16636.0,10424.0,-2880.0,14219.0,-6436.0,4206.0,197824.0
248,6504.0,532.0,-32768.0,-2864.0,3794.0,-7110.0,486.0,197830.0
249,32767.0,-14756.0,-32768.0,-2864.0,-6731.0,-7283.0,-15019.0,197836.0
250,32140.0,-32768.0,-32768.0,-2864.0,3568.0,-15155.0,-11287.0,197842.0
251,8704.0,-32768.0,-2608.0,-2864.0,16801.0,-8100.0,13799.0,197850.0
252,-8232.0,-29976.0,17140.0,-2864.0,18503.0,18690.0,16956.0,197856.0
253,-31732.0,-28968.0,28620.0,-2864.0,17965.0,25574.0,14201.0,197862.0
254,-25076.0,-28688.0,22696.0,-2832.0,17602.0,10575.0,5659.0,197868.0
255,-15456.0,-25448.0,3472.0,-2880.0,17368.0,-7106.0,-88.0,197875.0
256,-864.0,-15472.0,-9172.0,-2880.0,16766.0,-12304.0,638.0,197881.0
257,14504.0,-6992.0,-8148.0,-2912.0,15874.0,-11824.0,810.0,197888.0
258,22224.0,-4772.0,-1876.0,-2864.0,14617.0,-9998.0,-772.0,197894.0
259,13608.0,-11060.0,8180.0,-2848.0,13106.0,-5816.0,-1422.0,197900.0
260,4000.0,-17652.0,10532.0,-2816.0,12802.0,-2222.0,892.0,197906.0
261,1164.0,-17524.0,6108.0,-2880.0,12094.0,-2333.0,993.0,197912.0
262,2720.0,-15872.0,2024.0,-2864.0,10869.0,-4809.0,-131.0,197918.0
263,5692.0,-16988.0,-292.0,-2864.0,10252.0,-5922.0,112.0,197924.0
264,8328.0,-19168.0,-700.0,-2848.0,10303.0,-4377.0,1375.0,197931.0
265,7800.0,-18676.0,-528.0,-2864.0,10516.0,-1577.0,2104.0,197937.0
266,5828.0,-17472.0,-800.0,-2848.0,10563.0,184.0,2487.0,197943.0
267,4692.0,-16744.0,-1088.0,-2896.0,10602.0,555.0,2563.0,197949.0
268,4268.0,-15964.0,-1116.0,-2880.0,10564.0,655.0,2263.0,197955.0
269,4012.0,-14320.0,-1152.0,-2832.0,10079.0,924.0,2102.0,197961.0
270,4212.0,-14260.0,-848.0,-2848.0,9506.0,1529.0,1989.0,197967.0
271,3704.0,-15092.0,-468.0,-2848.0,9034.0,2547.0,1965.0,197972.0
272,2560.0,-16316.0,96.0,-2832.0,8674.0,3991.0,1840.0,197979.0
273,884.0,-17280.0,-188.0,-2896.0,8509.0,5139.0,1270.0,197985.0
274,-416.0,-17432.0,-788.0,-2864.0,8435.0,5352.0,503.0,197991.0
275,-976.0,-17088.0,-1224.0,-2864.0,8437.0,4468.0,-282.0,197997.0
276,-872.0,-16920.0,-1440.0,-2896.0,8529.0,2984.0,-969.0,198003.0
277,-208.0,-16712.0,-948.0,-2864.0,8552.0,1429.0,-1398.0,198009.0
278,1036.0,-16232.0,-604.0,-2896.0,8421.0,106.0,-1653.0,198014.0
279,3168.0,-15756.0,-36.0,-2848.0,8211.0,-1097.0,-1846.0,198021.0
280,5024.0,-15544.0,-648.0,-2880.0,8094.0,-1700.0,-1969.0,198027.0
281,6856.0,-14924.0,-1216.0,-2832.0,8054.0,-1816.0,-1982.0,198033.0
282,7972.0,-14336.0,-716.0,-2880.0,7922.0,-1543.0,-1722.0,198039.0
283,8492.0,-14072.0,144.0,-2880.0,7596.0,-482.0,-1232.0,198045.0
284,8440.0,-14432.0,472.0,-2864.0,7215.0,1183.0,-661.0,198051.0
285,8040.0,-14928.0,660.0,-2896.0,6912.0,2990.0,-170.0,198057.0
286,6888.0,-15660.0,328.0,-2832.0,6634.0,4691.0,158.0,198063.0
287,5724.0,-15420.0,88.0,-2864.0,6311.0,5909.0,341.0,198069.0
288,4696.0,-15572.0,-124.0,-2864.0,6031.0,6450.0,412.0,198075.0
289,3872.0,-15812.0,-632.0,-2864.0,5824.0,6456.0,439.0,198081.0
290,3296.0,-15772.0,-600.0,-2864.0,5645.0,6051.0,425.0,198087.0
291,2908.0,-15828.0,-660.0,-2864.0,5437.0,5372.0,290.0,198093.0
292,2748.0,-15840.0,-248.0,-2880.0,5183.0,4540.0,246.0,198099.0
293,3028.0,-15904.0,-156.0,-2848.0,4949.0,3879.0,158.0,198105.0
294,3344.0,-16048.0,-372.0,-2848.0,4747.0,3361.0,94.0,198111.0
295,3988.0,-15972.0,-192.0,-2848.0,4613.0,3009.0,8.0,198117.0
296,4312.0,-15812.0,-40.0,-2896.0,4470.0,2800.0,-2.0,198123.0
297,4536.0,-15928.0,484.0,-2848.0,4363.0,2847.0,70.0,198129.0
298,4688.0,-15892.0,336.0,-2848.0,4219.0,3155.0,185.0,198134.0
299,4976.0,-16012.0,92.0,-2880.0,4227.0,3420.0,299.0,198140.0
300,4960.0,-15936.0,92.0,-2832.0,4224.0,3563.0,349.0,198147.0
301,5012.0,-16036.0,-164.0,-2864.0,4268.0,3705.0,446.0,198153.0
302,4968.0,-15944.0,60.0,-2896.0,4312.0,3610.0,556.0,198159.0
303,5044.0,-15612.0,108.0,-2864.0,4313.0,3535.0,669.0,198164.0
304,5092.0,-15792.0,392.0,-2864.0,4338.0,3440.0,764.0,198170.0
305,4820.0,-15644.0,412.0,-2848.0,4299.0,3285.0,837.0,198176.0
306,4688.0,-15716.0,672.0,-2848.0,4283.0,3083.0,906.0,198182.0
307,4564.0,-15660.0,892.0,-2880.0,4250.0,2862.0,955.0,198189.0
308,4444.0,-15748.0,972.0,-2848.0,4230.0,2847.0,1004.0,198194.0
309,4516.0,-15752.0,1152.0,-2848.0,4224.0,2877.0,1048.0,198200.0
310,4460.0,-15892.0,932.0,-2864.0,4183.0,2933.0,1071.0,198206.0
311,4336.0,-15828.0,1144.0,-2864.0,4199.0,2895.0,1170.0,198212.0
312,4208.0,-16052.0,1136.0,-2848.0,4214.0,2759.0,1245.0,198218.0
313,4076.0,-16112.0,1144.0,-2864.0,4191.0,2519.0,1222.0,198224.0
314,4184.0,-15964.0,1104.0,-2864.0,4226.0,2202.0,1197.0,198231.0
315,4448.0,-15968.0,1148.0,-2880.0,4245.0,2068.0,1263.0,198237.0
316,4736.0,-15892.0,1104.0,-2864.0,4289.0,2252.0,1256.0,198243.0
317,4864.0,-15968.0,1352.0,-2864.0,4315.0,2508.0,1310.0,198249.0
318,4720.0,-16096.0,1404.0,-2880.0,4317.0,2835.0,1425.0,198254.0
319,4416.0,-16076.0,1644.0,-2864.0,4344.0,2973.0,1434.0,198260.0
320,4108.0,-16140.0,1648.0,-2864.0,4346.0,2896.0,1463.0,198266.0
321,3920.0,-16000.0,1812.0,-2880.0,4359.0,2811.0,1428.0,198273.0
322,3888.0,-15952.0,1820.0,-2864.0,4372.0,2670.0,1405.0,198279.0
323,4008.0,-16216.0,2008.0,-2864.0,4363.0,2615.0,1391.0,198285.0
324,3960.0,-16580.0,2176.0,-2848.0,4364.0,2679.0,1382.0,198291.0
325,4024.0,-16740.0,2004.0,-2864.0,4379.0,2783.0,1480.0,198297.0
326,3740.0,-16472.0,2096.0,-2864.0,4380.0,2980.0,1324.0,198303.0
327,4272.0,-16556.0,2088.0,-2848.0,4416.0,3060.0,1308.0,198309.0
328,4648.0,-16480.0,1988.0,-2896.0,4468.0,3208.0,1253.0,198316.0
329,4492.0,-16484.0,1940.0,-2864.0,4514.0,3482.0,1293.0,198322.0
330,4420.0,-16760.0,2000.0,-2848.0,4578.0,3773.0,1227.0,198327.0
331,4488.0,-16440.0,1772.0,-2864.0,4693.0,3977.0,1075.0,198333.0
332,3940.0,-16660.0,1932.0,-2864.0,4847.0,4224.0,1214.0,198339.0
333,3436.0,-16672.0,1976.0,-2848.0,5014.0,4465.0,1187.0,198345.0
334,2960.0,-16640.0,2068.0,-2864.0,5240.0,4470.0,1283.0,198351.0
335,2916.0,-16576.0,2036.0,-2848.0,5493.0,4343.0,1367.0,198358.0
336,3104.0,-16524.0,2128.0,-2880.0,5725.0,4033.0,1456.0,198364.0
337,3588.0,-16444.0,2200.0,-2832.0,5964.0,3722.0,1542.0,198370.0
338,4184.0,-16444.0,1960.0,-2848.0,6245.0,3526.0,1633.0,198376.0
339,2508.0,-16836.0,2240.0,-2880.0,6438.0,3336.0,1798.0,198382.0
340,7756.0,-16816.0,2188.0,-2864.0,6699.0,3648.0,2388.0,198388.0
341,4608.0,-16952.0,2404.0,-2848.0,6946.0,4318.0,1906.0,198394.0
342,4992.0,-17092.0,2308.0,-2864.0,7149.0,4042.0,2247.0,198400.0
343,4784.0,-17300.0,2192.0,-2896.0,7416.0,3966.0,2594.0,198406.0
344,4724.0,-17368.0,2760.0,-2880.0,7680.0,4041.0,2860.0,198412.0
345,4328.0,-17520.0,3028.0,-2864.0,7957.0,4061.0,3057.0,198418.0
346,3696.0,-17892.0,2956.0,-2864.0,8269.0,3996.0,3498.0,198424.0
347,3304.0,-17932.0,3084.0,-2880.0,8563.0,3833.0,3828.0,198430.0
348,2944.0,-18040.0,3112.0,-2864.0,8857.0,3610.0,4039.0,198436.0
349,2528.0,-18320.0,2972.0,-2864.0,9179.0,3321.0,4274.0,198443.0
350,2372.0,-18556.0,3428.0,-2848.0,9470.0,3043.0,4555.0,198449.0
351,1796.0,-19084.0,3624.0,-2864.0,9861.0,2843.0,4930.0,198455.0
352,1784.0,-19360.0,3572.0,-2880.0,10224.0,2561.0,5256.0,198461.0
353,1616.0,-19768.0,3668.0,-2864.0,10570.0,2334.0,5567.0,198467.0
354,1836.0,-19900.0,3688.0,-2864.0,10947.0,2096.0,5881.0,198473.0
355,2180.0,-20464.0,3612.0,-2864.0,11396.0,1894.0,6148.0,198478.0
356,2968.0,-20796.0,3640.0,-2880.0,11793.0,1803.0,6428.0,198484.0
357,3616.0,-21252.0,3448.0,-2864.0,12222.0,1947.0,6624.0,198491.0
358,3984.0,-21708.0,3456.0,-2880.0,12615.0,2149.0,6915.0,198497.0
359,3788.0,-22236.0,3404.0,-2864.0,12974.0,2473.0,7229.0,198503.0
360,2308.0,-22912.0,4028.0,-2848.0,13329.0,2814.0,7884.0,198509.0
361,768.0,-24340.0,4772.0,-2832.0,13519.0,2452.0,8688.0,198515.0
362,1388.0,-26080.0,4584.0,-2880.0,13944.0,1606.0,9303.0,198521.0
363,3740.0,-26204.0,2956.0,-2864.0,14329.0,1205.0,9421.0,198528.0
364,6156.0,-25996.0,1904.0,-2880.0,14887.0,1458.0,9220.0,198534.0
365,7396.0,-26636.0,2464.0,-2832.0,15533.0,2381.0,9241.0,198540.0
366,7848.0,-28368.0,4032.0,-2848.0,16406.0,3635.0,9415.0,198546.0
367,7376.0,-29360.0,2892.0,-2864.0,17122.0,5091.0,9757.0,198552.0
368,7336.0,-29980.0,1980.0,-2848.0,17981.0,6398.0,9829.0,198558.0
369,6964.0,-30252.0,1308.0,-2864.0,18800.0,7391.0,10051.0,198564.0
370,6956.0,-30868.0,-688.0,-2864.0,19394.0,8336.0,10301.0,198571.0
371,7612.0,-31800.0,-2908.0,-2848.0,19871.0,9138.0,10393.0,198577.0
372,8812.0,-31896.0,-6156.0,-2880.0,20007.0,9802.0,10414.0,198583.0
373,10784.0,-32072.0,-8820.0,-2880.0,19736.0,10824.0,10192.0,198589.0
374,11664.0,-32768.0,-12424.0,-2880.0,19569.0,12654.0,10067.0,198595.0
375,10304.0,-32768.0,-14096.0,-2864.0,19676.0,14088.0,10634.0,198601.0
376,7260.0,-32768.0,-15956.0,-2848.0,19395.0,14113.0,11663.0,198607.0
377,5252.0,-29076.0,-17792.0,-2864.0,18459.0,13475.0,12521.0,198615.0
378,4676.0,-25752.0,-18004.0,-2864.0,17272.0,13258.0,12998.0,198621.0
379,3576.0,-22116.0,-16216.0,-2848.0,16065.0,12548.0,13425.0,198627.0
380,1404.0,-19056.0,-9852.0,-2880.0,14948.0,11490.0,13862.0,198633.0
381,24.0,-18756.0,140.0,-2864.0,14608.0,9432.0,14254.0,198639.0
382,-1396.0,-19544.0,6352.0,-2864.0,14316.0,6966.0,14388.0,198645.0
383,-1768.0,-20212.0,6740.0,-2864.0,13147.0,3269.0,13251.0,198651.0
384,-1276.0,-21132.0,3684.0,-2848.0,11563.0,-1586.0,11311.0,198658.0
385,804.0,-22568.0,760.0,-2880.0,10180.0,-6139.0,9016.0,198664.0
386,3228.0,-23912.0,64.0,-2864.0,9537.0,-8644.0,6986.0,198670.0
387,3316.0,-25416.0,1104.0,-2864.0,10403.0,-8828.0,5706.0,198676.0
388,2808.0,-23316.0,1172.0,-2880.0,11705.0,-8483.0,5650.0,198682.0
389,2376.0,-20648.0,568.0,-2880.0,12629.0,-7364.0,6403.0,198688.0
390,3616.0,-15844.0,488.0,-2864.0,12622.0,-7581.0,7050.0,198694.0
391,5152.0,-11636.0,1600.0,-2880.0,12206.0,-8665.0,7227.0,198701.0
392,5812.0,-9116.0,2328.0,-2864.0,11382.0,-8583.0,7448.0,198707.0
393,6148.0,-7556.0,2668.0,-2848.0,9771.0,-7207.0,7565.0,198713.0
394,5812.0,-6644.0,2668.0,-2864.0,7742.0,-5217.0,7380.0,198719.0
395,5156.0,-5308.0,340.0,-2864.0,5184.0,-3305.0,6941.0,198725.0
396,5012.0,-4376.0,-2468.0,-2848.0,2533.0,-1803.0,6242.0,198730.0
397,5292.0,-5212.0,-3268.0,-2880.0,758.0,-217.0,5425.0,198736.0
398,5924.0,-5412.0,-6596.0,-2848.0,-432.0,1115.0,4433.0,198743.0
399,5824.0,-3604.0,-8688.0,-2880.0,-2288.0,1346.0,2987.0,198749.0
400,5488.0,-2360.0,-7868.0,-2880.0,-4021.0,1059.0,1781.0,198755.0
401,4748.0,-2120.0,-8012.0,-2864.0,-5489.0,606.0,1080.0,198761.0
402,4352.0,-664.0,-7396.0,-2896.0,-7491.0,-259.0,741.0,198767.0
403,4408.0,488.0,-7324.0,-2896.0,-9846.0,-631.0,287.0,198772.0
404,4236.0,776.0,-7032.0,-2880.0,-12185.0,-126.0,-307.0,198778.0
405,3880.0,104.0,-6844.0,-2848.0,-13893.0,301.0,-1154.0,198785.0
406,3808.0,-584.0,-6116.0,-2848.0,-15382.0,699.0,-2124.0,198791.0
407,3656.0,-1008.0,-5472.0,-2880.0,-16781.0,924.0,-3030.0,198797.0
408,3372.0,-1628.0,-4660.0,-2864.0,-18211.0,770.0,-3711.0,198802.0
409,2912.0,-2348.0,-4484.0,-2848.0,-19727.0,266.0,-4193.0,198808.0
410,2148.0,-2804.0,-4640.0,-2880.0,-21304.0,-353.0,-4603.0,198814.0
411,1580.0,-3368.0,-4980.0,-2864.0,-22926.0,-919.0,-5046.0,198820.0
412,1132.0,-4076.0,-5124.0,-2880.0,-24548.0,-1242.0,-5595.0,198827.0
413,1024.0,-4908.0,-5436.0,-2864.0,-26050.0,-1388.0,-6198.0,198833.0
414,1164.0,-5700.0,-5700.0,-2880.0,-27583.0,-1541.0,-6937.0,198839.0
415,1284.0,-6720.0,-5268.0,-2864.0,-28918.0,-1641.0,-7738.0,198845.0
416,1284.0,-7552.0,-5076.0,-2832.0,-30219.0,-1741.0,-8480.0,198851.0
417,1440.0,-8340.0,-4764.0,-2880.0,-31373.0,-2105.0,-9104.0,198857.0
418,1424.0,-9280.0,-4464.0,-2864.0,-32435.0,-2510.0,-9635.0,198863.0
419,1812.0,-9928.0,-3988.0,-2896.0,-32768.0,-2788.0,-10194.0,198870.0
420,2940.0,-10128.0,-3136.0,-2880.0,-32768.0,-2478.0,-10770.0,198876.0
421,2804.0,-12048.0,-3408.0,-2880.0,-32768.0,-2706.0,-11406.0,198882.0
422,3612.0,-13452.0,-3440.0,-2880.0,-32768.0,-2502.0,-11940.0,198888.0
423,4064.0,-15072.0,-2864.0,-2848.0,-32768.0,-2136.0,-12433.0,198894.0
424,4184.0,-16552.0,-2584.0,-2880.0,-32768.0,-1622.0,-12997.0,198900.0
425,4080.0,-17736.0,-2092.0,-2880.0,-32768.0,-1210.0,-13425.0,198906.0
426,4216.0,-19064.0,-1564.0,-2848.0,-32768.0,-949.0,-13870.0,198913.0
427,4304.0,-20164.0,-1160.0,-2864.0,-32768.0,-545.0,-14327.0,198920.0
428,4384.0,-21688.0,-936.0,-2848.0,-32768.0,0.0,-14769.0,198926.0
429,4424.0,-23076.0,-696.0,-2896.0,-32768.0,501.0,-15200.0,198932.0
430,4200.0,-24640.0,-428.0,-2864.0,-32768.0,994.0,-15614.0,198938.0
431,3340.0,-26156.0,-228.0,-2896.0,-32768.0,1253.0,-16037.0,198944.0
432,1884.0,-27360.0,200.0,-2864.0,-32768.0,1028.0,-16341.0,198950.0
433,536.0,-28216.0,848.0,-2864.0,-32768.0,327.0,-16639.0,198957.0
434,-836.0,-29232.0,1908.0,-2880.0,-32768.0,-730.0,-16924.0,198963.0
435,-1772.0,-30092.0,2672.0,-2848.0,-32768.0,-2094.0,-17196.0,198969.0
436,-2244.0,-31636.0,4072.0,-2880.0,-32768.0,-3481.0,-17525.0,198975.0
437,-2056.0,-32768.0,5532.0,-2880.0,-32768.0,-4578.0,-17771.0,198982.0
438,-1332.0,-32768.0,6984.0,-2848.0,-32768.0,-5286.0,-17906.0,198988.0
439,-272.0,-32768.0,8408.0,-2848.0,-32768.0,-5502.0,-17894.0,198994.0
440,1048.0,-32768.0,9928.0,-2880.0,-32768.0,-5187.0,-17641.0,199001.0
441,2288.0,-32768.0,11544.0,-2896.0,-32768.0,-4526.0,-17244.0,199008.0
442,2688.0,-32768.0,13356.0,-2832.0,-32768.0,-3929.0,-16615.0,199014.0
443,2244.0,-32768.0,15248.0,-2864.0,-32768.0,-3462.0,-15558.0,199020.0
444,1896.0,-32768.0,17624.0,-2896.0,-31417.0,-2767.0,-14103.0,199027.0
445,1748.0,-32768.0,19308.0,-2864.0,-29234.0,-1603.0,-12422.0,199033.0
446,1164.0,-32768.0,23672.0,-2864.0,-26563.0,-89.0,-11522.0,199040.0
447,28.0,-32768.0,22712.0,-2864.0,-23415.0,1161.0,-12076.0,199046.0
448,-3448.0,-32740.0,28752.0,-2864.0,-21746.0,1943.0,-5668.0,199052.0
449,364.0,-30828.0,29604.0,-2880.0,-18943.0,3611.0,-7617.0,199059.0
450,-6092.0,-30664.0,31268.0,-2880.0,-15862.0,5200.0,-8882.0,199065.0
451,-10092.0,-30084.0,32767.0,-2880.0,-12692.0,5554.0,-6609.0,199071.0
452,-11312.0,-30104.0,32767.0,-2880.0,-8600.0,5183.0,-4957.0,199077.0
453,-15144.0,-29352.0,32767.0,-2864.0,-4422.0,4785.0,-2913.0,199085.0
454,-17832.0,-28136.0,32767.0,-2880.0,-152.0,3541.0,-184.0,199091.0
455,-19068.0,-26652.0,32767.0,-2912.0,3805.0,1462.0,2023.0,199097.0
456,-19436.0,-26196.0,32767.0,-2880.0,7542.0,-1722.0,3702.0,199103.0
457,-17884.0,-25872.0,31776.0,-2864.0,11013.0,-5491.0,5058.0,199109.0
458,-14348.0,-25096.0,29224.0,-2880.0,14045.0,-8669.0,5828.0,199115.0
459,-10532.0,-25212.0,27768.0,-2864.0,16511.0,-10782.0,6103.0,199121.0
460,-5528.0,-19720.0,16568.0,-2864.0,17355.0,-12123.0,5838.0,199129.0
461,15948.0,3020.0,-32768.0,-2864.0,6100.0,-10532.0,876.0,199135.0
462,32767.0,-696.0,-32768.0,-2848.0,-12582.0,-11002.0,-23959.0,199141.0
463,32767.0,-32768.0,-32768.0,-2880.0,6799.0,-27486.0,-26021.0,199147.0
464,14892.0,-32768.0,-3956.0,-2864.0,21829.0,-11039.0,16713.0,199154.0
465,-18180.0,-22136.0,25424.0,-2896.0,18891.0,28310.0,20197.0,199160.0
466,-32768.0,-27748.0,32767.0,-2896.0,17413.0,31534.0,17968.0,199166.0
467,-30208.0,-32768.0,32767.0,-2864.0,19281.0,14012.0,7971.0,199174.0
468,-28248.0,-32768.0,9584.0,-2880.0,20263.0,-7061.0,371.0,199180.0
469,-10760.0,-20304.0,-15652.0,-2880.0,18709.0,-14621.0,1556.0,199186.0
470,12196.0,-8264.0,-14264.0,-2864.0,17464.0,-17355.0,3624.0,199192.0
471,29316.0,-4364.0,-1764.0,-2880.0,17417.0,-17846.0,1988.0,199199.0
472,21396.0,-7016.0,7300.0,-2864.0,16450.0,-11178.0,1145.0,199205.0
473,6140.0,-10168.0,7340.0,-2864.0,14168.0,-1936.0,2074.0,199212.0
474,-128.0,-10560.0,2832.0,-2848.0,12314.0,-353.0,1763.0,199218.0
475,2484.0,-12224.0,1764.0,-2864.0,11179.0,-3982.0,130.0,199224.0
476,4888.0,-18316.0,1860.0,-2880.0,10984.0,-4480.0,393.0,199230.0
477,4064.0,-22208.0,1468.0,-2864.0,11188.0,-384.0,1887.0,199236.0
478,1320.0,-22844.0,1744.0,-2880.0,11284.0,3855.0,2639.0,199242.0
479,-1544.0,-21612.0,1092.0,-2896.0,11282.0,4758.0,2244.0,199247.0
480,-2156.0,-19776.0,-32.0,-2864.0,11254.0,3089.0,1298.0,199254.0
481,-1304.0,-18244.0,-912.0,-2896.0,11135.0,1400.0,446.0,199260.0
482,1328.0,-15960.0,-1172.0,-2880.0,10710.0,-7.0,-121.0,199266.0
483,4448.0,-13448.0,-1128.0,-2880.0,9891.0,-911.0,-134.0,199272.0
484,5760.0,-13112.0,-1044.0,-2848.0,9147.0,-347.0,5.0,199278.0
485,4968.0,-13424.0,-920.0,-2896.0,8484.0,1562.0,380.0,199284.0
486,3432.0,-14192.0,-580.0,-2896.0,7839.0,3365.0,309.0,199290.0
487,1936.0,-15492.0,-1100.0,-2880.0,7392.0,4217.0,-19.0,199296.0
488,816.0,-16396.0,-1524.0,-2880.0,7230.0,4146.0,-459.0,199302.0
489,368.0,-16568.0,-1776.0,-2880.0,7118.0,3199.0,-900.0,199308.0
490,4272.0,-16932.0,2028.0,-2896.0,7785.0,2817.0,3840.0,202333.0
491,4272.0,-16932.0,2028.0,-2896.0,7785.0,2817.0,3840.0,202333.0
492,3916.0,-17028.0,2308.0,-2912.0,8030.0,2744.0,3846.0,202339.0
493,3580.0,-17072.0,2512.0,-2864.0,8221.0,2444.0,4165.0,202345.0
494,4320.0,-17264.0,3680.0,-2896.0,8554.0,2455.0,3982.0,202351.0
495,3260.0,-16376.0,2272.0,-2880.0,8634.0,2339.0,4127.0,202357.0
496,3792.0,-16540.0,2484.0,-2896.0,8755.0,2361.0,4447.0,202363.0
497,3960.0,-16624.0,2860.0,-2912.0,8954.0,2486.0,4647.0,202370.0
498,5572.0,-16840.0,2680.0,-2912.0,9177.0,2630.0,4478.0,202376.0
499,4632.0,-17756.0,2348.0,-2896.0,9378.0,2537.0,5802.0,202381.0
500,6232.0,-17560.0,2840.0,-2912.0,9608.0,3444.0,5302.0,202387.0
501,6340.0,-18216.0,2412.0,-2896.0,9812.0,3877.0,5803.0,202393.0
502,6744.0,-19228.0,2508.0,-2896.0,10032.0,4290.0,5986.0,202399.0
503,7120.0,-20064.0,2504.0,-2880.0,10236.0,4762.0,6343.0,202405.0
504,6468.0,-21432.0,3220.0,-2896.0,10370.0,5317.0,6807.0,202412.0
505,6064.0,-24124.0,4052.0,-2896.0,10501.0,5215.0,7495.0,202418.0
506,6656.0,-25136.0,3512.0,-2912.0,10779.0,5203.0,7725.0,202424.0
507,7520.0,-24900.0,2276.0,-2928.0,11128.0,5701.0,7536.0,202430.0
508,7416.0,-24588.0,1604.0,-2880.0,11575.0,6444.0,7680.0,202436.0
509,5708.0,-25280.0,1772.0,-2864.0,11959.0,7495.0,7932.0,202442.0
510,5312.0,-26428.0,2464.0,-2880.0,12443.0,8137.0,8635.0,202448.0
511,2464.0,-27492.0,2904.0,-2896.0,12900.0,8298.0,9031.0,202455.0
512,1332.0,-28524.0,2648.0,-2912.0,13359.0,7633.0,9342.0,202461.0
513,1580.0,-29132.0,1944.0,-2896.0,14091.0,6705.0,9357.0,202467.0
514,3052.0,-29180.0,976.0,-2896.0,14858.0,6077.0,9068.0,202473.0
515,4672.0,-28880.0,-104.0,-2896.0,15545.0,6033.0,8802.0,202479.0
516,6124.0,-28104.0,-968.0,-2848.0,16179.0,6564.0,8605.0,202485.0
517,6736.0,-27804.0,-1300.0,-2896.0,16652.0,7583.0,8486.0,202491.0
518,6672.0,-28344.0,-1780.0,-2880.0,17177.0,8894.0,8453.0,202498.0
519,6076.0,-29188.0,-3040.0,-2864.0,17773.0,9755.0,8558.0,202504.0
520,4664.0,-29940.0,-2580.0,-2896.0,18709.0,10028.0,8826.0,202509.0
521,2928.0,-28672.0,-4552.0,-2912.0,19064.0,9688.0,9309.0,202516.0
522,2076.0,-27584.0,-7192.0,-2880.0,19131.0,9200.0,9473.0,202522.0
523,1760.0,-25788.0,-10016.0,-2928.0,18998.0,8184.0,9665.0,202528.0
524,1548.0,-23672.0,-12268.0,-2864.0,18543.0,6892.0,9899.0,202534.0
525,1652.0,-20868.0,-13768.0,-2864.0,17863.0,5357.0,9928.0,202541.0
526,1872.0,-18520.0,-13356.0,-2912.0,17014.0,3422.0,9822.0,202547.0
527,2028.0,-16156.0,-12948.0,-2912.0,15826.0,1991.0,9832.0,202553.0
528,2520.0,-13884.0,-12104.0,-2880.0,14380.0,1116.0,9839.0,202559.0
529,3160.0,-12140.0,-10440.0,-2896.0,12953.0,688.0,9666.0,202565.0
530,4160.0,-10464.0,-7696.0,-2896.0,11247.0,799.0,9393.0,202571.0
531,5512.0,-9928.0,-3728.0,-2880.0,9827.0,1664.0,9068.0,202577.0
532,6680.0,-11220.0,1016.0,-2864.0,8717.0,3181.0,8720.0,202584.0
533,6944.0,-13692.0,5688.0,-2880.0,8077.0,5022.0,8442.0,202590.0
534,6044.0,-16184.0,8204.0,-2912.0,7805.0,6565.0,8028.0,202595.0
535,3748.0,-17484.0,9648.0,-2896.0,7748.0,7018.0,7719.0,202601.0
536,664.0,-20660.0,9032.0,-2912.0,8360.0,6623.0,7542.0,202607.0
537,772.0,-20264.0,7732.0,-2880.0,8115.0,6699.0,7271.0,202613.0
538,552.0,-19376.0,5724.0,-2912.0,7905.0,5923.0,6752.0,202619.0
539,1188.0,-17504.0,4296.0,-2896.0,7899.0,4783.0,6162.0,202626.0
540,2792.0,-13864.0,1864.0,-2896.0,7533.0,4201.0,6223.0,202632.0
541,4792.0,-9168.0,692.0,-2912.0,6529.0,4654.0,5988.0,202638.0
542,4740.0,-5752.0,532.0,-2880.0,5265.0,5709.0,5630.0,202644.0
543,3028.0,-3244.0,1292.0,-2880.0,3909.0,6879.0,5299.0,202649.0
544,-116.0,-2268.0,1548.0,-2912.0,2453.0,6959.0,5081.0,202655.0
545,-2500.0,-2524.0,1052.0,-2912.0,706.0,5846.0,4701.0,202661.0
546,-2896.0,-3212.0,112.0,-2880.0,-1083.0,4376.0,3994.0,202668.0
547,-1964.0,-3764.0,-720.0,-2912.0,-2680.0,2828.0,2726.0,202674.0
548,-228.0,-4208.0,-1416.0,-2896.0,-4033.0,1620.0,1080.0,202680.0
549,1340.0,-4904.0,-2332.0,-2864.0,-5070.0,902.0,-649.0,202685.0
550,1836.0,-4864.0,-4136.0,-2912.0,-6400.0,676.0,-1948.0,202691.0
551,1740.0,-4748.0,-4192.0,-2864.0,-7898.0,881.0,-2943.0,202697.0
552,1044.0,-4704.0,-4916.0,-2896.0,-9131.0,1032.0,-3655.0,202703.0
553,996.0,-4348.0,-5112.0,-2880.0,-10480.0,459.0,-4297.0,202710.0
554,1720.0,-3704.0,-5140.0,-2912.0,-11965.0,-902.0,-5136.0,202716.0
555,2940.0,-3212.0,-4476.0,-2864.0,-13644.0,-2588.0,-6133.0,202722.0
556,3968.0,-3404.0,-4212.0,-2880.0,-15322.0,-3566.0,-6973.0,202728.0
557,4880.0,-3280.0,-3316.0,-2896.0,-16857.0,-3614.0,-7241.0,202734.0
558,4736.0,-5732.0,-1900.0,-2896.0,-17934.0,-2884.0,-7310.0,202740.0
559,4736.0,-6608.0,-980.0,-2880.0,-18634.0,-1650.0,-7352.0,202746.0
560,4416.0,-6684.0,-744.0,-2896.0,-19519.0,-303.0,-7424.0,202752.0
561,3868.0,-6420.0,-1152.0,-2864.0,-20748.0,807.0,-7557.0,202758.0
562,3300.0,-6600.0,-1572.0,-2880.0,-22155.0,1684.0,-7780.0,202764.0
563,2616.0,-7468.0,-2420.0,-2928.0,-23482.0,2484.0,-8186.0,202770.0
564,2084.0,-8600.0,-2484.0,-2912.0,-24602.0,3163.0,-8776.0,202776.0
565,1356.0,-9820.0,-2652.0,-2864.0,-25555.0,3650.0,-9436.0,202782.0
566,704.0,-11360.0,-2288.0,-2880.0,-26328.0,3946.0,-9981.0,202788.0
567,452.0,-12860.0,-1472.0,-2864.0,-26953.0,4095.0,-10371.0,202795.0
568,332.0,-15056.0,20.0,-2928.0,-27240.0,4121.0,-10786.0,202801.0
569,-108.0,-16304.0,1660.0,-2896.0,-27267.0,3927.0,-11126.0,202807.0
570,-904.0,-17116.0,2796.0,-2896.0,-27259.0,3351.0,-11614.0,202813.0
571,-2132.0,-17468.0,3504.0,-2880.0,-27202.0,2268.0,-12152.0,202819.0
572,-3400.0,-17640.0,4232.0,-2880.0,-27193.0,737.0,-12623.0,202825.0
573,-4904.0,-17608.0,3816.0,-2896.0,-27347.0,-1150.0,-13314.0,202831.0
574,-5924.0,-17928.0,3692.0,-2912.0,-27677.0,-3425.0,-14030.0,202838.0
575,-6468.0,-18720.0,3748.0,-2864.0,-27865.0,-5773.0,-14724.0,202844.0
576,-6412.0,-19584.0,3828.0,-2896.0,-27934.0,-8349.0,-15358.0,202850.0
577,-5776.0,-20132.0,3936.0,-2880.0,-27942.0,-10947.0,-15938.0,202856.0
578,-5036.0,-20268.0,3984.0,-2896.0,-28007.0,-13535.0,-16370.0,202863.0
579,-4540.0,-20536.0,4124.0,-2912.0,-28102.0,-15852.0,-16545.0,202869.0
580,-4300.0,-21032.0,4256.0,-2912.0,-28182.0,-17744.0,-16674.0,202876.0
581,-4416.0,-21580.0,4396.0,-2864.0,-28284.0,-19418.0,-16665.0,202883.0
582,-4396.0,-22088.0,4752.0,-2928.0,-28331.0,-20905.0,-16572.0,202889.0
583,-3872.0,-22824.0,5488.0,-2912.0,-28332.0,-22096.0,-16359.0,202896.0
584,-3316.0,-23296.0,6056.0,-2896.0,-28280.0,-22887.0,-15892.0,202902.0
585,-2668.0,-23800.0,6800.0,-2896.0,-28143.0,-23237.0,-15155.0,202909.0
586,-1768.0,-24120.0,7420.0,-2912.0,-27871.0,-23023.0,-14091.0,202915.0
587,-1124.0,-24344.0,8192.0,-2896.0,-27380.0,-22472.0,-12783.0,202921.0
588,-448.0,-24872.0,9128.0,-2864.0,-26596.0,-21688.0,-11500.0,202929.0
589,-216.0,-25292.0,10324.0,-2896.0,-25577.0,-20967.0,-10344.0,202935.0
590,144.0,-26100.0,11988.0,-2880.0,-24492.0,-20448.0,-9032.0,202941.0
591,2284.0,-29644.0,14764.0,-2896.0,-22180.0,-20082.0,-9151.0,202948.0
592,1616.0,-28008.0,17040.0,-2896.0,-21190.0,-19673.0,-4133.0,202954.0
593,7116.0,-28528.0,17960.0,-2896.0,-18983.0,-17979.0,-3152.0,202960.0
594,6892.0,-28400.0,19896.0,-2896.0,-16586.0,-15348.0,-5531.0,202968.0
595,3756.0,-26908.0,22720.0,-2896.0,-15173.0,-12711.0,-4056.0,202974.0
596,6136.0,-25752.0,23372.0,-2896.0,-13126.0,-10088.0,-3496.0,202980.0
597,6104.0,-25248.0,24520.0,-2896.0,-11146.0,-7281.0,-4283.0,202986.0
598,4876.0,-24796.0,25384.0,-2880.0,-9161.0,-4550.0,-4238.0,202993.0
599,3884.0,-24388.0,24980.0,-2896.0,-7015.0,-2241.0,-4369.0,202999.0
600,2348.0,-23800.0,24936.0,-2896.0,-5015.0,-483.0,-4031.0,203005.0
601,884.0,-23600.0,24104.0,-2896.0,-2859.0,889.0,-3191.0,203012.0
602,-520.0,-23368.0,23364.0,-2880.0,-668.0,1959.0,-2204.0,203018.0
603,-1668.0,-22564.0,22724.0,-2928.0,1491.0,2733.0,-1219.0,203024.0
604,-3196.0,-21548.0,21376.0,-2896.0,3546.0,3124.0,-217.0,203030.0
605,-4236.0,-21324.0,20432.0,-2880.0,5383.0,3050.0,723.0,203036.0
606,-4784.0,-20100.0,17756.0,-2896.0,6906.0,2317.0,1385.0,203042.0
607,-5052.0,-18332.0,14500.0,-2864.0,8178.0,967.0,1759.0,203048.0
608,-4092.0,-17728.0,13164.0,-2912.0,9232.0,-521.0,2121.0,203055.0
609,-2680.0,-18172.0,11120.0,-2896.0,10733.0,-895.0,1822.0,203061.0
610,-844.0,-14700.0,-3268.0,-2912.0,9714.0,-2194.0,447.0,203067.0
611,8148.0,-7548.0,-28680.0,-2896.0,3249.0,-4630.0,-3107.0,203073.0
612,21656.0,-13612.0,-32660.0,-2912.0,-389.0,-4895.0,-7790.0,203079.0
613,26544.0,-31452.0,-19592.0,-2912.0,3023.0,-10078.0,-10564.0,203085.0
614,19776.0,-32768.0,3508.0,-2912.0,10764.0,-16039.0,-6123.0,203091.0
615,3824.0,-32768.0,24772.0,-2880.0,17618.0,-11008.0,1345.0,203099.0
616,-16188.0,-32768.0,25484.0,-2912.0,21483.0,-3353.0,7513.0,203105.0
617,-30096.0,-29072.0,9140.0,-2896.0,19078.0,-273.0,12275.0,203111.0
618,-22044.0,-14844.0,-6752.0,-2880.0,15001.0,401.0,9449.0,203117.0
619,-4832.0,-10036.0,-9688.0,-2912.0,13327.0,-2335.0,2555.0,203123.0
620,6564.0,-5988.0,-3712.0,-2864.0,12767.0,-7391.0,-2547.0,203129.0
621,9696.0,-4300.0,1000.0,-2896.0,11925.0,-11775.0,-4239.0,203136.0
622,7540.0,-5236.0,2164.0,-2880.0,9985.0,-11759.0,-3874.0,203142.0
623,3980.0,-9032.0,780.0,-2880.0,8582.0,-10211.0,-1741.0,203148.0
624,4408.0,-14780.0,-244.0,-2912.0,8256.0,-8910.0,301.0,203154.0
625,5096.0,-19400.0,-160.0,-2896.0,8414.0,-6812.0,737.0,203160.0
626,4488.0,-20340.0,408.0,-2896.0,8296.0,-3266.0,679.0,203166.0
627,3516.0,-18720.0,908.0,-2928.0,7430.0,1106.0,-51.0,203172.0
628,1280.0,-17396.0,1236.0,-2896.0,6450.0,4187.0,-1274.0,203179.0
629,-588.0,-16940.0,912.0,-2912.0,5792.0,4253.0,-2167.0,203185.0
630,-708.0,-16808.0,60.0,-2912.0,5394.0,2063.0,-2175.0,203190.0
631,908.0,-16116.0,-852.0,-2912.0,5157.0,18.0,-1761.0,203196.0
632,2820.0,-14672.0,-468.0,-2880.0,4728.0,-392.0,-1614.0,203202.0
633,3668.0,-13448.0,304.0,-2880.0,3983.0,644.0,-2078.0,203208.0
634,3844.0,-13548.0,536.0,-2880.0,3262.0,1886.0,-2455.0,203214.0
635,3724.0,-14304.0,356.0,-2896.0,2685.0,3050.0,-2370.0,203220.0
636,3108.0,-16128.0,-256.0,-2928.0,2506.0,3993.0,-2357.0,203227.0
637,2400.0,-16040.0,-624.0,-2880.0,2345.0,4330.0,-2316.0,203232.0
638,1732.0,-15928.0,-116.0,-2928.0,2098.0,4381.0,-2485.0,203238.0
639,1000.0,-16128.0,108.0,-2896.0,1786.0,4134.0,-2778.0,203244.0
640,700.0,-16432.0,-16.0,-2912.0,1568.0,3429.0,-2988.0,203250.0
641,1060.0,-16320.0,-428.0,-2880.0,1521.0,2343.0,-3222.0,203256.0
642,1636.0,-16148.0,-972.0,-2912.0,1544.0,1249.0,-3401.0,203262.0
643,2404.0,-16016.0,-1240.0,-2896.0,1681.0,396.0,-3538.0,203269.0
644,3280.0,-15636.0,-1148.0,-2896.0,1731.0,-22.0,-3617.0,203275.0
645,4096.0,-15620.0,-848.0,-2880.0,1748.0,-96.0,-3616.0,203281.0
646,4540.0,-15832.0,-876.0,-2912.0,1725.0,132.0,-3507.0,203286.0
647,4620.0,-16124.0,-1036.0,-2880.0,1759.0,543.0,-3349.0,203292.0
648,4568.0,-16416.0,-1036.0,-2912.0,1821.0,951.0,-3171.0,203298.0
649,4412.0,-16416.0,-1076.0,-2864.0,1889.0,1170.0,-3062.0,203304.0
650,4192.0,-16344.0,-756.0,-2912.0,1956.0,1260.0,-2914.0,203311.0
651,4096.0,-16160.0,-460.0,-2896.0,1988.0,1372.0,-2835.0,203317.0
652,3956.0,-16096.0,-524.0,-2896.0,2008.0,1438.0,-2752.0,203323.0
653,3816.0,-16116.0,-572.0,-2880.0,2044.0,1359.0,-2703.0,203329.0
654,3800.0,-16228.0,-364.0,-2864.0,2109.0,1071.0,-2644.0,203335.0
655,3828.0,-16164.0,-404.0,-2912.0,2135.0,849.0,-2580.0,203341.0
656,3804.0,-16224.0,-384.0,-2880.0,2147.0,689.0,-2543.0,203346.0
657,3724.0,-16236.0,-164.0,-2912.0,2176.0,625.0,-2469.0,203353.0
658,3844.0,-16460.0,-148.0,-2896.0,2191.0,549.0,-2388.0,203359.0
659,3668.0,-16408.0,-4.0,-2896.0,2181.0,346.0,-2371.0,203365.0
660,3952.0,-16100.0,-24.0,-2880.0,2094.0,270.0,-2346.0,203371.0
661,4156.0,-16092.0,228.0,-2912.0,1987.0,197.0,-2293.0,203377.0
662,4500.0,-16020.0,264.0,-2912.0,1900.0,225.0,-2218.0,203382.0
663,4804.0,-15956.0,276.0,-2928.0,1810.0,335.0,-2082.0,203388.0
664,4680.0,-15932.0,284.0,-2864.0,1748.0,524.0,-1943.0,203395.0
665,4688.0,-15972.0,292.0,-2896.0,1685.0,748.0,-1852.0,203401.0
666,4592.0,-15852.0,204.0,-2896.0,1605.0,899.0,-1739.0,203407.0
667,4624.0,-15764.0,348.0,-2896.0,1510.0,1002.0,-1668.0,203413.0
668,4712.0,-15584.0,188.0,-2912.0,1408.0,928.0,-1561.0,203419.0
669,4704.0,-15640.0,296.0,-2880.0,1257.0,856.0,-1390.0,203424.0
670,4612.0,-15668.0,240.0,-2912.0,1187.0,811.0,-1343.0,203430.0
671,4564.0,-15772.0,360.0,-2896.0,1064.0,764.0,-1247.0,203437.0
672,4488.0,-15644.0,524.0,-2896.0,969.0,748.0,-1202.0,203443.0
673,4412.0,-15768.0,368.0,-2896.0,927.0,792.0,-1158.0,203449.0
674,4444.0,-15860.0,368.0,-2896.0,873.0,731.0,-1124.0,203455.0
675,4488.0,-15732.0,412.0,-2880.0,808.0,736.0,-1108.0,203460.0
676,4444.0,-16008.0,304.0,-2912.0,792.0,776.0,-1055.0,203466.0
677,4384.0,-15940.0,148.0,-2896.0,790.0,791.0,-1027.0,203472.0
678,4356.0,-15900.0,192.0,-2896.0,818.0,793.0,-1023.0,203479.0
679,4388.0,-15900.0,192.0,-2912.0,804.0,759.0,-1002.0,203484.0
680,4564.0,-15756.0,296.0,-2912.0,811.0,686.0,-1009.0,203490.0
681,4692.0,-15880.0,-28.0,-2880.0,835.0,734.0,-983.0,203496.0
682,4576.0,-15864.0,372.0,-2912.0,829.0,758.0,-970.0,203502.0
683,4556.0,-15932.0,308.0,-2896.0,875.0,855.0,-959.0,203507.0
684,4724.0,-16096.0,352.0,-2928.0,898.0,926.0,-945.0,203513.0
685,4596.0,-16008.0,376.0,-2880.0,896.0,1020.0,-901.0,203520.0
686,4748.0,-15928.0,204.0,-2896.0,937.0,1070.0,-885.0,203526.0
687,4764.0,-16104.0,184.0,-2896.0,984.0,1213.0,-835.0,203531.0
688,4600.0,-16128.0,244.0,-2912.0,1038.0,1352.0,-778.0,203537.0
689,4576.0,-16056.0,272.0,-2912.0,1062.0,1384.0,-775.0,203543.0
690,4572.0,-15976.0,276.0,-2880.0,1111.0,1331.0,-758.0,203549.0
691,4592.0,-16032.0,248.0,-2912.0,1152.0,1301.0,-693.0,203555.0
692,4764.0,-15892.0,340.0,-2912.0,1191.0,1338.0,-640.0,203560.0
693,4700.0,-16092.0,288.0,-2880.0,1236.0,1337.0,-596.0,203567.0
694,4672.0,-16176.0,352.0,-2912.0,1305.0,1281.0,-555.0,203573.0
695,5128.0,-16144.0,492.0,-2880.0,1408.0,1296.0,-487.0,203579.0
696,3752.0,-15520.0,392.0,-2880.0,1342.0,1427.0,-532.0,203585.0
697,6732.0,-16752.0,-96.0,-2912.0,1771.0,1427.0,84.0,203591.0
698,4628.0,-15500.0,296.0,-2896.0,1746.0,2165.0,-606.0,203596.0
699,4240.0,-16440.0,212.0,-2896.0,1839.0,1800.0,-86.0,203602.0
700,4972.0,-16388.0,292.0,-2864.0,1976.0,1761.0,91.0,203609.0
701,4500.0,-16004.0,368.0,-2880.0,2055.0,1817.0,88.0,203615.0
702,4360.0,-16044.0,468.0,-2912.0,2085.0,1729.0,120.0,203620.0
703,4104.0,-16128.0,872.0,-2896.0,2141.0,1567.0,15.0,203626.0
704,3880.0,-16156.0,568.0,-2896.0,2150.0,1279.0,-120.0,203632.0
705,4500.0,-15816.0,916.0,-2928.0,2154.0,1092.0,-133.0,203638.0
706,5144.0,-15836.0,760.0,-2896.0,2153.0,1203.0,-72.0,203644.0
707,5332.0,-15732.0,920.0,-2944.0,2148.0,1510.0,26.0,203650.0
708,5244.0,-15816.0,820.0,-2928.0,2153.0,1757.0,192.0,203656.0
709,5060.0,-15996.0,904.0,-2928.0,2191.0,1962.0,241.0,203662.0
710,4720.0,-15996.0,836.0,-2896.0,2224.0,2011.0,283.0,203668.0
711,4320.0,-16108.0,752.0,-2896.0,2292.0,1926.0,340.0,203674.0
712,4512.0,-16152.0,676.0,-2896.0,2396.0,1861.0,416.0,203679.0
713,4632.0,-16304.0,636.0,-2896.0,2525.0,1803.0,319.0,203685.0
714,4720.0,-16312.0,504.0,-2928.0,2691.0,1635.0,376.0,203692.0
715,4812.0,-16328.0,520.0,-2896.0,2827.0,1586.0,569.0,203698.0
716,4768.0,-16336.0,848.0,-2896.0,2966.0,1695.0,694.0,203704.0
717,4500.0,-16352.0,792.0,-2896.0,3103.0,1703.0,784.0,203709.0
718,4468.0,-16184.0,536.0,-2896.0,3257.0,1637.0,832.0,203715.0
719,4648.0,-16060.0,680.0,-2896.0,3394.0,1470.0,897.0,203721.0
720,4644.0,-16116.0,1056.0,-2896.0,3478.0,1381.0,1031.0,203727.0
721,4612.0,-16028.0,1180.0,-2928.0,3576.0,1324.0,1165.0,203734.0
722,4724.0,-16064.0,1388.0,-2912.0,3623.0,1311.0,1304.0,203740.0
723,4584.0,-16016.0,1460.0,-2896.0,3663.0,1342.0,1408.0,203746.0
724,4596.0,-16092.0,1548.0,-2912.0,3693.0,1330.0,1506.0,203752.0
725,4504.0,-16136.0,1576.0,-2880.0,3713.0,1279.0,1531.0,203757.0
726,4340.0,-16056.0,1760.0,-2928.0,3717.0,1212.0,1573.0,203763.0
727,4332.0,-16092.0,1760.0,-2880.0,3716.0,1169.0,1566.0,203769.0
728,4212.0,-15968.0,1752.0,-2944.0,3741.0,1153.0,1556.0,203776.0
729,4064.0,-15956.0,1844.0,-2896.0,3723.0,1136.0,1490.0,203782.0
730,4100.0,-15964.0,1972.0,-2912.0,3727.0,1117.0,1500.0,203788.0
731,4164.0,-16032.0,1840.0,-2896.0,3741.0,1143.0,1494.0,203794.0
732,4116.0,-15872.0,1828.0,-2896.0,3754.0,1190.0,1457.0,203800.0
733,4088.0,-16084.0,1904.0,-2912.0,3772.0,1248.0,1438.0,203806.0
734,4100.0,-15940.0,2048.0,-2896.0,3825.0,1266.0,1412.0,203812.0
735,4892.0,-15904.0,1944.0,-2912.0,3937.0,1204.0,849.0,203819.0
736,5180.0,-16196.0,1908.0,-2912.0,3997.0,862.0,2218.0,203825.0
737,4172.0,-15820.0,2164.0,-2880.0,3975.0,1485.0,1261.0,203830.0
738,4300.0,-15820.0,2196.0,-2896.0,3985.0,1163.0,1586.0,203836.0
739,4428.0,-15904.0,2320.0,-2912.0,3972.0,1087.0,1582.0,203842.0
740,4608.0,-15588.0,2536.0,-2912.0,3978.0,1155.0,1602.0,203848.0
741,4824.0,-15576.0,2412.0,-2896.0,3947.0,1373.0,1561.0,203854.0
742,4828.0,-15868.0,2388.0,-2912.0,3964.0,1572.0,1599.0,203860.0
743,4584.0,-15756.0,2624.0,-2864.0,4004.0,1730.0,1654.0,203867.0
744,3460.0,-15564.0,2672.0,-2928.0,3927.0,1949.0,1930.0,203873.0
745,2288.0,-17372.0,4204.0,-2912.0,3811.0,1778.0,2410.0,203879.0
746,3620.0,-18784.0,4432.0,-2896.0,3653.0,488.0,2523.0,203885.0
747,6840.0,-18148.0,2468.0,-2896.0,3644.0,-180.0,2412.0,203890.0
748,8860.0,-16992.0,860.0,-2896.0,3664.0,594.0,2186.0,203896.0
749,8520.0,-16684.0,1140.0,-2896.0,3750.0,1932.0,2047.0,203902.0
750,6416.0,-16908.0,2404.0,-2912.0,3787.0,3319.0,2171.0,203909.0
751,3084.0,-16928.0,3060.0,-2896.0,3859.0,4094.0,2244.0,203915.0
752,888.0,-16944.0,3156.0,-2912.0,4002.0,3805.0,2414.0,203921.0
753,-4.0,-17328.0,3212.0,-2880.0,4100.0,2986.0,2549.0,203927.0
754,696.0,-17936.0,3204.0,-2928.0,4204.0,2017.0,2617.0,203933.0
755,2076.0,-18308.0,3356.0,-2880.0,4279.0,1239.0,2609.0,203938.0
756,3392.0,-18236.0,2876.0,-2912.0,4370.0,925.0,2593.0,203944.0
757,3944.0,-17640.0,2348.0,-2928.0,4450.0,972.0,2543.0,203951.0
758,3864.0,-17444.0,2392.0,-2864.0,4537.0,1130.0,2548.0,203957.0
759,3284.0,-17360.0,2616.0,-2880.0,4591.0,1284.0,2544.0,203963.0
760,2588.0,-17264.0,3216.0,-2896.0,4650.0,1310.0,2547.0,203969.0
761,2364.0,-17304.0,3524.0,-2928.0,4681.0,1235.0,2644.0,203975.0
762,2540.0,-17384.0,3684.0,-2912.0,4752.0,1326.0,2766.0,203981.0
763,2576.0,-17252.0,3488.0,-2896.0,4810.0,1445.0,2821.0,203987.0
764,2640.0,-16940.0,3336.0,-2912.0,4847.0,1515.0,2868.0,203994.0
765,2788.0,-16712.0,3420.0,-2912.0,4923.0,1553.0,2853.0,203999.0
766,2752.0,-16540.0,3476.0,-2928.0,5000.0,1575.0,2835.0,204005.0
767,2704.0,-16424.0,3480.0,-2880.0,5105.0,1556.0,2823.0,204011.0
768,2448.0,-16328.0,3548.0,-2912.0,5217.0,1461.0,2855.0,204017.0
769,2368.0,-16240.0,3572.0,-2896.0,5325.0,1353.0,2909.0,204023.0
770,2288.0,-16328.0,3628.0,-2912.0,5439.0,1288.0,2964.0,204029.0
771,2364.0,-16160.0,3620.0,-2896.0,5600.0,1222.0,2993.0,204036.0
772,2416.0,-16136.0,3496.0,-2864.0,5776.0,1194.0,3089.0,204042.0
773,2460.0,-16120.0,3472.0,-2912.0,5919.0,1173.0,3186.0,204048.0
774,2480.0,-16196.0,3528.0,-2928.0,6107.0,1150.0,3320.0,204054.0
775,2580.0,-16316.0,3564.0,-2880.0,6297.0,1060.0,3481.0,204060.0
776,2648.0,-16372.0,3472.0,-2880.0,6514.0,1056.0,3582.0,204065.0
777,2712.0,-16724.0,3472.0,-2896.0,6733.0,994.0,3744.0,204071.0
778,2804.0,-16828.0,3384.0,-2896.0,6981.0,905.0,3919.0,204078.0
779,2936.0,-17104.0,3500.0,-2880.0,7240.0,869.0,4095.0,204084.0
780,3080.0,-17284.0,3296.0,-2912.0,7459.0,863.0,4172.0,204090.0
781,3172.0,-17564.0,3044.0,-2880.0,7672.0,871.0,4386.0,204096.0
782,3412.0,-18052.0,2988.0,-2880.0,7947.0,926.0,4567.0,204102.0
783,3428.0,-18640.0,2872.0,-2896.0,8314.0,918.0,4690.0,204108.0
784,3628.0,-18964.0,2840.0,-2928.0,8707.0,836.0,4807.0,204113.0
785,3584.0,-19344.0,2136.0,-2896.0,9045.0,828.0,4901.0,204120.0
786,3268.0,-19716.0,1852.0,-2896.0,9321.0,621.0,4999.0,204126.0
787,3348.0,-20336.0,1716.0,-2912.0,9540.0,206.0,4922.0,204132.0
788,3704.0,-20972.0,2028.0,-2912.0,9825.0,-141.0,4856.0,204138.0
789,4584.0,-21132.0,2060.0,-2912.0,10041.0,-125.0,4838.0,204144.0
790,5720.0,-21560.0,2244.0,-2896.0,10253.0,532.0,4876.0,204150.0
791,6684.0,-22092.0,2056.0,-2880.0,10536.0,1602.0,4971.0,204156.0
792,6736.0,-22312.0,2332.0,-2896.0,10854.0,2733.0,5087.0,204163.0
793,6120.0,-22288.0,2312.0,-2880.0,11156.0,3649.0,5126.0,204168.0
794,5344.0,-22004.0,2492.0,-2928.0,11458.0,4339.0,5268.0,204174.0
795,5000.0,-21508.0,2184.0,-2880.0,11709.0,4754.0,5310.0,204180.0
796,4728.0,-21000.0,2064.0,-2880.0,11874.0,5009.0,5302.0,204186.0
797,4088.0,-20480.0,2288.0,-2928.0,11890.0,5184.0,5244.0,204192.0
798,3512.0,-20088.0,3236.0,-2928.0,12007.0,5094.0,5137.0,204198.0
799,2900.0,-19024.0,3016.0,-2928.0,11921.0,4809.0,4990.0,204205.0
800,2540.0,-18104.0,2964.0,-2912.0,11676.0,4781.0,4764.0,204211.0
801,2504.0,-16756.0,3132.0,-2896.0,11366.0,5064.0,4626.0,204217.0
802,2608.0,-15364.0,2868.0,-2880.0,10891.0,5612.0,4466.0,204223.0
803,2104.0,-14480.0,3064.0,-2896.0,10321.0,6123.0,4310.0,204229.0
804,1796.0,-13784.0,3676.0,-2896.0,9737.0,6490.0,4200.0,204235.0
805,1380.0,-13444.0,4708.0,-2896.0,9209.0,6754.0,4145.0,204241.0
806,844.0,-13264.0,5808.0,-2944.0,8788.0,6863.0,4074.0,204248.0
807,-68.0,-13576.0,8300.0,-2928.0,8828.0,6784.0,4063.0,204254.0
808,-1220.0,-13140.0,10588.0,-2896.0,9013.0,6553.0,3973.0,204260.0
809,-2628.0,-10704.0,8656.0,-2880.0,8492.0,6047.0,3857.0,204266.0
810,-2024.0,-9068.0,4556.0,-2896.0,7086.0,5455.0,3334.0,204272.0
811,2592.0,-5456.0,-528.0,-2896.0,5286.0,6224.0,2112.0,204277.0
812,5816.0,-2472.0,-5020.0,-2928.0,3073.0,6947.0,702.0,204283.0
813,6296.0,-1904.0,-8956.0,-2896.0,761.0,7981.0,252.0,204290.0
814,6296.0,-3312.0,-8352.0,-2896.0,-774.0,9344.0,478.0,204296.0
815,6256.0,-5180.0,-6096.0,-2912.0,-1572.0,10929.0,763.0,204302.0
816,4460.0,-5472.0,-5628.0,-2896.0,-2508.0,13112.0,1391.0,204307.0
817,2504.0,-5264.0,-5556.0,-2912.0,-3911.0,15696.0,2185.0,204313.0
818,936.0,-5776.0,-5216.0,-2896.0,-5212.0,17668.0,2099.0,204319.0
819,-844.0,-5700.0,-4860.0,-2896.0,-6457.0,18445.0,1683.0,204325.0
820,-2816.0,-6020.0,-4608.0,-2912.0,-7667.0,18280.0,1472.0,204332.0
821,-5052.0,-6588.0,-3560.0,-2928.0,-8682.0,17645.0,1394.0,204338.0
822,-7512.0,-7496.0,-2984.0,-2880.0,-9602.0,16693.0,1343.0,204344.0
823,-9308.0,-8424.0,-2060.0,-2912.0,-10422.0,15306.0,1132.0,204350.0
824,-10652.0,-9240.0,-1008.0,-2896.0,-11096.0,13532.0,901.0,204356.0
825,-11752.0,-10292.0,256.0,-2896.0,-11668.0,11221.0,598.0,204362.0
826,-12476.0,-11372.0,1256.0,-2912.0,-12098.0,8489.0,365.0,204368.0
827,-13148.0,-12308.0,2236.0,-2928.0,-12441.0,5401.0,177.0,204375.0
828,-13684.0,-12896.0,3036.0,-2928.0,-12794.0,2028.0,56.0,204381.0
829,-15328.0,-14940.0,3576.0,-2912.0,-12796.0,-1622.0,-591.0,204387.0
830,-10612.0,-13240.0,3508.0,-2912.0,-13592.0,-4338.0,1013.0,204393.0
831,-11632.0,-13820.0,3616.0,-2848.0,-13766.0,-7528.0,-1985.0,204399.0
832,-12088.0,-14304.0,3308.0,-2896.0,-14122.0,-11067.0,-2116.0,204405.0
833,-8328.0,-14520.0,3692.0,-2880.0,-14655.0,-14062.0,-2286.0,204411.0
834,-5236.0,-15264.0,3636.0,-2912.0,-14947.0,-16025.0,-2700.0,204418.0
835,-3900.0,-16712.0,4588.0,-2880.0,-14555.0,-17185.0,-1376.0,204424.0
836,3072.0,-16584.0,804.0,-2896.0,-15380.0,-15821.0,-1117.0,204431.0
837,-1444.0,-15960.0,3780.0,-2896.0,-15036.0,-16054.0,-2280.0,204437.0
838,-1884.0,-14780.0,3888.0,-2896.0,-15071.0,-16851.0,-1244.0,204443.0
839,-804.0,-14228.0,3636.0,-2896.0,-15247.0,-17130.0,-992.0,204449.0
840,-172.0,-14036.0,2880.0,-2880.0,-15591.0,-17146.0,-1063.0,204455.0
841,40.0,-14688.0,2576.0,-2896.0,-15725.0,-17120.0,-918.0,204462.0
842,1416.0,-14612.0,2316.0,-2912.0,-15933.0,-16771.0,-281.0,204468.0
843,2452.0,-14652.0,2568.0,-2928.0,-16199.0,-15817.0,92.0,204474.0
844,2092.0,-14700.0,2600.0,-2880.0,-16360.0,-14808.0,302.0,204480.0
845,1264.0,-14656.0,2592.0,-2928.0,-16596.0,-14265.0,332.0,204486.0
846,224.0,-14792.0,2380.0,-2880.0,-16855.0,-14482.0,189.0,204492.0
847,-200.0,-15040.0,2368.0,-2896.0,-17105.0,-15206.0,314.0,204498.0
848,-232.0,-15288.0,2472.0,-2864.0,-17364.0,-16091.0,332.0,204505.0
849,-384.0,-15696.0,2520.0,-2928.0,-17567.0,-16982.0,176.0,204511.0
850,-1128.0,-16524.0,3096.0,-2896.0,-17640.0,-18088.0,41.0,204517.0
851,-712.0,-16560.0,3344.0,-2928.0,-17672.0,-19268.0,-68.0,204523.0
852,-740.0,-16164.0,3612.0,-2896.0,-17847.0,-20530.0,-235.0,204529.0
853,-856.0,-16316.0,3576.0,-2896.0,-17973.0,-21868.0,-399.0,204535.0
854,-968.0,-16468.0,3504.0,-2880.0,-18081.0,-23381.0,-622.0,204542.0
855,-860.0,-16684.0,3456.0,-2880.0,-18129.0,-25028.0,-894.0,204549.0
856,-552.0,-16984.0,3092.0,-2928.0,-18111.0,-26740.0,-1037.0,204555.0
857,276.0,-17156.0,2948.0,-2880.0,-18080.0,-28273.0,-1103.0,204561.0
858,1324.0,-17408.0,2872.0,-2864.0,-18083.0,-29584.0,-1118.0,204567.0
859,2520.0,-17760.0,2532.0,-2880.0,-18071.0,-30632.0,-1086.0,204573.0
860,3652.0,-18280.0,2596.0,-2896.0,-18021.0,-31369.0,-1131.0,204580.0
861,4952.0,-18628.0,2724.0,-2896.0,-17914.0,-31842.0,-1137.0,204587.0
862,7012.0,-18728.0,2968.0,-2880.0,-17783.0,-31801.0,-1154.0,204593.0
863,8944.0,-18704.0,3252.0,-2896.0,-17569.0,-31423.0,-1240.0,204599.0
864,11620.0,-18544.0,3604.0,-2896.0,-17281.0,-30699.0,-1449.0,204606.0
865,14644.0,-18524.0,3940.0,-2896.0,-17066.0,-29562.0,-1990.0,204612.0
866,19344.0,-18580.0,5476.0,-2896.0,-16752.0,-27738.0,-2897.0,204618.0
867,23912.0,-19376.0,8540.0,-2896.0,-16025.0,-25448.0,-4087.0,204624.0
868,30848.0,-23020.0,17796.0,-2912.0,-14355.0,-22510.0,-5621.0,204632.0
869,32767.0,-28380.0,28568.0,-2928.0,-11379.0,-18875.0,-7702.0,204638.0
870,32767.0,-32768.0,32767.0,-2880.0,-5957.0,-14675.0,-9103.0,204645.0
871,32767.0,-32768.0,32767.0,-2912.0,-229.0,-7013.0,-9220.0,204651.0
872,22784.0,-32768.0,32767.0,-2880.0,4852.0,3714.0,-6469.0,204657.0
873,2672.0,-32768.0,32767.0,-2912.0,6072.0,15956.0,56.0,204663.0
874,-11824.0,-23236.0,14012.0,-2896.0,5194.0,24871.0,4635.0,204669.0
875,-12848.0,-9912.0,-5784.0,-2896.0,2285.0,28929.0,4773.0,204676.0
876,-6660.0,-5416.0,-16984.0,-2896.0,-233.0,27278.0,1181.0,204682.0
877,-764.0,-5768.0,-19772.0,-2896.0,-775.0,20685.0,-3218.0,204688.0
878,5840.0,-7380.0,-15624.0,-2896.0,-701.0,11741.0,-4836.0,204694.0
879,10220.0,-13108.0,-7296.0,-2896.0,197.0,3541.0,-3875.0,204700.0
880,9556.0,-18140.0,-536.0,-2912.0,1357.0,-472.0,-2196.0,204706.0
881,3316.0,-19948.0,2680.0,-2912.0,2078.0,-1129.0,-474.0,204712.0
882,-3928.0,-20212.0,2608.0,-2928.0,2135.0,-852.0,999.0,204719.0
883,-8424.0,-19468.0,2292.0,-2896.0,1793.0,-595.0,952.0,204725.0
884,-9732.0,-18844.0,2168.0,-2928.0,1280.0,-522.0,-873.0,204731.0
885,-8536.0,-18264.0,1340.0,-2912.0,945.0,-1580.0,-3661.0,204737.0
886,-6096.0,-17676.0,312.0,-2896.0,1058.0,-4420.0,-5364.0,204743.0
887,-1396.0,-16028.0,-440.0,-2880.0,1031.0,-7832.0,-5087.0,204748.0
888,4168.0,-15092.0,-1276.0,-2912.0,970.0,-9758.0,-4233.0,204755.0
889,9076.0,-14820.0,-1692.0,-2896.0,976.0,-9008.0,-3376.0,204762.0
890,11460.0,-14736.0,-1784.0,-2944.0,845.0,-6237.0,-2586.0,204768.0
891,11104.0,-14352.0,-1792.0,-2880.0,597.0,-2653.0,-1920.0,204774.0
892,8344.0,-15140.0,-1160.0,-2880.0,376.0,459.0,-1501.0,204780.0
893,4484.0,-16280.0,-704.0,-2912.0,397.0,2419.0,-1354.0,204785.0
894,772.0,-16924.0,-164.0,-2912.0,428.0,3340.0,-1311.0,204791.0
895,-1356.0,-17072.0,152.0,-2880.0,405.0,3381.0,-1494.0,204797.0
896,-2064.0,-17252.0,-32.0,-2896.0,358.0,2785.0,-1899.0,204804.0
897,-1560.0,-17024.0,-452.0,-2880.0,281.0,1802.0,-2205.0,204810.0
898,-92.0,-16940.0,-752.0,-2896.0,260.0,766.0,-2508.0,204816.0
899,1256.0,-16768.0,-1136.0,-2880.0,289.0,118.0,-2705.0,204821.0
900,1872.0,-16592.0,-1108.0,-2880.0,323.0,-128.0,-2860.0,204827.0
901,1800.0,-16512.0,-712.0,-2880.0,349.0,0.0,-2926.0,204833.0
902,1244.0,-16644.0,-608.0,-2896.0,359.0,381.0,-2979.0,204839.0
903,612.0,-16600.0,-268.0,-2896.0,337.0,651.0,-3031.0,204846.0
904,432.0,-16504.0,4.0,-2896.0,315.0,745.0,-3056.0,204851.0
905,1220.0,-16168.0,180.0,-2896.0,233.0,330.0,-3221.0,204857.0
906,2636.0,-15908.0,-196.0,-2896.0,174.0,-527.0,-3285.0,204863.0
907,3756.0,-15776.0,-436.0,-2896.0,147.0,-1234.0,-3181.0,204869.0
908,4588.0,-15568.0,-916.0,-2896.0,106.0,-1747.0,-2939.0,204874.0
909,5148.0,-15312.0,-560.0,-2896.0,22.0,-1835.0,-2624.0,204880.0
910,4876.0,-15628.0,-284.0,-2896.0,-105.0,-1577.0,-2400.0,204887.0
911,4200.0,-15780.0,-8.0,-2896.0,-220.0,-1290.0,-2203.0,204893.0
912,3340.0,-16088.0,-44.0,-2896.0,-321.0,-1116.0,-2052.0,204899.0
913,2796.0,-16248.0,-376.0,-2896.0,-367.0,-1001.0,-2082.0,204905.0
914,2872.0,-16168.0,-492.0,-2896.0,-441.0,-1069.0,-2095.0,204910.0
915,2816.0,-16248.0,-568.0,-2864.0,-499.0,-1037.0,-2139.0,204916.0
916,2672.0,-16300.0,-456.0,-2896.0,-516.0,-969.0,-2187.0,204922.0
917,2368.0,-16284.0,-680.0,-2896.0,-506.0,-918.0,-2254.0,204929.0
918,2088.0,-16392.0,-404.0,-2896.0,-567.0,-884.0,-2365.0,204935.0
919,1852.0,-16460.0,-512.0,-2896.0,-587.0,-810.0,-2497.0,204941.0
920,1672.0,-16700.0,-528.0,-2896.0,-617.0,-783.0,-2660.0,204946.0
921,1708.0,-16664.0,-496.0,-2928.0,-596.0,-823.0,-2854.0,204952.0
922,2084.0,-16624.0,-444.0,-2896.0,-581.0,-998.0,-2985.0,204958.0
923,2680.0,-16348.0,-748.0,-2912.0,-544.0,-1122.0,-3088.0,204964.0
924,3204.0,-16164.0,-784.0,-2896.0,-575.0,-1232.0,-3157.0,204971.0
925,3480.0,-15936.0,-716.0,-2896.0,-614.0,-1297.0,-3145.0,204977.0
926,3456.0,-16064.0,-544.0,-2912.0,-638.0,-1251.0,-3136.0,204983.0
927,3252.0,-16132.0,-412.0,-2896.0,-690.0,-1211.0,-3122.0,204989.0
928,3136.0,-16112.0,-396.0,-2880.0,-754.0,-1222.0,-3132.0,204995.0
929,3156.0,-16212.0,-388.0,-2896.0,-822.0,-1275.0,-3150.0,205001.0
930,3032.0,-16196.0,-192.0,-2896.0,-901.0,-1395.0,-3217.0,205007.0
931,2960.0,-16308.0,-200.0,-2880.0,-954.0,-1474.0,-3262.0,205014.0
932,3024.0,-16340.0,-512.0,-2896.0,-1008.0,-1585.0,-3315.0,205020.0
933,2944.0,-16344.0,-440.0,-2928.0,-1052.0,-1630.0,-3349.0,205026.0
934,3004.0,-16360.0,-548.0,-2896.0,-1072.0,-1664.0,-3387.0,205032.0
935,2984.0,-16476.0,-292.0,-2896.0,-1083.0,-1769.0,-3447.0,205038.0
936,3144.0,-16420.0,-528.0,-2880.0,-1075.0,-1901.0,-3448.0,205044.0
937,3396.0,-16332.0,-640.0,-2912.0,-1059.0,-2125.0,-3376.0,205050.0
938,3900.0,-16340.0,-824.0,-2912.0,-973.0,-2323.0,-3324.0,205057.0
939,4460.0,-16436.0,-1132.0,-2896.0,-868.0,-2494.0,-3150.0,205063.0
940,5112.0,-16348.0,-1532.0,-2864.0,-696.0,-2584.0,-2908.0,205069.0
941,5644.0,-16320.0,-1720.0,-2896.0,-452.0,-2533.0,-2719.0,205075.0
942,5980.0,-16224.0,-1836.0,-2896.0,-187.0,-2395.0,-2382.0,205081.0
943,6272.0,-15900.0,-1840.0,-2864.0,-13.0,-2284.0,-2029.0,205087.0
944,6300.0,-16052.0,-1648.0,-2880.0,145.0,-1919.0,-1713.0,205093.0
945,6040.0,-16096.0,-1772.0,-2896.0,338.0,-1531.0,-1384.0,205100.0
946,5620.0,-15876.0,-1692.0,-2896.0,456.0,-1226.0,-1091.0,205106.0
947,5524.0,-15968.0,-1700.0,-2880.0,626.0,-1124.0,-974.0,205112.0
948,4876.0,-16056.0,-1576.0,-2880.0,742.0,-1163.0,-928.0,205118.0
949,4716.0,-16224.0,-1400.0,-2864.0,840.0,-1337.0,-680.0,205124.0
950,4004.0,-15984.0,-1360.0,-2864.0,916.0,-1443.0,-542.0,205130.0
951,5184.0,-16304.0,-1196.0,-2880.0,1074.0,-1329.0,-428.0,205136.0
952,4260.0,-16008.0,-1124.0,-2928.0,1131.0,-1241.0,-542.0,205143.0
953,3984.0,-15976.0,-836.0,-2880.0,1182.0,-1403.0,-495.0,205149.0
954,3824.0,-16024.0,-936.0,-2896.0,1181.0,-1621.0,-513.0,205155.0
955,3788.0,-16104.0,-664.0,-2928.0,1174.0,-1763.0,-555.0,205161.0
956,3724.0,-16144.0,-652.0,-2912.0,1178.0,-1847.0,-606.0,205167.0
957,3772.0,-16056.0,-388.0,-2912.0,1145.0,-1870.0,-636.0,205172.0
958,3892.0,-16116.0,-424.0,-2928.0,1096.0,-1821.0,-637.0,205178.0
959,5840.0,-13588.0,92.0,-2928.0,404.0,-1325.0,2207.0,205185.0
960,4056.0,-17140.0,-492.0,-2896.0,1189.0,-523.0,-1922.0,205191.0
961,1712.0,-15112.0,-464.0,-2896.0,1079.0,-1474.0,-680.0,205197.0
962,3784.0,-15552.0,-512.0,-2880.0,789.0,-2046.0,-1029.0,205203.0
963,4520.0,-16052.0,-460.0,-2912.0,719.0,-2111.0,-940.0,205209.0
964,4608.0,-16244.0,-548.0,-2912.0,743.0,-1951.0,-556.0,205214.0
965,5700.0,-15668.0,-1100.0,-2912.0,650.0,-1653.0,-548.0,205220.0
966,4660.0,-15784.0,-568.0,-2880.0,554.0,-1331.0,-681.0,205227.0
967,4412.0,-15744.0,-652.0,-2880.0,527.0,-1287.0,-678.0,205233.0
968,3740.0,-15792.0,-624.0,-2912.0,442.0,-1474.0,-651.0,205239.0
969,4796.0,-16100.0,-540.0,-2912.0,405.0,-1366.0,-588.0,205245.0
970,4160.0,-16796.0,-804.0,-2912.0,586.0,-1219.0,-735.0,205250.0
971,4364.0,-16908.0,-1336.0,-2880.0,883.0,-1056.0,-278.0,205256.0
972,5284.0,-15788.0,-668.0,-2912.0,967.0,-1037.0,-612.0,205262.0
973,5096.0,-15856.0,-584.0,-2912.0,960.0,-896.0,-357.0,205268.0
974,4612.0,-15732.0,-352.0,-2912.0,873.0,-700.0,-386.0,205275.0
975,4280.0,-15868.0,-212.0,-2896.0,837.0,-643.0,-337.0,205280.0
976,4268.0,-15844.0,-320.0,-2880.0,700.0,-507.0,-309.0,205286.0
977,4424.0,-16072.0,-380.0,-2880.0,664.0,-364.0,-386.0,205292.0
978,4248.0,-16168.0,-420.0,-2896.0,627.0,-238.0,-338.0,205298.0
979,4232.0,-16060.0,-460.0,-2896.0,595.0,-185.0,-296.0,205304.0
980,4264.0,-16184.0,-400.0,-2912.0,551.0,-221.0,-257.0,205309.0
981,4196.0,-16016.0,-440.0,-2896.0,535.0,-226.0,-336.0,205316.0
982,4068.0,-15932.0,-472.0,-2864.0,501.0,-363.0,-307.0,205322.0
983,4224.0,-15944.0,-300.0,-2896.0,435.0,-499.0,-279.0,205328.0
984,4280.0,-15952.0,-368.0,-2880.0,436.0,-583.0,-266.0,205333.0
985,4476.0,-16076.0,-452.0,-2912.0,383.0,-574.0,-204.0,205339.0
986,4888.0,-15856.0,-540.0,-2896.0,355.0,-518.0,-153.0,205345.0
987,4924.0,-15824.0,-240.0,-2864.0,311.0,-442.0,-83.0,205351.0
988,4916.0,-15796.0,-580.0,-2896.0,277.0,-360.0,12.0,205357.0
989,5012.0,-15864.0,-636.0,-2912.0,309.0,-246.0,90.0,205363.0
990,4872.0,-15868.0,-700.0,-2880.0,318.0,-109.0,147.0,205369.0
991,4548.0,-15944.0,-552.0,-2928.0,328.0,-2.0,174.0,205375.0
992,4612.0,-16076.0,-200.0,-2896.0,395.0,65.0,191.0,205380.0
993,4332.0,-16256.0,-784.0,-2912.0,509.0,-23.0,227.0,205386.0
994,4388.0,-16212.0,-736.0,-2864.0,583.0,-144.0,219.0,205392.0
995,4480.0,-15968.0,-608.0,-2912.0,620.0,-285.0,248.0,205398.0
996,4496.0,-15956.0,-464.0,-2912.0,607.0,-281.0,276.0,205404.0
997,4584.0,-15956.0,-348.0,-2896.0,559.0,-190.0,291.0,205410.0
998,4452.0,-15832.0,-324.0,-2896.0,540.0,-63.0,353.0,205416.0
999,4556.0,-15944.0,-244.0,-2880.0,492.0,-83.0,362.0,205421.0
1000,4520.0,-15848.0,-180.0,-2896.0,454.0,-129.0,408.0,205427.0
1001,4600.0,-15736.0,-200.0,-2912.0,396.0,-137.0,445.0,205433.0
1002,4516.0,-15976.0,-388.0,-2896.0,384.0,-79.0,450.0,205438.0
1003,4248.0,-15964.0,-424.0,-2912.0,359.0,24.0,435.0,205445.0
1004,4200.0,-15956.0,-332.0,-2896.0,331.0,122.0,339.0,205451.0
1005,3924.0,-16268.0,-232.0,-2928.0,323.0,260.0,268.0,205457.0
1006,3652.0,-16224.0,-240.0,-2880.0,349.0,338.0,224.0,205462.0
1007,3784.0,-16224.0,-344.0,-2864.0,325.0,401.0,130.0,205468.0
1008,3696.0,-16004.0,-244.0,-2880.0,295.0,379.0,78.0,205474.0
1009,3864.0,-15952.0,-24.0,-2896.0,232.0,240.0,-5.0,205480.0
1010,3908.0,-15876.0,8.0,-2896.0,155.0,124.0,-71.0,205486.0
1011,4044.0,-15856.0,-40.0,-2912.0,62.0,12.0,-109.0,205492.0
1012,4256.0,-15860.0,-52.0,-2912.0,-5.0,-44.0,-113.0,205497.0
1013,4316.0,-15904.0,-184.0,-2896.0,-86.0,-3.0,-125.0,205503.0
1014,4504.0,-16024.0,-236.0,-2880.0,-82.0,139.0,-123.0,205508.0
1015,4480.0,-15956.0,-152.0,-2880.0,-135.0,225.0,-92.0,205514.0
1016,4348.0,-16028.0,-184.0,-2864.0,-177.0,329.0,-67.0,205520.0
1017,4124.0,-16016.0,-288.0,-2912.0,-224.0,425.0,-43.0,205526.0
1018,4120.0,-15992.0,-404.0,-2896.0,-244.0,449.0,-90.0,205532.0
1019,3988.0,-15904.0,-140.0,-2912.0,-256.0,380.0,-165.0,205538.0
1020,3948.0,-16032.0,-268.0,-2896.0,-304.0,280.0,-228.0,205544.0
1021,4068.0,-15908.0,-420.0,-2912.0,-310.0,202.0,-279.0,205549.0
1022,4168.0,-15964.0,-152.0,-2912.0,-368.0,198.0,-297.0,205555.0
1023,4232.0,-16020.0,-312.0,-2896.0,-377.0,272.0,-297.0,205561.0
1024,4332.0,-16160.0,-360.0,-2912.0,-355.0,383.0,-278.0,205568.0
1025,4304.0,-16116.0,-300.0,-2880.0,-367.0,489.0,-289.0,205573.0
1026,4376.0,-16000.0,-236.0,-2928.0,-379.0,559.0,-312.0,205579.0
1027,4448.0,-15908.0,-316.0,-2912.0,-410.0,556.0,-310.0,205585.0
1028,4604.0,-15984.0,-288.0,-2912.0,-409.0,511.0,-267.0,205591.0
1029,4672.0,-16168.0,-436.0,-2928.0,-369.0,541.0,-245.0,205596.0
1030,4624.0,-16084.0,-364.0,-2896.0,-351.0,625.0,-227.0,205602.0
1031,4656.0,-15940.0,-176.0,-2896.0,-371.0,755.0,-190.0,205608.0
1032,4532.0,-15980.0,-160.0,-2928.0,-413.0,857.0,-149.0,205615.0
1033,4364.0,-16032.0,-112.0,-2912.0,-449.0,1011.0,-103.0,205620.0
1034,4312.0,-15940.0,-396.0,-2912.0,-477.0,1074.0,-97.0,205626.0
1035,4328.0,-15960.0,-380.0,-2896.0,-508.0,995.0,-97.0,205632.0
1036,4292.0,-16044.0,-340.0,-2912.0,-481.0,870.0,-133.0,205637.0
1037,4436.0,-16068.0,-316.0,-2896.0,-483.0,837.0,-132.0,205643.0
1038,4560.0,-16112.0,-468.0,-2928.0,-445.0,917.0,-117.0,205649.0
1039,4540.0,-16008.0,-400.0,-2912.0,-375.0,975.0,-62.0,205656.0
1040,4712.0,-15896.0,-356.0,-2928.0,-377.0,1039.0,-50.0,205661.0
1041,4540.0,-15992.0,-320.0,-2880.0,-412.0,1049.0,-37.0,205667.0
1042,4504.0,-15944.0,-360.0,-2896.0,-402.0,1162.0,25.0,205673.0
1043,4464.0,-16108.0,-128.0,-2928.0,-381.0,1264.0,26.0,205679.0
1044,4440.0,-16160.0,-256.0,-2912.0,-402.0,1344.0,58.0,205684.0
1045,4332.0,-16064.0,-356.0,-2928.0,-380.0,1388.0,54.0,205690.0
1046,4144.0,-15956.0,-408.0,-2912.0,-340.0,1339.0,36.0,205697.0
1047,4280.0,-15936.0,-608.0,-2928.0,-322.0,1254.0,80.0,205703.0
1048,4388.0,-15936.0,-760.0,-2880.0,-260.0,1117.0,42.0,205708.0
1049,4240.0,-15912.0,-784.0,-2912.0,-224.0,932.0,54.0,205714.0
1050,4356.0,-16104.0,-580.0,-2912.0,-152.0,812.0,80.0,205720.0
1051,4340.0,-16152.0,-428.0,-2896.0,-87.0,819.0,94.0,205725.0
1052,4256.0,-16452.0,-572.0,-2880.0,12.0,823.0,74.0,205731.0
1053,4448.0,-16336.0,-584.0,-2880.0,119.0,808.0,121.0,205737.0
1054,4604.0,-15936.0,-548.0,-2864.0,189.0,735.0,123.0,205743.0
1055,4632.0,-15996.0,-452.0,-2912.0,206.0,723.0,180.0,205749.0
1056,4468.0,-15972.0,-468.0,-2896.0,201.0,723.0,204.0,205755.0
1057,4412.0,-15956.0,-248.0,-2896.0,198.0,702.0,226.0,205760.0
1058,4380.0,-16032.0,-280.0,-2896.0,172.0,637.0,263.0,205766.0
1059,4292.0,-16104.0,-176.0,-2912.0,158.0,631.0,273.0,205772.0
1060,4372.0,-16088.0,-144.0,-2896.0,122.0,662.0,303.0,205778.0
1061,4320.0,-16040.0,-296.0,-2912.0,143.0,702.0,309.0,205784.0
1062,4240.0,-16192.0,-140.0,-2864.0,183.0,758.0,342.0,205790.0
1063,4216.0,-16112.0,-144.0,-2912.0,184.0,725.0,364.0,205796.0
1064,4232.0,-16184.0,-292.0,-2880.0,208.0,724.0,338.0,205801.0
1065,4016.0,-16208.0,-212.0,-2896.0,222.0,618.0,341.0,205807.0
1066,3924.0,-16020.0,-220.0,-2912.0,196.0,497.0,335.0,205813.0
1067,4088.0,-15808.0,-264.0,-2880.0,173.0,367.0,294.0,205819.0
1068,4140.0,-15928.0,-164.0,-2896.0,162.0,254.0,283.0,205825.0
1069,4368.0,-15852.0,-348.0,-2896.0,136.0,162.0,293.0,205831.0
1070,4440.0,-15976.0,-340.0,-2912.0,167.0,167.0,316.0,205837.0
1071,4412.0,-16012.0,-168.0,-2896.0,200.0,236.0,299.0,205842.0
1072,4292.0,-16104.0,-288.0,-2912.0,188.0,259.0,352.0,205848.0
1073,4184.0,-16112.0,-228.0,-2864.0,190.0,270.0,365.0,205854.0
1074,4272.0,-16212.0,-192.0,-2880.0,241.0,248.0,327.0,205859.0
1075,4196.0,-16204.0,-136.0,-2896.0,265.0,214.0,359.0,205865.0
1076,4136.0,-16096.0,-204.0,-2880.0,303.0,120.0,393.0,205872.0
1077,4240.0,-15952.0,-120.0,-2928.0,309.0,30.0,337.0,205878.0
1078,4024.0,-16080.0,-216.0,-2912.0,311.0,-88.0,372.0,205883.0
1079,4232.0,-15868.0,-268.0,-2912.0,323.0,-138.0,352.0,205889.0
1080,4472.0,-16040.0,-308.0,-2896.0,330.0,-122.0,400.0,205895.0
1081,4488.0,-16012.0,-328.0,-2896.0,386.0,-45.0,428.0,205900.0
1082,4340.0,-16188.0,-184.0,-2880.0,432.0,-39.0,451.0,205906.0
1083,4348.0,-15952.0,-372.0,-2880.0,453.0,-70.0,462.0,205913.0
1084,4136.0,-16020.0,-224.0,-2896.0,443.0,-64.0,483.0,205918.0
1085,4040.0,-15932.0,-300.0,-2880.0,485.0,-101.0,474.0,205924.0
1086,3992.0,-16072.0,-40.0,-2864.0,514.0,-155.0,453.0,205930.0
1087,4120.0,-16144.0,-60.0,-2912.0,483.0,-246.0,482.0,205936.0
1088,4160.0,-16008.0,-84.0,-2896.0,490.0,-289.0,450.0,205941.0
1089,4248.0,-15988.0,-56.0,-2912.0,479.0,-336.0,463.0,205947.0
1090,4436.0,-15836.0,-28.0,-2880.0,473.0,-317.0,503.0,205954.0
1091,4380.0,-15964.0,0.0,-2896.0,441.0,-284.0,535.0,205959.0
1092,4344.0,-15940.0,-136.0,-2896.0,452.0,-280.0,552.0,205965.0
1093,4428.0,-15912.0,-16.0,-2896.0,415.0,-246.0,570.0,205971.0
1094,4272.0,-15908.0,-96.0,-2896.0,453.0,-249.0,658.0,205976.0
1095,4284.0,-16012.0,0.0,-2880.0,437.0,-216.0,654.0,205982.0
1096,4180.0,-16036.0,12.0,-2880.0,406.0,-191.0,658.0,205988.0
1097,4108.0,-16056.0,-28.0,-2864.0,397.0,-229.0,680.0,205993.0
1098,4056.0,-16124.0,-108.0,-2928.0,405.0,-237.0,686.0,206000.0
1099,4108.0,-16104.0,-56.0,-2896.0,405.0,-284.0,706.0,206006.0
1100,4104.0,-16092.0,-4.0,-2896.0,394.0,-322.0,710.0,206011.0
1101,4084.0,-16116.0,-52.0,-2912.0,431.0,-303.0,700.0,206017.0
1102,4028.0,-16044.0,-104.0,-2880.0,430.0,-303.0,700.0,206023.0
1103,4180.0,-16008.0,-32.0,-2896.0,460.0,-336.0,699.0,206028.0
1104,4168.0,-15872.0,-160.0,-2912.0,458.0,-377.0,756.0,206034.0
1105,4248.0,-16008.0,32.0,-2896.0,459.0,-388.0,753.0,206041.0
1106,4140.0,-16076.0,80.0,-2912.0,461.0,-394.0,737.0,206046.0
1107,4108.0,-16088.0,28.0,-2896.0,479.0,-431.0,775.0,206052.0
1108,4124.0,-16084.0,52.0,-2896.0,481.0,-438.0,809.0,206058.0
1109,4120.0,-16112.0,-80.0,-2880.0,491.0,-436.0,835.0,206063.0
1110,4028.0,-16052.0,-20.0,-2896.0,498.0,-403.0,883.0,206069.0
1111,4036.0,-16156.0,92.0,-2880.0,482.0,-375.0,874.0,206075.0
1112,4048.0,-16284.0,-76.0,-2880.0,526.0,-368.0,869.0,206081.0
1113,4120.0,-16136.0,-132.0,-2896.0,597.0,-448.0,890.0,206087.0
1114,4116.0,-15948.0,-16.0,-2880.0,618.0,-504.0,880.0,206093.0
1115,3960.0,-16032.0,216.0,-2896.0,624.0,-503.0,937.0,206099.0
1116,3964.0,-16040.0,228.0,-2880.0,616.0,-493.0,920.0,206104.0
1117,3968.0,-15968.0,32.0,-2896.0,604.0,-528.0,892.0,206110.0
1118,3956.0,-16012.0,244.0,-2880.0,569.0,-516.0,896.0,206116.0
1119,3928.0,-16132.0,236.0,-2896.0,564.0,-441.0,884.0,206121.0
1120,3828.0,-16188.0,52.0,-2896.0,545.0,-432.0,889.0,206128.0
1121,3820.0,-16196.0,124.0,-2912.0,518.0,-443.0,880.0,206134.0
1122,3720.0,-16368.0,252.0,-2880.0,535.0,-453.0,903.0,206139.0
1123,3764.0,-16104.0,200.0,-2864.0,554.0,-443.0,857.0,206145.0
1124,3828.0,-15892.0,160.0,-2880.0,537.0,-522.0,791.0,206151.0
1125,3920.0,-15916.0,76.0,-2896.0,500.0,-585.0,796.0,206157.0
1126,3908.0,-16228.0,180.0,-2928.0,483.0,-539.0,823.0,206162.0
1127,3892.0,-16228.0,296.0,-2912.0,486.0,-429.0,844.0,206169.0
1128,3764.0,-16224.0,300.0,-2896.0,472.0,-319.0,831.0,206175.0
1129,3920.0,-15944.0,244.0,-2880.0,421.0,-307.0,841.0,206180.0
1130,3960.0,-15904.0,332.0,-2896.0,385.0,-329.0,825.0,206186.0
1131,3984.0,-16036.0,84.0,-2864.0,406.0,-319.0,838.0,206192.0
1132,3872.0,-16128.0,44.0,-2864.0,419.0,-311.0,840.0,206197.0
1133,3824.0,-16080.0,268.0,-2880.0,429.0,-294.0,859.0,206203.0
1134,3784.0,-15936.0,172.0,-2864.0,434.0,-338.0,852.0,206210.0
1135,3784.0,-15992.0,32.0,-2880.0,404.0,-351.0,855.0,206216.0
1136,3856.0,-16140.0,32.0,-2864.0,418.0,-417.0,815.0,206221.0
1137,3716.0,-16184.0,84.0,-2928.0,434.0,-418.0,852.0,206227.0
1138,3664.0,-16280.0,156.0,-2912.0,438.0,-343.0,855.0,206233.0
1139,3576.0,-16304.0,312.0,-2896.0,437.0,-337.0,892.0,206238.0
1140,3608.0,-16240.0,232.0,-2880.0,439.0,-353.0,883.0,206244.0
1141,3780.0,-16232.0,296.0,-2896.0,457.0,-377.0,864.0,206251.0
1142,3828.0,-16320.0,220.0,-2880.0,486.0,-371.0,874.0,206256.0
1143,4040.0,-16368.0,44.0,-2896.0,610.0,-376.0,889.0,206262.0
1144,3940.0,-15928.0,216.0,-2912.0,643.0,-327.0,898.0,206268.0
1145,3892.0,-15904.0,360.0,-2864.0,601.0,-319.0,860.0,206274.0
1146,3872.0,-15948.0,212.0,-2880.0,602.0,-399.0,835.0,206279.0
1147,3760.0,-15984.0,428.0,-2928.0,588.0,-483.0,870.0,206285.0
1148,3632.0,-16076.0,348.0,-2880.0,556.0,-519.0,826.0,206291.0
1149,3476.0,-16164.0,368.0,-2896.0,545.0,-554.0,800.0,206297.0
1150,3388.0,-16164.0,392.0,-2880.0,482.0,-619.0,752.0,206303.0
1151,3212.0,-16212.0,668.0,-2896.0,446.0,-620.0,727.0,206309.0
1152,3248.0,-16184.0,464.0,-2880.0,387.0,-636.0,692.0,206315.0
1153,3448.0,-16108.0,556.0,-2864.0,351.0,-593.0,635.0,206320.0
1154,3452.0,-15992.0,676.0,-2880.0,275.0,-516.0,580.0,206326.0
1155,3456.0,-16000.0,672.0,-2896.0,228.0,-473.0,496.0,206332.0
1156,3384.0,-15972.0,500.0,-2880.0,126.0,-418.0,450.0,206338.0
1157,3316.0,-16072.0,636.0,-2896.0,37.0,-369.0,436.0,206344.0
1158,3256.0,-16056.0,472.0,-2912.0,-20.0,-336.0,368.0,206350.0
1159,3188.0,-16072.0,560.0,-2896.0,-83.0,-350.0,320.0,206355.0
1160,3216.0,-16048.0,564.0,-2912.0,-128.0,-409.0,290.0,206361.0
1161,3152.0,-16032.0,520.0,-2896.0,-187.0,-492.0,212.0,206367.0
1162,3348.0,-15972.0,524.0,-2912.0,-246.0,-543.0,199.0,206373.0
1163,3436.0,-16096.0,308.0,-2896.0,-291.0,-577.0,187.0,206379.0
1164,3500.0,-16092.0,472.0,-2880.0,-316.0,-551.0,174.0,206385.0
1165,3708.0,-16204.0,264.0,-2864.0,-238.0,-424.0,142.0,206391.0
1166,3864.0,-16044.0,224.0,-2912.0,-187.0,-330.0,128.0,206397.0
1167,4108.0,-15960.0,292.0,-2896.0,-160.0,-234.0,154.0,206402.0
1168,4056.0,-16008.0,336.0,-2896.0,-189.0,-104.0,206.0,206408.0
1169,3972.0,-16004.0,388.0,-2912.0,-233.0,80.0,229.0,206414.0
1170,3740.0,-16164.0,588.0,-2912.0,-264.0,258.0,267.0,206419.0
1171,3608.0,-16252.0,432.0,-2896.0,-302.0,342.0,276.0,206426.0
1172,3588.0,-16096.0,576.0,-2912.0,-339.0,442.0,251.0,206432.0
1173,3568.0,-16236.0,492.0,-2896.0,-366.0,470.0,179.0,206437.0
1174,3624.0,-16460.0,548.0,-2848.0,-307.0,580.0,181.0,206443.0
1175,3628.0,-16584.0,-72.0,-2896.0,-174.0,707.0,187.0,206449.0
1176,3840.0,-16376.0,140.0,-2912.0,-53.0,780.0,180.0,206455.0
1177,3720.0,-16016.0,664.0,-2864.0,-98.0,834.0,202.0,206460.0
1178,3392.0,-16020.0,748.0,-2864.0,-170.0,961.0,199.0,206467.0
1179,3172.0,-15980.0,800.0,-2880.0,-247.0,1042.0,197.0,206473.0
1180,3304.0,-15888.0,800.0,-2912.0,-338.0,1049.0,117.0,206478.0
1181,3196.0,-15912.0,596.0,-2896.0,-429.0,980.0,33.0,206484.0
1182,3180.0,-16064.0,580.0,-2880.0,-476.0,898.0,-24.0,206490.0
1183,3412.0,-16164.0,448.0,-2896.0,-496.0,727.0,-66.0,206495.0
1184,3348.0,-16180.0,468.0,-2896.0,-523.0,630.0,-67.0,206501.0
1185,3360.0,-16152.0,476.0,-2880.0,-532.0,625.0,-66.0,206508.0
1186,3456.0,-16016.0,472.0,-2896.0,-573.0,633.0,-81.0,206514.0
1187,3656.0,-16064.0,412.0,-2880.0,-571.0,708.0,-123.0,206519.0
1188,3644.0,-16060.0,260.0,-2896.0,-578.0,762.0,-123.0,206525.0
1189,3616.0,-16084.0,328.0,-2912.0,-576.0,800.0,-122.0,206531.0
1190,3684.0,-15992.0,280.0,-2896.0,-584.0,776.0,-96.0,206536.0
1191,3580.0,-15976.0,420.0,-2880.0,-631.0,762.0,-83.0,206542.0
1192,3640.0,-16152.0,404.0,-2896.0,-640.0,730.0,-53.0,206548.0
1193,3624.0,-16176.0,340.0,-2880.0,-644.0,663.0,-50.0,206554.0
1194,3372.0,-16188.0,204.0,-2880.0,-645.0,575.0,-51.0,206560.0
1195,3436.0,-16248.0,268.0,-2896.0,-627.0,474.0,-41.0,206566.0
1196,3332.0,-16416.0,184.0,-2880.0,-588.0,341.0,-66.0,206572.0
1197,3408.0,-16376.0,192.0,-2896.0,-512.0,268.0,-42.0,206577.0
1198,3496.0,-16364.0,92.0,-2912.0,-461.0,200.0,-25.0,206583.0
1199,3456.0,-16208.0,156.0,-2880.0,-430.0,107.0,-21.0,206588.0
1200,3552.0,-16224.0,312.0,-2896.0,-410.0,52.0,13.0,206595.0
1201,3436.0,-16268.0,332.0,-2896.0,-394.0,-32.0,49.0,206601.0
1202,3400.0,-16276.0,320.0,-2896.0,-354.0,-83.0,25.0,206606.0
1203,3404.0,-16132.0,264.0,-2864.0,-355.0,-161.0,26.0,206612.0
1204,3568.0,-16152.0,140.0,-2880.0,-350.0,-135.0,24.0,206618.0
1205,3632.0,-16136.0,212.0,-2864.0,-336.0,-99.0,30.0,206623.0
1206,3812.0,-16076.0,344.0,-2896.0,-289.0,-26.0,52.0,206629.0
1207,3808.0,-16164.0,124.0,-2896.0,-298.0,96.0,73.0,206636.0
1208,3708.0,-16132.0,204.0,-2896.0,-242.0,198.0,122.0,206641.0
1209,3516.0,-16184.0,200.0,-2880.0,-203.0,253.0,134.0,206647.0
1210,3432.0,-16220.0,-48.0,-2864.0,-141.0,263.0,102.0,206653.0
1211,3520.0,-16160.0,288.0,-2880.0,-119.0,181.0,113.0,206658.0
1212,3332.0,-16084.0,212.0,-2896.0,-143.0,76.0,65.0,206664.0
1213,3500.0,-16188.0,228.0,-2864.0,-160.0,-35.0,17.0,206670.0
1214,3460.0,-16192.0,344.0,-2864.0,-124.0,-77.0,36.0,206675.0
1215,3500.0,-16168.0,200.0,-2896.0,-120.0,-41.0,17.0,206682.0
1216,3592.0,-16152.0,132.0,-2896.0,-107.0,26.0,22.0,206687.0
1217,3800.0,-16144.0,168.0,-2896.0,-88.0,148.0,33.0,206693.0
1218,3640.0,-16124.0,156.0,-2912.0,-49.0,207.0,28.0,206699.0
1219,3636.0,-16164.0,100.0,-2912.0,-38.0,259.0,38.0,206704.0
1220,3520.0,-16208.0,352.0,-2912.0,-15.0,250.0,36.0,206710.0
1221,3620.0,-16160.0,380.0,-2896.0,-14.0,173.0,60.0,206715.0
1222,3536.0,-16252.0,276.0,-2880.0,-37.0,126.0,50.0,206722.0
1223,3440.0,-16108.0,280.0,-2880.0,-11.0,97.0,18.0,206728.0
1224,3404.0,-16160.0,288.0,-2912.0,-44.0,45.0,41.0,206733.0
1225,3424.0,-16172.0,316.0,-2896.0,-30.0,-3.0,40.0,206739.0
1226,3560.0,-16212.0,180.0,-2896.0,-29.0,-34.0,49.0,206744.0
1227,3688.0,-16244.0,368.0,-2880.0,-29.0,-62.0,43.0,206750.0
1228,3624.0,-16168.0,344.0,-2880.0,-33.0,-42.0,27.0,206755.0
1229,3580.0,-16216.0,348.0,-2880.0,13.0,-11.0,16.0,206761.0
1230,3428.0,-16256.0,272.0,-2880.0,25.0,30.0,62.0,206767.0
1231,3484.0,-16140.0,124.0,-2896.0,66.0,55.0,56.0,206773.0
1232,3560.0,-16068.0,340.0,-2928.0,51.0,41.0,41.0,206779.0
1233,3512.0,-16176.0,332.0,-2896.0,38.0,29.0,38.0,206784.0
1234,3684.0,-16136.0,304.0,-2880.0,43.0,-2.0,51.0,206790.0
1235,3544.0,-16184.0,244.0,-2896.0,27.0,19.0,50.0,206795.0
1236,3416.0,-16088.0,304.0,-2928.0,36.0,11.0,38.0,206801.0
1237,3348.0,-16144.0,508.0,-2928.0,12.0,-4.0,-4.0,206807.0
1238,3396.0,-16100.0,360.0,-2864.0,-30.0,5.0,-25.0,206813.0
1239,3428.0,-16112.0,328.0,-2896.0,-29.0,-19.0,-52.0,206818.0
1240,3484.0,-16108.0,388.0,-2896.0,-55.0,3.0,-74.0,206824.0
1241,3500.0,-16144.0,324.0,-2880.0,-65.0,47.0,-108.0,206829.0
1242,3392.0,-16184.0,312.0,-2928.0,-83.0,72.0,-78.0,206835.0
1243,3348.0,-16112.0,356.0,-2880.0,-97.0,85.0,-126.0,206840.0
1244,3304.0,-16168.0,272.0,-2864.0,-160.0,33.0,-160.0,206846.0
1245,3296.0,-16164.0,452.0,-2864.0,-154.0,-36.0,-176.0,206853.0
1246,3308.0,-16140.0,388.0,-2880.0,-205.0,-105.0,-235.0,206858.0
1247,3540.0,-16096.0,400.0,-2896.0,-253.0,-67.0,-241.0,206864.0
1248,3688.0,-16072.0,468.0,-2912.0,-315.0,-32.0,-229.0,206870.0
1249,3612.0,-16232.0,580.0,-2896.0,-256.0,46.0,-251.0,206876.0
1250,3548.0,-16376.0,400.0,-2880.0,-243.0,186.0,-216.0,206881.0
1251,3620.0,-16332.0,-28.0,-2880.0,-145.0,191.0,-230.0,206887.0
1252,3812.0,-16112.0,308.0,-2896.0,-91.0,142.0,-207.0,206894.0
1253,3840.0,-16056.0,264.0,-2912.0,-99.0,147.0,-200.0,206899.0
1254,3540.0,-16100.0,404.0,-2864.0,-133.0,160.0,-222.0,206905.0
1255,3448.0,-16148.0,388.0,-2848.0,-125.0,163.0,-184.0,206911.0
1256,3384.0,-16152.0,344.0,-2864.0,-128.0,130.0,-216.0,206916.0
1257,3588.0,-16124.0,320.0,-2880.0,-114.0,84.0,-222.0,206922.0
1258,3492.0,-16112.0,256.0,-2896.0,-90.0,58.0,-264.0,206928.0
1259,3520.0,-16112.0,372.0,-2896.0,-74.0,22.0,-263.0,206934.0
1260,3472.0,-16192.0,136.0,-2864.0,-10.0,-19.0,-221.0,206940.0
1261,3624.0,-16192.0,212.0,-2896.0,33.0,-89.0,-244.0,206946.0
1262,3672.0,-16204.0,228.0,-2880.0,64.0,-111.0,-223.0,206951.0
1263,3636.0,-16192.0,240.0,-2880.0,96.0,-98.0,-216.0,206957.0
1264,3692.0,-16152.0,376.0,-2864.0,123.0,-100.0,-242.0,206963.0
1265,3668.0,-16172.0,352.0,-2896.0,146.0,-115.0,-204.0,206968.0
1266,3788.0,-16268.0,316.0,-2896.0,165.0,-80.0,-179.0,206974.0
1267,3812.0,-16148.0,220.0,-2896.0,195.0,-63.0,-164.0,206981.0
1268,3764.0,-16204.0,260.0,-2848.0,229.0,-78.0,-133.0,206986.0
1269,3772.0,-16276.0,172.0,-2864.0,292.0,-56.0,-112.0,206992.0
1270,3632.0,-16316.0,276.0,-2880.0,356.0,-48.0,-88.0,206998.0
1271,3628.0,-16140.0,252.0,-2880.0,405.0,-19.0,-87.0,207003.0
1272,3652.0,-16208.0,148.0,-2880.0,490.0,-85.0,-83.0,207009.0
1273,3696.0,-16160.0,312.0,-2864.0,518.0,-147.0,-64.0,207015.0
1274,3568.0,-16188.0,392.0,-2864.0,533.0,-163.0,-29.0,207021.0
1275,3516.0,-16204.0,372.0,-2880.0,549.0,-202.0,-18.0,207027.0
1276,3616.0,-16160.0,436.0,-2896.0,564.0,-338.0,-23.0,207033.0
1277,3708.0,-15964.0,516.0,-2896.0,539.0,-446.0,17.0,207038.0
1278,3580.0,-16112.0,504.0,-2864.0,501.0,-500.0,43.0,207044.0
1279,3736.0,-16044.0,676.0,-2864.0,470.0,-530.0,75.0,207050.0
1280,3608.0,-16220.0,392.0,-2880.0,453.0,-502.0,78.0,207055.0
1281,3676.0,-16164.0,488.0,-2928.0,472.0,-490.0,69.0,207062.0
1282,3680.0,-16180.0,704.0,-2896.0,445.0,-491.0,95.0,207068.0
1283,3728.0,-16116.0,420.0,-2880.0,454.0,-495.0,78.0,207073.0
1284,3772.0,-16104.0,360.0,-2864.0,469.0,-509.0,111.0,207079.0
1285,3672.0,-15928.0,548.0,-2912.0,428.0,-510.0,130.0,207085.0
1286,3528.0,-16156.0,416.0,-2896.0,427.0,-497.0,95.0,207090.0
1287,3444.0,-16172.0,508.0,-2880.0,452.0,-474.0,121.0,207096.0
1288,3396.0,-16248.0,672.0,-2896.0,436.0,-533.0,101.0,207102.0
1289,3556.0,-16228.0,580.0,-2912.0,444.0,-587.0,80.0,207108.0
1290,3592.0,-15988.0,556.0,-2880.0,429.0,-626.0,101.0,207114.0
1291,3888.0,-16060.0,376.0,-2864.0,405.0,-671.0,93.0,207120.0
1292,3664.0,-15968.0,440.0,-2848.0,428.0,-714.0,136.0,207125.0
1293,3844.0,-16040.0,544.0,-2896.0,424.0,-766.0,143.0,207131.0
1294,3956.0,-16136.0,556.0,-2880.0,386.0,-694.0,168.0,207137.0
1295,4092.0,-16152.0,612.0,-2896.0,389.0,-571.0,198.0,207143.0
1296,4104.0,-16096.0,620.0,-2880.0,384.0,-344.0,207.0,207149.0
1297,3880.0,-16128.0,452.0,-2864.0,413.0,-192.0,242.0,207155.0
1298,3852.0,-16008.0,628.0,-2880.0,408.0,-113.0,280.0,207161.0
1299,3684.0,-15944.0,500.0,-2896.0,377.0,-33.0,282.0,207166.0
1300,3628.0,-16068.0,764.0,-2880.0,378.0,-31.0,259.0,207172.0
1301,3604.0,-16036.0,880.0,-2864.0,351.0,-32.0,257.0,207178.0
1302,3480.0,-16044.0,756.0,-2880.0,290.0,-29.0,251.0,207183.0
1303,3540.0,-16080.0,796.0,-2912.0,271.0,-23.0,224.0,207190.0
1304,3408.0,-16228.0,728.0,-2896.0,237.0,-41.0,208.0,207196.0
1305,3432.0,-16204.0,696.0,-2864.0,235.0,31.0,184.0,207201.0
1306,3628.0,-16104.0,632.0,-2880.0,238.0,-31.0,181.0,207207.0
1307,3596.0,-15988.0,692.0,-2864.0,201.0,6.0,162.0,207213.0
1308,3636.0,-15992.0,876.0,-2896.0,174.0,7.0,154.0,207218.0
1309,3580.0,-16140.0,864.0,-2896.0,110.0,89.0,168.0,207224.0
1310,3616.0,-16092.0,844.0,-2896.0,95.0,87.0,141.0,207230.0
1311,3568.0,-15952.0,876.0,-2912.0,8.0,82.0,111.0,207236.0
1312,3648.0,-16136.0,696.0,-2896.0,-32.0,57.0,114.0,207242.0
1313,3588.0,-16072.0,712.0,-2880.0,-72.0,127.0,75.0,207247.0
1314,3504.0,-16144.0,912.0,-2896.0,-129.0,119.0,37.0,207253.0
1315,3576.0,-16136.0,692.0,-2880.0,-158.0,158.0,40.0,207259.0
1316,3560.0,-16204.0,628.0,-2864.0,-174.0,228.0,32.0,207264.0
1317,3584.0,-16140.0,724.0,-2912.0,-184.0,321.0,8.0,207270.0
1318,3556.0,-16100.0,580.0,-2880.0,-170.0,370.0,-35.0,207277.0
1319,3544.0,-16092.0,616.0,-2896.0,-192.0,418.0,-29.0,207282.0
1320,3568.0,-16220.0,548.0,-2896.0,-169.0,397.0,-50.0,207288.0
1321,3624.0,-16184.0,640.0,-2880.0,-122.0,418.0,-42.0,207294.0
1322,3644.0,-16076.0,684.0,-2896.0,-137.0,378.0,-46.0,207299.0
1323,3472.0,-16060.0,748.0,-2912.0,-150.0,384.0,-47.0,207305.0
1324,3592.0,-16020.0,732.0,-2896.0,-165.0,304.0,-52.0,207311.0
1325,3652.0,-15912.0,756.0,-2880.0,-189.0,277.0,-48.0,207316.0
1326,3568.0,-15984.0,728.0,-2896.0,-186.0,253.0,-26.0,207323.0
1327,3724.0,-16108.0,668.0,-2896.0,-196.0,284.0,-19.0,207329.0
1328,3684.0,-16120.0,708.0,-2880.0,-213.0,266.0,-28.0,207334.0
1329,3464.0,-16004.0,672.0,-2896.0,-218.0,232.0,0.0,207340.0
1330,3568.0,-16068.0,784.0,-2896.0,-235.0,190.0,-34.0,207346.0
1331,3692.0,-16112.0,596.0,-2880.0,-251.0,212.0,-29.0,207351.0
1332,3588.0,-16192.0,452.0,-2896.0,-227.0,218.0,-32.0,207357.0
1333,3616.0,-16196.0,612.0,-2864.0,-246.0,260.0,-37.0,207364.0
