id,AcX,AcY,AcZ,Tmp,GyX,GyY,GyZ,Timer
0,860.0,-15640.0,-1704.0,-2832.0,7528.0,-777.0,-2017.0,115486.0
1,2912.0,-15568.0,-1948.0,-2832.0,7361.0,-1590.0,-2260.0,115492.0
2,5144.0,-15736.0,-2296.0,-2832.0,7338.0,-2053.0,-2231.0,115499.0
3,6592.0,-15460.0,-2228.0,-2816.0,7397.0,-2053.0,-2079.0,115505.0
4,7272.0,-15220.0,-1996.0,-2864.0,7343.0,-1596.0,-1740.0,115511.0
5,7416.0,-14956.0,-1908.0,-2832.0,7148.0,-1002.0,-1326.0,115517.0
6,6824.0,-14944.0,-1412.0,-2816.0,6963.0,-508.0,-966.0,115523.0
7,6284.0,-15016.0,-1456.0,-2848.0,6744.0,-296.0,-673.0,115529.0
8,6072.0,-15356.0,-1288.0,-2832.0,6556.0,-167.0,-467.0,115535.0
9,6040.0,-15460.0,-1112.0,-2832.0,6398.0,117.0,-296.0,115540.0
10,5764.0,-15804.0,-1152.0,-2848.0,6252.0,592.0,-159.0,115547.0
11,4984.0,-16044.0,-1088.0,-2848.0,6168.0,1032.0,-121.0,115553.0
12,4344.0,-16340.0,-1132.0,-2832.0,6153.0,1339.0,-97.0,115559.0
13,3916.0,-16172.0,-1088.0,-2864.0,6092.0,1330.0,-75.0,115565.0
14,3924.0,-16356.0,-1048.0,-2848.0,6065.0,1250.0,-124.0,115571.0
15,4192.0,-16636.0,-760.0,-2832.0,6161.0,1437.0,-154.0,115577.0
16,4424.0,-16900.0,-1108.0,-2832.0,6334.0,1832.0,-229.0,115584.0
17,5100.0,-16508.0,-1416.0,-2832.0,6517.0,2102.0,-179.0,115590.0
18,5924.0,-16112.0,-1144.0,-2832.0,6648.0,2405.0,-66.0,115596.0
19,6260.0,-16040.0,-1048.0,-2832.0,6694.0,2926.0,34.0,115601.0
20,6188.0,-15892.0,-716.0,-2832.0,6714.0,3587.0,179.0,115607.0
21,6036.0,-15784.0,-564.0,-2848.0,6738.0,4073.0,290.0,115613.0
22,6180.0,-15648.0,-504.0,-2848.0,6715.0,4408.0,473.0,115619.0
23,6300.0,-15576.0,-232.0,-2816.0,6642.0,4837.0,627.0,115625.0
24,6156.0,-15116.0,-372.0,-2832.0,6435.0,5236.0,752.0,115632.0
25,5640.0,-15000.0,180.0,-2832.0,6158.0,5466.0,895.0,115638.0
26,5196.0,-15172.0,80.0,-2832.0,5900.0,5667.0,969.0,115644.0
27,4808.0,-15484.0,116.0,-2832.0,5734.0,5718.0,990.0,115649.0
28,4584.0,-15536.0,252.0,-2816.0,5596.0,5607.0,1007.0,115655.0
29,4408.0,-15460.0,80.0,-2848.0,5503.0,5344.0,974.0,115661.0
30,4144.0,-15448.0,172.0,-2848.0,5435.0,5121.0,921.0,115667.0
31,4048.0,-15628.0,116.0,-2816.0,5381.0,4903.0,858.0,115674.0
32,4088.0,-15884.0,36.0,-2864.0,5327.0,4747.0,850.0,115680.0
33,4640.0,-15604.0,-576.0,-2848.0,5272.0,4504.0,550.0,115685.0
34,4408.0,-16188.0,36.0,-2832.0,5192.0,4197.0,1087.0,115691.0
35,4800.0,-15820.0,516.0,-2800.0,5036.0,4260.0,720.0,115697.0
36,4728.0,-15688.0,516.0,-2832.0,4866.0,4156.0,901.0,115703.0
37,4876.0,-15676.0,416.0,-2864.0,4774.0,4114.0,959.0,115709.0
38,4936.0,-15476.0,308.0,-2832.0,4656.0,4129.0,1020.0,115716.0
39,4728.0,-15432.0,652.0,-2864.0,4537.0,4164.0,1102.0,115722.0
40,5064.0,-15368.0,784.0,-2848.0,4387.0,4237.0,1255.0,115727.0
41,4628.0,-15520.0,716.0,-2816.0,4306.0,4269.0,1179.0,115733.0
42,4556.0,-15788.0,752.0,-2816.0,4206.0,3995.0,1171.0,115739.0
43,4388.0,-15840.0,780.0,-2864.0,4136.0,3798.0,1156.0,115745.0
44,4416.0,-15688.0,860.0,-2832.0,4133.0,3755.0,1210.0,115751.0
45,4308.0,-15752.0,1004.0,-2832.0,4088.0,3781.0,1247.0,115758.0
46,4284.0,-15876.0,988.0,-2832.0,4088.0,3761.0,1292.0,115764.0
47,4184.0,-16156.0,892.0,-2832.0,4129.0,3578.0,1343.0,115770.0
48,4156.0,-16088.0,948.0,-2832.0,4152.0,3256.0,1332.0,115776.0
49,4196.0,-15860.0,1212.0,-2848.0,4172.0,2841.0,1365.0,115781.0
50,4388.0,-15860.0,1308.0,-2832.0,4141.0,2578.0,1352.0,115787.0
51,4440.0,-16028.0,1340.0,-2848.0,4108.0,2477.0,1390.0,115793.0
52,4596.0,-15864.0,1456.0,-2848.0,4091.0,2404.0,1400.0,115800.0
53,4808.0,-15676.0,1592.0,-2800.0,4052.0,2495.0,1372.0,115806.0
54,4780.0,-15744.0,1652.0,-2816.0,4060.0,2637.0,1388.0,115812.0
55,4792.0,-15800.0,1880.0,-2864.0,4028.0,2817.0,1369.0,115818.0
56,4804.0,-15980.0,1788.0,-2832.0,4016.0,3022.0,1264.0,115824.0
57,4520.0,-16344.0,1828.0,-2832.0,4089.0,3181.0,1335.0,115830.0
58,4456.0,-16828.0,1504.0,-2832.0,4288.0,3371.0,1221.0,115836.0
59,4680.0,-16640.0,1464.0,-2848.0,4445.0,3427.0,1078.0,115843.0
60,3788.0,-16520.0,1364.0,-2832.0,4523.0,3413.0,1296.0,115849.0
61,3940.0,-17116.0,1652.0,-2848.0,4681.0,3509.0,1196.0,115855.0
62,4392.0,-16444.0,1712.0,-2800.0,4867.0,3269.0,1103.0,115861.0
63,3920.0,-16428.0,1412.0,-2848.0,5012.0,3127.0,1331.0,115867.0
64,3928.0,-16712.0,1752.0,-2832.0,5164.0,3156.0,1347.0,115872.0
65,4084.0,-16772.0,1920.0,-2832.0,5303.0,3128.0,1363.0,115878.0
66,4556.0,-16948.0,2124.0,-2848.0,5474.0,3114.0,1324.0,115885.0
67,4676.0,-16588.0,1616.0,-2832.0,5611.0,3119.0,1265.0,115891.0
68,4352.0,-16812.0,1972.0,-2848.0,5738.0,3240.0,1329.0,115897.0
69,3852.0,-16800.0,2324.0,-2832.0,5895.0,3342.0,1363.0,115903.0
70,3376.0,-17140.0,2640.0,-2816.0,6009.0,3425.0,1339.0,115909.0
71,3208.0,-17372.0,2768.0,-2800.0,6149.0,3371.0,1331.0,115915.0
72,3276.0,-17400.0,2528.0,-2848.0,6287.0,3242.0,1306.0,115921.0
73,3448.0,-17652.0,2912.0,-2816.0,6379.0,3190.0,1309.0,115928.0
74,3552.0,-17704.0,3064.0,-2864.0,6458.0,3184.0,1335.0,115934.0
75,3596.0,-17692.0,2876.0,-2816.0,6546.0,3280.0,1406.0,115940.0
76,3376.0,-17584.0,3092.0,-2864.0,6662.0,3387.0,1493.0,115946.0
77,3168.0,-17596.0,3136.0,-2816.0,6784.0,3450.0,1636.0,115952.0
78,2888.0,-17692.0,3136.0,-2832.0,6919.0,3479.0,1786.0,115958.0
79,2392.0,-17880.0,3308.0,-2816.0,7107.0,3396.0,2064.0,115964.0
80,2452.0,-18020.0,3220.0,-2832.0,7292.0,3311.0,2291.0,115970.0
81,2408.0,-18232.0,3316.0,-2864.0,7503.0,3067.0,2500.0,115976.0
82,2600.0,-18388.0,3072.0,-2848.0,7780.0,2811.0,2737.0,115982.0
83,2980.0,-18504.0,3044.0,-2832.0,8048.0,2609.0,2926.0,115988.0
84,3204.0,-18564.0,3148.0,-2848.0,8325.0,2378.0,3169.0,115994.0
85,3424.0,-18936.0,3072.0,-2832.0,8597.0,2278.0,3429.0,116000.0
86,3388.0,-19124.0,3224.0,-2880.0,8899.0,2266.0,3680.0,116006.0
87,3368.0,-19396.0,3288.0,-2816.0,9203.0,2282.0,3925.0,116013.0
88,3304.0,-19664.0,3212.0,-2832.0,9532.0,2334.0,4162.0,116019.0
89,3280.0,-19968.0,3280.0,-2848.0,9876.0,2428.0,4382.0,116025.0
90,3228.0,-19988.0,3380.0,-2864.0,10213.0,2442.0,4607.0,116031.0
91,3252.0,-20084.0,3324.0,-2848.0,10585.0,2498.0,4856.0,116037.0
92,3352.0,-20180.0,3280.0,-2864.0,10926.0,2576.0,5109.0,116043.0
93,3676.0,-20204.0,3224.0,-2832.0,11329.0,2695.0,5339.0,116049.0
94,4136.0,-20228.0,3168.0,-2848.0,11694.0,2773.0,5510.0,116056.0
95,4528.0,-20404.0,3112.0,-2832.0,12090.0,2946.0,5691.0,116062.0
96,5012.0,-20576.0,3076.0,-2800.0,12508.0,3261.0,5928.0,116068.0
97,4720.0,-20768.0,2992.0,-2848.0,12887.0,3682.0,6278.0,116074.0
98,2428.0,-21052.0,3652.0,-2832.0,13201.0,4055.0,7043.0,116080.0
99,1068.0,-23124.0,4204.0,-2864.0,13422.0,3269.0,7886.0,116086.0
100,2708.0,-24304.0,3716.0,-2848.0,13667.0,2150.0,8443.0,116092.0
101,5716.0,-24460.0,3220.0,-2832.0,14129.0,1787.0,8334.0,116099.0
102,8136.0,-24596.0,4636.0,-2832.0,14856.0,2125.0,8143.0,116105.0
103,8656.0,-25016.0,4300.0,-2880.0,15328.0,3288.0,8307.0,116111.0
104,9072.0,-26248.0,2276.0,-2832.0,15848.0,5018.0,8109.0,116117.0
105,8236.0,-26928.0,484.0,-2832.0,16416.0,6650.0,8523.0,116123.0
106,7316.0,-27248.0,-872.0,-2832.0,16769.0,8110.0,8862.0,116129.0
107,6340.0,-28444.0,-2428.0,-2816.0,17014.0,9023.0,9055.0,116135.0
108,6352.0,-29372.0,-4564.0,-2848.0,17229.0,9375.0,9312.0,116142.0
109,7276.0,-29612.0,-6128.0,-2832.0,17348.0,9498.0,9198.0,116148.0
110,7912.0,-30112.0,-7660.0,-2832.0,17337.0,10061.0,8915.0,116154.0
111,7840.0,-32072.0,-9988.0,-2832.0,17492.0,10916.0,9005.0,116160.0
112,6796.0,-31956.0,-11880.0,-2832.0,17539.0,11341.0,9783.0,116166.0
113,5324.0,-30024.0,-13648.0,-2832.0,17261.0,11669.0,10654.0,116172.0
114,3704.0,-27544.0,-14092.0,-2832.0,16769.0,11413.0,11188.0,116178.0
115,1240.0,-24408.0,-11812.0,-2848.0,16227.0,10244.0,11583.0,116185.0
116,-1008.0,-22052.0,-8232.0,-2800.0,15697.0,8351.0,11897.0,116191.0
117,-2876.0,-21720.0,108.0,-2832.0,15760.0,5484.0,12130.0,116197.0
118,-3976.0,-22168.0,9896.0,-2832.0,16332.0,2223.0,12474.0,116203.0
119,-3860.0,-21644.0,10180.0,-2832.0,16074.0,-1457.0,12158.0,116209.0
120,-2372.0,-20844.0,6312.0,-2832.0,14813.0,-6146.0,10700.0,116216.0
121,460.0,-19788.0,1720.0,-2832.0,13222.0,-10373.0,9113.0,116222.0
122,4176.0,-19176.0,-636.0,-2832.0,11898.0,-12940.0,7445.0,116229.0
123,5320.0,-20576.0,1548.0,-2864.0,12013.0,-13976.0,6637.0,116235.0
124,5944.0,-21320.0,4016.0,-2832.0,13160.0,-12985.0,6824.0,116241.0
125,5528.0,-21556.0,4112.0,-2832.0,14494.0,-10268.0,7250.0,116247.0
126,5764.0,-16756.0,1640.0,-2832.0,14606.0,-7799.0,7504.0,116253.0
127,6224.0,-10924.0,-468.0,-2816.0,13726.0,-6554.0,7298.0,116259.0
128,8100.0,-6196.0,-2984.0,-2848.0,11297.0,-5174.0,7018.0,116265.0
129,9048.0,-5944.0,-3708.0,-2832.0,8624.0,-2347.0,6482.0,116272.0
130,7916.0,-7796.0,-4508.0,-2848.0,6649.0,558.0,5928.0,116278.0
131,6212.0,-7640.0,-7096.0,-2816.0,4978.0,1911.0,5583.0,116284.0
132,5592.0,-5832.0,-8864.0,-2832.0,3074.0,2179.0,5255.0,116290.0
133,5104.0,-4996.0,-8456.0,-2848.0,1309.0,1807.0,4730.0,116296.0
134,4064.0,-5012.0,-7872.0,-2816.0,232.0,1159.0,4132.0,116301.0
135,3464.0,-4344.0,-7088.0,-2832.0,-979.0,818.0,4226.0,116307.0
136,3096.0,-3488.0,-6548.0,-2816.0,-2406.0,886.0,4293.0,116314.0
137,2888.0,-2964.0,-6268.0,-2832.0,-4204.0,1174.0,4078.0,116320.0
138,2496.0,-2588.0,-6472.0,-2832.0,-6133.0,1253.0,3396.0,116326.0
139,1896.0,-2444.0,-6068.0,-2848.0,-8030.0,713.0,2357.0,116332.0
140,1256.0,-2260.0,-5304.0,-2848.0,-9619.0,-338.0,1329.0,116338.0
141,732.0,-2152.0,-5036.0,-2864.0,-11217.0,-1786.0,353.0,116344.0
142,68.0,-2296.0,-4160.0,-2800.0,-12720.0,-3393.0,-380.0,116349.0
143,-416.0,-2368.0,-3700.0,-2832.0,-14316.0,-4715.0,-798.0,116356.0
144,-1312.0,-2400.0,-3800.0,-2816.0,-15994.0,-6000.0,-1796.0,116362.0
145,476.0,-2636.0,-4196.0,-2832.0,-17995.0,-6433.0,-172.0,116368.0
146,2032.0,-3280.0,-5608.0,-2816.0,-19431.0,-6654.0,-2751.0,116374.0
147,100.0,-3088.0,-5484.0,-2800.0,-21248.0,-7528.0,-3220.0,116380.0
148,68.0,-3984.0,-5456.0,-2816.0,-22818.0,-8576.0,-3081.0,116386.0
149,164.0,-4528.0,-5048.0,-2832.0,-24428.0,-9564.0,-3183.0,116392.0
150,724.0,-5008.0,-5136.0,-2848.0,-26141.0,-10272.0,-3239.0,116399.0
151,1240.0,-5840.0,-5504.0,-2832.0,-27609.0,-10811.0,-3564.0,116405.0
152,2248.0,-6504.0,-5188.0,-2832.0,-29042.0,-11217.0,-3978.0,116411.0
153,3608.0,-7216.0,-5416.0,-2832.0,-30541.0,-11152.0,-4478.0,116417.0
154,5448.0,-8688.0,-4992.0,-2832.0,-31943.0,-10749.0,-5045.0,116423.0
155,6792.0,-10372.0,-4684.0,-2816.0,-32768.0,-9948.0,-5521.0,116429.0
156,8048.0,-11856.0,-4096.0,-2848.0,-32768.0,-8623.0,-5818.0,116435.0
157,9148.0,-13216.0,-3028.0,-2848.0,-32768.0,-6946.0,-6010.0,116442.0
158,9724.0,-14408.0,-2440.0,-2832.0,-32768.0,-4985.0,-6068.0,116448.0
159,9648.0,-15564.0,-2488.0,-2816.0,-32768.0,-2624.0,-6103.0,116454.0
160,8980.0,-16816.0,-2420.0,-2832.0,-32768.0,-506.0,-6225.0,116460.0
161,7636.0,-18348.0,-2252.0,-2832.0,-32768.0,1290.0,-6354.0,116466.0
162,6256.0,-19208.0,-1868.0,-2832.0,-32768.0,2843.0,-6666.0,116472.0
163,5000.0,-20172.0,-1832.0,-2848.0,-32768.0,3890.0,-7160.0,116478.0
164,4724.0,-21488.0,-1620.0,-2848.0,-32768.0,4709.0,-7740.0,116485.0
165,5192.0,-23016.0,-1412.0,-2880.0,-32768.0,5485.0,-8340.0,116491.0
166,6464.0,-24484.0,-1060.0,-2848.0,-32768.0,6450.0,-8947.0,116497.0
167,7596.0,-26236.0,-900.0,-2832.0,-32768.0,7890.0,-9541.0,116504.0
168,8128.0,-27356.0,-676.0,-2832.0,-32768.0,9539.0,-10221.0,116510.0
169,8420.0,-28540.0,-648.0,-2816.0,-32768.0,11303.0,-11031.0,116516.0
170,8164.0,-29592.0,-172.0,-2832.0,-32768.0,13007.0,-12076.0,116523.0
171,7460.0,-30496.0,1056.0,-2816.0,-32768.0,14394.0,-13219.0,116529.0
172,6660.0,-31436.0,2144.0,-2832.0,-32768.0,15582.0,-14466.0,116536.0
173,5184.0,-32332.0,3132.0,-2832.0,-32768.0,16255.0,-15736.0,116542.0
174,3404.0,-32768.0,3724.0,-2816.0,-32768.0,16093.0,-16780.0,116548.0
175,392.0,-32768.0,4708.0,-2832.0,-32768.0,15031.0,-17404.0,116554.0
176,-5996.0,-32768.0,5412.0,-2784.0,-32768.0,13021.0,-17878.0,116560.0
177,-10568.0,-32768.0,6424.0,-2848.0,-32768.0,10322.0,-19876.0,116568.0
178,-724.0,-32768.0,7796.0,-2832.0,-32768.0,9330.0,-13495.0,116574.0
179,-2188.0,-32768.0,9672.0,-2832.0,-32768.0,9145.0,-17866.0,116580.0
180,-8344.0,-32768.0,11256.0,-2800.0,-32502.0,7896.0,-16857.0,116586.0
181,-7756.0,-32768.0,12564.0,-2832.0,-30892.0,6330.0,-15883.0,116593.0
182,-8312.0,-32768.0,14168.0,-2832.0,-29058.0,4627.0,-14903.0,116599.0
183,-8732.0,-32768.0,15364.0,-2848.0,-27135.0,2899.0,-13302.0,116605.0
184,-7884.0,-31580.0,16928.0,-2848.0,-25099.0,1288.0,-11989.0,116613.0
185,-8348.0,-30648.0,18824.0,-2848.0,-22850.0,-494.0,-11326.0,116619.0
186,-8480.0,-30488.0,22296.0,-2816.0,-20375.0,-2095.0,-10406.0,116625.0
187,-8360.0,-30668.0,26168.0,-2800.0,-17407.0,-3082.0,-9245.0,116632.0
188,-7596.0,-29552.0,30020.0,-2864.0,-14412.0,-2578.0,-7744.0,116638.0
189,-7580.0,-28184.0,32572.0,-2832.0,-11224.0,-634.0,-5844.0,116644.0
190,-8484.0,-28004.0,32767.0,-2816.0,-7629.0,1670.0,-3873.0,116651.0
191,-9596.0,-27572.0,32767.0,-2832.0,-3621.0,3033.0,-1745.0,116658.0
192,-10448.0,-27340.0,32720.0,-2832.0,331.0,2779.0,329.0,116664.0
193,-9484.0,-26860.0,29400.0,-2832.0,3999.0,1206.0,2565.0,116670.0
194,-8556.0,-26640.0,27156.0,-2848.0,7334.0,-884.0,3907.0,116676.0
195,-7568.0,-24852.0,24948.0,-2816.0,9955.0,-2656.0,4923.0,116682.0
196,-7328.0,-23196.0,23432.0,-2832.0,11880.0,-4115.0,5169.0,116688.0
197,-6704.0,-21324.0,21928.0,-2832.0,13220.0,-5320.0,4962.0,116695.0
198,-7196.0,-20608.0,19768.0,-2848.0,14037.0,-6583.0,5042.0,116701.0
199,-6504.0,-19688.0,16048.0,-2848.0,14526.0,-7874.0,4336.0,116707.0
200,-4436.0,-14772.0,5704.0,-2800.0,13604.0,-9206.0,3711.0,116713.0
201,19696.0,5500.0,-32768.0,-2864.0,1714.0,-9045.0,-1971.0,116719.0
202,32767.0,-9472.0,-32768.0,-2832.0,-9944.0,-11128.0,-21724.0,116725.0
203,32767.0,-32768.0,-32768.0,-2832.0,3567.0,-23532.0,-17879.0,116732.0
204,12804.0,-32768.0,-4456.0,-2848.0,14237.0,-14070.0,8714.0,116739.0
205,-6276.0,-23792.0,15212.0,-2832.0,13826.0,10273.0,11817.0,116745.0
206,-27576.0,-27752.0,30916.0,-2832.0,13523.0,18714.0,9584.0,116752.0
207,-26232.0,-31340.0,31992.0,-2816.0,14287.0,8252.0,3502.0,116758.0
208,-18784.0,-32768.0,12624.0,-2832.0,14686.0,-9212.0,-2820.0,116764.0
209,-6632.0,-28100.0,-5952.0,-2832.0,14293.0,-17443.0,-2507.0,116770.0
210,10284.0,-18996.0,-11172.0,-2864.0,14650.0,-18060.0,193.0,116777.0
211,18880.0,-13088.0,-3832.0,-2848.0,15055.0,-15262.0,1094.0,116784.0
212,16772.0,-10304.0,3016.0,-2832.0,13570.0,-8263.0,564.0,116790.0
213,2984.0,-13120.0,3108.0,-2864.0,11623.0,-1145.0,889.0,116796.0
214,296.0,-13436.0,-1316.0,-2816.0,10488.0,-515.0,748.0,116802.0
215,5348.0,-11264.0,-4784.0,-2864.0,9555.0,-4577.0,-663.0,116808.0
216,10660.0,-11684.0,-4192.0,-2816.0,9341.0,-6694.0,-782.0,116814.0
217,11156.0,-14152.0,-2936.0,-2832.0,9494.0,-3670.0,200.0,116820.0
218,7780.0,-16664.0,-2780.0,-2848.0,9805.0,474.0,914.0,116827.0
219,4180.0,-18692.0,-3152.0,-2832.0,10342.0,2181.0,1198.0,116833.0
220,2808.0,-19244.0,-3136.0,-2832.0,10889.0,1868.0,1141.0,116839.0
221,3180.0,-17968.0,-2660.0,-2848.0,10885.0,1589.0,1238.0,116845.0
222,3956.0,-16204.0,-2212.0,-2848.0,10416.0,2115.0,1236.0,116851.0
223,3832.0,-14500.0,-1956.0,-2832.0,9728.0,2717.0,853.0,116857.0
224,3100.0,-14016.0,-1308.0,-2848.0,9127.0,3089.0,517.0,116864.0
225,2044.0,-14788.0,-1696.0,-2832.0,8772.0,3276.0,108.0,116870.0
226,816.0,-15988.0,-2076.0,-2848.0,8781.0,2966.0,-376.0,116876.0
227,148.0,-17008.0,-1728.0,-2864.0,9098.0,2209.0,-910.0,116881.0
228,172.0,-17900.0,-1604.0,-2832.0,9463.0,1469.0,-1310.0,116887.0
229,1080.0,-18224.0,-1652.0,-2816.0,9663.0,722.0,-1656.0,116893.0
230,2700.0,-17388.0,-1580.0,-2832.0,9650.0,36.0,-1848.0,116899.0
231,4612.0,-16392.0,-1424.0,-2832.0,9382.0,-485.0,-1824.0,116905.0
232,6332.0,-15496.0,-1776.0,-2816.0,9063.0,-654.0,-1579.0,116912.0
233,7404.0,-14672.0,-2088.0,-2832.0,8804.0,-161.0,-1227.0,116918.0
234,7892.0,-13968.0,-1888.0,-2848.0,8471.0,909.0,-943.0,116924.0
235,7788.0,-13244.0,-1752.0,-2816.0,7959.0,1879.0,-629.0,116930.0
236,7428.0,-13564.0,-1212.0,-2864.0,7549.0,2632.0,-237.0,116936.0
237,6692.0,-14440.0,-1068.0,-2848.0,7214.0,3129.0,185.0,116942.0
238,5960.0,-15092.0,-1084.0,-2832.0,6988.0,3445.0,481.0,116948.0
239,5320.0,-15580.0,-764.0,-2848.0,6835.0,3597.0,591.0,116955.0
240,4812.0,-15980.0,-844.0,-2848.0,6702.0,3574.0,682.0,116960.0
241,4736.0,-16252.0,-808.0,-2832.0,6605.0,3449.0,804.0,116966.0
242,4660.0,-16008.0,-900.0,-2864.0,6465.0,3455.0,868.0,116972.0
243,4568.0,-15668.0,-784.0,-2832.0,6285.0,3568.0,898.0,116978.0
244,4404.0,-15484.0,-736.0,-2848.0,6137.0,3654.0,899.0,116984.0
245,4340.0,-15540.0,-664.0,-2816.0,6004.0,3801.0,867.0,116990.0
246,4328.0,-15572.0,-292.0,-2832.0,5896.0,3980.0,864.0,116997.0
247,4496.0,-15844.0,-248.0,-2832.0,5790.0,4134.0,821.0,117003.0
248,4536.0,-16076.0,-236.0,-2848.0,5761.0,4317.0,822.0,117008.0
249,4680.0,-15960.0,-216.0,-2848.0,5692.0,4396.0,844.0,117014.0
250,4832.0,-16020.0,-296.0,-2816.0,5613.0,4561.0,907.0,117020.0
251,4536.0,-16116.0,-636.0,-2832.0,5620.0,4626.0,991.0,117026.0
252,4692.0,-15856.0,-544.0,-2832.0,5615.0,4580.0,1042.0,117032.0
253,4728.0,-15716.0,-472.0,-2816.0,5618.0,4434.0,1112.0,117039.0
254,4848.0,-15584.0,-492.0,-2832.0,5628.0,4277.0,1123.0,117045.0
255,5128.0,-15628.0,-436.0,-2864.0,5628.0,4035.0,1234.0,117051.0
256,5088.0,-15560.0,-420.0,-2848.0,5621.0,3781.0,1319.0,117057.0
257,4720.0,-15384.0,-456.0,-2832.0,5617.0,3591.0,1430.0,117062.0
258,4644.0,-15324.0,-180.0,-2864.0,5569.0,3419.0,1492.0,117068.0
259,4804.0,-15588.0,-104.0,-2848.0,5473.0,3357.0,1594.0,117074.0
260,4276.0,-15760.0,192.0,-2848.0,5451.0,3309.0,1605.0,117081.0
261,4108.0,-15900.0,236.0,-2832.0,5374.0,3215.0,1651.0,117087.0
262,4144.0,-15972.0,124.0,-2896.0,5336.0,3128.0,1697.0,117093.0
263,4264.0,-15992.0,260.0,-2848.0,5310.0,3110.0,1678.0,117099.0
264,4168.0,-15972.0,464.0,-2816.0,5301.0,3115.0,1666.0,117105.0
265,4232.0,-15952.0,836.0,-2864.0,5256.0,3084.0,1683.0,117111.0
266,4184.0,-16052.0,776.0,-2864.0,5243.0,3068.0,1610.0,117116.0
267,4100.0,-15988.0,944.0,-2832.0,5195.0,3022.0,1584.0,117123.0
268,3788.0,-15836.0,1000.0,-2848.0,5127.0,2971.0,1591.0,117129.0
269,3804.0,-16052.0,1192.0,-2832.0,5065.0,2871.0,1564.0,117135.0
270,3684.0,-16088.0,1380.0,-2848.0,5012.0,2736.0,1566.0,117141.0
271,3892.0,-16044.0,1432.0,-2864.0,4953.0,2638.0,1521.0,117147.0
272,4052.0,-16076.0,1504.0,-2832.0,4874.0,2525.0,1527.0,117153.0
273,4128.0,-16012.0,1580.0,-2848.0,4814.0,2511.0,1560.0,117159.0
274,4232.0,-16120.0,1640.0,-2832.0,4771.0,2545.0,1577.0,117166.0
275,4328.0,-16052.0,1564.0,-2880.0,4777.0,2575.0,1561.0,117172.0
276,4108.0,-16084.0,1460.0,-2832.0,4781.0,2652.0,1620.0,117178.0
277,3772.0,-16136.0,1512.0,-2848.0,4823.0,2722.0,1593.0,117184.0
278,3536.0,-16292.0,1536.0,-2864.0,4872.0,2733.0,1590.0,117190.0
279,3508.0,-16584.0,1728.0,-2848.0,4948.0,2723.0,1579.0,117196.0
280,3836.0,-16804.0,1540.0,-2832.0,5044.0,2740.0,1495.0,117201.0
281,4384.0,-16584.0,1448.0,-2848.0,5166.0,2656.0,1375.0,117208.0
282,4404.0,-16644.0,1356.0,-2832.0,5273.0,2690.0,1512.0,117214.0
283,5128.0,-16784.0,1308.0,-2848.0,5415.0,2982.0,1243.0,117220.0
284,4856.0,-17524.0,812.0,-2848.0,5745.0,3042.0,2026.0,117226.0
285,5576.0,-15424.0,1652.0,-2864.0,5767.0,3806.0,1698.0,117232.0
286,3952.0,-16692.0,1508.0,-2832.0,5971.0,4030.0,1819.0,117238.0
287,3920.0,-16928.0,1664.0,-2864.0,6196.0,3677.0,1849.0,117244.0
288,4164.0,-16988.0,1844.0,-2848.0,6423.0,3478.0,1957.0,117251.0
289,5148.0,-17148.0,1900.0,-2848.0,6633.0,3373.0,1942.0,117257.0
290,4852.0,-17296.0,1860.0,-2864.0,6839.0,3441.0,1978.0,117263.0
291,4396.0,-17400.0,2028.0,-2848.0,7063.0,3485.0,2141.0,117269.0
292,4196.0,-17540.0,2152.0,-2864.0,7259.0,3568.0,2491.0,117275.0
293,3704.0,-17576.0,2428.0,-2848.0,7510.0,3705.0,2688.0,117281.0
294,3184.0,-17652.0,2644.0,-2832.0,7749.0,3664.0,2934.0,117286.0
295,2936.0,-17832.0,2648.0,-2848.0,7988.0,3568.0,3089.0,117293.0
296,2708.0,-18008.0,2672.0,-2832.0,8209.0,3306.0,3231.0,117299.0
297,2636.0,-18312.0,2852.0,-2816.0,8481.0,3049.0,3411.0,117305.0
298,2368.0,-18576.0,2684.0,-2832.0,8759.0,2810.0,3655.0,117311.0
299,2092.0,-18988.0,2980.0,-2848.0,9033.0,2553.0,3879.0,117317.0
300,1704.0,-19440.0,2916.0,-2832.0,9342.0,2359.0,4189.0,117323.0
301,1476.0,-19416.0,3092.0,-2832.0,9669.0,2157.0,4410.0,117329.0
302,1240.0,-19736.0,3124.0,-2848.0,9994.0,1881.0,4675.0,117336.0
303,1204.0,-19856.0,3160.0,-2832.0,10376.0,1590.0,4922.0,117342.0
304,1448.0,-20128.0,3172.0,-2832.0,10736.0,1386.0,5182.0,117348.0
305,2180.0,-20176.0,3084.0,-2848.0,11123.0,1223.0,5440.0,117354.0
306,2968.0,-20476.0,3092.0,-2864.0,11513.0,1186.0,5724.0,117360.0
307,3772.0,-20736.0,3148.0,-2832.0,11945.0,1290.0,5959.0,117366.0
308,4856.0,-20868.0,3500.0,-2848.0,12359.0,1478.0,6120.0,117372.0
309,5836.0,-21196.0,2840.0,-2864.0,12771.0,1920.0,6362.0,117379.0
310,6824.0,-21404.0,2368.0,-2864.0,13270.0,2556.0,6556.0,117385.0
311,7232.0,-21716.0,2564.0,-2848.0,13587.0,3167.0,6744.0,117391.0
312,7656.0,-22216.0,2872.0,-2832.0,14095.0,3929.0,6974.0,117397.0
313,7152.0,-23312.0,2892.0,-2832.0,14537.0,4908.0,7289.0,117403.0
314,4992.0,-24248.0,3668.0,-2880.0,14783.0,5826.0,8113.0,117409.0
315,4172.0,-26472.0,4436.0,-2864.0,14986.0,5538.0,8876.0,117415.0
316,5568.0,-27236.0,3392.0,-2864.0,15358.0,5457.0,9338.0,117422.0
317,7452.0,-26356.0,2536.0,-2832.0,15947.0,5879.0,9195.0,117428.0
318,8088.0,-26228.0,3056.0,-2848.0,16669.0,6567.0,9251.0,117434.0
319,8068.0,-26892.0,2292.0,-2832.0,17185.0,8096.0,9475.0,117440.0
320,7968.0,-28124.0,976.0,-2832.0,17841.0,9582.0,9367.0,117446.0
321,7168.0,-28520.0,-300.0,-2864.0,18346.0,16.0,-197.0,119603.0
322,5532.0,-15484.0,-636.0,-2896.0,5601.0,2420.0,47.0,119609.0
323,5532.0,-15484.0,-636.0,-2896.0,5601.0,2420.0,47.0,119609.0
324,5876.0,-15140.0,-740.0,-2864.0,5352.0,2229.0,357.0,119614.0
325,5996.0,-15316.0,-592.0,-2832.0,5114.0,2284.0,609.0,119620.0
326,5920.0,-15620.0,-540.0,-2848.0,4968.0,2689.0,856.0,119626.0
327,5792.0,-15616.0,-548.0,-2848.0,4832.0,3152.0,1023.0,119632.0
328,5356.0,-15688.0,-416.0,-2832.0,4657.0,3565.0,1158.0,119639.0
329,5168.0,-15764.0,-456.0,-2880.0,4490.0,3749.0,1288.0,119645.0
330,5108.0,-15928.0,-656.0,-2864.0,4400.0,3867.0,1332.0,119651.0
331,5244.0,-16072.0,-556.0,-2880.0,4386.0,3999.0,1414.0,119657.0
332,5472.0,-16184.0,-832.0,-2880.0,4424.0,4087.0,1496.0,119663.0
333,5424.0,-16028.0,-728.0,-2864.0,4491.0,4191.0,1628.0,119669.0
334,5196.0,-15912.0,-700.0,-2848.0,4556.0,4255.0,1766.0,119675.0
335,4924.0,-15788.0,-612.0,-2864.0,4610.0,4242.0,1835.0,119681.0
336,4708.0,-16024.0,-272.0,-2864.0,4682.0,4106.0,1878.0,119687.0
337,4600.0,-16040.0,-660.0,-2880.0,4835.0,3848.0,1905.0,119693.0
338,4424.0,-15912.0,-144.0,-2864.0,4922.0,3477.0,1916.0,119699.0
339,4200.0,-15684.0,68.0,-2848.0,4952.0,3139.0,1927.0,119705.0
340,4172.0,-15792.0,436.0,-2848.0,4983.0,2861.0,1931.0,119711.0
341,4324.0,-15872.0,436.0,-2864.0,4997.0,2738.0,1878.0,119717.0
342,4576.0,-15756.0,468.0,-2848.0,5032.0,2594.0,1857.0,119724.0
343,4620.0,-15700.0,604.0,-2880.0,4976.0,2488.0,1874.0,119730.0
344,4712.0,-15668.0,652.0,-2896.0,4909.0,2445.0,1905.0,119736.0
345,4532.0,-15752.0,776.0,-2864.0,4892.0,2522.0,1915.0,119741.0
346,4308.0,-15780.0,1032.0,-2880.0,4814.0,2669.0,1908.0,119747.0
347,4184.0,-15988.0,1048.0,-2848.0,4831.0,2735.0,1899.0,119753.0
348,4104.0,-16004.0,1172.0,-2864.0,4782.0,2782.0,1838.0,119759.0
349,4096.0,-15976.0,1260.0,-2880.0,4763.0,2907.0,1834.0,119766.0
350,3776.0,-16212.0,1240.0,-2864.0,4812.0,3020.0,1800.0,119772.0
351,3500.0,-16084.0,1368.0,-2848.0,4829.0,2992.0,1723.0,119778.0
352,3360.0,-16152.0,1504.0,-2832.0,4807.0,2741.0,1597.0,119784.0
353,3524.0,-16184.0,1748.0,-2848.0,4743.0,2477.0,1508.0,119790.0
354,3668.0,-16316.0,1600.0,-2864.0,4715.0,2324.0,1457.0,119796.0
355,3928.0,-16156.0,1640.0,-2848.0,4716.0,2099.0,1497.0,119802.0
356,4244.0,-16016.0,1636.0,-2832.0,4693.0,2087.0,1489.0,119809.0
357,4580.0,-15956.0,1704.0,-2832.0,4678.0,2109.0,1475.0,119815.0
358,4480.0,-15720.0,1660.0,-2880.0,4680.0,2184.0,1508.0,119821.0
359,4352.0,-15920.0,1796.0,-2864.0,4702.0,2358.0,1492.0,119827.0
360,3908.0,-15904.0,1900.0,-2880.0,4718.0,2496.0,1523.0,119832.0
361,3736.0,-16124.0,1788.0,-2864.0,4771.0,2576.0,1522.0,119838.0
362,3732.0,-16440.0,1876.0,-2912.0,4871.0,2556.0,1506.0,119844.0
363,3764.0,-16392.0,1924.0,-2832.0,4966.0,2568.0,1439.0,119851.0
364,3700.0,-16668.0,1996.0,-2848.0,5054.0,2605.0,1399.0,119857.0
365,3968.0,-16872.0,2008.0,-2864.0,5174.0,2669.0,1379.0,119863.0
366,4240.0,-16908.0,1740.0,-2896.0,5337.0,2785.0,1442.0,119869.0
367,4140.0,-16808.0,1652.0,-2880.0,5491.0,2945.0,1466.0,119875.0
368,4144.0,-17100.0,1916.0,-2864.0,5700.0,2975.0,1849.0,119881.0
369,5736.0,-16352.0,2108.0,-2848.0,5927.0,3236.0,2103.0,119887.0
370,4288.0,-17152.0,1720.0,-2864.0,6152.0,3676.0,1907.0,119894.0
371,4324.0,-17268.0,1788.0,-2880.0,6430.0,3445.0,2308.0,119900.0
372,4548.0,-17300.0,1972.0,-2864.0,6683.0,3362.0,2700.0,119906.0
373,4904.0,-17300.0,1976.0,-2848.0,6921.0,3310.0,2856.0,119912.0
374,4720.0,-17388.0,2192.0,-2864.0,7168.0,3336.0,3031.0,119918.0
375,4356.0,-17568.0,2256.0,-2896.0,7440.0,3346.0,3242.0,119924.0
376,3652.0,-17656.0,2404.0,-2864.0,7720.0,3316.0,3353.0,119929.0
377,3264.0,-17668.0,2288.0,-2864.0,7975.0,3153.0,3622.0,119936.0
378,3032.0,-17824.0,2804.0,-2880.0,8244.0,2929.0,3910.0,119942.0
379,3048.0,-18168.0,2832.0,-2896.0,8544.0,2742.0,4104.0,119948.0
380,2992.0,-18356.0,2896.0,-2880.0,8797.0,2501.0,4268.0,119954.0
381,3108.0,-18596.0,3240.0,-2864.0,9046.0,2312.0,4474.0,119960.0
382,3552.0,-19048.0,3436.0,-2848.0,9292.0,2212.0,4702.0,119966.0
383,3452.0,-19176.0,3340.0,-2864.0,9523.0,2257.0,4904.0,119972.0
384,3268.0,-19328.0,3240.0,-2864.0,9748.0,2411.0,5129.0,119979.0
385,3244.0,-19584.0,3412.0,-2864.0,9999.0,2540.0,5337.0,119985.0
386,3316.0,-19684.0,3468.0,-2880.0,10256.0,2679.0,5595.0,119991.0
387,3760.0,-19980.0,3404.0,-2864.0,10534.0,2875.0,5852.0,119997.0
388,4208.0,-20228.0,3284.0,-2880.0,10864.0,3199.0,6130.0,120003.0
389,4628.0,-20484.0,2904.0,-2880.0,11235.0,3570.0,6403.0,120009.0
390,4768.0,-20928.0,2796.0,-2864.0,11581.0,3944.0,6645.0,120015.0
391,3944.0,-21612.0,3492.0,-2832.0,11946.0,4332.0,7204.0,120022.0
392,3296.0,-23232.0,4808.0,-2848.0,12184.0,4189.0,8022.0,120028.0
393,4168.0,-25180.0,4004.0,-2864.0,12459.0,3515.0,8547.0,120034.0
394,6300.0,-25900.0,2332.0,-2896.0,12940.0,3399.0,8726.0,120040.0
395,7636.0,-25108.0,1396.0,-2880.0,13525.0,3778.0,8713.0,120046.0
396,7940.0,-24556.0,1656.0,-2864.0,14045.0,4625.0,9008.0,120052.0
397,7048.0,-25212.0,1892.0,-2864.0,14577.0,5794.0,9332.0,120058.0
398,5952.0,-26124.0,1796.0,-2880.0,15218.0,6604.0,9775.0,120065.0
399,4816.0,-27124.0,2536.0,-2864.0,15991.0,6935.0,10124.0,120071.0
400,4076.0,-28244.0,3396.0,-2896.0,16793.0,6759.0,10444.0,120077.0
401,4516.0,-29320.0,2420.0,-2896.0,17432.0,6632.0,10474.0,120083.0
402,6696.0,-29944.0,1260.0,-2864.0,18053.0,6294.0,10012.0,120089.0
403,9060.0,-30176.0,-324.0,-2880.0,18368.0,6820.0,9609.0,120095.0
404,10716.0,-31892.0,-4188.0,-2864.0,18759.0,8391.0,9338.0,120101.0
405,10796.0,-32768.0,-8200.0,-2896.0,19094.0,9986.0,9594.0,120108.0
406,10256.0,-31492.0,-11972.0,-2832.0,19102.0,10993.0,9934.0,120114.0
407,8916.0,-29012.0,-14484.0,-2880.0,18891.0,11271.0,10319.0,120120.0
408,7356.0,-26652.0,-15248.0,-2864.0,18386.0,11313.0,10656.0,120126.0
409,5196.0,-24372.0,-14972.0,-2864.0,17666.0,10249.0,10797.0,120132.0
410,3012.0,-21464.0,-14628.0,-2848.0,16569.0,8574.0,10827.0,120139.0
411,2496.0,-18928.0,-13644.0,-2864.0,15145.0,6718.0,10604.0,120145.0
412,2088.0,-16152.0,-12256.0,-2896.0,13538.0,5176.0,10535.0,120152.0
413,2224.0,-14136.0,-6020.0,-2864.0,12319.0,3253.0,10265.0,120158.0
414,2516.0,-13748.0,1416.0,-2880.0,11738.0,1461.0,10164.0,120164.0
415,3100.0,-14880.0,7188.0,-2864.0,11474.0,225.0,10069.0,120170.0
416,3480.0,-16988.0,9528.0,-2864.0,10999.0,-355.0,9581.0,120176.0
417,2544.0,-19540.0,10000.0,-2912.0,10604.0,-1148.0,8547.0,120182.0
418,1484.0,-21592.0,10556.0,-2848.0,10972.0,-2301.0,7604.0,120188.0
419,1060.0,-22228.0,10460.0,-2848.0,11703.0,-3674.0,6938.0,120195.0
420,840.0,-19204.0,4732.0,-2848.0,11676.0,-5420.0,6326.0,120201.0
421,3148.0,-16872.0,4556.0,-2864.0,11963.0,-6429.0,5476.0,120207.0
422,6608.0,-10732.0,12.0,-2880.0,11386.0,-5291.0,5023.0,120213.0
423,7252.0,-5896.0,-3148.0,-2864.0,9073.0,-2472.0,4861.0,120219.0
424,6304.0,-4860.0,-4600.0,-2880.0,6165.0,920.0,4727.0,120225.0
425,5608.0,-4880.0,-6180.0,-2880.0,3875.0,3095.0,4367.0,120231.0
426,5680.0,-4156.0,-7916.0,-2864.0,1861.0,4350.0,3950.0,120238.0
427,5576.0,-3444.0,-9064.0,-2896.0,57.0,5240.0,3322.0,120244.0
428,4432.0,-3036.0,-8496.0,-2864.0,-1463.0,5854.0,2814.0,120249.0
429,2948.0,-2872.0,-7384.0,-2848.0,-2775.0,6278.0,2770.0,120255.0
430,1652.0,-2632.0,-6580.0,-2880.0,-4034.0,6280.0,2842.0,120261.0
431,736.0,-2572.0,-5972.0,-2864.0,-5370.0,5860.0,2610.0,120267.0
432,-16.0,-2772.0,-5508.0,-2864.0,-6781.0,5105.0,1976.0,120273.0
433,-408.0,-2888.0,-5316.0,-2880.0,-8239.0,3801.0,1018.0,120280.0
434,-892.0,-2884.0,-4880.0,-2880.0,-9746.0,1828.0,-123.0,120286.0
435,-952.0,-2844.0,-4284.0,-2848.0,-11253.0,-418.0,-1136.0,120292.0
436,-756.0,-3044.0,-3884.0,-2864.0,-12714.0,-2428.0,-2107.0,120298.0
437,44.0,-3272.0,-3476.0,-2880.0,-14166.0,-3832.0,-3052.0,120303.0
438,980.0,-3428.0,-3264.0,-2896.0,-15726.0,-4496.0,-3842.0,120309.0
439,2036.0,-3524.0,-3224.0,-2880.0,-17395.0,-4630.0,-4688.0,120315.0
440,3104.0,-3940.0,-3760.0,-2864.0,-19150.0,-4478.0,-5486.0,120322.0
441,4048.0,-4520.0,-3980.0,-2880.0,-20845.0,-4064.0,-6194.0,120328.0
442,4368.0,-5528.0,-4068.0,-2880.0,-22359.0,-3596.0,-6782.0,120334.0
443,4392.0,-6396.0,-3756.0,-2864.0,-23623.0,-3056.0,-7204.0,120340.0
444,3968.0,-7108.0,-3488.0,-2880.0,-24768.0,-2406.0,-7571.0,120346.0
445,3140.0,-8032.0,-3752.0,-2880.0,-25706.0,-2197.0,-8059.0,120352.0
446,2564.0,-8740.0,-3464.0,-2864.0,-26625.0,-2283.0,-8526.0,120358.0
447,2408.0,-9532.0,-2756.0,-2896.0,-27488.0,-2570.0,-9048.0,120365.0
448,2572.0,-10476.0,-2440.0,-2880.0,-28467.0,-2903.0,-9574.0,120371.0
449,3324.0,-11800.0,-2316.0,-2864.0,-29392.0,-3068.0,-10070.0,120377.0
450,4472.0,-13520.0,-1916.0,-2880.0,-30280.0,-2761.0,-10487.0,120383.0
451,5120.0,-14984.0,-1592.0,-2880.0,-30957.0,-2153.0,-10790.0,120389.0
452,5564.0,-16048.0,-904.0,-2880.0,-31479.0,-1222.0,-11019.0,120396.0
453,4884.0,-17368.0,-176.0,-2880.0,-31910.0,-273.0,-11283.0,120402.0
454,3756.0,-18412.0,624.0,-2864.0,-32274.0,205.0,-11523.0,120409.0
455,3884.0,-19240.0,1112.0,-2832.0,-32560.0,1058.0,-11865.0,120415.0
456,2456.0,-19624.0,1820.0,-2864.0,-32768.0,1508.0,-12384.0,120421.0
457,1164.0,-20180.0,1964.0,-2896.0,-32768.0,1402.0,-12765.0,120427.0
458,808.0,-21440.0,2148.0,-2864.0,-32768.0,881.0,-13362.0,120433.0
459,812.0,-22516.0,2120.0,-2880.0,-32768.0,224.0,-13991.0,120439.0
460,1144.0,-23620.0,2360.0,-2880.0,-32768.0,-497.0,-14527.0,120445.0
461,1424.0,-24508.0,2484.0,-2864.0,-32768.0,-1117.0,-14913.0,120452.0
462,1640.0,-25420.0,2948.0,-2880.0,-32768.0,-1728.0,-15300.0,120458.0
463,1732.0,-26032.0,2964.0,-2896.0,-32768.0,-2270.0,-15598.0,120464.0
464,1692.0,-26512.0,3248.0,-2848.0,-32768.0,-2759.0,-15947.0,120470.0
465,1068.0,-27228.0,3680.0,-2880.0,-32582.0,-3331.0,-16277.0,120477.0
466,476.0,-27544.0,4092.0,-2864.0,-32285.0,-4043.0,-16610.0,120483.0
467,-392.0,-28048.0,4760.0,-2864.0,-31951.0,-5039.0,-16871.0,120489.0
468,-1584.0,-28528.0,5752.0,-2896.0,-31512.0,-6253.0,-17085.0,120496.0
469,-2164.0,-28732.0,6292.0,-2864.0,-30971.0,-7612.0,-17219.0,120503.0
470,-2068.0,-28612.0,6792.0,-2896.0,-30461.0,-8849.0,-17171.0,120509.0
471,-1016.0,-28492.0,6952.0,-2928.0,-30063.0,-9429.0,-16822.0,120515.0
472,368.0,-28600.0,7396.0,-2864.0,-29579.0,-9197.0,-15925.0,120521.0
473,1288.0,-28900.0,7900.0,-2864.0,-28909.0,-8437.0,-14806.0,120528.0
474,1824.0,-29316.0,9432.0,-2832.0,-27943.0,-7363.0,-13622.0,120535.0
475,2312.0,-29272.0,10924.0,-2880.0,-26868.0,-6393.0,-12614.0,120541.0
476,2988.0,-29096.0,12672.0,-2880.0,-25592.0,-5631.0,-11663.0,120547.0
477,3668.0,-29100.0,14340.0,-2912.0,-24039.0,-4831.0,-10859.0,120554.0
478,4696.0,-28868.0,16508.0,-2848.0,-22293.0,-3729.0,-10218.0,120560.0
479,5744.0,-27612.0,17944.0,-2912.0,-20800.0,-2193.0,-9892.0,120566.0
480,5736.0,-29836.0,18376.0,-2896.0,-18105.0,-703.0,-11678.0,120573.0
481,4256.0,-27584.0,20804.0,-2880.0,-16904.0,1111.0,-5814.0,120580.0
482,6436.0,-27432.0,21488.0,-2864.0,-14670.0,4248.0,-7716.0,120586.0
483,-1120.0,-26628.0,23148.0,-2864.0,-12499.0,6969.0,-8813.0,120592.0
484,-6884.0,-25544.0,25268.0,-2864.0,-10166.0,8219.0,-7533.0,120598.0
485,-9880.0,-24892.0,26760.0,-2880.0,-7289.0,7774.0,-5248.0,120605.0
486,-12384.0,-23968.0,26896.0,-2864.0,-4296.0,6694.0,-2733.0,120611.0
487,-13256.0,-23752.0,26580.0,-2880.0,-1182.0,5441.0,-333.0,120617.0
488,-13296.0,-24164.0,26460.0,-2896.0,1906.0,3937.0,1427.0,120624.0
489,-13256.0,-24100.0,25240.0,-2896.0,4792.0,2109.0,2529.0,120630.0
490,-12224.0,-23352.0,23588.0,-2864.0,7271.0,14.0,3025.0,120636.0
491,-10920.0,-21968.0,21168.0,-2880.0,9226.0,-2180.0,3354.0,120642.0
492,-9320.0,-18960.0,15600.0,-2880.0,10067.0,-4904.0,3475.0,120648.0
493,-1360.0,-11592.0,-3800.0,-2880.0,8197.0,-8435.0,1699.0,120654.0
494,18732.0,-8364.0,-32768.0,-2848.0,-34.0,-10604.0,-6260.0,120660.0
495,26580.0,-26700.0,-32768.0,-2896.0,-3602.0,-12462.0,-12413.0,120668.0
496,13556.0,-32768.0,-17956.0,-2880.0,6184.0,-15568.0,-3348.0,120674.0
497,2200.0,-32768.0,1944.0,-2880.0,13417.0,-5898.0,6792.0,120680.0
498,-8924.0,-32768.0,20688.0,-2864.0,15250.0,5171.0,6815.0,120686.0
499,-11708.0,-32136.0,26460.0,-2912.0,15559.0,1836.0,1136.0,120692.0
500,-10588.0,-32768.0,19096.0,-2880.0,16115.0,-9739.0,-1074.0,120699.0
501,-7192.0,-28340.0,-144.0,-2880.0,16143.0,-14345.0,684.0,120706.0
502,496.0,-19496.0,-9672.0,-2848.0,15560.0,-12826.0,2085.0,120712.0
503,9468.0,-13628.0,-9012.0,-2880.0,15533.0,-11935.0,1820.0,120718.0
504,13836.0,-9708.0,-3168.0,-2848.0,15067.0,-9924.0,228.0,120724.0
505,10552.0,-8336.0,1324.0,-2896.0,13378.0,-5859.0,762.0,120730.0
506,7812.0,-10344.0,1916.0,-2896.0,11531.0,-2288.0,2244.0,120736.0
507,8524.0,-12848.0,-1112.0,-2880.0,10684.0,-1773.0,2124.0,120742.0
508,10084.0,-14072.0,-2628.0,-2880.0,10513.0,-2787.0,1182.0,120749.0
509,10160.0,-14600.0,-3340.0,-2880.0,10559.0,-1557.0,1517.0,120755.0
510,8676.0,-14620.0,-3196.0,-2912.0,10438.0,1383.0,2158.0,120761.0
511,6120.0,-16136.0,-2764.0,-2880.0,10437.0,3840.0,2219.0,120767.0
512,2612.0,-17292.0,-1808.0,-2880.0,10470.0,5041.0,2221.0,120773.0
513,-84.0,-16948.0,-896.0,-2864.0,10027.0,5279.0,1974.0,120779.0
514,-1048.0,-16336.0,-1136.0,-2880.0,9248.0,4744.0,1391.0,120785.0
515,-296.0,-16088.0,-2188.0,-2896.0,8700.0,3806.0,648.0,120792.0
516,1244.0,-16192.0,-3024.0,-2896.0,8648.0,2717.0,-181.0,120798.0
517,2568.0,-16080.0,-2524.0,-2880.0,8892.0,1801.0,-661.0,120804.0
518,2968.0,-15080.0,-2120.0,-2896.0,8858.0,1556.0,-798.0,120810.0
519,2520.0,-14632.0,-1376.0,-2880.0,8544.0,1804.0,-1129.0,120816.0
520,1928.0,-15256.0,-1084.0,-2864.0,8327.0,2049.0,-1541.0,120822.0
521,2204.0,-16008.0,-908.0,-2880.0,8247.0,1793.0,-1883.0,120828.0
522,3208.0,-16244.0,-832.0,-2864.0,8182.0,1257.0,-2026.0,120835.0
523,4156.0,-16216.0,-848.0,-2848.0,8080.0,871.0,-1975.0,120841.0
524,4848.0,-16212.0,-1248.0,-2864.0,7966.0,960.0,-1929.0,120847.0
525,5352.0,-15968.0,-1532.0,-2864.0,7876.0,1323.0,-1888.0,120852.0
526,5672.0,-15728.0,-1612.0,-2896.0,7781.0,1991.0,-1668.0,120858.0
527,5844.0,-15320.0,-1896.0,-2912.0,7646.0,2789.0,-1455.0,120864.0
528,5624.0,-15028.0,-1788.0,-2864.0,7491.0,3262.0,-1239.0,120870.0
529,5180.0,-14584.0,-1676.0,-2880.0,7268.0,3314.0,-1101.0,120877.0
530,4492.0,-14748.0,-1284.0,-2880.0,6954.0,2766.0,-1062.0,120883.0
531,4268.0,-14896.0,-1176.0,-2896.0,6604.0,1929.0,-919.0,120889.0
532,4720.0,-15232.0,-1024.0,-2864.0,6285.0,1184.0,-679.0,120895.0
533,5696.0,-15316.0,-888.0,-2880.0,6021.0,797.0,-474.0,120901.0
534,6276.0,-15392.0,-444.0,-2896.0,5694.0,664.0,-163.0,120907.0
535,6512.0,-15412.0,-452.0,-2864.0,5374.0,877.0,219.0,120913.0
536,6528.0,-15140.0,-136.0,-2864.0,5017.0,1359.0,587.0,120920.0
537,6308.0,-14988.0,0.0,-2864.0,4617.0,1954.0,828.0,120926.0
538,5660.0,-15132.0,128.0,-2880.0,4280.0,2438.0,1031.0,120931.0
539,5060.0,-15360.0,144.0,-2864.0,3977.0,2710.0,1182.0,120937.0
540,4560.0,-15584.0,224.0,-2880.0,3703.0,2870.0,1225.0,120943.0
541,4276.0,-15716.0,256.0,-2880.0,3468.0,2874.0,1239.0,120949.0
542,4312.0,-15960.0,200.0,-2896.0,3251.0,2800.0,1233.0,120955.0
543,4308.0,-16004.0,176.0,-2912.0,3107.0,2723.0,1240.0,120962.0
544,4276.0,-15896.0,-68.0,-2848.0,3032.0,2565.0,1209.0,120968.0
545,4088.0,-15836.0,-52.0,-2864.0,2936.0,2410.0,1144.0,120974.0
546,4128.0,-15852.0,-60.0,-2864.0,2910.0,2260.0,1108.0,120980.0
547,4336.0,-15848.0,-76.0,-2880.0,2897.0,2128.0,1094.0,120985.0
548,4492.0,-15848.0,-352.0,-2912.0,2906.0,2045.0,1103.0,120991.0
549,4604.0,-16104.0,-308.0,-2864.0,2975.0,2026.0,1097.0,120997.0
550,4580.0,-16116.0,-624.0,-2896.0,3121.0,2003.0,1113.0,121004.0
551,4500.0,-16304.0,-624.0,-2880.0,3275.0,1917.0,1140.0,121010.0
552,4436.0,-16108.0,-492.0,-2896.0,3410.0,1884.0,1135.0,121016.0
553,4256.0,-16120.0,-388.0,-2896.0,3560.0,1776.0,1160.0,121022.0
554,4320.0,-15964.0,-352.0,-2880.0,3657.0,1645.0,1193.0,121028.0
555,4404.0,-15960.0,-136.0,-2896.0,3758.0,1440.0,1230.0,121034.0
556,4432.0,-15664.0,-20.0,-2864.0,3871.0,1268.0,1236.0,121040.0
557,4652.0,-15620.0,-80.0,-2912.0,3934.0,1110.0,1285.0,121046.0
558,4412.0,-15560.0,172.0,-2912.0,4049.0,1013.0,1362.0,121052.0
559,5160.0,-15752.0,168.0,-2880.0,4097.0,1032.0,1356.0,121058.0
560,4740.0,-15580.0,380.0,-2896.0,4127.0,1129.0,1496.0,121064.0
561,4524.0,-15864.0,352.0,-2864.0,4164.0,1177.0,1530.0,121070.0
562,4284.0,-15904.0,664.0,-2880.0,4201.0,1188.0,1607.0,121076.0
563,4200.0,-15820.0,636.0,-2848.0,4218.0,1109.0,1648.0,121082.0
564,4340.0,-15936.0,940.0,-2880.0,4207.0,1009.0,1664.0,121088.0
565,4256.0,-16080.0,540.0,-2896.0,4266.0,940.0,1672.0,121094.0
566,4148.0,-16100.0,756.0,-2864.0,4251.0,795.0,1721.0,121100.0
567,4140.0,-16112.0,1108.0,-2864.0,4217.0,712.0,1734.0,121106.0
568,4068.0,-16152.0,1104.0,-2896.0,4173.0,710.0,1789.0,121112.0
569,4024.0,-15944.0,1256.0,-2864.0,4108.0,693.0,1754.0,121118.0
570,4012.0,-16016.0,1096.0,-2912.0,4133.0,864.0,1733.0,121124.0
571,4004.0,-15872.0,1236.0,-2896.0,4116.0,940.0,1667.0,121131.0
572,3960.0,-15856.0,1344.0,-2896.0,4100.0,997.0,1616.0,121136.0
573,3896.0,-15948.0,1216.0,-2880.0,4117.0,1121.0,1570.0,121142.0
574,3880.0,-16056.0,1260.0,-2912.0,4158.0,1187.0,1510.0,121148.0
575,4108.0,-16304.0,1272.0,-2864.0,4182.0,1244.0,1477.0,121154.0
576,4376.0,-16572.0,1128.0,-2880.0,4266.0,1323.0,1495.0,121160.0
577,4596.0,-16408.0,968.0,-2864.0,4366.0,1526.0,1559.0,121166.0
578,4736.0,-16460.0,1032.0,-2896.0,4469.0,1755.0,1644.0,121172.0
579,4856.0,-16548.0,1136.0,-2880.0,4635.0,1991.0,1716.0,121179.0
580,4784.0,-16436.0,704.0,-2896.0,4813.0,2146.0,1880.0,121185.0
581,4832.0,-16448.0,676.0,-2864.0,5036.0,2211.0,1989.0,121191.0
582,4740.0,-16372.0,944.0,-2880.0,5230.0,2199.0,2120.0,121197.0
583,4876.0,-16492.0,924.0,-2864.0,5429.0,2181.0,2240.0,121202.0
584,4780.0,-16392.0,1032.0,-2864.0,5633.0,2151.0,2413.0,121208.0
585,4632.0,-16316.0,1360.0,-2880.0,5795.0,2115.0,2479.0,121214.0
586,4772.0,-16792.0,1640.0,-2864.0,6006.0,2192.0,3112.0,121221.0
587,5276.0,-16596.0,1612.0,-2880.0,6238.0,2626.0,2581.0,121227.0
588,3376.0,-16456.0,1632.0,-2864.0,6317.0,2588.0,3018.0,121233.0
589,3976.0,-17120.0,1752.0,-2864.0,6515.0,2383.0,3235.0,121239.0
590,3788.0,-16916.0,2028.0,-2880.0,6706.0,2233.0,3553.0,121245.0
591,3824.0,-16812.0,2176.0,-2896.0,6840.0,2235.0,3441.0,121251.0
592,3424.0,-16956.0,2208.0,-2880.0,6987.0,2119.0,3488.0,121257.0
593,3680.0,-17312.0,2300.0,-2896.0,7167.0,1967.0,3607.0,121264.0
594,5124.0,-18280.0,3556.0,-2880.0,7507.0,1905.0,3543.0,121270.0
595,4104.0,-16436.0,1900.0,-2864.0,7427.0,1835.0,3842.0,121276.0
596,4252.0,-16964.0,2396.0,-2880.0,7567.0,2087.0,4097.0,121282.0
597,2972.0,-16940.0,3280.0,-2896.0,7687.0,2313.0,4309.0,121287.0
598,5052.0,-17124.0,2940.0,-2880.0,7891.0,2360.0,4596.0,121293.0
599,3716.0,-17420.0,2872.0,-2864.0,8016.0,2738.0,4687.0,121299.0
600,4188.0,-17900.0,2896.0,-2864.0,8238.0,2739.0,4816.0,121306.0
601,4240.0,-18056.0,2860.0,-2848.0,8425.0,2790.0,4906.0,121312.0
602,4628.0,-18476.0,2944.0,-2896.0,8637.0,2874.0,4955.0,121318.0
603,4688.0,-19092.0,2924.0,-2880.0,8888.0,3101.0,5098.0,121324.0
604,3828.0,-20084.0,3216.0,-2864.0,9060.0,3515.0,5519.0,121330.0
605,2732.0,-21620.0,4040.0,-2912.0,9145.0,3716.0,6106.0,121336.0
606,2772.0,-22928.0,4328.0,-2864.0,9348.0,3219.0,6495.0,121342.0
607,3860.0,-23132.0,3164.0,-2880.0,9594.0,2991.0,6642.0,121349.0
608,4708.0,-22824.0,1932.0,-2896.0,9918.0,3243.0,6558.0,121355.0
609,4720.0,-22608.0,1904.0,-2896.0,10285.0,3815.0,6661.0,121361.0
610,3424.0,-23152.0,2688.0,-2864.0,10649.0,4533.0,6982.0,121367.0
611,1628.0,-23620.0,3040.0,-2880.0,11009.0,5133.0,7512.0,121373.0
612,-420.0,-24136.0,3072.0,-2864.0,11414.0,5150.0,8096.0,121379.0
613,-1464.0,-24712.0,3028.0,-2864.0,11870.0,4626.0,8629.0,121385.0
614,-1656.0,-25020.0,2588.0,-2880.0,12361.0,3830.0,8997.0,121392.0
615,-532.0,-25260.0,2068.0,-2896.0,12894.0,3088.0,9158.0,121398.0
616,1372.0,-25792.0,1048.0,-2864.0,13579.0,2492.0,9101.0,121404.0
617,2964.0,-25628.0,720.0,-2880.0,14069.0,2284.0,8925.0,121410.0
618,4260.0,-25736.0,1320.0,-2864.0,14647.0,2519.0,8716.0,121416.0
619,4984.0,-25972.0,1164.0,-2880.0,15016.0,3262.0,8642.0,121422.0
620,5464.0,-26864.0,776.0,-2880.0,15543.0,4362.0,8625.0,121428.0
621,5828.0,-28212.0,1008.0,-2880.0,16323.0,5168.0,8712.0,121434.0
622,5420.0,-28384.0,532.0,-2896.0,17076.0,5420.0,9032.0,121440.0
623,5108.0,-27544.0,-1940.0,-2880.0,17520.0,5747.0,9338.0,121446.0
624,5116.0,-26400.0,-4112.0,-2880.0,17720.0,5510.0,9348.0,121452.0
625,5744.0,-24776.0,-6116.0,-2864.0,17683.0,5128.0,9394.0,121458.0
626,6596.0,-23608.0,-7916.0,-2896.0,17364.0,5178.0,9180.0,121464.0
627,7124.0,-22208.0,-9004.0,-2848.0,16888.0,5285.0,8970.0,121470.0
628,7024.0,-20492.0,-9488.0,-2896.0,16145.0,5640.0,8712.0,121477.0
629,6272.0,-18712.0,-9204.0,-2896.0,15157.0,6075.0,8468.0,121483.0
630,5724.0,-16776.0,-8924.0,-2848.0,14033.0,6148.0,8323.0,121489.0
631,5396.0,-14836.0,-8488.0,-2912.0,12665.0,6149.0,8160.0,121495.0
632,5028.0,-12680.0,-7788.0,-2864.0,11136.0,6153.0,7999.0,121501.0
633,4764.0,-10572.0,-6408.0,-2848.0,9520.0,6030.0,7864.0,121507.0
634,5292.0,-9756.0,-2160.0,-2864.0,8466.0,5541.0,7635.0,121513.0
635,5808.0,-10516.0,5328.0,-2880.0,8346.0,4882.0,7314.0,121520.0
636,4832.0,-13120.0,12440.0,-2896.0,9532.0,4037.0,6510.0,121526.0
637,1900.0,-15512.0,16460.0,-2912.0,11377.0,2981.0,5837.0,121532.0
638,-1132.0,-15264.0,15208.0,-2880.0,12307.0,2058.0,5281.0,121538.0
639,-2688.0,-11588.0,8888.0,-2880.0,11026.0,623.0,4595.0,121544.0
640,-352.0,-10216.0,6856.0,-2896.0,9690.0,-549.0,3207.0,121550.0
641,5044.0,-7904.0,1464.0,-2896.0,8174.0,858.0,1625.0,121556.0
642,8484.0,-3768.0,-4028.0,-2896.0,5764.0,3247.0,265.0,121563.0
643,9040.0,-936.0,-8044.0,-2864.0,2441.0,5592.0,-494.0,121569.0
644,8324.0,-2108.0,-7484.0,-2864.0,-47.0,8125.0,-548.0,121575.0
645,7088.0,-3432.0,-7464.0,-2864.0,-1377.0,10177.0,-349.0,121580.0
646,5152.0,-3096.0,-7504.0,-2896.0,-2558.0,11309.0,-65.0,121586.0
647,2776.0,-3036.0,-7136.0,-2864.0,-3786.0,12101.0,329.0,121592.0
648,-248.0,-3812.0,-5984.0,-2896.0,-5024.0,12704.0,477.0,121598.0
649,-1976.0,-4644.0,-4632.0,-2896.0,-6114.0,12542.0,352.0,121605.0
650,-2400.0,-5132.0,-4232.0,-2880.0,-7344.0,11854.0,-185.0,121611.0
651,-2432.0,-5912.0,-3264.0,-2864.0,-8540.0,10562.0,-1062.0,121617.0
652,-2356.0,-6152.0,-2680.0,-2880.0,-9672.0,8726.0,-2118.0,121623.0
653,-2464.0,-6032.0,-2124.0,-2928.0,-10692.0,6538.0,-3108.0,121629.0
654,-2408.0,-6200.0,-1524.0,-2896.0,-11692.0,4281.0,-3960.0,121635.0
655,-1976.0,-6356.0,-968.0,-2896.0,-12591.0,2496.0,-4605.0,121641.0
656,-1156.0,-6516.0,-500.0,-2896.0,-13664.0,1260.0,-5176.0,121648.0
657,-648.0,-6800.0,-876.0,-2880.0,-14896.0,626.0,-5812.0,121654.0
658,-780.0,-7488.0,-620.0,-2880.0,-16037.0,126.0,-6392.0,121660.0
659,-828.0,-8660.0,-232.0,-2912.0,-16994.0,-365.0,-6834.0,121665.0
660,-1092.0,-9380.0,-472.0,-2880.0,-17960.0,-912.0,-7246.0,121671.0
661,-1344.0,-9904.0,-912.0,-2896.0,-18917.0,-1484.0,-7586.0,121677.0
662,-1544.0,-10180.0,-1192.0,-2880.0,-19839.0,-2158.0,-7892.0,121683.0
663,-1644.0,-10792.0,-1164.0,-2848.0,-20626.0,-3068.0,-8070.0,121690.0
664,-1272.0,-11256.0,-668.0,-2864.0,-21286.0,-3968.0,-8204.0,121696.0
665,-508.0,-12180.0,32.0,-2864.0,-21950.0,-4684.0,-8313.0,121702.0
666,488.0,-13232.0,672.0,-2864.0,-22508.0,-5004.0,-8407.0,121708.0
667,1248.0,-14280.0,1404.0,-2848.0,-23012.0,-5013.0,-8528.0,121714.0
668,2024.0,-15320.0,2060.0,-2880.0,-23462.0,-4717.0,-8693.0,121720.0
669,2488.0,-16032.0,2800.0,-2880.0,-23749.0,-4399.0,-8860.0,121726.0
670,2492.0,-16860.0,3356.0,-2864.0,-23922.0,-4102.0,-9037.0,121733.0
671,2244.0,-17300.0,3372.0,-2928.0,-24116.0,-3763.0,-9188.0,121739.0
672,1648.0,-17540.0,3036.0,-2896.0,-24372.0,-3592.0,-9417.0,121745.0
673,956.0,-17808.0,3016.0,-2880.0,-24575.0,-3559.0,-9675.0,121751.0
674,508.0,-18216.0,3152.0,-2880.0,-24689.0,-3636.0,-9943.0,121757.0
675,172.0,-18816.0,3308.0,-2864.0,-24746.0,-3936.0,-10169.0,121763.0
676,332.0,-19652.0,3436.0,-2864.0,-24738.0,-4136.0,-10302.0,121769.0
677,856.0,-20112.0,3800.0,-2896.0,-24635.0,-4161.0,-10338.0,121776.0
678,1316.0,-20616.0,4172.0,-2896.0,-24547.0,-3893.0,-10415.0,121782.0
679,1948.0,-20772.0,4120.0,-2880.0,-24526.0,-3477.0,-10589.0,121789.0
680,2052.0,-20900.0,3892.0,-2880.0,-24496.0,-2964.0,-10781.0,121795.0
681,2136.0,-20996.0,3748.0,-2896.0,-24488.0,-2581.0,-11006.0,121801.0
682,2196.0,-21072.0,3608.0,-2880.0,-24428.0,-2301.0,-11270.0,121807.0
683,2088.0,-21084.0,3516.0,-2896.0,-24334.0,-2065.0,-11480.0,121815.0
684,1904.0,-21508.0,3548.0,-2896.0,-24161.0,-1934.0,-11742.0,121821.0
685,1488.0,-21632.0,3616.0,-2848.0,-23966.0,-1930.0,-11918.0,121827.0
686,1112.0,-21688.0,3540.0,-2896.0,-23708.0,-2040.0,-12002.0,121833.0
687,748.0,-21544.0,3348.0,-2848.0,-23502.0,-2137.0,-11979.0,121839.0
688,536.0,-21524.0,3256.0,-2896.0,-23308.0,-2357.0,-11865.0,121846.0
689,400.0,-21564.0,3432.0,-2864.0,-23100.0,-2570.0,-11635.0,121852.0
690,524.0,-21632.0,3548.0,-2880.0,-22907.0,-2720.0,-11350.0,121859.0
691,440.0,-21816.0,3768.0,-2864.0,-22679.0,-2748.0,-11016.0,121865.0
692,520.0,-22088.0,3736.0,-2864.0,-22461.0,-2672.0,-10758.0,121871.0
693,544.0,-21980.0,3548.0,-2880.0,-22245.0,-2678.0,-10524.0,121877.0
694,348.0,-22424.0,3612.0,-2880.0,-22024.0,-2758.0,-10222.0,121883.0
695,80.0,-24048.0,3608.0,-2864.0,-21261.0,-3105.0,-10982.0,121890.0
696,1920.0,-21556.0,4624.0,-2896.0,-21634.0,-2950.0,-7164.0,121896.0
697,4072.0,-22172.0,4700.0,-2864.0,-21119.0,-2115.0,-9340.0,121903.0
698,1296.0,-22476.0,5524.0,-2848.0,-20495.0,-1773.0,-10268.0,121909.0
699,712.0,-22940.0,6616.0,-2864.0,-19654.0,-1790.0,-9586.0,121915.0
700,1724.0,-22772.0,7416.0,-2896.0,-18854.0,-1514.0,-9008.0,121921.0
701,2780.0,-22488.0,8032.0,-2864.0,-18062.0,-728.0,-8930.0,121927.0
702,3144.0,-22596.0,8304.0,-2864.0,-17107.0,336.0,-9004.0,121933.0
703,2884.0,-22416.0,8748.0,-2896.0,-16052.0,1538.0,-8887.0,121939.0
704,2256.0,-22732.0,9052.0,-2848.0,-14956.0,2766.0,-8471.0,121946.0
705,1572.0,-22556.0,9296.0,-2880.0,-13948.0,3954.0,-7606.0,121953.0
706,1116.0,-22776.0,10132.0,-2880.0,-12529.0,5038.0,-6849.0,121959.0
707,888.0,-22628.0,11424.0,-2896.0,-10953.0,6028.0,-6237.0,121965.0
708,-1072.0,-22116.0,12124.0,-2896.0,-9440.0,6185.0,-5758.0,121971.0
709,-2704.0,-21608.0,12672.0,-2864.0,-7964.0,5956.0,-4527.0,121977.0
710,-3544.0,-21400.0,13440.0,-2896.0,-6370.0,5589.0,-3405.0,121984.0
711,-4592.0,-21328.0,14228.0,-2880.0,-4580.0,5114.0,-2494.0,121990.0
712,-5444.0,-21364.0,14840.0,-2896.0,-2779.0,4379.0,-1680.0,121996.0
713,-5852.0,-21376.0,14732.0,-2896.0,-999.0,3328.0,-987.0,122003.0
714,-5904.0,-20928.0,14528.0,-2896.0,725.0,2049.0,-454.0,122008.0
715,-5356.0,-20396.0,13644.0,-2912.0,2230.0,678.0,37.0,122014.0
716,-4824.0,-20048.0,13048.0,-2848.0,3711.0,-815.0,365.0,122020.0
717,-4260.0,-19544.0,12176.0,-2896.0,5117.0,-2585.0,698.0,122027.0
718,-4836.0,-18960.0,11144.0,-2880.0,6357.0,-5611.0,622.0,122033.0
719,-5536.0,-18476.0,3948.0,-2864.0,6394.0,-9341.0,321.0,122039.0
720,-2288.0,-17792.0,-7424.0,-2880.0,4277.0,-10833.0,-584.0,122045.0
721,1540.0,-20516.0,-18728.0,-2896.0,1939.0,-10471.0,-1746.0,122051.0
722,5560.0,-24572.0,-28568.0,-2848.0,-266.0,-11910.0,-3058.0,122057.0
723,7412.0,-32768.0,-11812.0,-2896.0,2575.0,-14748.0,-3427.0,122063.0
724,6156.0,-32768.0,12972.0,-2880.0,9333.0,-16249.0,-1952.0,122071.0
725,-240.0,-32768.0,24584.0,-2864.0,14671.0,-12428.0,377.0,122077.0
726,-12652.0,-32768.0,14068.0,-2848.0,14641.0,-6749.0,3428.0,122083.0
727,-16444.0,-22260.0,-4220.0,-2896.0,10874.0,-3153.0,4247.0,122089.0
728,-3524.0,-15608.0,-13008.0,-2896.0,8837.0,-983.0,2049.0,122095.0
729,7680.0,-15620.0,-9900.0,-2864.0,10173.0,-491.0,-1734.0,122101.0
730,13156.0,-13248.0,-3924.0,-2864.0,11467.0,-150.0,-3107.0,122107.0
731,13164.0,-10000.0,-2756.0,-2864.0,11266.0,1814.0,-2969.0,122115.0
732,8184.0,-8028.0,-2672.0,-2912.0,9635.0,3412.0,-849.0,122121.0
733,6648.0,-8028.0,-3868.0,-2912.0,8002.0,2339.0,1311.0,122127.0
734,8908.0,-10068.0,-3808.0,-2896.0,6983.0,685.0,1159.0,122133.0
735,9808.0,-12352.0,-3708.0,-2912.0,6573.0,119.0,938.0,122138.0
736,8644.0,-14420.0,-3848.0,-2880.0,6500.0,165.0,1216.0,122144.0
737,7876.0,-15256.0,-3956.0,-2896.0,6471.0,-117.0,1813.0,122150.0
738,7352.0,-15424.0,-3752.0,-2896.0,6255.0,-221.0,2199.0,122157.0
739,5592.0,-15256.0,-2956.0,-2880.0,5920.0,433.0,2294.0,122163.0
740,3428.0,-15080.0,-2376.0,-2864.0,5573.0,1528.0,2182.0,122169.0
741,1500.0,-15020.0,-2656.0,-2880.0,5232.0,2250.0,1777.0,122175.0
742,580.0,-15248.0,-2948.0,-2896.0,4959.0,2191.0,1296.0,122181.0
743,468.0,-16416.0,-3004.0,-2880.0,4958.0,1915.0,949.0,122187.0
744,1000.0,-17220.0,-3224.0,-2928.0,5207.0,1763.0,634.0,122193.0
745,1500.0,-17544.0,-3216.0,-2896.0,5546.0,1589.0,340.0,122200.0
746,1844.0,-16980.0,-3220.0,-2880.0,5751.0,1224.0,-4.0,122206.0
747,1884.0,-16364.0,-2920.0,-2880.0,5714.0,565.0,-423.0,122211.0
748,1904.0,-15796.0,-2600.0,-2848.0,5470.0,-202.0,-779.0,122217.0
749,2252.0,-15648.0,-1948.0,-2864.0,5178.0,-1081.0,-997.0,122223.0
750,2960.0,-15548.0,-2056.0,-2864.0,4879.0,-1761.0,-1022.0,122229.0
751,4224.0,-15324.0,-2120.0,-2864.0,4606.0,-2039.0,-924.0,122235.0
752,5536.0,-15452.0,-2216.0,-2848.0,4371.0,-1682.0,-857.0,122242.0
753,6532.0,-15304.0,-2516.0,-2896.0,4209.0,-811.0,-768.0,122248.0
754,6820.0,-15272.0,-2568.0,-2928.0,4087.0,297.0,-577.0,122254.0
755,6384.0,-15520.0,-2424.0,-2880.0,4001.0,1390.0,-331.0,122260.0
756,5236.0,-15908.0,-2344.0,-2896.0,3959.0,2120.0,-189.0,122266.0
757,3796.0,-16380.0,-2364.0,-2896.0,3997.0,2349.0,-134.0,122272.0
758,3028.0,-16256.0,-2500.0,-2880.0,3972.0,2085.0,-224.0,122278.0
759,2264.0,-16332.0,-2644.0,-2896.0,4024.0,1511.0,-445.0,122284.0
760,1648.0,-16612.0,-2556.0,-2880.0,4183.0,741.0,-780.0,122290.0
761,1428.0,-16576.0,-2136.0,-2896.0,4329.0,-109.0,-1127.0,122296.0
762,1912.0,-16444.0,-2148.0,-2880.0,4422.0,-978.0,-1506.0,122302.0
763,2800.0,-16148.0,-2132.0,-2880.0,4490.0,-1742.0,-1707.0,122308.0
764,3736.0,-15920.0,-2056.0,-2880.0,4532.0,-2303.0,-1801.0,122314.0
765,4512.0,-15832.0,-1812.0,-2864.0,4501.0,-2454.0,-1730.0,122320.0
766,4992.0,-15780.0,-1504.0,-2880.0,4365.0,-2064.0,-1607.0,122327.0
767,5156.0,-15632.0,-1004.0,-2864.0,4116.0,-1541.0,-1503.0,122333.0
768,5116.0,-15512.0,-764.0,-2896.0,3772.0,-1207.0,-1278.0,122339.0
769,5808.0,-15188.0,-776.0,-2880.0,3384.0,-1006.0,-1064.0,122345.0
770,6316.0,-14780.0,-904.0,-2832.0,2984.0,-834.0,-811.0,122351.0
771,6904.0,-14628.0,-1040.0,-2896.0,2629.0,-598.0,-500.0,122357.0
772,6668.0,-14816.0,-996.0,-2896.0,2357.0,-234.0,-183.0,122363.0
773,6188.0,-14992.0,-1020.0,-2864.0,2167.0,193.0,212.0,122370.0
774,5536.0,-16000.0,-924.0,-2880.0,2157.0,598.0,293.0,122375.0
775,5032.0,-15384.0,-640.0,-2912.0,1972.0,657.0,478.0,122381.0
776,5000.0,-15412.0,-676.0,-2880.0,1686.0,565.0,582.0,122387.0
777,5060.0,-15472.0,-624.0,-2912.0,1421.0,500.0,811.0,122393.0
778,4940.0,-16028.0,-856.0,-2880.0,1313.0,524.0,871.0,122399.0
779,4936.0,-15800.0,-988.0,-2880.0,1222.0,534.0,1000.0,122405.0
780,4904.0,-15636.0,-1160.0,-2880.0,1098.0,546.0,1091.0,122411.0
781,4772.0,-15916.0,-1200.0,-2864.0,1123.0,568.0,1171.0,122417.0
782,4784.0,-16200.0,-1060.0,-2880.0,1143.0,502.0,1222.0,122423.0
783,4596.0,-16244.0,-1612.0,-2896.0,1295.0,419.0,1243.0,122429.0
784,4520.0,-16236.0,-1564.0,-2864.0,1419.0,304.0,1270.0,122435.0
785,4400.0,-16028.0,-1636.0,-2880.0,1495.0,233.0,1293.0,122441.0
786,4556.0,-16112.0,-1344.0,-2896.0,1541.0,309.0,1301.0,122447.0
787,4684.0,-16084.0,-1608.0,-2880.0,1584.0,435.0,1352.0,122454.0
788,4684.0,-16064.0,-1840.0,-2880.0,1648.0,521.0,1393.0,122460.0
789,4808.0,-16248.0,-1680.0,-2864.0,1765.0,564.0,1479.0,122466.0
790,4996.0,-16028.0,-1288.0,-2880.0,1909.0,732.0,1563.0,122472.0
791,3656.0,-16836.0,-1396.0,-2896.0,2035.0,1023.0,1763.0,122478.0
792,6076.0,-16220.0,-1860.0,-2864.0,2361.0,1198.0,1679.0,122483.0
793,3548.0,-15384.0,-1496.0,-2848.0,2288.0,1369.0,1271.0,122489.0
794,3636.0,-16228.0,-1412.0,-2864.0,2368.0,961.0,1672.0,122496.0
795,3892.0,-15984.0,-1076.0,-2848.0,2381.0,751.0,1433.0,122502.0
796,4032.0,-16120.0,-1100.0,-2896.0,2378.0,785.0,1378.0,122508.0
797,4204.0,-16004.0,-896.0,-2864.0,2391.0,863.0,1203.0,122514.0
798,4032.0,-15996.0,-736.0,-2928.0,2374.0,947.0,1222.0,122520.0
799,3972.0,-16032.0,-616.0,-2848.0,2327.0,1080.0,1333.0,122526.0
800,3892.0,-15968.0,-700.0,-2880.0,2287.0,1264.0,1315.0,122532.0
801,3596.0,-15996.0,-588.0,-2864.0,2244.0,1412.0,1267.0,122539.0
802,3556.0,-16412.0,-540.0,-2896.0,2310.0,1422.0,1203.0,122544.0
803,3448.0,-16752.0,-996.0,-2880.0,2556.0,1258.0,1088.0,122550.0
804,3776.0,-15964.0,-612.0,-2864.0,2579.0,962.0,1052.0,122556.0
805,3908.0,-15716.0,-112.0,-2896.0,2419.0,787.0,916.0,122562.0
806,3884.0,-15800.0,-68.0,-2896.0,2311.0,645.0,886.0,122568.0
807,3968.0,-15884.0,-188.0,-2848.0,2222.0,660.0,893.0,122574.0
808,4132.0,-15940.0,-144.0,-2928.0,2126.0,791.0,832.0,122579.0
809,4376.0,-15924.0,-216.0,-2896.0,2078.0,1022.0,838.0,122586.0
810,4640.0,-16068.0,-248.0,-2864.0,1955.0,1383.0,853.0,122592.0
811,4740.0,-16032.0,-64.0,-2864.0,1930.0,1781.0,956.0,122598.0
812,4568.0,-16056.0,-272.0,-2896.0,1876.0,2096.0,1040.0,122604.0
813,4360.0,-16188.0,-460.0,-2880.0,1862.0,2252.0,1145.0,122610.0
814,4088.0,-16344.0,-420.0,-2880.0,1924.0,2365.0,1172.0,122615.0
815,3964.0,-16108.0,-388.0,-2896.0,1952.0,2416.0,1217.0,122621.0
816,3888.0,-16024.0,-400.0,-2864.0,1982.0,2315.0,1184.0,122628.0
817,3836.0,-16320.0,-488.0,-2880.0,2044.0,2288.0,1244.0,122634.0
818,3756.0,-16196.0,-468.0,-2896.0,2089.0,2314.0,1341.0,122640.0
819,3860.0,-16612.0,-640.0,-2864.0,2237.0,2338.0,1361.0,122646.0
820,3712.0,-16412.0,-520.0,-2880.0,2355.0,2156.0,1389.0,122652.0
821,3844.0,-16368.0,-456.0,-2832.0,2440.0,1938.0,1495.0,122658.0
822,3764.0,-16644.0,-580.0,-2864.0,2676.0,1827.0,1510.0,122664.0
823,3936.0,-16360.0,-456.0,-2912.0,2860.0,1714.0,1520.0,122671.0
824,4072.0,-16012.0,-64.0,-2864.0,2944.0,1602.0,1583.0,122677.0
825,4300.0,-15892.0,-176.0,-2864.0,2966.0,1535.0,1612.0,122682.0
826,4128.0,-16076.0,-144.0,-2864.0,2997.0,1580.0,1736.0,122688.0
827,4216.0,-16144.0,128.0,-2880.0,3045.0,1758.0,1791.0,122694.0
828,4096.0,-16268.0,-16.0,-2912.0,3120.0,1953.0,1888.0,122700.0
829,4048.0,-16292.0,-152.0,-2880.0,3182.0,2090.0,1956.0,122706.0
830,4040.0,-16172.0,-204.0,-2896.0,3253.0,2136.0,2065.0,122713.0
831,4036.0,-16052.0,-128.0,-2912.0,3347.0,2094.0,2161.0,122719.0
832,3936.0,-16256.0,64.0,-2880.0,3395.0,2027.0,2285.0,122725.0
833,3932.0,-16220.0,164.0,-2880.0,3459.0,1884.0,2388.0,122730.0
834,3884.0,-16324.0,-40.0,-2880.0,3605.0,1800.0,2495.0,122736.0
835,3988.0,-16100.0,452.0,-2864.0,3649.0,1712.0,2623.0,122742.0
836,4044.0,-16048.0,396.0,-2864.0,3647.0,1670.0,2715.0,122748.0
837,4180.0,-16024.0,416.0,-2896.0,3705.0,1723.0,2887.0,122755.0
838,3996.0,-16036.0,560.0,-2880.0,3709.0,1769.0,3033.0,122761.0
839,3940.0,-16196.0,620.0,-2880.0,3756.0,1790.0,3187.0,122767.0
840,3884.0,-16256.0,632.0,-2864.0,3769.0,1721.0,3407.0,122773.0
841,3564.0,-16248.0,644.0,-2864.0,3759.0,1589.0,3627.0,122778.0
842,3540.0,-16444.0,1008.0,-2880.0,3764.0,1403.0,3903.0,122784.0
843,3796.0,-16512.0,956.0,-2880.0,3806.0,957.0,4140.0,122790.0
844,4584.0,-15992.0,760.0,-2864.0,3823.0,310.0,4327.0,122797.0
845,5120.0,-15716.0,476.0,-2928.0,3890.0,44.0,4563.0,122803.0
846,5204.0,-16064.0,188.0,-2880.0,4057.0,241.0,4762.0,122809.0
847,4540.0,-16448.0,244.0,-2880.0,4326.0,619.0,4924.0,122814.0
848,3596.0,-15960.0,768.0,-2880.0,4393.0,1009.0,4804.0,122820.0
849,3456.0,-16904.0,768.0,-2896.0,4609.0,1247.0,5480.0,122826.0
850,2416.0,-16844.0,1020.0,-2864.0,4695.0,1617.0,5019.0,122832.0
851,2100.0,-16968.0,636.0,-2880.0,4868.0,1504.0,5114.0,122839.0
852,2096.0,-16900.0,1156.0,-2864.0,4968.0,1259.0,5076.0,122845.0
853,2196.0,-16780.0,1116.0,-2896.0,5052.0,1180.0,5001.0,122851.0
854,2072.0,-17044.0,1536.0,-2848.0,5132.0,1410.0,4903.0,122857.0
855,1960.0,-17176.0,1340.0,-2864.0,5208.0,1597.0,4805.0,122863.0
856,2020.0,-17044.0,1660.0,-2880.0,5283.0,1702.0,4803.0,122869.0
857,1956.0,-17060.0,1796.0,-2864.0,5324.0,1764.0,4791.0,122875.0
858,2132.0,-17224.0,1948.0,-2880.0,5411.0,1900.0,4784.0,122882.0
859,2324.0,-17132.0,1880.0,-2864.0,5459.0,2042.0,4794.0,122887.0
860,2456.0,-17320.0,1740.0,-2880.0,5497.0,2157.0,4787.0,122893.0
861,2368.0,-17232.0,2112.0,-2896.0,5541.0,2257.0,4837.0,122899.0
862,2284.0,-17496.0,1876.0,-2880.0,5592.0,2314.0,4842.0,122905.0
863,2152.0,-17736.0,2000.0,-2864.0,5700.0,2329.0,4929.0,122911.0
864,1892.0,-17720.0,1996.0,-2896.0,5775.0,2304.0,4965.0,122917.0
865,1692.0,-18064.0,2112.0,-2880.0,5823.0,2327.0,5046.0,122924.0
866,1284.0,-18216.0,2244.0,-2864.0,5883.0,2300.0,5113.0,122930.0
867,1152.0,-18176.0,2348.0,-2848.0,6032.0,2217.0,5174.0,122936.0
868,1204.0,-18428.0,2356.0,-2864.0,6123.0,2088.0,5208.0,122942.0
869,1124.0,-19616.0,3048.0,-2880.0,6374.0,1960.0,5230.0,122948.0
870,1716.0,-23112.0,6500.0,-2896.0,7286.0,1898.0,5383.0,122954.0
871,-2340.0,-16876.0,2012.0,-2848.0,6714.0,1995.0,6244.0,122960.0
872,-1456.0,-19068.0,-532.0,-2864.0,6589.0,2685.0,5566.0,122967.0
873,832.0,-19148.0,-644.0,-2896.0,6960.0,2176.0,4847.0,122973.0
874,592.0,-19644.0,1012.0,-2896.0,7335.0,1326.0,5404.0,122978.0
875,848.0,-20184.0,2528.0,-2912.0,7585.0,1079.0,5378.0,122984.0
876,980.0,-20260.0,2544.0,-2896.0,7745.0,1346.0,5066.0,122990.0
877,1272.0,-20180.0,2216.0,-2896.0,7965.0,1487.0,4933.0,122996.0
878,1040.0,-20068.0,1824.0,-2880.0,8213.0,1573.0,5090.0,123002.0
879,876.0,-20164.0,1892.0,-2896.0,8446.0,1828.0,5270.0,123009.0
880,516.0,-20196.0,2240.0,-2880.0,8657.0,2136.0,5380.0,123015.0
881,408.0,-20372.0,2276.0,-2880.0,8918.0,2249.0,5450.0,123021.0
882,364.0,-20376.0,2304.0,-2896.0,9160.0,2164.0,5513.0,123027.0
883,544.0,-20484.0,2188.0,-2896.0,9419.0,1978.0,5571.0,123032.0
884,872.0,-20400.0,2288.0,-2912.0,9661.0,1774.0,5590.0,123038.0
885,1192.0,-20372.0,2016.0,-2848.0,9866.0,1543.0,5530.0,123044.0
886,1472.0,-20204.0,1952.0,-2896.0,10001.0,1370.0,5461.0,123051.0
887,1656.0,-20080.0,1996.0,-2880.0,10159.0,1191.0,5367.0,123057.0
888,1760.0,-19656.0,2072.0,-2880.0,10244.0,1032.0,5268.0,123063.0
889,1968.0,-19348.0,2188.0,-2864.0,10282.0,847.0,5155.0,123069.0
890,2192.0,-19140.0,2284.0,-2880.0,10261.0,702.0,4990.0,123075.0
891,2268.0,-18844.0,2240.0,-2896.0,10191.0,658.0,4813.0,123081.0
892,2212.0,-18324.0,2236.0,-2848.0,10027.0,679.0,4716.0,123087.0
893,2280.0,-17956.0,2164.0,-2864.0,9778.0,683.0,4606.0,123094.0
894,2252.0,-17388.0,2140.0,-2864.0,9485.0,717.0,4397.0,123100.0
895,2440.0,-16928.0,1856.0,-2864.0,9140.0,729.0,4159.0,123106.0
896,2608.0,-16392.0,1900.0,-2880.0,8726.0,889.0,3914.0,123112.0
897,2732.0,-15728.0,1648.0,-2864.0,8291.0,1236.0,3700.0,123117.0
898,2512.0,-14768.0,1360.0,-2864.0,7716.0,1593.0,3554.0,123123.0
899,2256.0,-13904.0,1356.0,-2880.0,6952.0,1941.0,3399.0,123129.0
900,1904.0,-13292.0,1476.0,-2864.0,6008.0,2164.0,3241.0,123136.0
901,1956.0,-12924.0,2204.0,-2880.0,5098.0,2468.0,3068.0,123142.0
902,2036.0,-12712.0,3292.0,-2864.0,4494.0,2966.0,2898.0,123148.0
903,1996.0,-12384.0,5044.0,-2880.0,4344.0,3344.0,2649.0,123154.0
904,1496.0,-11528.0,6460.0,-2896.0,4289.0,3797.0,2807.0,123160.0
905,748.0,-10988.0,7128.0,-2896.0,4458.0,4236.0,2327.0,123166.0
906,-860.0,-9984.0,7624.0,-2880.0,4411.0,4492.0,1949.0,123172.0
907,-1460.0,-9692.0,8616.0,-2880.0,4231.0,4471.0,1657.0,123179.0
908,-1760.0,-9400.0,8612.0,-2864.0,4036.0,4537.0,1434.0,123185.0
909,-2128.0,-7360.0,4200.0,-2864.0,2933.0,4646.0,1212.0,123190.0
910,-1612.0,-6988.0,1580.0,-2880.0,1900.0,5330.0,964.0,123196.0
911,-1876.0,-5644.0,-988.0,-2880.0,860.0,6424.0,1006.0,123202.0
912,-4508.0,-4260.0,-3728.0,-2848.0,-498.0,6636.0,1220.0,123208.0
913,-6340.0,-3920.0,-5020.0,-2880.0,-2043.0,5560.0,1220.0,123214.0
914,-6536.0,-4864.0,-4840.0,-2896.0,-3283.0,3664.0,1104.0,123220.0
915,-5856.0,-6192.0,-3908.0,-2880.0,-4097.0,1404.0,831.0,123227.0
916,-4992.0,-7076.0,-3516.0,-2896.0,-4729.0,-481.0,585.0,123233.0
917,-4180.0,-7708.0,-3032.0,-2896.0,-5410.0,-1665.0,280.0,123238.0
918,-2988.0,-7656.0,-3220.0,-2896.0,-6179.0,-2390.0,-187.0,123244.0
919,-2152.0,-7480.0,-2740.0,-2880.0,-7080.0,-3105.0,-697.0,123250.0
920,-1856.0,-7424.0,-2188.0,-2864.0,-7950.0,-3782.0,-1132.0,123256.0
921,-1828.0,-6284.0,-1776.0,-2864.0,-9148.0,-4161.0,-1154.0,123262.0
922,-1820.0,-7844.0,-1892.0,-2896.0,-10167.0,-3972.0,-1545.0,123269.0
923,-2176.0,-8504.0,-1908.0,-2880.0,-11102.0,-3606.0,-1829.0,123275.0
924,-2228.0,-9000.0,-2024.0,-2896.0,-12024.0,-3424.0,-2073.0,123281.0
925,-1732.0,-9508.0,-2156.0,-2896.0,-12918.0,-3415.0,-2207.0,123287.0
926,-1248.0,-10196.0,-1808.0,-2880.0,-13644.0,-3498.0,-2222.0,123293.0
927,-576.0,-11156.0,-1052.0,-2880.0,-14186.0,-3357.0,-2135.0,123299.0
928,-384.0,-11748.0,-548.0,-2912.0,-14661.0,-3029.0,-2084.0,123305.0
929,-332.0,-12008.0,-60.0,-2896.0,-15209.0,-2748.0,-2157.0,123312.0
930,-668.0,-12440.0,200.0,-2864.0,-15763.0,-2673.0,-2370.0,123318.0
931,-732.0,-12988.0,732.0,-2848.0,-16327.0,-2867.0,-2713.0,123324.0
932,-1176.0,-13480.0,764.0,-2832.0,-16838.0,-3294.0,-3052.0,123330.0
933,-1456.0,-13956.0,1204.0,-2896.0,-17288.0,-3979.0,-3471.0,123336.0
934,-1656.0,-14796.0,1304.0,-2848.0,-17675.0,-4907.0,-3899.0,123342.0
935,-1788.0,-15284.0,1404.0,-2880.0,-17999.0,-6085.0,-4319.0,123348.0
936,-1884.0,-15840.0,1620.0,-2864.0,-18305.0,-7405.0,-4727.0,123355.0
937,-1868.0,-17100.0,1756.0,-2896.0,-18492.0,-8785.0,-4920.0,123361.0
938,-8.0,-16152.0,2144.0,-2880.0,-18852.0,-9781.0,-5359.0,123368.0
939,-2016.0,-17828.0,2240.0,-2896.0,-18932.0,-11122.0,-5953.0,123374.0
940,-584.0,-18592.0,2324.0,-2864.0,-19113.0,-12291.0,-5727.0,123380.0
941,512.0,-19208.0,2312.0,-2864.0,-19122.0,-13187.0,-5927.0,123386.0
942,1252.0,-19112.0,2352.0,-2864.0,-19124.0,-13580.0,-6028.0,123393.0
943,1952.0,-19592.0,2456.0,-2912.0,-19085.0,-13833.0,-5988.0,123399.0
944,2564.0,-20148.0,2620.0,-2880.0,-19024.0,-13829.0,-5932.0,123406.0
945,3340.0,-20836.0,2652.0,-2864.0,-18849.0,-13666.0,-5827.0,123412.0
946,4228.0,-21192.0,2680.0,-2880.0,-18614.0,-13189.0,-5720.0,123418.0
947,5364.0,-21348.0,2976.0,-2896.0,-18311.0,-12255.0,-5608.0,123424.0
948,6352.0,-21412.0,3340.0,-2864.0,-17870.0,-11351.0,-5479.0,123431.0
949,7056.0,-20800.0,3648.0,-2880.0,-17488.0,-10208.0,-5384.0,123438.0
950,7580.0,-21164.0,5832.0,-2864.0,-16686.0,-9588.0,-5508.0,123444.0
951,7796.0,-23564.0,12444.0,-2880.0,-15087.0,-10036.0,-5426.0,123450.0
952,8704.0,-32184.0,28672.0,-2880.0,-11215.0,-10400.0,-5390.0,123456.0
953,6796.0,-32768.0,32767.0,-2880.0,-4307.0,-10129.0,-4548.0,123463.0
954,2440.0,-32768.0,32767.0,-2832.0,783.0,-7168.0,-2706.0,123469.0
955,-404.0,-32768.0,32767.0,-2880.0,2923.0,-647.0,-1683.0,123475.0
956,-3908.0,-27740.0,32767.0,-2880.0,4203.0,6548.0,-316.0,123482.0
957,-8672.0,-18748.0,17296.0,-2896.0,3191.0,11061.0,1880.0,123488.0
958,-10260.0,-15664.0,5700.0,-2864.0,2935.0,13825.0,2256.0,123494.0
959,-7176.0,-9668.0,-3972.0,-2864.0,2446.0,13570.0,1235.0,123500.0
960,-4148.0,-7452.0,-9108.0,-2880.0,2192.0,10444.0,-324.0,123506.0
961,1836.0,-6408.0,-9608.0,-2896.0,1678.0,5107.0,-1322.0,123512.0
962,10380.0,-7740.0,-7768.0,-2880.0,1141.0,-324.0,-2258.0,123518.0
963,14120.0,-12080.0,-4060.0,-2896.0,1154.0,-2961.0,-2439.0,123525.0
964,11928.0,-16124.0,-1060.0,-2848.0,1521.0,-2989.0,-1980.0,123531.0
965,4992.0,-17800.0,764.0,-2880.0,1552.0,-2083.0,-1446.0,123537.0
966,-756.0,-19152.0,1352.0,-2896.0,1166.0,-1142.0,-1314.0,123543.0
967,-4716.0,-20688.0,1296.0,-2880.0,885.0,-330.0,-1482.0,123549.0
968,-6780.0,-21336.0,1136.0,-2880.0,917.0,-5.0,-1497.0,123555.0
969,-6896.0,-20980.0,1144.0,-2880.0,1138.0,-146.0,-1293.0,123561.0
970,-4232.0,-19264.0,612.0,-2896.0,1292.0,-886.0,-1102.0,123568.0
971,348.0,-17360.0,-168.0,-2880.0,1319.0,-1466.0,-1084.0,123574.0
972,4624.0,-15824.0,-908.0,-2880.0,1220.0,-1204.0,-1189.0,123579.0
973,6832.0,-14792.0,-1460.0,-2896.0,1164.0,-249.0,-1331.0,123585.0
974,6452.0,-14328.0,-1384.0,-2848.0,1110.0,864.0,-1352.0,123591.0
975,4048.0,-14504.0,-972.0,-2896.0,1109.0,1496.0,-1300.0,123597.0
976,100.0,-15204.0,100.0,-2848.0,1115.0,1467.0,-1221.0,123603.0
977,-2116.0,-16008.0,1104.0,-2880.0,1019.0,951.0,-1278.0,123610.0
978,-2756.0,-16720.0,1440.0,-2896.0,883.0,110.0,-1437.0,123616.0
979,-1480.0,-17100.0,1436.0,-2896.0,821.0,-599.0,-1606.0,123622.0
980,468.0,-16880.0,800.0,-2848.0,724.0,-1087.0,-1823.0,123628.0
981,2464.0,-16608.0,412.0,-2848.0,570.0,-1112.0,-1874.0,123634.0
982,3708.0,-16444.0,8.0,-2880.0,458.0,-687.0,-1799.0,123639.0
983,3956.0,-16528.0,-272.0,-2880.0,468.0,172.0,-1635.0,123645.0
984,3164.0,-16552.0,-52.0,-2880.0,488.0,1066.0,-1462.0,123652.0
985,2092.0,-16592.0,280.0,-2912.0,482.0,1788.0,-1290.0,123658.0
986,876.0,-16628.0,524.0,-2880.0,481.0,2022.0,-1261.0,123664.0
987,252.0,-16884.0,244.0,-2848.0,534.0,1672.0,-1381.0,123670.0
988,332.0,-16564.0,296.0,-2880.0,573.0,864.0,-1470.0,123675.0
989,740.0,-16512.0,228.0,-2912.0,576.0,53.0,-1589.0,123681.0
990,1216.0,-16488.0,268.0,-2864.0,610.0,-553.0,-1657.0,123687.0
991,1864.0,-16308.0,252.0,-2896.0,634.0,-972.0,-1642.0,123694.0
992,2236.0,-16000.0,520.0,-2864.0,554.0,-1172.0,-1603.0,123700.0
993,2316.0,-16068.0,244.0,-2896.0,509.0,-1156.0,-1503.0,123705.0
994,2536.0,-16064.0,512.0,-2880.0,433.0,-1155.0,-1421.0,123711.0
995,2392.0,-16076.0,640.0,-2880.0,367.0,-1062.0,-1365.0,123717.0
996,2264.0,-16176.0,356.0,-2864.0,294.0,-991.0,-1332.0,123723.0
997,2208.0,-16192.0,468.0,-2896.0,251.0,-999.0,-1272.0,123729.0
998,1992.0,-16300.0,428.0,-2864.0,198.0,-959.0,-1214.0,123736.0
999,2048.0,-16440.0,356.0,-2896.0,159.0,-969.0,-1165.0,123742.0
1000,1708.0,-16324.0,320.0,-2864.0,151.0,-978.0,-1144.0,123747.0
1001,1804.0,-16336.0,468.0,-2896.0,108.0,-952.0,-1162.0,123753.0
1002,1616.0,-16748.0,376.0,-2896.0,152.0,-916.0,-1244.0,123759.0
1003,1380.0,-16588.0,348.0,-2896.0,86.0,-919.0,-1283.0,123765.0
1004,2248.0,-16732.0,428.0,-2880.0,151.0,-923.0,-1023.0,123771.0
1005,2300.0,-16060.0,572.0,-2864.0,25.0,-575.0,-1213.0,123777.0
1006,2120.0,-16524.0,740.0,-2912.0,-5.0,-382.0,-1016.0,123783.0
1007,2084.0,-16588.0,352.0,-2864.0,-3.0,-297.0,-1062.0,123789.0
1008,1976.0,-16136.0,360.0,-2880.0,-9.0,-329.0,-1204.0,123795.0
1009,2052.0,-16176.0,432.0,-2864.0,-17.0,-343.0,-1227.0,123800.0
1010,2188.0,-16332.0,300.0,-2896.0,3.0,-295.0,-1256.0,123806.0
1011,2364.0,-16324.0,400.0,-2912.0,-31.0,-157.0,-1195.0,123812.0
1012,2452.0,-16448.0,360.0,-2896.0,19.0,-10.0,-1145.0,123819.0
1013,2524.0,-16472.0,304.0,-2880.0,54.0,84.0,-1123.0,123824.0
1014,2768.0,-16348.0,320.0,-2864.0,103.0,72.0,-1037.0,123830.0
1015,3032.0,-16408.0,-88.0,-2880.0,168.0,243.0,-1051.0,123836.0
1016,2992.0,-16308.0,-24.0,-2896.0,241.0,278.0,-968.0,123841.0
1017,2780.0,-16164.0,288.0,-2880.0,256.0,278.0,-854.0,123847.0
1018,2656.0,-16024.0,308.0,-2896.0,260.0,280.0,-803.0,123853.0
1019,2540.0,-16280.0,324.0,-2896.0,265.0,326.0,-808.0,123859.0
1020,2352.0,-16256.0,400.0,-2848.0,242.0,232.0,-808.0,123865.0
1021,2364.0,-16412.0,428.0,-2880.0,259.0,172.0,-745.0,123871.0
1022,2556.0,-16564.0,244.0,-2864.0,293.0,221.0,-690.0,123877.0
1023,2436.0,-16492.0,260.0,-2880.0,344.0,255.0,-633.0,123883.0
1024,2348.0,-16312.0,340.0,-2832.0,377.0,288.0,-603.0,123888.0
1025,2340.0,-16288.0,456.0,-2864.0,374.0,339.0,-575.0,123894.0
1026,2212.0,-16352.0,452.0,-2880.0,381.0,400.0,-538.0,123900.0
1027,2216.0,-16504.0,352.0,-2896.0,416.0,431.0,-517.0,123907.0
1028,2152.0,-16632.0,460.0,-2832.0,468.0,428.0,-489.0,123912.0
1029,2260.0,-16480.0,232.0,-2880.0,519.0,332.0,-422.0,123918.0
1030,2436.0,-16500.0,376.0,-2896.0,535.0,218.0,-414.0,123924.0
1031,2688.0,-16444.0,364.0,-2864.0,583.0,167.0,-349.0,123930.0
1032,2824.0,-16092.0,496.0,-2880.0,564.0,103.0,-365.0,123935.0
1033,2832.0,-16152.0,492.0,-2864.0,500.0,167.0,-333.0,123941.0
1034,2864.0,-16204.0,592.0,-2896.0,497.0,224.0,-261.0,123948.0
1035,2888.0,-16280.0,612.0,-2848.0,489.0,321.0,-211.0,123954.0
1036,2812.0,-16216.0,724.0,-2864.0,447.0,434.0,-194.0,123959.0
1037,2812.0,-16304.0,616.0,-2880.0,421.0,611.0,-162.0,123965.0
1038,2608.0,-16212.0,828.0,-2848.0,358.0,756.0,-130.0,123971.0
1039,2516.0,-16180.0,844.0,-2864.0,245.0,871.0,-98.0,123976.0
1040,2424.0,-16288.0,860.0,-2880.0,227.0,952.0,-67.0,123982.0
1041,2148.0,-16204.0,904.0,-2864.0,168.0,990.0,-63.0,123988.0
1042,2212.0,-16228.0,940.0,-2880.0,102.0,985.0,-88.0,123995.0
1043,2108.0,-16136.0,756.0,-2880.0,43.0,1028.0,-132.0,124000.0
1044,2320.0,-16256.0,884.0,-2880.0,11.0,1005.0,-120.0,124006.0
1045,2308.0,-16172.0,856.0,-2864.0,-58.0,995.0,-139.0,124012.0
1046,2348.0,-16328.0,632.0,-2880.0,-76.0,1084.0,-134.0,124017.0
1047,2364.0,-16440.0,524.0,-2864.0,-40.0,1149.0,-163.0,124023.0
1048,2352.0,-16360.0,608.0,-2880.0,-60.0,1118.0,-162.0,124029.0
1049,2180.0,-16332.0,556.0,-2896.0,-92.0,1054.0,-153.0,124036.0
1050,2248.0,-16460.0,828.0,-2896.0,-105.0,1088.0,-144.0,124041.0
1051,2156.0,-16472.0,620.0,-2864.0,-83.0,1132.0,-163.0,124047.0
1052,2240.0,-16420.0,792.0,-2880.0,-87.0,1122.0,-181.0,124053.0
1053,2260.0,-16188.0,708.0,-2880.0,-88.0,1144.0,-185.0,124059.0
1054,2472.0,-16188.0,772.0,-2864.0,-96.0,1143.0,-174.0,124064.0
1055,2484.0,-16168.0,656.0,-2880.0,-124.0,1161.0,-138.0,124070.0
1056,2436.0,-16144.0,648.0,-2880.0,-130.0,1127.0,-115.0,124077.0
1057,2460.0,-16148.0,528.0,-2880.0,-108.0,1101.0,-93.0,124083.0
1058,2368.0,-16200.0,552.0,-2864.0,-79.0,1075.0,-73.0,124088.0
1059,2352.0,-16196.0,468.0,-2848.0,-40.0,974.0,-53.0,124094.0
1060,2384.0,-16308.0,316.0,-2896.0,-11.0,919.0,-55.0,124100.0
1061,2472.0,-16328.0,448.0,-2832.0,61.0,819.0,-19.0,124105.0
1062,2468.0,-16296.0,600.0,-2848.0,123.0,808.0,-11.0,124111.0
1063,2324.0,-16356.0,460.0,-2880.0,161.0,765.0,-27.0,124118.0
1064,2272.0,-16552.0,484.0,-2896.0,197.0,685.0,-7.0,124123.0
1065,2328.0,-16492.0,428.0,-2848.0,261.0,589.0,-2.0,124129.0
1066,2172.0,-16336.0,408.0,-2912.0,319.0,547.0,13.0,124135.0
1067,2336.0,-16352.0,384.0,-2864.0,295.0,468.0,9.0,124140.0
1068,2088.0,-16272.0,732.0,-2864.0,321.0,462.0,6.0,124146.0
1069,2088.0,-16268.0,812.0,-2864.0,308.0,355.0,4.0,124152.0
1070,2140.0,-16248.0,800.0,-2848.0,299.0,342.0,-9.0,124157.0
1071,2204.0,-16308.0,732.0,-2880.0,296.0,283.0,-30.0,124164.0
1072,2384.0,-16296.0,784.0,-2864.0,291.0,268.0,-19.0,124170.0
1073,2348.0,-16376.0,756.0,-2880.0,296.0,225.0,0.0,124175.0
1074,2492.0,-16244.0,756.0,-2880.0,297.0,182.0,6.0,124181.0
1075,2512.0,-16176.0,668.0,-2848.0,273.0,188.0,31.0,124187.0
1076,2532.0,-16316.0,876.0,-2896.0,241.0,292.0,37.0,124192.0
1077,2388.0,-16360.0,956.0,-2864.0,180.0,356.0,52.0,124198.0
1078,2344.0,-16236.0,876.0,-2880.0,163.0,389.0,74.0,124205.0
1079,2248.0,-16132.0,1012.0,-2864.0,109.0,395.0,70.0,124210.0
1080,2332.0,-16176.0,812.0,-2880.0,53.0,368.0,116.0,124216.0
1081,2476.0,-16288.0,996.0,-2896.0,17.0,415.0,96.0,124222.0
1082,2152.0,-16164.0,808.0,-2864.0,4.0,389.0,43.0,124227.0
1083,2168.0,-16088.0,940.0,-2864.0,-38.0,351.0,47.0,124233.0
1084,2304.0,-16080.0,976.0,-2864.0,-42.0,373.0,36.0,124238.0
1085,2380.0,-16108.0,792.0,-2880.0,-56.0,413.0,31.0,124244.0
1086,2288.0,-16280.0,820.0,-2912.0,-53.0,449.0,79.0,124251.0
1087,2204.0,-16312.0,648.0,-2848.0,-45.0,394.0,76.0,124256.0
1088,2308.0,-16312.0,720.0,-2896.0,-25.0,346.0,72.0,124262.0
1089,2252.0,-16384.0,804.0,-2896.0,13.0,254.0,37.0,124268.0
1090,2292.0,-16420.0,680.0,-2896.0,42.0,197.0,66.0,124273.0
1091,2328.0,-16400.0,696.0,-2880.0,109.0,111.0,61.0,124279.0
1092,2320.0,-16276.0,716.0,-2880.0,109.0,76.0,56.0,124284.0
1093,2460.0,-16252.0,916.0,-2896.0,115.0,107.0,71.0,124291.0
1094,2464.0,-16196.0,808.0,-2864.0,94.0,105.0,85.0,124297.0
1095,2416.0,-16072.0,780.0,-2864.0,80.0,141.0,103.0,124302.0
1096,2380.0,-16148.0,1000.0,-2880.0,85.0,180.0,130.0,124308.0
1097,2380.0,-16336.0,884.0,-2864.0,63.0,235.0,124.0,124314.0
1098,2468.0,-16428.0,696.0,-2864.0,134.0,215.0,122.0,124319.0
1099,2384.0,-16272.0,788.0,-2864.0,131.0,199.0,148.0,124325.0
1100,2284.0,-16392.0,876.0,-2848.0,138.0,155.0,165.0,124332.0
1101,2328.0,-16452.0,796.0,-2864.0,149.0,166.0,169.0,124338.0
1102,2184.0,-16396.0,848.0,-2880.0,169.0,117.0,159.0,124343.0
1103,2264.0,-16380.0,880.0,-2864.0,137.0,107.0,154.0,124349.0
1104,2284.0,-16144.0,868.0,-2912.0,154.0,72.0,174.0,124355.0
1105,2312.0,-16220.0,988.0,-2896.0,133.0,73.0,179.0,124360.0
1106,2224.0,-16488.0,836.0,-2864.0,146.0,58.0,193.0,124366.0
1107,2392.0,-16208.0,896.0,-2848.0,145.0,-7.0,221.0,124372.0
1108,2476.0,-16168.0,848.0,-2832.0,105.0,-17.0,213.0,124378.0
1109,2680.0,-16120.0,876.0,-2896.0,71.0,-4.0,197.0,124384.0
1110,2704.0,-16248.0,924.0,-2864.0,34.0,95.0,288.0,124390.0
1111,2504.0,-16284.0,908.0,-2864.0,72.0,171.0,257.0,124395.0
1112,2208.0,-16196.0,932.0,-2880.0,42.0,175.0,302.0,124401.0
1113,2156.0,-16056.0,1040.0,-2864.0,10.0,122.0,271.0,124407.0
1114,2368.0,-16280.0,992.0,-2880.0,17.0,155.0,311.0,124412.0
1115,2436.0,-16372.0,852.0,-2896.0,48.0,161.0,296.0,124419.0
1116,2292.0,-16336.0,740.0,-2880.0,58.0,154.0,308.0,124425.0
1117,2208.0,-16208.0,1008.0,-2880.0,91.0,167.0,281.0,124430.0
1118,2252.0,-16032.0,920.0,-2896.0,62.0,119.0,291.0,124436.0
1119,2328.0,-16096.0,1020.0,-2912.0,40.0,91.0,295.0,124442.0
1120,2504.0,-16056.0,1076.0,-2896.0,-4.0,108.0,277.0,124447.0
1121,2484.0,-16360.0,884.0,-2880.0,-10.0,163.0,279.0,124453.0
1122,2476.0,-16324.0,904.0,-2880.0,-27.0,212.0,330.0,124460.0
1123,2288.0,-16256.0,848.0,-2864.0,-42.0,282.0,310.0,124465.0
1124,2148.0,-16336.0,888.0,-2880.0,-59.0,293.0,290.0,124471.0
1125,2120.0,-16360.0,944.0,-2864.0,-76.0,286.0,322.0,124477.0
1126,2008.0,-16384.0,940.0,-2880.0,-93.0,281.0,269.0,124482.0
1127,1944.0,-16184.0,992.0,-2880.0,-79.0,238.0,250.0,124488.0
1128,2160.0,-16072.0,1172.0,-2832.0,-128.0,221.0,231.0,124494.0
1129,2148.0,-16020.0,1056.0,-2864.0,-138.0,251.0,221.0,124500.0
1130,2172.0,-16148.0,1088.0,-2848.0,-170.0,231.0,241.0,124506.0
1131,2284.0,-16136.0,928.0,-2880.0,-195.0,312.0,221.0,124512.0
1132,2164.0,-16108.0,1120.0,-2864.0,-238.0,277.0,219.0,124518.0
1133,2132.0,-16140.0,952.0,-2864.0,-264.0,248.0,206.0,124524.0
1134,2164.0,-16116.0,1004.0,-2816.0,-296.0,294.0,195.0,124529.0
1135,2152.0,-16208.0,1072.0,-2864.0,-318.0,380.0,183.0,124535.0
1136,2116.0,-16296.0,756.0,-2896.0,-294.0,427.0,162.0,124541.0
1137,1992.0,-16256.0,776.0,-2896.0,-277.0,452.0,179.0,124548.0
1138,1900.0,-16296.0,924.0,-2880.0,-256.0,424.0,141.0,124553.0
1139,1760.0,-16240.0,1008.0,-2896.0,-256.0,336.0,128.0,124559.0
1140,1640.0,-16244.0,1000.0,-2832.0,-264.0,185.0,117.0,124565.0
1141,1684.0,-16312.0,940.0,-2880.0,-257.0,5.0,64.0,124571.0
1142,2028.0,-16208.0,996.0,-2880.0,-240.0,-107.0,67.0,124576.0
1143,2104.0,-16208.0,908.0,-2864.0,-220.0,-158.0,29.0,124582.0
1144,2168.0,-16092.0,936.0,-2848.0,-185.0,-134.0,23.0,124589.0
1145,2156.0,-16096.0,832.0,-2864.0,-156.0,-154.0,24.0,124594.0
1146,2156.0,-16088.0,984.0,-2880.0,-150.0,-195.0,18.0,124600.0
1147,1972.0,-16152.0,868.0,-2832.0,-126.0,-252.0,-22.0,124606.0
1148,2156.0,-16272.0,948.0,-2880.0,-140.0,-359.0,-37.0,124611.0
1149,2268.0,-16444.0,860.0,-2864.0,-141.0,-405.0,-43.0,124617.0
1150,2200.0,-16444.0,976.0,-2880.0,-138.0,-364.0,-79.0,124623.0
1151,2212.0,-16724.0,828.0,-2864.0,-139.0,-323.0,-21.0,124630.0
1152,2252.0,-16700.0,700.0,-2864.0,-143.0,-290.0,-56.0,124635.0
1153,2144.0,-16580.0,788.0,-2896.0,-125.0,-269.0,-40.0,124641.0
1154,2136.0,-16608.0,792.0,-2880.0,-102.0,-323.0,-22.0,124647.0
1155,2052.0,-16560.0,916.0,-2896.0,-107.0,-385.0,-36.0,124652.0
1156,2164.0,-16776.0,1012.0,-2848.0,-107.0,-404.0,-23.0,124658.0
1157,2228.0,-16940.0,784.0,-2864.0,-65.0,-349.0,0.0,124664.0
1158,2548.0,-16692.0,712.0,-2864.0,-49.0,-339.0,-3.0,124669.0
1159,2740.0,-16388.0,848.0,-2896.0,-69.0,-238.0,7.0,124676.0
1160,2612.0,-16320.0,1000.0,-2832.0,-87.0,-85.0,21.0,124682.0
1161,2560.0,-16116.0,1092.0,-2880.0,-127.0,20.0,95.0,124687.0
1162,2288.0,-15956.0,1060.0,-2864.0,-153.0,102.0,129.0,124693.0
1163,2112.0,-15880.0,1124.0,-2880.0,-171.0,105.0,139.0,124699.0
1164,2008.0,-15784.0,1180.0,-2848.0,-202.0,16.0,108.0,124705.0
1165,1916.0,-15912.0,1020.0,-2864.0,-212.0,-118.0,54.0,124710.0
1166,1832.0,-16108.0,804.0,-2816.0,-183.0,-296.0,15.0,124717.0
1167,1892.0,-16220.0,984.0,-2864.0,-185.0,-353.0,-39.0,124723.0
1168,1968.0,-16412.0,764.0,-2880.0,-139.0,-437.0,-96.0,124728.0
1169,1960.0,-16380.0,908.0,-2864.0,-105.0,-438.0,-117.0,124734.0
1170,2056.0,-16228.0,760.0,-2880.0,-113.0,-415.0,-146.0,124740.0
1171,2096.0,-16324.0,928.0,-2880.0,-115.0,-386.0,-165.0,124746.0
1172,2308.0,-16160.0,1092.0,-2848.0,-156.0,-358.0,-158.0,124751.0
1173,2416.0,-16140.0,944.0,-2896.0,-195.0,-232.0,-145.0,124758.0
1174,2472.0,-16124.0,916.0,-2864.0,-205.0,-118.0,-153.0,124764.0
1175,2608.0,-16140.0,960.0,-2848.0,-263.0,50.0,-86.0,124770.0
1176,2520.0,-16252.0,864.0,-2832.0,-265.0,123.0,-121.0,124775.0
1177,2456.0,-16308.0,848.0,-2880.0,-272.0,165.0,-109.0,124781.0
1178,2368.0,-16396.0,896.0,-2864.0,-275.0,214.0,-96.0,124787.0
1179,2264.0,-16420.0,908.0,-2864.0,-285.0,183.0,-112.0,124793.0
1180,2184.0,-16384.0,900.0,-2848.0,-286.0,134.0,-73.0,124798.0
1181,2060.0,-16364.0,896.0,-2896.0,-298.0,65.0,-93.0,124805.0
1182,2056.0,-16256.0,1096.0,-2864.0,-321.0,-15.0,-93.0,124811.0
1183,1924.0,-16256.0,1048.0,-2880.0,-329.0,-170.0,-117.0,124816.0
1184,2028.0,-16132.0,1148.0,-2848.0,-323.0,-242.0,-130.0,124822.0
1185,2108.0,-16188.0,888.0,-2848.0,-341.0,-238.0,-139.0,124828.0
1186,2296.0,-16064.0,1012.0,-2864.0,-352.0,-265.0,-130.0,124834.0
