id,AcX,AcY,AcZ,Tmp,GyX,GyY,GyZ,Timer
0,5736.0,-17004.0,2008.0,-2848.0,7021.0,2564.0,3108.0,132373.0
1,5060.0,-17312.0,2360.0,-2832.0,7216.0,2972.0,3512.0,132379.0
2,4180.0,-17484.0,2724.0,-2848.0,7400.0,3263.0,3726.0,132385.0
3,3572.0,-17736.0,2796.0,-2880.0,7576.0,3418.0,3912.0,132391.0
4,2820.0,-18176.0,2856.0,-2864.0,7804.0,3392.0,4061.0,132398.0
5,2436.0,-18520.0,3148.0,-2816.0,8043.0,3251.0,4246.0,132404.0
6,2700.0,-18700.0,3228.0,-2832.0,8302.0,3044.0,4261.0,132409.0
7,2768.0,-18580.0,2752.0,-2864.0,8520.0,2883.0,4418.0,132415.0
8,2844.0,-18488.0,3076.0,-2848.0,8756.0,2751.0,4573.0,132421.0
9,2692.0,-18808.0,3312.0,-2832.0,9012.0,2702.0,4785.0,132427.0
10,2820.0,-18968.0,3464.0,-2864.0,9195.0,2644.0,5021.0,132433.0
11,3056.0,-18980.0,3360.0,-2848.0,9387.0,2611.0,5212.0,132440.0
12,3492.0,-19188.0,3480.0,-2864.0,9567.0,2654.0,5428.0,132446.0
13,3748.0,-19312.0,3560.0,-2848.0,9684.0,2724.0,5606.0,132452.0
14,4000.0,-19356.0,3576.0,-2848.0,9858.0,2937.0,5776.0,132458.0
15,4244.0,-19208.0,3464.0,-2864.0,9994.0,3146.0,5899.0,132464.0
16,4328.0,-19524.0,3572.0,-2832.0,10097.0,3510.0,6039.0,132470.0
17,2816.0,-20548.0,4280.0,-2832.0,10176.0,3968.0,6452.0,132476.0
18,1000.0,-22152.0,5664.0,-2848.0,10069.0,3937.0,7158.0,132483.0
19,1240.0,-23636.0,5824.0,-2832.0,10020.0,2944.0,7626.0,132489.0
20,3456.0,-23176.0,3740.0,-2848.0,10107.0,2442.0,7630.0,132494.0
21,5136.0,-22100.0,2148.0,-2864.0,10310.0,2793.0,7358.0,132500.0
22,5428.0,-21720.0,2660.0,-2864.0,10512.0,3512.0,7348.0,132506.0
23,4888.0,-22216.0,3172.0,-2864.0,10720.0,4438.0,7484.0,132512.0
24,3124.0,-22436.0,2884.0,-2832.0,11084.0,5199.0,7699.0,132518.0
25,1032.0,-22624.0,2380.0,-2848.0,11397.0,5422.0,8032.0,132525.0
26,-600.0,-22928.0,2704.0,-2832.0,11704.0,4936.0,8391.0,132531.0
27,-812.0,-23664.0,2452.0,-2848.0,12019.0,4043.0,8830.0,132537.0
28,-92.0,-23936.0,2212.0,-2832.0,12429.0,3026.0,9094.0,132543.0
29,1448.0,-24064.0,1820.0,-2832.0,12888.0,2128.0,9279.0,132549.0
30,3512.0,-24424.0,1852.0,-2848.0,13505.0,1574.0,9322.0,132555.0
31,4712.0,-24392.0,1820.0,-2896.0,14018.0,1411.0,9488.0,132561.0
32,6592.0,-24320.0,16.0,-2864.0,14289.0,1857.0,9422.0,132568.0
33,7772.0,-24536.0,-976.0,-2864.0,14577.0,2426.0,9308.0,132574.0
34,9164.0,-25128.0,-2540.0,-2880.0,14836.0,3613.0,9306.0,132580.0
35,9980.0,-26224.0,-4364.0,-2864.0,15248.0,4926.0,9292.0,132586.0
36,9648.0,-26520.0,-6604.0,-2816.0,15641.0,5945.0,9500.0,132592.0
37,8504.0,-25728.0,-8948.0,-2880.0,15813.0,6659.0,9795.0,132598.0
38,6944.0,-24444.0,-10516.0,-2832.0,15834.0,6783.0,10018.0,132604.0
39,5076.0,-22344.0,-10812.0,-2832.0,15722.0,6013.0,10242.0,132611.0
40,3732.0,-20204.0,-10112.0,-2864.0,15263.0,5160.0,10443.0,132617.0
41,2660.0,-18788.0,-9640.0,-2864.0,14580.0,4650.0,10806.0,132623.0
42,1664.0,-17860.0,-8372.0,-2832.0,13905.0,3595.0,10897.0,132629.0
43,488.0,-17180.0,-4288.0,-2864.0,13431.0,2399.0,11062.0,132635.0
44,76.0,-17476.0,544.0,-2816.0,13064.0,1161.0,11266.0,132641.0
45,272.0,-18288.0,5472.0,-2832.0,13166.0,-30.0,11541.0,132647.0
46,376.0,-19544.0,8056.0,-2864.0,13159.0,-1128.0,11612.0,132654.0
47,996.0,-20016.0,7336.0,-2864.0,12604.0,-2364.0,11135.0,132660.0
48,1632.0,-20084.0,5708.0,-2848.0,11914.0,-3952.0,10235.0,132666.0
49,1888.0,-20604.0,5040.0,-2864.0,11613.0,-5763.0,9447.0,132672.0
50,1652.0,-21952.0,5232.0,-2832.0,11978.0,-7357.0,9017.0,132678.0
51,540.0,-23004.0,4548.0,-2848.0,12862.0,-8453.0,8927.0,132684.0
52,1024.0,-20424.0,2644.0,-2864.0,12849.0,-8427.0,8988.0,132690.0
53,1960.0,-16472.0,-68.0,-2832.0,12162.0,-8835.0,8796.0,132697.0
54,3544.0,-13060.0,820.0,-2864.0,11522.0,-9505.0,8389.0,132702.0
55,5692.0,-11036.0,-792.0,-2848.0,10371.0,-8352.0,8712.0,132708.0
56,5764.0,-11396.0,-3136.0,-2832.0,8322.0,-5208.0,8748.0,132714.0
57,3232.0,-12120.0,-6592.0,-2848.0,6621.0,-2699.0,8511.0,132720.0
58,3276.0,-10452.0,-9320.0,-2864.0,4970.0,-2635.0,8040.0,132726.0
59,4728.0,-8672.0,-10468.0,-2816.0,3066.0,-3434.0,7418.0,132732.0
60,5304.0,-8580.0,-10228.0,-2864.0,1661.0,-4491.0,6247.0,132739.0
61,4712.0,-7828.0,-9148.0,-2880.0,442.0,-5315.0,5869.0,132745.0
62,4148.0,-6832.0,-8336.0,-2864.0,-838.0,-5700.0,6044.0,132751.0
63,3688.0,-5676.0,-8124.0,-2832.0,-2371.0,-5642.0,6124.0,132757.0
64,3400.0,-4852.0,-7704.0,-2880.0,-4161.0,-5403.0,5821.0,132763.0
65,3440.0,-4408.0,-7200.0,-2848.0,-5947.0,-5343.0,5113.0,132769.0
66,3484.0,-4056.0,-6932.0,-2864.0,-7741.0,-5656.0,4014.0,132775.0
67,3328.0,-3868.0,-6228.0,-2880.0,-9491.0,-6270.0,2921.0,132782.0
68,3192.0,-3796.0,-5540.0,-2832.0,-11150.0,-7043.0,1975.0,132787.0
69,2760.0,-3968.0,-4584.0,-2848.0,-12707.0,-7711.0,1264.0,132793.0
70,2796.0,-3852.0,-4352.0,-2864.0,-14368.0,-8072.0,718.0,132799.0
71,2864.0,-3516.0,-4880.0,-2848.0,-16248.0,-8238.0,193.0,132805.0
72,3348.0,-3140.0,-5880.0,-2848.0,-18260.0,-8339.0,-259.0,132811.0
73,4060.0,-3396.0,-6368.0,-2832.0,-20275.0,-8438.0,-731.0,132817.0
74,4752.0,-3872.0,-6680.0,-2848.0,-22193.0,-8257.0,-1170.0,132824.0
75,5312.0,-4636.0,-6532.0,-2864.0,-24028.0,-7948.0,-1611.0,132830.0
76,5736.0,-6044.0,-6380.0,-2816.0,-25580.0,-7534.0,-2010.0,132836.0
77,6080.0,-7616.0,-5392.0,-2848.0,-26822.0,-7097.0,-2260.0,132842.0
78,6352.0,-8568.0,-4332.0,-2832.0,-27775.0,-6528.0,-2601.0,132848.0
79,6360.0,-9460.0,-3716.0,-2848.0,-28797.0,-5964.0,-3078.0,132854.0
80,6408.0,-10248.0,-3324.0,-2864.0,-29913.0,-5394.0,-3664.0,132860.0
81,6584.0,-11368.0,-2996.0,-2864.0,-31078.0,-4796.0,-4285.0,132867.0
82,6860.0,-12832.0,-2368.0,-2832.0,-32183.0,-4144.0,-4933.0,132873.0
83,7040.0,-14360.0,-1848.0,-2848.0,-32768.0,-3451.0,-5471.0,132879.0
84,7040.0,-15612.0,-1260.0,-2880.0,-32768.0,-2625.0,-5956.0,132885.0
85,6928.0,-16608.0,-1068.0,-2832.0,-32768.0,-1883.0,-6482.0,132891.0
86,6332.0,-17544.0,-684.0,-2864.0,-32768.0,-1208.0,-7046.0,132897.0
87,5676.0,-18976.0,-224.0,-2864.0,-32768.0,-787.0,-7660.0,132903.0
88,5032.0,-20380.0,180.0,-2832.0,-32768.0,-613.0,-8210.0,132910.0
89,4208.0,-21080.0,560.0,-2848.0,-32768.0,-367.0,-8689.0,132916.0
90,3692.0,-21364.0,628.0,-2832.0,-32768.0,-407.0,-9407.0,132922.0
91,3416.0,-22284.0,732.0,-2816.0,-32768.0,-591.0,-10173.0,132928.0
92,3504.0,-23744.0,772.0,-2816.0,-32768.0,-771.0,-10779.0,132934.0
93,3420.0,-24972.0,700.0,-2880.0,-32768.0,-934.0,-11236.0,132940.0
94,3448.0,-25728.0,548.0,-2848.0,-32768.0,-1063.0,-11582.0,132946.0
95,3448.0,-26768.0,756.0,-2864.0,-32768.0,-1213.0,-11992.0,132953.0
96,3216.0,-27644.0,988.0,-2832.0,-32768.0,-1393.0,-12306.0,132960.0
97,2944.0,-27772.0,1764.0,-2880.0,-32768.0,-1619.0,-12633.0,132966.0
98,2652.0,-27848.0,2604.0,-2832.0,-32768.0,-2024.0,-13146.0,132972.0
99,2092.0,-28488.0,3796.0,-2848.0,-32768.0,-2706.0,-13603.0,132978.0
100,1792.0,-29164.0,5136.0,-2848.0,-32768.0,-3792.0,-14122.0,132984.0
101,1688.0,-30052.0,7072.0,-2864.0,-32768.0,-4913.0,-14576.0,132992.0
102,2024.0,-30648.0,8540.0,-2848.0,-32768.0,-5728.0,-14984.0,132998.0
103,2916.0,-31104.0,9456.0,-2864.0,-32768.0,-5962.0,-15178.0,133004.0
104,4344.0,-31640.0,10512.0,-2864.0,-32768.0,-5445.0,-15143.0,133010.0
105,5556.0,-31988.0,11676.0,-2832.0,-32572.0,-4325.0,-14824.0,133017.0
106,6356.0,-31932.0,13104.0,-2864.0,-31406.0,-2772.0,-14274.0,133023.0
107,6656.0,-31656.0,14228.0,-2864.0,-30174.0,-1051.0,-13628.0,133029.0
108,6724.0,-30964.0,14848.0,-2800.0,-28863.0,787.0,-12974.0,133036.0
109,6452.0,-30728.0,15732.0,-2848.0,-27429.0,2542.0,-12255.0,133043.0
110,5708.0,-30748.0,16768.0,-2832.0,-25756.0,4284.0,-11725.0,133049.0
111,4608.0,-30724.0,18052.0,-2848.0,-23837.0,5977.0,-11181.0,133055.0
112,2956.0,-30544.0,19360.0,-2864.0,-22036.0,7729.0,-10647.0,133061.0
113,-1088.0,-30740.0,20568.0,-2864.0,-19530.0,9297.0,-10216.0,133068.0
114,-216.0,-29084.0,23368.0,-2832.0,-17543.0,11301.0,-6721.0,133074.0
115,-4140.0,-28620.0,25860.0,-2816.0,-15125.0,13042.0,-7807.0,133081.0
116,-9048.0,-26988.0,28616.0,-2848.0,-12481.0,14062.0,-6070.0,133087.0
117,-12224.0,-26360.0,30868.0,-2848.0,-9175.0,14326.0,-4484.0,133094.0
118,-15144.0,-25688.0,31832.0,-2848.0,-5701.0,13588.0,-2119.0,133100.0
119,-13812.0,-25216.0,31528.0,-2848.0,-2090.0,12306.0,157.0,133106.0
120,-13576.0,-24900.0,30176.0,-2848.0,1343.0,10210.0,801.0,133112.0
121,-13012.0,-24632.0,28284.0,-2848.0,4476.0,7380.0,1993.0,133118.0
122,-10280.0,-23700.0,25948.0,-2848.0,7255.0,4439.0,2726.0,133126.0
123,-8492.0,-22588.0,24564.0,-2880.0,9600.0,1954.0,3288.0,133132.0
124,-7652.0,-21060.0,22220.0,-2832.0,11171.0,37.0,3538.0,133138.0
125,-6956.0,-18184.0,17500.0,-2848.0,11822.0,-2192.0,3425.0,133144.0
126,-4704.0,-10128.0,512.0,-2848.0,9179.0,-4801.0,2409.0,133150.0
127,17144.0,6392.0,-32768.0,-2864.0,-4756.0,-4486.0,-5210.0,133156.0
128,32767.0,-21460.0,-32768.0,-2864.0,-9856.0,-7304.0,-17982.0,133163.0
129,21992.0,-32768.0,-27268.0,-2848.0,2958.0,-19918.0,-7475.0,133169.0
130,3444.0,-32768.0,5584.0,-2848.0,12330.0,-11131.0,7428.0,133175.0
131,-17852.0,-32768.0,25792.0,-2848.0,13902.0,12806.0,9559.0,133181.0
132,-23900.0,-32768.0,32767.0,-2864.0,14225.0,15413.0,1991.0,133188.0
133,-15712.0,-32768.0,23552.0,-2848.0,14610.0,-3399.0,-5750.0,133194.0
134,-8908.0,-32768.0,3444.0,-2848.0,15003.0,-20538.0,-5733.0,133200.0
135,2572.0,-25236.0,-9492.0,-2864.0,15834.0,-20491.0,-1517.0,133207.0
136,10040.0,-18448.0,-4392.0,-2880.0,16838.0,-12500.0,835.0,133214.0
137,12004.0,-10548.0,1092.0,-2864.0,15206.0,-5191.0,-2201.0,133220.0
138,5844.0,-6392.0,360.0,-2864.0,11600.0,-2160.0,-2667.0,133226.0
139,7292.0,-7608.0,-1380.0,-2848.0,9093.0,-2811.0,-1697.0,133232.0
140,11444.0,-11508.0,-3424.0,-2864.0,8340.0,-4751.0,-1824.0,133238.0
141,14120.0,-13688.0,-5012.0,-2848.0,8644.0,-5868.0,-1962.0,133244.0
142,13928.0,-14352.0,-5136.0,-2848.0,9180.0,-2749.0,-403.0,133251.0
143,12576.0,-15700.0,-5108.0,-2848.0,9806.0,2942.0,1438.0,133257.0
144,10764.0,-17004.0,-4924.0,-2880.0,10578.0,6191.0,1933.0,133263.0
145,7892.0,-17056.0,-3848.0,-2864.0,10937.0,6390.0,1895.0,133269.0
146,4740.0,-15916.0,-2668.0,-2864.0,10653.0,6110.0,2019.0,133275.0
147,2148.0,-14036.0,-2168.0,-2848.0,9827.0,6136.0,2269.0,133281.0
148,672.0,-13288.0,-1812.0,-2864.0,8876.0,6080.0,2019.0,133287.0
149,-644.0,-14528.0,-1912.0,-2848.0,8361.0,5477.0,1001.0,133294.0
150,-1200.0,-16444.0,-2564.0,-2880.0,8689.0,4046.0,-56.0,133300.0
151,-8.0,-17448.0,-3604.0,-2848.0,9448.0,1984.0,-755.0,133306.0
152,2156.0,-17580.0,-3520.0,-2848.0,10237.0,-142.0,-1277.0,133312.0
153,3472.0,-17192.0,-1928.0,-2832.0,10554.0,-1361.0,-1409.0,133317.0
154,3764.0,-16976.0,-448.0,-2832.0,10331.0,-950.0,-1285.0,133324.0
155,4272.0,-16412.0,-372.0,-2848.0,9863.0,-251.0,-1241.0,133330.0
156,6056.0,-15424.0,-968.0,-2848.0,9410.0,20.0,-1144.0,133336.0
157,7920.0,-14772.0,-2192.0,-2848.0,9111.0,731.0,-833.0,133342.0
158,9468.0,-14068.0,-2848.0,-2848.0,8891.0,2044.0,-443.0,133348.0
159,9716.0,-13620.0,-2844.0,-2864.0,8595.0,3839.0,66.0,133354.0
160,9100.0,-13744.0,-2868.0,-2832.0,8301.0,5709.0,605.0,133360.0
161,7420.0,-14560.0,-2880.0,-2880.0,8135.0,7078.0,1045.0,133366.0
162,5576.0,-15320.0,-2600.0,-2864.0,8033.0,7495.0,1296.0,133372.0
163,3832.0,-15848.0,-2220.0,-2880.0,7946.0,7169.0,1291.0,133379.0
164,3252.0,-16100.0,-2244.0,-2864.0,7944.0,6260.0,1162.0,133385.0
165,3704.0,-15816.0,-2380.0,-2848.0,7973.0,4850.0,992.0,133391.0
166,4624.0,-14964.0,-1868.0,-2848.0,7828.0,3514.0,1086.0,133396.0
167,5572.0,-14648.0,-1396.0,-2864.0,7609.0,2716.0,1334.0,133402.0
168,6068.0,-14732.0,-1120.0,-2816.0,7369.0,2508.0,1630.0,133408.0
169,6232.0,-14944.0,-924.0,-2864.0,7138.0,2633.0,1926.0,133414.0
170,6336.0,-15288.0,-624.0,-2848.0,6914.0,3028.0,2135.0,133421.0
171,6264.0,-15316.0,-596.0,-2864.0,6685.0,3502.0,2317.0,133427.0
172,5948.0,-15492.0,-460.0,-2832.0,6500.0,4084.0,2530.0,133433.0
173,5332.0,-15788.0,-288.0,-2880.0,6346.0,4621.0,2626.0,133439.0
174,4776.0,-16016.0,-416.0,-2880.0,6255.0,4987.0,2659.0,133445.0
175,4412.0,-16028.0,-252.0,-2864.0,6163.0,5037.0,2670.0,133451.0
176,3952.0,-16040.0,-132.0,-2864.0,6119.0,4903.0,2602.0,133457.0
177,3568.0,-16116.0,-100.0,-2880.0,6070.0,4642.0,2520.0,133463.0
178,3516.0,-16124.0,52.0,-2848.0,6021.0,4314.0,2442.0,133469.0
179,3656.0,-16140.0,36.0,-2848.0,6002.0,4011.0,2325.0,133475.0
180,3828.0,-15972.0,108.0,-2880.0,5981.0,3608.0,2256.0,133481.0
181,4280.0,-15872.0,312.0,-2832.0,5919.0,3330.0,2212.0,133487.0
182,4528.0,-15824.0,432.0,-2864.0,5820.0,3181.0,2201.0,133493.0
183,4572.0,-15880.0,584.0,-2848.0,5732.0,3124.0,2216.0,133499.0
184,4604.0,-15648.0,644.0,-2848.0,5612.0,3057.0,2213.0,133506.0
185,4596.0,-15584.0,904.0,-2832.0,5474.0,3081.0,2183.0,133512.0
186,4460.0,-15716.0,1032.0,-2864.0,5352.0,3072.0,2144.0,133517.0
187,4272.0,-15792.0,1060.0,-2848.0,5212.0,3065.0,2175.0,133523.0
188,4008.0,-15800.0,1268.0,-2864.0,5086.0,3109.0,2048.0,133529.0
189,4004.0,-15992.0,1384.0,-2848.0,4982.0,3009.0,2010.0,133535.0
190,3956.0,-15884.0,1324.0,-2832.0,4895.0,2962.0,1900.0,133541.0
191,3732.0,-15900.0,1376.0,-2880.0,4821.0,2899.0,1810.0,133548.0
192,3864.0,-15996.0,1520.0,-2880.0,4758.0,2876.0,1701.0,133554.0
193,3912.0,-15908.0,1408.0,-2832.0,4671.0,2873.0,1599.0,133560.0
194,3864.0,-16080.0,1640.0,-2848.0,4633.0,2898.0,1607.0,133566.0
195,3952.0,-16064.0,1660.0,-2848.0,4537.0,3014.0,1536.0,133572.0
196,3908.0,-15952.0,1696.0,-2832.0,4491.0,3088.0,1523.0,133578.0
197,3908.0,-16072.0,1812.0,-2832.0,4439.0,3103.0,1475.0,133584.0
198,4520.0,-15904.0,2000.0,-2848.0,4332.0,3197.0,1390.0,133590.0
199,4592.0,-15880.0,1736.0,-2864.0,4263.0,3290.0,1380.0,133596.0
200,4488.0,-16084.0,2032.0,-2816.0,4242.0,3427.0,1493.0,133602.0
201,5532.0,-15956.0,1964.0,-2848.0,4206.0,3689.0,1212.0,133608.0
202,4920.0,-15668.0,1796.0,-2864.0,4137.0,3825.0,1468.0,133614.0
203,4584.0,-16028.0,1876.0,-2848.0,4125.0,4042.0,1580.0,133620.0
204,4188.0,-16116.0,1852.0,-2864.0,4157.0,4266.0,1604.0,133626.0
205,3828.0,-16368.0,1776.0,-2864.0,4278.0,4279.0,1733.0,133633.0
206,3764.0,-16472.0,1748.0,-2848.0,4351.0,4234.0,1789.0,133639.0
207,3916.0,-16720.0,1536.0,-2864.0,4448.0,4177.0,1820.0,133645.0
208,4224.0,-16944.0,1404.0,-2864.0,4623.0,4127.0,1852.0,133651.0
209,4360.0,-16988.0,1464.0,-2848.0,4813.0,4149.0,1904.0,133657.0
210,4580.0,-17108.0,1564.0,-2864.0,5009.0,4274.0,1932.0,133662.0
211,4796.0,-17144.0,1552.0,-2864.0,5246.0,4427.0,2016.0,133668.0
212,4988.0,-17328.0,1524.0,-2880.0,5484.0,4615.0,2158.0,133675.0
213,4696.0,-16488.0,1408.0,-2864.0,5614.0,4807.0,1666.0,133681.0
214,6916.0,-18144.0,1360.0,-2864.0,6145.0,4751.0,2920.0,133687.0
215,5244.0,-16696.0,1740.0,-2848.0,6270.0,5579.0,2336.0,133693.0
216,4740.0,-17340.0,1496.0,-2896.0,6536.0,5344.0,2799.0,133699.0
217,4380.0,-17388.0,1740.0,-2896.0,6772.0,5280.0,3081.0,133705.0
218,4000.0,-17184.0,2160.0,-2848.0,6972.0,5248.0,3438.0,133711.0
219,3144.0,-17436.0,2344.0,-2832.0,7216.0,5133.0,3508.0,133718.0
220,2336.0,-17716.0,2716.0,-2832.0,7436.0,4828.0,3615.0,133724.0
221,2144.0,-17840.0,2608.0,-2880.0,7669.0,4402.0,3906.0,133730.0
222,2096.0,-18080.0,2736.0,-2864.0,7882.0,4134.0,4233.0,133735.0
223,2004.0,-18332.0,2872.0,-2880.0,8090.0,3886.0,4490.0,133741.0
224,1728.0,-18648.0,2864.0,-2864.0,8343.0,3672.0,4709.0,133747.0
225,1212.0,-18964.0,2884.0,-2864.0,8603.0,3490.0,4937.0,133753.0
226,820.0,-18988.0,2952.0,-2880.0,8905.0,3160.0,5077.0,133760.0
227,524.0,-19188.0,3040.0,-2848.0,9254.0,2767.0,5324.0,133766.0
228,424.0,-19276.0,3096.0,-2832.0,9607.0,2409.0,5634.0,133772.0
229,528.0,-19396.0,3028.0,-2832.0,9965.0,2071.0,5986.0,133778.0
230,1304.0,-19568.0,2960.0,-2880.0,10384.0,1745.0,6330.0,133784.0
231,2116.0,-19816.0,2780.0,-2864.0,10810.0,1442.0,6659.0,133790.0
232,3456.0,-20104.0,2736.0,-2864.0,11206.0,1243.0,6994.0,133795.0
233,4936.0,-20700.0,2772.0,-2864.0,11674.0,1168.0,7251.0,133801.0
234,6460.0,-20884.0,2476.0,-2880.0,12085.0,1387.0,7596.0,133808.0
235,7464.0,-21188.0,2252.0,-2864.0,12511.0,1940.0,7909.0,133814.0
236,7472.0,-22212.0,2192.0,-2848.0,12899.0,2698.0,8271.0,133820.0
237,6304.0,-23464.0,3052.0,-2864.0,13338.0,3460.0,8981.0,133826.0
238,5152.0,-25076.0,3600.0,-2848.0,13605.0,3308.0,9737.0,133832.0
239,5672.0,-26112.0,2864.0,-2864.0,14010.0,2893.0,10181.0,133838.0
240,7372.0,-25580.0,1728.0,-2864.0,14497.0,3008.0,10179.0,133844.0
241,8364.0,-25484.0,1580.0,-2864.0,15145.0,3459.0,10177.0,133851.0
242,8756.0,-26640.0,1572.0,-2816.0,15776.0,4120.0,10301.0,133857.0
243,8964.0,-28452.0,2004.0,-2848.0,16574.0,4858.0,10355.0,133863.0
244,8632.0,-29332.0,1604.0,-2864.0,17351.0,5462.0,10597.0,133869.0
245,8712.0,-29768.0,204.0,-2864.0,17977.0,6004.0,10517.0,133875.0
246,9152.0,-29476.0,-952.0,-2880.0,18407.0,6265.0,10256.0,133881.0
247,10640.0,-29852.0,-2788.0,-2832.0,18618.0,7059.0,9812.0,133888.0
248,12284.0,-31884.0,-6712.0,-2864.0,18904.0,8727.0,9309.0,133894.0
249,12592.0,-32768.0,-10828.0,-2864.0,19299.0,10260.0,9320.0,133900.0
250,11160.0,-31952.0,-15104.0,-2864.0,19382.0,11521.0,9831.0,133906.0
251,8876.0,-29944.0,-16724.0,-2880.0,19184.0,12010.0,10358.0,133913.0
252,5856.0,-27096.0,-17260.0,-2912.0,18575.0,11127.0,10749.0,133919.0
253,2172.0,-23456.0,-16968.0,-2864.0,17583.0,8739.0,11292.0,133925.0
254,104.0,-20128.0,-16656.0,-2864.0,16058.0,6087.0,11683.0,133932.0
255,-620.0,-17196.0,-15176.0,-2832.0,14060.0,3086.0,11501.0,133938.0
256,52.0,-16024.0,-8756.0,-2848.0,12556.0,426.0,11131.0,133944.0
257,1700.0,-16744.0,1772.0,-2864.0,12333.0,-948.0,11101.0,133950.0
258,2988.0,-19460.0,15324.0,-2848.0,13759.0,-1656.0,11229.0,133956.0
259,3320.0,-18660.0,12580.0,-2832.0,14421.0,-1413.0,10763.0,133962.0
260,3356.0,-17908.0,9000.0,-2832.0,13511.0,-1134.0,9521.0,133968.0
261,3024.0,-18824.0,7772.0,-2848.0,12740.0,-1457.0,8463.0,133975.0
262,2680.0,-20896.0,7620.0,-2864.0,12622.0,-2322.0,7373.0,133981.0
263,2236.0,-21260.0,5068.0,-2864.0,12423.0,-3278.0,6594.0,133987.0
264,2680.0,-18952.0,1616.0,-2880.0,11833.0,-4007.0,6166.0,133993.0
265,5316.0,-15836.0,600.0,-2848.0,11239.0,-3372.0,5692.0,133999.0
266,6896.0,-11264.0,-1140.0,-2864.0,10227.0,-1383.0,5409.0,134005.0
267,5876.0,-7624.0,-2440.0,-2848.0,8638.0,513.0,5455.0,134011.0
268,4116.0,-5840.0,-3544.0,-2880.0,6744.0,2005.0,5563.0,134018.0
269,3092.0,-5212.0,-4840.0,-2864.0,4757.0,3150.0,5418.0,134024.0
270,2292.0,-4300.0,-7168.0,-2832.0,2717.0,3776.0,5035.0,134030.0
271,2160.0,-3312.0,-8964.0,-2816.0,677.0,3936.0,4488.0,134036.0
272,2304.0,-2476.0,-9616.0,-2864.0,-1203.0,3935.0,3865.0,134042.0
273,2408.0,-2148.0,-9364.0,-2832.0,-2972.0,3634.0,3265.0,134047.0
274,2184.0,-2200.0,-8568.0,-2880.0,-4581.0,2872.0,2757.0,134053.0
275,1832.0,-2752.0,-7308.0,-2848.0,-6024.0,1795.0,2300.0,134060.0
276,1068.0,-3376.0,-5548.0,-2832.0,-7224.0,580.0,1806.0,134066.0
277,164.0,-3544.0,-4560.0,-2864.0,-8393.0,-503.0,1235.0,134072.0
278,-476.0,-2992.0,-4012.0,-2832.0,-9697.0,-1644.0,442.0,134078.0
279,-748.0,-2360.0,-3792.0,-2864.0,-11273.0,-2755.0,-422.0,134084.0
280,-276.0,-1884.0,-3980.0,-2864.0,-13065.0,-3685.0,-1234.0,134089.0
281,484.0,-1932.0,-4424.0,-2880.0,-15015.0,-4317.0,-2091.0,134095.0
282,1316.0,-2200.0,-4700.0,-2832.0,-16970.0,-4559.0,-2913.0,134102.0
283,1916.0,-2824.0,-4948.0,-2848.0,-18814.0,-4650.0,-3616.0,134108.0
284,2292.0,-3740.0,-4588.0,-2864.0,-20400.0,-4618.0,-4199.0,134114.0
285,2352.0,-5004.0,-4572.0,-2880.0,-21863.0,-4516.0,-4706.0,134120.0
286,2132.0,-6008.0,-4296.0,-2848.0,-23086.0,-4272.0,-5131.0,134126.0
287,1608.0,-6892.0,-3804.0,-2832.0,-24184.0,-4038.0,-5587.0,134132.0
288,1056.0,-7724.0,-3528.0,-2848.0,-25202.0,-4276.0,-5931.0,134138.0
289,732.0,-8496.0,-3200.0,-2864.0,-26216.0,-4785.0,-6321.0,134145.0
290,460.0,-9364.0,-2684.0,-2880.0,-27221.0,-5512.0,-6748.0,134151.0
291,604.0,-10452.0,-2052.0,-2864.0,-28193.0,-6105.0,-7078.0,134157.0
292,1140.0,-11508.0,-1432.0,-2832.0,-29130.0,-6565.0,-7391.0,134163.0
293,1968.0,-12868.0,-796.0,-2832.0,-30012.0,-6772.0,-7745.0,134169.0
294,2912.0,-13992.0,-296.0,-2848.0,-30794.0,-6616.0,-8075.0,134175.0
295,3432.0,-15180.0,276.0,-2816.0,-31448.0,-6242.0,-8406.0,134181.0
296,3816.0,-16500.0,724.0,-2832.0,-31924.0,-5865.0,-8657.0,134188.0
297,2652.0,-17696.0,1436.0,-2848.0,-32362.0,-6420.0,-8841.0,134194.0
298,4904.0,-18916.0,1976.0,-2832.0,-32552.0,-5807.0,-9290.0,134200.0
299,4320.0,-19268.0,2500.0,-2864.0,-32768.0,-5250.0,-9443.0,134206.0
300,3316.0,-19152.0,2464.0,-2864.0,-32768.0,-4818.0,-9664.0,134212.0
301,2804.0,-19468.0,2272.0,-2864.0,-32768.0,-4832.0,-10149.0,134218.0
302,2576.0,-20244.0,2264.0,-2848.0,-32768.0,-5068.0,-10764.0,134224.0
303,2712.0,-21100.0,2312.0,-2880.0,-32768.0,-5416.0,-11391.0,134231.0
304,2904.0,-22060.0,2660.0,-2864.0,-32768.0,-5683.0,-11882.0,134238.0
305,3516.0,-23100.0,2716.0,-2848.0,-32768.0,-5769.0,-12457.0,134244.0
306,3896.0,-24140.0,2924.0,-2864.0,-32768.0,-5715.0,-12853.0,134250.0
307,4420.0,-24900.0,2600.0,-2864.0,-32768.0,-5508.0,-13309.0,134256.0
308,4592.0,-25604.0,2696.0,-2848.0,-32768.0,-5401.0,-13739.0,134263.0
309,3996.0,-26820.0,3448.0,-2832.0,-32768.0,-5445.0,-14091.0,134269.0
310,2544.0,-27928.0,4772.0,-2848.0,-32768.0,-5838.0,-14384.0,134276.0
311,1076.0,-28372.0,5992.0,-2848.0,-32768.0,-6687.0,-14761.0,134282.0
312,-236.0,-29140.0,7828.0,-2864.0,-32768.0,-7934.0,-15130.0,134288.0
313,-472.0,-29852.0,9152.0,-2848.0,-32768.0,-9212.0,-15466.0,134295.0
314,676.0,-29916.0,10076.0,-2864.0,-32723.0,-9765.0,-15603.0,134301.0
315,3180.0,-29948.0,11044.0,-2864.0,-32073.0,-9433.0,-15360.0,134307.0
316,5152.0,-30388.0,11712.0,-2864.0,-31164.0,-8609.0,-14683.0,134313.0
317,7072.0,-31048.0,12616.0,-2864.0,-29877.0,-7279.0,-13907.0,134321.0
318,7932.0,-31072.0,13548.0,-2864.0,-28453.0,-5511.0,-13118.0,134327.0
319,8368.0,-30400.0,14356.0,-2864.0,-26966.0,-3528.0,-12162.0,134333.0
320,8272.0,-29780.0,15012.0,-2896.0,-25453.0,-1335.0,-11225.0,134340.0
321,7944.0,-29016.0,16060.0,-2848.0,-23852.0,929.0,-10353.0,134346.0
322,7692.0,-28628.0,17272.0,-2864.0,-22198.0,3140.0,-9771.0,134352.0
323,6840.0,-28004.0,18564.0,-2864.0,-20545.0,5472.0,-9479.0,134359.0
324,3856.0,-25512.0,18280.0,-2848.0,-18687.0,7813.0,-8827.0,134365.0
325,376.0,-27740.0,21704.0,-2864.0,-17159.0,9811.0,-9695.0,134372.0
326,4568.0,-26752.0,22296.0,-2864.0,-15073.0,12619.0,-5452.0,134378.0
327,824.0,-26664.0,22960.0,-2816.0,-12535.0,15589.0,-7662.0,134384.0
328,-6028.0,-24960.0,24592.0,-2864.0,-10173.0,17375.0,-7142.0,134390.0
329,-11108.0,-23948.0,24476.0,-2864.0,-7658.0,17365.0,-5303.0,134396.0
330,-13516.0,-23284.0,24664.0,-2832.0,-4854.0,15711.0,-3350.0,134404.0
331,-15236.0,-22632.0,24412.0,-2848.0,-2188.0,13704.0,-1165.0,134410.0
332,-15368.0,-22604.0,23772.0,-2848.0,469.0,11392.0,402.0,134416.0
333,-15232.0,-22424.0,23292.0,-2848.0,2970.0,8891.0,1371.0,134422.0
334,-14548.0,-22272.0,22820.0,-2896.0,5293.0,6300.0,2084.0,134428.0
335,-12936.0,-21956.0,21856.0,-2864.0,7487.0,3682.0,2526.0,134434.0
336,-12052.0,-22140.0,21024.0,-2896.0,9495.0,1384.0,3018.0,134440.0
337,-9616.0,-19556.0,21208.0,-2864.0,10999.0,-378.0,3521.0,134447.0
338,-9828.0,-18728.0,18184.0,-2832.0,12295.0,-2240.0,4524.0,134453.0
339,-9596.0,-14480.0,4444.0,-2880.0,12221.0,-4921.0,4237.0,134460.0
340,3552.0,-1768.0,-32768.0,-2848.0,3567.0,-5987.0,672.0,134466.0
341,32767.0,-6296.0,-32768.0,-2880.0,-9598.0,-5516.0,-12648.0,134472.0
342,32767.0,-32768.0,-32768.0,-2848.0,-2600.0,-14241.0,-16709.0,134478.0
343,15648.0,-32768.0,-8056.0,-2864.0,13439.0,-16311.0,6501.0,134484.0
344,-1228.0,-28736.0,13376.0,-2896.0,14952.0,7874.0,13288.0,134492.0
345,-24408.0,-31488.0,30232.0,-2864.0,14512.0,18876.0,9946.0,134498.0
346,-25212.0,-32768.0,32767.0,-2896.0,15921.0,8423.0,5470.0,134504.0
347,-20496.0,-32768.0,18836.0,-2864.0,17930.0,-6645.0,728.0,134510.0
348,-11136.0,-27460.0,-3916.0,-2880.0,17579.0,-14167.0,763.0,134516.0
349,3676.0,-13656.0,-13820.0,-2896.0,16034.0,-15893.0,1605.0,134522.0
350,16256.0,-2572.0,-6664.0,-2880.0,13828.0,-13983.0,367.0,134530.0
351,13952.0,-2588.0,828.0,-2912.0,11976.0,-10030.0,-56.0,134536.0
352,10196.0,-6340.0,2820.0,-2864.0,10694.0,-8418.0,1099.0,134542.0
353,10056.0,-8788.0,948.0,-2880.0,9594.0,-9051.0,584.0,134548.0
354,10588.0,-10028.0,-1028.0,-2864.0,8487.0,-10232.0,-282.0,134553.0
355,11176.0,-13528.0,-1668.0,-2848.0,7955.0,-9461.0,614.0,134560.0
356,10472.0,-17132.0,-632.0,-2896.0,8015.0,-5769.0,2163.0,134565.0
357,7504.0,-19660.0,-204.0,-2880.0,8252.0,-1076.0,3029.0,134572.0
358,3456.0,-20212.0,-592.0,-2864.0,8470.0,2062.0,3166.0,134578.0
359,560.0,-19576.0,-892.0,-2896.0,8554.0,2817.0,2667.0,134584.0
360,-328.0,-18812.0,-1260.0,-2880.0,8411.0,1949.0,2005.0,134590.0
361,348.0,-17500.0,-1700.0,-2880.0,8183.0,582.0,1364.0,134596.0
362,1240.0,-16012.0,-1860.0,-2848.0,7818.0,-200.0,1003.0,134602.0
363,2148.0,-14604.0,-1708.0,-2896.0,7257.0,-35.0,839.0,134608.0
364,2044.0,-13688.0,-1184.0,-2832.0,6608.0,808.0,396.0,134615.0
365,952.0,-13884.0,-1196.0,-2896.0,5934.0,1547.0,-241.0,134620.0
366,-156.0,-15124.0,-1132.0,-2864.0,5488.0,1717.0,-1007.0,134626.0
367,-1156.0,-16552.0,-1040.0,-2816.0,5320.0,1329.0,-1839.0,134632.0
368,-1124.0,-17568.0,-1232.0,-2864.0,5386.0,527.0,-2603.0,134638.0
369,-24.0,-18048.0,-1348.0,-2896.0,5596.0,-535.0,-3172.0,134644.0
370,1508.0,-17720.0,-1484.0,-2864.0,5812.0,-1668.0,-3456.0,134650.0
371,4016.0,-16716.0,-1448.0,-2864.0,5866.0,-2739.0,-3335.0,134657.0
372,6296.0,-15688.0,-1428.0,-2912.0,5729.0,-3285.0,-2954.0,134663.0
373,8204.0,-14888.0,-1576.0,-2896.0,5429.0,-2927.0,-2433.0,134669.0
374,9076.0,-15012.0,-1236.0,-2832.0,5283.0,-1869.0,-2007.0,134675.0
375,8676.0,-15052.0,-1116.0,-2864.0,5209.0,-569.0,-1522.0,134681.0
376,7792.0,-15080.0,-1036.0,-2880.0,5057.0,626.0,-1002.0,134687.0
377,6796.0,-15352.0,-892.0,-2896.0,4856.0,1704.0,-621.0,134693.0
378,5700.0,-15456.0,-572.0,-2864.0,4655.0,2500.0,-386.0,134700.0
379,4952.0,-15880.0,-216.0,-2864.0,4475.0,2924.0,-229.0,134705.0
380,4368.0,-16448.0,-608.0,-2864.0,4444.0,3073.0,-147.0,134711.0
381,4268.0,-17200.0,-1140.0,-2880.0,4608.0,2851.0,-157.0,134717.0
382,4668.0,-15572.0,-1324.0,-2880.0,4616.0,2218.0,34.0,134723.0
383,5112.0,-15500.0,-1288.0,-2880.0,4519.0,1816.0,164.0,134729.0
384,5184.0,-15880.0,-1004.0,-2896.0,4508.0,1758.0,342.0,134735.0
385,4960.0,-16068.0,-932.0,-2848.0,4515.0,1963.0,447.0,134742.0
386,4864.0,-16188.0,-724.0,-2880.0,4553.0,2208.0,514.0,134748.0
387,4968.0,-16444.0,-736.0,-2880.0,4726.0,2504.0,595.0,134753.0
388,5152.0,-16336.0,-1052.0,-2880.0,4901.0,2909.0,662.0,134759.0
389,5388.0,-16216.0,-1124.0,-2896.0,5112.0,3176.0,743.0,134765.0
390,5848.0,-15844.0,-872.0,-2896.0,5297.0,3396.0,898.0,134771.0
391,5860.0,-15924.0,-888.0,-2896.0,5512.0,3828.0,1039.0,134777.0
392,5828.0,-15612.0,-1316.0,-2912.0,5619.0,4358.0,1165.0,134784.0
393,5548.0,-15060.0,-1432.0,-2864.0,5541.0,4657.0,1262.0,134790.0
394,4920.0,-15104.0,-1284.0,-2848.0,5372.0,4568.0,1404.0,134796.0
395,4392.0,-15364.0,-1100.0,-2864.0,5184.0,4417.0,1594.0,134802.0
396,4084.0,-15960.0,-792.0,-2880.0,5077.0,4123.0,1733.0,134808.0
397,4036.0,-16168.0,-940.0,-2896.0,5106.0,3789.0,1786.0,134814.0
398,4404.0,-15888.0,-960.0,-2896.0,5078.0,3485.0,1812.0,134819.0
399,4460.0,-15524.0,-592.0,-2880.0,4983.0,3227.0,1818.0,134825.0
400,4292.0,-15640.0,-148.0,-2864.0,4903.0,3156.0,1832.0,134832.0
401,4116.0,-15780.0,-80.0,-2864.0,4848.0,3105.0,1786.0,134838.0
402,3896.0,-15812.0,-56.0,-2864.0,4798.0,2945.0,1762.0,134844.0
403,4216.0,-15904.0,-48.0,-2896.0,4738.0,2644.0,1773.0,134850.0
404,4160.0,-16064.0,-28.0,-2880.0,4731.0,2420.0,1795.0,134856.0
405,4116.0,-16088.0,236.0,-2880.0,4696.0,2303.0,1788.0,134861.0
406,4008.0,-15992.0,364.0,-2880.0,4692.0,2339.0,1746.0,134867.0
407,4056.0,-15860.0,464.0,-2864.0,4671.0,2388.0,1707.0,134874.0
408,4140.0,-15888.0,572.0,-2864.0,4635.0,2463.0,1657.0,134880.0
409,4004.0,-15836.0,772.0,-2880.0,4593.0,2524.0,1618.0,134886.0
410,3852.0,-15956.0,1032.0,-2896.0,4572.0,2623.0,1592.0,134892.0
411,3620.0,-16032.0,1012.0,-2880.0,4548.0,2792.0,1526.0,134898.0
412,3432.0,-16108.0,1132.0,-2880.0,4493.0,2842.0,1476.0,134904.0
413,3308.0,-16068.0,1500.0,-2896.0,4420.0,2718.0,1405.0,134910.0
414,3328.0,-15968.0,1180.0,-2848.0,4352.0,2500.0,1336.0,134917.0
415,3184.0,-15960.0,1180.0,-2864.0,4315.0,2239.0,1329.0,134923.0
416,3100.0,-15832.0,1372.0,-2896.0,4262.0,2082.0,1302.0,134929.0
417,3280.0,-15900.0,1696.0,-2880.0,4227.0,1878.0,1165.0,134934.0
418,3456.0,-16024.0,1508.0,-2864.0,4253.0,1738.0,1059.0,134940.0
419,3844.0,-15944.0,1456.0,-2864.0,4255.0,1635.0,1035.0,134946.0
420,4156.0,-16104.0,1140.0,-2864.0,4323.0,1693.0,960.0,134952.0
421,4512.0,-16068.0,1084.0,-2896.0,4390.0,1874.0,979.0,134959.0
422,4700.0,-16412.0,1100.0,-2896.0,4527.0,2082.0,1079.0,134965.0
423,4948.0,-16480.0,1120.0,-2880.0,4679.0,2420.0,1164.0,134971.0
424,4828.0,-16472.0,796.0,-2864.0,4858.0,2748.0,1265.0,134977.0
425,4792.0,-16456.0,780.0,-2864.0,5092.0,2944.0,1372.0,134983.0
426,4692.0,-16464.0,788.0,-2864.0,5388.0,3046.0,1495.0,134988.0
427,4692.0,-16504.0,660.0,-2896.0,5639.0,3037.0,1636.0,134994.0
428,4588.0,-16808.0,288.0,-2880.0,6005.0,2819.0,1767.0,135001.0
429,4952.0,-16736.0,424.0,-2880.0,6324.0,2471.0,1970.0,135007.0
430,5140.0,-16708.0,632.0,-2880.0,6629.0,2252.0,2187.0,135013.0
431,5616.0,-16688.0,952.0,-2880.0,6866.0,2252.0,2425.0,135019.0
432,5248.0,-15704.0,788.0,-2864.0,6902.0,2342.0,1741.0,135025.0
433,6924.0,-17496.0,608.0,-2864.0,7582.0,2149.0,4076.0,135030.0
434,5076.0,-16508.0,1884.0,-2864.0,7560.0,3572.0,2627.0,135036.0
435,4952.0,-17272.0,1652.0,-2848.0,7730.0,3203.0,3715.0,135043.0
436,5936.0,-17100.0,1852.0,-2864.0,7986.0,3309.0,4183.0,135049.0
437,4836.0,-16884.0,2200.0,-2864.0,8086.0,3682.0,4325.0,135055.0
438,4332.0,-17464.0,2536.0,-2848.0,8299.0,3605.0,4415.0,135061.0
439,4120.0,-16812.0,2712.0,-2896.0,8500.0,3182.0,4430.0,135067.0
440,3124.0,-17068.0,2972.0,-2848.0,8583.0,3101.0,4292.0,135073.0
441,3204.0,-17664.0,3368.0,-2880.0,8733.0,2998.0,4777.0,135079.0
442,3616.0,-18052.0,3476.0,-2864.0,8913.0,3294.0,4923.0,135086.0
443,3760.0,-18360.0,3312.0,-2912.0,9076.0,3463.0,5390.0,135092.0
444,5276.0,-18996.0,4108.0,-2864.0,9384.0,3426.0,5441.0,135098.0
445,6524.0,-18324.0,2712.0,-2896.0,9461.0,3412.0,5315.0,135103.0
446,7412.0,-18516.0,2172.0,-2880.0,9610.0,3689.0,5652.0,135109.0
447,7924.0,-18884.0,2304.0,-2928.0,9738.0,4370.0,5782.0,135115.0
448,8072.0,-19556.0,2656.0,-2864.0,9860.0,5092.0,5994.0,135121.0
449,6296.0,-21188.0,3012.0,-2880.0,10046.0,5891.0,6416.0,135128.0
450,3700.0,-22960.0,4192.0,-2864.0,10190.0,6544.0,7465.0,135134.0
451,3160.0,-24904.0,4616.0,-2880.0,10359.0,6137.0,7981.0,135140.0
452,3480.0,-25688.0,3560.0,-2896.0,10740.0,5510.0,8169.0,135146.0
453,4076.0,-25456.0,2256.0,-2880.0,11243.0,5561.0,8215.0,135152.0
454,4324.0,-25640.0,2036.0,-2864.0,11746.0,5951.0,8268.0,135158.0
455,3784.0,-26848.0,2664.0,-2896.0,12419.0,6276.0,8620.0,135164.0
456,2772.0,-27592.0,1876.0,-2896.0,13065.0,6409.0,9072.0,135171.0
457,1524.0,-28316.0,1372.0,-2896.0,13808.0,6073.0,9220.0,135177.0
458,768.0,-29092.0,1440.0,-2880.0,14611.0,5275.0,9363.0,135183.0
459,1532.0,-29620.0,1000.0,-2864.0,15380.0,4426.0,9482.0,135189.0
460,2900.0,-29668.0,228.0,-2880.0,16157.0,3957.0,9464.0,135195.0
461,4444.0,-29380.0,-756.0,-2896.0,16900.0,3948.0,9386.0,135201.0
462,5884.0,-29096.0,-1156.0,-2864.0,17514.0,4232.0,9221.0,135206.0
463,6948.0,-29200.0,-1700.0,-2896.0,17978.0,5205.0,9055.0,135213.0
464,7224.0,-30936.0,-2272.0,-2832.0,18723.0,6157.0,9084.0,135219.0
465,6840.0,-31576.0,-4444.0,-2864.0,19405.0,6758.0,9344.0,135225.0
466,6092.0,-30624.0,-7072.0,-2880.0,19827.0,7034.0,9563.0,135231.0
467,5772.0,-28980.0,-9440.0,-2848.0,19975.0,7017.0,9701.0,135237.0
468,5824.0,-26784.0,-11952.0,-2864.0,19831.0,6742.0,9775.0,135243.0
469,6004.0,-23956.0,-13552.0,-2880.0,19283.0,6485.0,9727.0,135249.0
470,6044.0,-20692.0,-14496.0,-2880.0,18255.0,6320.0,9569.0,135256.0
471,5296.0,-17620.0,-14852.0,-2880.0,16862.0,6510.0,9624.0,135262.0
472,4532.0,-15000.0,-14116.0,-2864.0,15193.0,6769.0,9727.0,135268.0
473,4064.0,-12708.0,-12332.0,-2864.0,13384.0,6887.0,9734.0,135274.0
474,4036.0,-11012.0,-9512.0,-2864.0,11711.0,6981.0,9813.0,135281.0
475,4652.0,-10928.0,-4180.0,-2896.0,10245.0,7072.0,9847.0,135287.0
476,6148.0,-12512.0,1916.0,-2880.0,9578.0,7401.0,9499.0,135293.0
477,6728.0,-15564.0,7176.0,-2896.0,9706.0,7973.0,8761.0,135299.0
478,5332.0,-18376.0,9304.0,-2880.0,10366.0,7899.0,7834.0,135305.0
479,3208.0,-19020.0,9296.0,-2896.0,10624.0,7286.0,7372.0,135311.0
480,1072.0,-17744.0,5648.0,-2912.0,10090.0,5891.0,7251.0,135317.0
481,1416.0,-17208.0,6792.0,-2896.0,10076.0,4262.0,6699.0,135323.0
482,1836.0,-15204.0,2824.0,-2880.0,10519.0,3940.0,6033.0,135329.0
483,1064.0,-10116.0,-484.0,-2864.0,9099.0,4094.0,6064.0,135335.0
484,372.0,-7640.0,-3060.0,-2864.0,6758.0,4611.0,5874.0,135342.0
485,484.0,-7440.0,-4228.0,-2864.0,4593.0,5158.0,5047.0,135348.0
486,832.0,-6824.0,-6016.0,-2864.0,2848.0,4830.0,4057.0,135354.0
487,1512.0,-5856.0,-7316.0,-2832.0,1134.0,3740.0,3004.0,135360.0
488,1884.0,-5324.0,-7516.0,-2880.0,-411.0,2296.0,2070.0,135365.0
489,2256.0,-5004.0,-6956.0,-2880.0,-1712.0,1196.0,1392.0,135371.0
490,2668.0,-4816.0,-5800.0,-2848.0,-2832.0,499.0,896.0,135377.0
491,3324.0,-4480.0,-4908.0,-2912.0,-3891.0,194.0,480.0,135384.0
492,3964.0,-4016.0,-4496.0,-2848.0,-5084.0,-90.0,-248.0,135390.0
493,4348.0,-3904.0,-4444.0,-2864.0,-6339.0,-508.0,-1217.0,135395.0
494,4048.0,-3736.0,-4004.0,-2864.0,-7687.0,-1035.0,-2232.0,135401.0
495,3864.0,-3892.0,-3364.0,-2880.0,-9166.0,-1479.0,-3094.0,135407.0
496,4152.0,-3996.0,-2736.0,-2864.0,-10658.0,-1573.0,-3680.0,135413.0
497,4500.0,-4376.0,-2740.0,-2880.0,-12120.0,-1331.0,-4469.0,135419.0
498,4664.0,-4796.0,-2544.0,-2864.0,-13468.0,-940.0,-5255.0,135426.0
499,4892.0,-5112.0,-2464.0,-2848.0,-14786.0,-401.0,-6058.0,135432.0
500,5040.0,-5280.0,-2708.0,-2864.0,-16243.0,354.0,-6721.0,135438.0
501,5152.0,-5536.0,-3160.0,-2864.0,-17755.0,1157.0,-7302.0,135444.0
502,4776.0,-6248.0,-3296.0,-2864.0,-19270.0,2207.0,-7762.0,135450.0
503,3736.0,-7464.0,-2884.0,-2848.0,-20417.0,2941.0,-8151.0,135456.0
504,2700.0,-8396.0,-2220.0,-2896.0,-21283.0,3400.0,-8420.0,135462.0
505,1940.0,-9076.0,-1684.0,-2880.0,-22083.0,3676.0,-8688.0,135469.0
506,1180.0,-9620.0,-1304.0,-2864.0,-22955.0,3637.0,-8946.0,135475.0
507,776.0,-10320.0,-1068.0,-2880.0,-23834.0,3344.0,-9251.0,135481.0
508,808.0,-11124.0,-948.0,-2864.0,-24720.0,2929.0,-9716.0,135487.0
509,1148.0,-12232.0,-536.0,-2912.0,-25608.0,2506.0,-10234.0,135493.0
510,1752.0,-13568.0,216.0,-2880.0,-26359.0,2353.0,-10763.0,135499.0
511,2392.0,-14584.0,1056.0,-2896.0,-27015.0,2447.0,-11365.0,135505.0
512,2840.0,-15668.0,1640.0,-2864.0,-27596.0,2655.0,-12029.0,135512.0
513,3024.0,-16476.0,2072.0,-2864.0,-28104.0,2794.0,-12727.0,135518.0
514,2676.0,-17156.0,2408.0,-2864.0,-28505.0,2815.0,-13368.0,135524.0
515,1932.0,-17880.0,2648.0,-2864.0,-28803.0,2492.0,-14029.0,135530.0
516,1016.0,-18716.0,2700.0,-2848.0,-29003.0,1893.0,-14574.0,135536.0
517,-76.0,-19656.0,3040.0,-2880.0,-29102.0,968.0,-15040.0,135542.0
518,-904.0,-20640.0,3428.0,-2864.0,-29051.0,-137.0,-15369.0,135548.0
519,-1396.0,-21644.0,3880.0,-2848.0,-28953.0,-1234.0,-15695.0,135555.0
520,-1652.0,-22452.0,4576.0,-2880.0,-28776.0,-2457.0,-15902.0,135561.0
521,-1628.0,-23144.0,4752.0,-2880.0,-28622.0,-3571.0,-16014.0,135567.0
522,-1288.0,-23412.0,4940.0,-2864.0,-28452.0,-4654.0,-16131.0,135573.0
523,-732.0,-23616.0,5032.0,-2896.0,-28367.0,-5501.0,-16272.0,135579.0
524,-516.0,-23824.0,4640.0,-2848.0,-28210.0,-6321.0,-16348.0,135586.0
525,-36.0,-23976.0,4372.0,-2848.0,-28087.0,-7027.0,-16454.0,135592.0
526,88.0,-24300.0,4220.0,-2880.0,-27916.0,-7714.0,-16556.0,135599.0
527,80.0,-24672.0,4152.0,-2880.0,-27635.0,-8534.0,-16685.0,135605.0
528,-220.0,-24588.0,4456.0,-2848.0,-27347.0,-9511.0,-16748.0,135611.0
529,-360.0,-24536.0,4844.0,-2896.0,-27106.0,-10581.0,-16794.0,135617.0
530,-336.0,-24564.0,5068.0,-2896.0,-26889.0,-11832.0,-16840.0,135624.0
531,-72.0,-24896.0,5340.0,-2864.0,-26690.0,-12882.0,-16843.0,135630.0
532,308.0,-25204.0,5784.0,-2880.0,-26465.0,-13855.0,-16815.0,135636.0
533,1292.0,-25568.0,6200.0,-2880.0,-26203.0,-14468.0,-16700.0,135643.0
534,2116.0,-25816.0,6692.0,-2880.0,-25872.0,-14374.0,-16376.0,135650.0
535,3588.0,-25744.0,7360.0,-2880.0,-25697.0,-13265.0,-15683.0,135656.0
536,6812.0,-25740.0,9388.0,-2848.0,-25242.0,-11226.0,-15690.0,135662.0
537,3216.0,-25356.0,8684.0,-2880.0,-25027.0,-9709.0,-11121.0,135669.0
538,9440.0,-25068.0,7772.0,-2864.0,-24042.0,-6916.0,-10828.0,135675.0
539,5668.0,-24564.0,9628.0,-2880.0,-23189.0,-4368.0,-12575.0,135682.0
540,4416.0,-24768.0,11736.0,-2864.0,-22303.0,-2852.0,-11838.0,135688.0
541,5176.0,-25764.0,13448.0,-2896.0,-20966.0,-1392.0,-10679.0,135695.0
542,7884.0,-27884.0,16372.0,-2896.0,-19227.0,579.0,-10235.0,135701.0
543,7340.0,-26812.0,16456.0,-2880.0,-17756.0,3060.0,-9891.0,135707.0
544,7300.0,-26828.0,18052.0,-2880.0,-16089.0,6320.0,-9617.0,135713.0
545,4928.0,-26560.0,19264.0,-2896.0,-14265.0,9965.0,-9720.0,135719.0
546,680.0,-26436.0,20024.0,-2880.0,-12297.0,12865.0,-9479.0,135727.0
547,-4824.0,-25324.0,21100.0,-2848.0,-10040.0,14395.0,-8343.0,135733.0
548,-9592.0,-24484.0,21996.0,-2912.0,-7442.0,14627.0,-6703.0,135739.0
549,-13924.0,-23100.0,21880.0,-2864.0,-4935.0,13390.0,-4478.0,135745.0
550,-17328.0,-22208.0,22216.0,-2896.0,-2376.0,10819.0,-2371.0,135752.0
551,-18376.0,-22048.0,22544.0,-2832.0,276.0,7191.0,-652.0,135758.0
552,-17416.0,-22524.0,22520.0,-2864.0,2732.0,3196.0,454.0,135764.0
553,-14464.0,-22976.0,21984.0,-2880.0,5054.0,-430.0,1072.0,135771.0
554,-11336.0,-22780.0,20840.0,-2848.0,7252.0,-3188.0,1417.0,135777.0
555,-8828.0,-21992.0,19144.0,-2848.0,9131.0,-4901.0,1603.0,135783.0
556,-7668.0,-20684.0,17360.0,-2880.0,10638.0,-5853.0,1665.0,135789.0
557,-7876.0,-18712.0,15184.0,-2896.0,11778.0,-6756.0,1824.0,135795.0
558,-9900.0,-14876.0,9072.0,-2896.0,11962.0,-8965.0,2459.0,135801.0
559,-10668.0,-8052.0,-12928.0,-2896.0,8089.0,-12680.0,2327.0,135808.0
560,13500.0,4972.0,-32768.0,-2864.0,-7326.0,-12438.0,-4492.0,135815.0
561,31604.0,-18260.0,-32768.0,-2848.0,-11332.0,-12789.0,-16230.0,135821.0
562,20264.0,-32768.0,-21152.0,-2880.0,4934.0,-25083.0,-7828.0,135827.0
563,11532.0,-32768.0,10376.0,-2848.0,12529.0,-21607.0,4417.0,135834.0
564,-6404.0,-32768.0,31604.0,-2864.0,12949.0,-2723.0,5013.0,135840.0
565,-21148.0,-32768.0,32767.0,-2880.0,15670.0,3971.0,6219.0,135846.0
566,-22132.0,-32768.0,22224.0,-2912.0,16262.0,-1299.0,2626.0,135853.0
567,-16284.0,-27260.0,-7964.0,-2880.0,13428.0,-9618.0,-1718.0,135859.0
568,-1080.0,-19812.0,-16764.0,-2864.0,12886.0,-11481.0,-2463.0,135866.0
569,16920.0,-12076.0,-6284.0,-2848.0,14869.0,-9486.0,-2877.0,135872.0
570,19260.0,-4352.0,356.0,-2864.0,13468.0,-5092.0,-2766.0,135878.0
571,9624.0,-6256.0,744.0,-2864.0,10184.0,-1039.0,-254.0,135884.0
572,6672.0,-10328.0,-1980.0,-2896.0,8940.0,-562.0,1076.0,135890.0
573,10076.0,-12924.0,-3664.0,-2880.0,8629.0,-2613.0,378.0,135897.0
574,12096.0,-13140.0,-3760.0,-2864.0,8875.0,-4228.0,-222.0,135903.0
575,13224.0,-12364.0,-4464.0,-2880.0,8805.0,-3058.0,1124.0,135909.0
576,13400.0,-13348.0,-5432.0,-2912.0,8921.0,-162.0,1976.0,135915.0
577,10696.0,-15160.0,-4976.0,-2864.0,9449.0,1663.0,2479.0,135921.0
578,6396.0,-15920.0,-2668.0,-2864.0,9792.0,2382.0,2827.0,135927.0
579,3644.0,-16016.0,-1348.0,-2880.0,9637.0,2795.0,2822.0,135933.0
580,2136.0,-16292.0,-996.0,-2896.0,9167.0,3121.0,2785.0,135940.0
581,1648.0,-16636.0,-1468.0,-2880.0,8798.0,3404.0,2507.0,135946.0
582,1664.0,-16376.0,-1936.0,-2864.0,8618.0,3389.0,1735.0,135952.0
583,1652.0,-16152.0,-2180.0,-2912.0,8690.0,2907.0,802.0,135958.0
584,1328.0,-16036.0,-2956.0,-2912.0,8963.0,1897.0,141.0,135964.0
585,972.0,-15840.0,-2928.0,-2864.0,9234.0,473.0,-270.0,135970.0
586,316.0,-15876.0,-2060.0,-2864.0,9358.0,-635.0,-797.0,135975.0
587,-320.0,-16216.0,-912.0,-2896.0,9301.0,-1359.0,-1430.0,135982.0
588,144.0,-16620.0,-412.0,-2896.0,9028.0,-1962.0,-1956.0,135988.0
589,2072.0,-16608.0,-588.0,-2896.0,8686.0,-2538.0,-2229.0,135994.0
590,5480.0,-16048.0,-1572.0,-2880.0,8313.0,-2961.0,-2213.0,136000.0
591,7972.0,-15572.0,-2108.0,-2864.0,8037.0,-2793.0,-1997.0,136006.0
592,9180.0,-15372.0,-2116.0,-2896.0,7857.0,-1513.0,-1589.0,136012.0
593,9192.0,-15320.0,-1816.0,-2848.0,7768.0,490.0,-994.0,136018.0
594,8400.0,-15040.0,-1908.0,-2880.0,7644.0,2552.0,-426.0,136025.0
595,7020.0,-14492.0,-1680.0,-2896.0,7387.0,3935.0,-70.0,136031.0
596,5212.0,-14368.0,-1340.0,-2864.0,7113.0,4194.0,-6.0,136036.0
597,3680.0,-14504.0,-1152.0,-2864.0,6798.0,3433.0,-215.0,136042.0
598,3016.0,-15072.0,-1048.0,-2864.0,6475.0,2081.0,-439.0,136048.0
599,3376.0,-15328.0,-768.0,-2880.0,6211.0,655.0,-514.0,136054.0
600,4372.0,-15388.0,-432.0,-2880.0,6003.0,-449.0,-487.0,136060.0
601,5576.0,-15436.0,-608.0,-2912.0,5793.0,-906.0,-416.0,136067.0
602,6584.0,-15284.0,-764.0,-2880.0,5591.0,-650.0,-205.0,136072.0
603,7180.0,-14884.0,-260.0,-2896.0,5287.0,-120.0,27.0,136078.0
604,7256.0,-14764.0,-52.0,-2864.0,4924.0,647.0,319.0,136084.0
605,6880.0,-15016.0,120.0,-2880.0,4604.0,1433.0,624.0,136090.0
606,6592.0,-15328.0,-112.0,-2880.0,4288.0,2202.0,838.0,136096.0
607,6148.0,-15536.0,-36.0,-2848.0,4042.0,2898.0,1012.0,136101.0
608,5920.0,-15740.0,-48.0,-2864.0,3856.0,3364.0,1133.0,136108.0
609,5604.0,-15956.0,-272.0,-2928.0,3719.0,3652.0,1258.0,136114.0
610,5300.0,-15960.0,-160.0,-2864.0,3609.0,3774.0,1283.0,136120.0
611,4912.0,-15952.0,-140.0,-2880.0,3500.0,3727.0,1287.0,136126.0
612,4760.0,-15824.0,-240.0,-2864.0,3432.0,3591.0,1286.0,136132.0
613,4864.0,-15768.0,-192.0,-2864.0,3358.0,3386.0,1322.0,136138.0
614,4944.0,-15844.0,-348.0,-2896.0,3308.0,3255.0,1307.0,136144.0
615,5080.0,-15884.0,-476.0,-2880.0,3339.0,3095.0,1344.0,136151.0
616,5388.0,-15916.0,-460.0,-2896.0,3359.0,2967.0,1386.0,136156.0
617,5468.0,-15836.0,-640.0,-2880.0,3415.0,3016.0,1442.0,136162.0
618,5376.0,-15768.0,-584.0,-2848.0,3492.0,3121.0,1427.0,136168.0
619,5144.0,-15876.0,-364.0,-2864.0,3563.0,3259.0,1482.0,136174.0
620,4920.0,-15884.0,-292.0,-2864.0,3611.0,3305.0,1477.0,136180.0
621,4900.0,-15832.0,24.0,-2880.0,3672.0,3247.0,1452.0,136186.0
622,5008.0,-15676.0,44.0,-2880.0,3663.0,3154.0,1458.0,136193.0
623,5096.0,-15660.0,228.0,-2880.0,3688.0,3064.0,1470.0,136199.0
624,4992.0,-15476.0,200.0,-2864.0,3686.0,3012.0,1467.0,136205.0
625,4988.0,-15504.0,324.0,-2896.0,3680.0,2899.0,1498.0,136210.0
626,4940.0,-15400.0,448.0,-2880.0,3649.0,2854.0,1471.0,136216.0
627,4968.0,-15452.0,540.0,-2880.0,3629.0,2828.0,1481.0,136222.0
628,5040.0,-15548.0,652.0,-2896.0,3577.0,2801.0,1449.0,136228.0
629,4728.0,-15640.0,752.0,-2896.0,3543.0,2853.0,1438.0,136235.0
630,4644.0,-15848.0,952.0,-2896.0,3509.0,2912.0,1455.0,136241.0
631,4492.0,-15960.0,836.0,-2896.0,3475.0,2983.0,1408.0,136247.0
632,4268.0,-16064.0,972.0,-2880.0,3480.0,2949.0,1366.0,136253.0
633,4348.0,-15968.0,1056.0,-2912.0,3449.0,2878.0,1339.0,136258.0
634,4324.0,-16092.0,872.0,-2864.0,3438.0,2807.0,1233.0,136264.0
635,4376.0,-16104.0,968.0,-2896.0,3448.0,2711.0,1201.0,136270.0
636,4448.0,-15856.0,828.0,-2864.0,3441.0,2612.0,1142.0,136276.0
637,4532.0,-15844.0,1104.0,-2880.0,3450.0,2602.0,1116.0,136283.0
638,4636.0,-15892.0,1240.0,-2912.0,3478.0,2578.0,1079.0,136289.0
639,4792.0,-16016.0,1208.0,-2864.0,3453.0,2644.0,1094.0,136295.0
640,5080.0,-15832.0,1088.0,-2880.0,3459.0,2758.0,1126.0,136301.0
641,5636.0,-15748.0,624.0,-2864.0,3482.0,2873.0,890.0,136307.0
642,4120.0,-16784.0,556.0,-2864.0,3617.0,3083.0,1690.0,136312.0
643,5844.0,-15944.0,1132.0,-2896.0,3613.0,3529.0,1110.0,136318.0
644,4236.0,-16132.0,1152.0,-2880.0,3636.0,3750.0,1292.0,136325.0
645,4748.0,-16412.0,1116.0,-2848.0,3747.0,3583.0,1414.0,136331.0
646,4320.0,-16176.0,1128.0,-2864.0,3900.0,3434.0,1440.0,136337.0
647,4080.0,-16084.0,1032.0,-2864.0,3967.0,3425.0,1423.0,136343.0
648,4156.0,-16376.0,1248.0,-2864.0,4119.0,3270.0,1427.0,136349.0
649,3976.0,-16380.0,1292.0,-2896.0,4277.0,2968.0,1226.0,136355.0
650,4348.0,-16284.0,1480.0,-2880.0,4445.0,2636.0,952.0,136361.0
651,4484.0,-15888.0,1124.0,-2880.0,4527.0,2415.0,1156.0,136368.0
652,5080.0,-16104.0,1236.0,-2864.0,4739.0,2548.0,1257.0,136373.0
653,5196.0,-16016.0,1596.0,-2912.0,4854.0,2849.0,1375.0,136379.0
654,5148.0,-16128.0,1512.0,-2896.0,5030.0,2992.0,1628.0,136385.0
655,5364.0,-16140.0,1504.0,-2864.0,5214.0,3069.0,1744.0,136391.0
656,5508.0,-15952.0,1536.0,-2912.0,5368.0,3130.0,1859.0,136397.0
657,5344.0,-16020.0,1628.0,-2864.0,5544.0,3101.0,1997.0,136403.0
658,5404.0,-16148.0,1612.0,-2896.0,5721.0,3019.0,2085.0,136410.0
659,5096.0,-16132.0,1764.0,-2880.0,5887.0,2988.0,2230.0,136416.0
660,4920.0,-16244.0,2080.0,-2896.0,6021.0,2920.0,2342.0,136422.0
661,4840.0,-16500.0,2192.0,-2848.0,6177.0,2865.0,2515.0,136428.0
662,4828.0,-16752.0,2364.0,-2880.0,6287.0,2878.0,2718.0,136434.0
663,4872.0,-16916.0,2564.0,-2896.0,6434.0,2878.0,2845.0,136440.0
664,5168.0,-17080.0,2612.0,-2880.0,6572.0,2996.0,2965.0,136445.0
665,5276.0,-17264.0,2452.0,-2880.0,6745.0,3133.0,3078.0,136452.0
666,5376.0,-17400.0,2280.0,-2896.0,6909.0,3314.0,3228.0,136458.0
667,5304.0,-17452.0,2560.0,-2880.0,7075.0,3568.0,3307.0,136464.0
668,5216.0,-17500.0,2744.0,-2896.0,7272.0,3773.0,3466.0,136470.0
669,4936.0,-17504.0,2596.0,-2896.0,7448.0,4012.0,3564.0,136476.0
670,4416.0,-17316.0,2768.0,-2880.0,7644.0,4178.0,3624.0,136482.0
671,4032.0,-17196.0,2956.0,-2896.0,7856.0,4210.0,3732.0,136488.0
672,3844.0,-17268.0,2992.0,-2896.0,8042.0,4159.0,3839.0,136495.0
673,3320.0,-17596.0,3308.0,-2880.0,8253.0,4112.0,4033.0,136501.0
674,3008.0,-17820.0,3248.0,-2864.0,8470.0,4095.0,4200.0,136507.0
675,2724.0,-18288.0,3424.0,-2912.0,8660.0,3981.0,4373.0,136512.0
676,1764.0,-18728.0,3936.0,-2880.0,8822.0,3898.0,4773.0,136518.0
677,800.0,-19964.0,5272.0,-2864.0,8857.0,3494.0,5378.0,136524.0
678,1400.0,-21644.0,5356.0,-2896.0,8945.0,2450.0,5759.0,136530.0
679,3496.0,-22172.0,4108.0,-2880.0,9084.0,1862.0,5792.0,136537.0
680,5608.0,-21960.0,2756.0,-2864.0,9352.0,1960.0,5506.0,136543.0
681,6364.0,-21528.0,2604.0,-2864.0,9635.0,2666.0,5465.0,136549.0
682,5596.0,-21664.0,3376.0,-2912.0,9820.0,3852.0,5747.0,136555.0
683,3728.0,-22248.0,3680.0,-2864.0,10104.0,4839.0,6257.0,136561.0
684,1780.0,-22504.0,3848.0,-2848.0,10413.0,5232.0,6819.0,136567.0
685,304.0,-23120.0,3636.0,-2832.0,10720.0,4989.0,7182.0,136573.0
686,32.0,-23848.0,3640.0,-2880.0,11081.0,4366.0,7450.0,136580.0
687,1064.0,-24392.0,3400.0,-2912.0,11517.0,3770.0,7613.0,136585.0
688,2676.0,-24488.0,2464.0,-2864.0,11971.0,3602.0,7702.0,136591.0
689,4232.0,-24628.0,1792.0,-2880.0,12537.0,3758.0,7644.0,136597.0
690,5112.0,-24508.0,1552.0,-2896.0,13153.0,4141.0,7603.0,136603.0
691,5676.0,-24492.0,2220.0,-2880.0,13600.0,4656.0,7507.0,136609.0
692,5992.0,-24496.0,2372.0,-2880.0,14112.0,5248.0,7373.0,136615.0
693,6252.0,-25072.0,3740.0,-2896.0,14755.0,5798.0,7240.0,136622.0
694,6716.0,-25608.0,2572.0,-2880.0,15120.0,7110.0,7267.0,136628.0
695,7724.0,-26596.0,344.0,-2864.0,15601.0,8233.0,7127.0,136634.0
696,8000.0,-26656.0,-1752.0,-2912.0,16047.0,9368.0,7364.0,136640.0
697,7540.0,-26160.0,-3920.0,-2896.0,16350.0,10495.0,7688.0,136646.0
698,6600.0,-25020.0,-6752.0,-2896.0,16424.0,11115.0,7973.0,136652.0
699,6076.0,-23584.0,-8020.0,-2880.0,16341.0,11103.0,8092.0,136658.0
700,5648.0,-22420.0,-8996.0,-2880.0,16047.0,10995.0,8122.0,136665.0
701,4988.0,-21660.0,-9036.0,-2880.0,15762.0,10765.0,8175.0,136671.0
702,3828.0,-20392.0,-8184.0,-2896.0,15307.0,10327.0,8209.0,136677.0
703,3108.0,-18708.0,-7916.0,-2896.0,14529.0,9776.0,8060.0,136683.0
704,2596.0,-17372.0,-7896.0,-2864.0,13495.0,9378.0,7958.0,136689.0
705,2468.0,-15780.0,-8060.0,-2880.0,12249.0,9132.0,7974.0,136695.0
706,2244.0,-14116.0,-7064.0,-2864.0,10909.0,8588.0,8084.0,136701.0
707,2248.0,-12916.0,-3268.0,-2896.0,9800.0,7648.0,8385.0,136708.0
708,2660.0,-13204.0,2836.0,-2864.0,9653.0,6519.0,8514.0,136714.0
709,2136.0,-14472.0,10592.0,-2912.0,10443.0,5195.0,8250.0,136720.0
710,-688.0,-16388.0,14692.0,-2880.0,11901.0,3513.0,7835.0,136726.0
711,-3732.0,-16884.0,13736.0,-2896.0,12612.0,1482.0,7357.0,136732.0
712,-4720.0,-16172.0,12408.0,-2896.0,12541.0,-1555.0,6426.0,136738.0
713,-3148.0,-13668.0,7620.0,-2928.0,11355.0,-4533.0,5229.0,136744.0
714,3028.0,-12392.0,4308.0,-2880.0,10630.0,-5356.0,3789.0,136751.0
715,8460.0,-8824.0,-1824.0,-2880.0,8993.0,-3290.0,2382.0,136757.0
716,10384.0,-4208.0,-6612.0,-2848.0,6174.0,-590.0,1498.0,136763.0
717,8984.0,-3396.0,-6976.0,-2864.0,3227.0,2506.0,1666.0,136769.0
718,7064.0,-5072.0,-6260.0,-2880.0,1627.0,5110.0,1949.0,136775.0
719,5372.0,-5416.0,-6172.0,-2880.0,655.0,6285.0,2018.0,136781.0
720,3312.0,-5156.0,-6360.0,-2912.0,-422.0,6759.0,2213.0,136787.0
721,1196.0,-4832.0,-6192.0,-2880.0,-1690.0,7381.0,2576.0,136793.0
722,-284.0,-4944.0,-5964.0,-2864.0,-3060.0,7815.0,2680.0,136799.0
723,-972.0,-5096.0,-5764.0,-2864.0,-4476.0,7628.0,2363.0,136805.0
724,-1004.0,-5340.0,-5304.0,-2864.0,-5951.0,6860.0,1723.0,136811.0
725,-764.0,-5700.0,-4708.0,-2848.0,-7405.0,5726.0,809.0,136817.0
726,-528.0,-5784.0,-4172.0,-2848.0,-8717.0,4371.0,-158.0,136823.0
727,-488.0,-5768.0,-3396.0,-2848.0,-9956.0,2873.0,-932.0,136829.0
728,-328.0,-5704.0,-2396.0,-2880.0,-11105.0,1531.0,-1624.0,136835.0
729,-92.0,-5600.0,-1948.0,-2896.0,-12276.0,613.0,-2222.0,136841.0
730,140.0,-5360.0,-1588.0,-2896.0,-13592.0,124.0,-2768.0,136847.0
731,288.0,-5332.0,-1744.0,-2864.0,-15047.0,-216.0,-3340.0,136853.0
732,416.0,-5444.0,-2052.0,-2864.0,-16506.0,-646.0,-3957.0,136859.0
733,500.0,-6452.0,-1964.0,-2880.0,-17828.0,-1217.0,-4475.0,136865.0
734,508.0,-7488.0,-1784.0,-2864.0,-18805.0,-1915.0,-4957.0,136871.0
735,276.0,-8008.0,-1644.0,-2880.0,-19651.0,-2746.0,-5300.0,136878.0
736,92.0,-8376.0,-1580.0,-2880.0,-20495.0,-3607.0,-5610.0,136884.0
737,44.0,-8588.0,-1016.0,-2896.0,-21327.0,-4544.0,-5857.0,136889.0
738,300.0,-9072.0,-540.0,-2896.0,-22141.0,-5361.0,-6130.0,136895.0
739,808.0,-9768.0,-244.0,-2880.0,-23107.0,-6031.0,-6494.0,136901.0
740,1336.0,-10688.0,212.0,-2880.0,-24051.0,-6451.0,-6852.0,136907.0
741,1908.0,-11880.0,508.0,-2896.0,-24921.0,-6599.0,-7242.0,136913.0
742,2600.0,-12944.0,708.0,-2880.0,-25621.0,-6572.0,-7634.0,136920.0
743,3148.0,-13852.0,1208.0,-2896.0,-26219.0,-6366.0,-7942.0,136926.0
744,3380.0,-15112.0,1720.0,-2896.0,-26725.0,-6111.0,-8224.0,136932.0
745,3144.0,-15968.0,2216.0,-2912.0,-27116.0,-5834.0,-8432.0,136938.0
746,2624.0,-16660.0,2608.0,-2912.0,-27406.0,-5567.0,-8642.0,136944.0
747,2044.0,-17172.0,3148.0,-2864.0,-27612.0,-5521.0,-8926.0,136950.0
748,1668.0,-17624.0,3288.0,-2864.0,-27833.0,-5548.0,-9222.0,136956.0
749,1816.0,-18208.0,3364.0,-2880.0,-28085.0,-5650.0,-9515.0,136963.0
750,2312.0,-18976.0,3368.0,-2880.0,-28235.0,-5727.0,-9755.0,136969.0
751,2932.0,-19788.0,3292.0,-2864.0,-28264.0,-5734.0,-9947.0,136975.0
752,3416.0,-20556.0,3592.0,-2896.0,-28212.0,-5582.0,-10112.0,136981.0
753,3692.0,-21132.0,3548.0,-2864.0,-28172.0,-5287.0,-10273.0,136987.0
754,3932.0,-21564.0,3704.0,-2896.0,-28116.0,-4756.0,-10514.0,136993.0
755,4024.0,-21912.0,3776.0,-2880.0,-28113.0,-4215.0,-10859.0,136999.0
756,3768.0,-22316.0,3652.0,-2864.0,-28060.0,-3770.0,-11151.0,137007.0
757,3352.0,-22856.0,3796.0,-2912.0,-27869.0,-3584.0,-11513.0,137013.0
758,2800.0,-22976.0,4156.0,-2880.0,-27611.0,-3641.0,-11758.0,137019.0
759,1688.0,-22868.0,4464.0,-2864.0,-27373.0,-3914.0,-11999.0,137025.0
760,1136.0,-23056.0,4496.0,-2880.0,-27147.0,-4342.0,-12191.0,137031.0
761,544.0,-23148.0,4568.0,-2928.0,-26914.0,-5025.0,-12420.0,137038.0
762,-3320.0,-29472.0,4284.0,-2848.0,-25850.0,-6011.0,-12417.0,137044.0
763,-2768.0,-23040.0,3464.0,-2880.0,-26714.0,-7359.0,-11302.0,137051.0
764,3472.0,-23596.0,4532.0,-2880.0,-26270.0,-6822.0,-9909.0,137057.0
765,1716.0,-24192.0,5080.0,-2896.0,-25765.0,-6336.0,-11959.0,137064.0
766,-516.0,-24204.0,5936.0,-2912.0,-25247.0,-6458.0,-11411.0,137070.0
767,-252.0,-24112.0,7020.0,-2896.0,-24856.0,-6608.0,-10686.0,137076.0
768,172.0,-24676.0,8720.0,-2912.0,-24247.0,-6761.0,-10212.0,137082.0
769,1092.0,-25132.0,10364.0,-2896.0,-23433.0,-6764.0,-9513.0,137089.0
770,1920.0,-25668.0,12236.0,-2880.0,-22336.0,-6387.0,-9080.0,137096.0
771,2024.0,-26012.0,13552.0,-2864.0,-20877.0,-5994.0,-9250.0,137102.0
772,1416.0,-26348.0,14956.0,-2896.0,-19385.0,-5602.0,-8748.0,137108.0
773,2140.0,-26292.0,15888.0,-2880.0,-17723.0,-5130.0,-8253.0,137114.0
774,2452.0,-25796.0,16564.0,-2880.0,-15988.0,-4373.0,-7936.0,137121.0
775,2640.0,-24828.0,16744.0,-2896.0,-14293.0,-3328.0,-7723.0,137127.0
776,2468.0,-23716.0,16892.0,-2912.0,-12743.0,-1912.0,-7490.0,137134.0
777,2164.0,-22748.0,17048.0,-2896.0,-11172.0,-83.0,-7098.0,137140.0
778,1632.0,-21508.0,16556.0,-2864.0,-9835.0,1820.0,-6290.0,137146.0
779,872.0,-20536.0,16096.0,-2896.0,-8491.0,3800.0,-5324.0,137152.0
780,-604.0,-20256.0,16760.0,-2880.0,-6968.0,5523.0,-4068.0,137158.0
781,-1912.0,-19992.0,16680.0,-2880.0,-5288.0,6826.0,-2824.0,137164.0
782,-3052.0,-19720.0,17012.0,-2896.0,-3480.0,7313.0,-1689.0,137171.0
783,-4172.0,-19416.0,17188.0,-2896.0,-1635.0,6957.0,-698.0,137178.0
784,-4536.0,-19392.0,17396.0,-2880.0,193.0,5968.0,167.0,137184.0
785,-3524.0,-20404.0,18812.0,-2880.0,2200.0,4884.0,637.0,137190.0
786,-1720.0,-21284.0,19544.0,-2864.0,4391.0,2576.0,60.0,137196.0
787,1180.0,-23244.0,18848.0,-2880.0,6328.0,-1521.0,-1613.0,137201.0
788,4984.0,-26132.0,11572.0,-2896.0,7224.0,-4211.0,-3571.0,137207.0
789,6108.0,-23996.0,-13332.0,-2880.0,4210.0,-6213.0,-4860.0,137213.0
790,6400.0,-29388.0,-24736.0,-2880.0,932.0,-9195.0,-5646.0,137221.0
791,2556.0,-32768.0,-6236.0,-2880.0,5288.0,-12916.0,-3520.0,137227.0
792,-2204.0,-32768.0,15748.0,-2896.0,13785.0,-13860.0,1572.0,137233.0
793,-13028.0,-32768.0,16636.0,-2880.0,17113.0,-9270.0,5025.0,137239.0
794,-21088.0,-26904.0,172.0,-2896.0,14648.0,-7459.0,5039.0,137245.0
795,-12288.0,-17140.0,-10612.0,-2896.0,12516.0,-7967.0,3735.0,137251.0
796,5312.0,-13616.0,-11944.0,-2896.0,12816.0,-8946.0,488.0,137259.0
797,12804.0,-11028.0,-6880.0,-2896.0,13627.0,-7563.0,-2099.0,137265.0
798,14148.0,-7576.0,-4076.0,-2896.0,13087.0,-3956.0,-3326.0,137271.0
799,10544.0,-5900.0,-3156.0,-2864.0,11090.0,-1334.0,-2170.0,137277.0
800,8868.0,-6008.0,-2144.0,-2848.0,8941.0,488.0,-421.0,137283.0
801,9704.0,-8876.0,-1324.0,-2848.0,7697.0,1291.0,-62.0,137289.0
802,9880.0,-13056.0,-1660.0,-2880.0,7227.0,1671.0,207.0,137295.0
803,8412.0,-16336.0,-2360.0,-2880.0,7232.0,1665.0,954.0,137302.0
804,6560.0,-17324.0,-2652.0,-2896.0,7242.0,1589.0,1687.0,137308.0
805,4528.0,-17008.0,-2088.0,-2880.0,6969.0,1882.0,1817.0,137313.0
806,2524.0,-16480.0,-1164.0,-2896.0,6446.0,2493.0,1425.0,137319.0
807,804.0,-16428.0,-908.0,-2864.0,5871.0,2777.0,898.0,137325.0
808,176.0,-17036.0,-1592.0,-2896.0,5607.0,2297.0,431.0,137331.0
809,492.0,-17388.0,-2112.0,-2896.0,5599.0,1275.0,342.0,137337.0
810,1844.0,-16988.0,-2784.0,-2880.0,5726.0,485.0,232.0,137344.0
811,2808.0,-16388.0,-2964.0,-2880.0,5876.0,185.0,-160.0,137350.0
812,3240.0,-14620.0,-2384.0,-2848.0,5607.0,329.0,-496.0,137356.0
813,3440.0,-14248.0,-1900.0,-2864.0,5202.0,727.0,-883.0,137361.0
814,2696.0,-14624.0,-1832.0,-2864.0,4810.0,990.0,-1128.0,137367.0
815,2460.0,-15116.0,-1632.0,-2912.0,4493.0,876.0,-1279.0,137373.0
816,2300.0,-15624.0,-1548.0,-2880.0,4259.0,392.0,-1448.0,137379.0
817,2720.0,-15828.0,-1720.0,-2864.0,4078.0,-296.0,-1636.0,137385.0
818,3520.0,-15972.0,-2052.0,-2880.0,3888.0,-880.0,-1806.0,137392.0
819,4360.0,-16168.0,-1884.0,-2912.0,3755.0,-907.0,-1813.0,137398.0
820,5344.0,-16240.0,-2044.0,-2896.0,3749.0,-320.0,-1771.0,137404.0
821,5604.0,-16400.0,-2520.0,-2880.0,3891.0,673.0,-1709.0,137410.0
822,5264.0,-16132.0,-2420.0,-2912.0,3987.0,1627.0,-1644.0,137416.0
823,4240.0,-16040.0,-2256.0,-2896.0,4074.0,2118.0,-1711.0,137422.0
824,2976.0,-16000.0,-2060.0,-2864.0,4153.0,2103.0,-1842.0,137428.0
825,2444.0,-15740.0,-1704.0,-2880.0,4194.0,1463.0,-2108.0,137434.0
826,2364.0,-15848.0,-1604.0,-2896.0,4215.0,565.0,-2379.0,137440.0
827,2792.0,-16108.0,-1588.0,-2896.0,4215.0,-381.0,-2555.0,137446.0
828,3364.0,-16264.0,-1492.0,-2880.0,4183.0,-1158.0,-2649.0,137452.0
829,4012.0,-16192.0,-1428.0,-2896.0,4225.0,-1578.0,-2602.0,137458.0
830,4896.0,-16020.0,-1272.0,-2912.0,4189.0,-1607.0,-2505.0,137464.0
831,5812.0,-15724.0,-1204.0,-2864.0,4080.0,-1321.0,-2386.0,137470.0
832,6536.0,-15164.0,-872.0,-2880.0,3840.0,-814.0,-2137.0,137477.0
833,6672.0,-15016.0,-944.0,-2864.0,3599.0,-142.0,-1926.0,137483.0
834,6660.0,-15024.0,-668.0,-2864.0,3350.0,531.0,-1673.0,137489.0
835,6236.0,-15480.0,-692.0,-2864.0,3121.0,1184.0,-1455.0,137495.0
836,5936.0,-15512.0,-572.0,-2880.0,2943.0,1680.0,-1232.0,137501.0
837,5776.0,-15644.0,-364.0,-2864.0,2762.0,2006.0,-1049.0,137507.0
838,5472.0,-15588.0,-516.0,-2864.0,2564.0,2131.0,-857.0,137512.0
839,5424.0,-15492.0,-564.0,-2880.0,2326.0,2116.0,-670.0,137519.0
840,5348.0,-15372.0,-460.0,-2880.0,2159.0,1979.0,-483.0,137525.0
841,5368.0,-15344.0,-584.0,-2880.0,1969.0,1817.0,-274.0,137531.0
842,5620.0,-15368.0,-632.0,-2928.0,1771.0,1697.0,-96.0,137537.0
843,5644.0,-15448.0,-556.0,-2880.0,1633.0,1637.0,92.0,137543.0
844,5720.0,-15540.0,-696.0,-2880.0,1525.0,1604.0,260.0,137548.0
845,5760.0,-15592.0,-800.0,-2880.0,1439.0,1651.0,402.0,137554.0
846,5728.0,-15796.0,-840.0,-2928.0,1429.0,1734.0,599.0,137561.0
847,5668.0,-15832.0,-892.0,-2864.0,1434.0,1925.0,743.0,137567.0
848,5320.0,-15772.0,-808.0,-2896.0,1433.0,2019.0,854.0,137573.0
849,5100.0,-15808.0,-932.0,-2896.0,1441.0,2076.0,941.0,137579.0
850,4976.0,-15796.0,-784.0,-2880.0,1490.0,2005.0,991.0,137585.0
851,4316.0,-16600.0,-1156.0,-2912.0,1627.0,1932.0,1370.0,137590.0
852,5648.0,-15548.0,-1236.0,-2896.0,1629.0,2022.0,996.0,137596.0
853,4288.0,-15868.0,-1004.0,-2864.0,1709.0,1832.0,1050.0,137603.0
854,4476.0,-15756.0,-904.0,-2880.0,1782.0,1442.0,989.0,137609.0
855,4676.0,-15860.0,-1024.0,-2896.0,1846.0,1202.0,980.0,137615.0
856,5148.0,-15956.0,-904.0,-2896.0,1956.0,1141.0,1040.0,137621.0
857,5084.0,-15776.0,-824.0,-2880.0,2002.0,1183.0,1097.0,137627.0
858,4944.0,-15732.0,-704.0,-2896.0,2029.0,1187.0,1171.0,137633.0
859,4796.0,-15720.0,-628.0,-2896.0,2083.0,1234.0,1216.0,137639.0
860,4720.0,-15764.0,-608.0,-2880.0,2085.0,1315.0,1245.0,137646.0
861,4460.0,-15884.0,-540.0,-2912.0,2108.0,1375.0,1238.0,137652.0
862,4200.0,-15496.0,-460.0,-2896.0,2035.0,1409.0,1331.0,137657.0
863,4132.0,-16040.0,-88.0,-2864.0,2014.0,1396.0,1151.0,137663.0
864,3868.0,-15988.0,4.0,-2880.0,1941.0,1282.0,1123.0,137669.0
865,3900.0,-16276.0,-324.0,-2896.0,1997.0,1226.0,1029.0,137675.0
866,4008.0,-16156.0,-192.0,-2880.0,2043.0,1053.0,959.0,137681.0
867,4224.0,-15856.0,-40.0,-2848.0,2015.0,833.0,923.0,137688.0
868,4484.0,-15640.0,108.0,-2896.0,1918.0,756.0,921.0,137693.0
869,4680.0,-16092.0,-88.0,-2864.0,1933.0,869.0,921.0,137699.0
870,4612.0,-15768.0,68.0,-2880.0,1850.0,1024.0,891.0,137705.0
871,4568.0,-15792.0,44.0,-2864.0,1797.0,1140.0,893.0,137711.0
872,4604.0,-15960.0,88.0,-2912.0,1795.0,1325.0,852.0,137716.0
873,4404.0,-15792.0,136.0,-2880.0,1787.0,1380.0,802.0,137722.0
874,4444.0,-15804.0,324.0,-2880.0,1741.0,1445.0,837.0,137729.0
875,4492.0,-15996.0,188.0,-2880.0,1695.0,1463.0,846.0,137735.0
876,4140.0,-15968.0,304.0,-2880.0,1663.0,1466.0,822.0,137741.0
877,4240.0,-16024.0,188.0,-2896.0,1617.0,1385.0,813.0,137746.0
878,4228.0,-15932.0,212.0,-2864.0,1604.0,1357.0,777.0,137752.0
879,4420.0,-15940.0,280.0,-2896.0,1583.0,1359.0,754.0,137758.0
880,4416.0,-16200.0,236.0,-2864.0,1592.0,1385.0,769.0,137764.0
881,4396.0,-16084.0,-76.0,-2864.0,1612.0,1379.0,813.0,137771.0
882,4596.0,-15928.0,-4.0,-2912.0,1646.0,1440.0,832.0,137776.0
883,4528.0,-16032.0,52.0,-2864.0,1693.0,1537.0,837.0,137782.0
884,4340.0,-16236.0,-136.0,-2864.0,1770.0,1593.0,891.0,137788.0
885,4252.0,-16296.0,-92.0,-2896.0,1864.0,1469.0,905.0,137794.0
886,4424.0,-16112.0,-164.0,-2848.0,1934.0,1346.0,944.0,137799.0
887,4552.0,-16104.0,88.0,-2880.0,1992.0,1302.0,1027.0,137805.0
888,4540.0,-16064.0,128.0,-2880.0,2095.0,1231.0,1074.0,137811.0
889,4688.0,-16040.0,0.0,-2848.0,2186.0,1140.0,1147.0,137818.0
890,4720.0,-16244.0,52.0,-2864.0,2290.0,1093.0,1230.0,137824.0
891,4756.0,-16408.0,20.0,-2864.0,2443.0,1062.0,1322.0,137829.0
892,4708.0,-16164.0,156.0,-2864.0,2544.0,1088.0,1444.0,137835.0
893,4708.0,-16020.0,200.0,-2864.0,2603.0,1115.0,1509.0,137841.0
894,4644.0,-16072.0,264.0,-2880.0,2706.0,1176.0,1638.0,137847.0
895,4412.0,-16124.0,368.0,-2880.0,2784.0,1222.0,1726.0,137853.0
896,4476.0,-16136.0,348.0,-2912.0,2880.0,1236.0,1756.0,137860.0
897,4380.0,-16172.0,192.0,-2864.0,2987.0,1199.0,1771.0,137866.0
898,4236.0,-15872.0,372.0,-2864.0,3050.0,1051.0,1823.0,137871.0
899,4316.0,-16060.0,660.0,-2896.0,3083.0,1018.0,1915.0,137877.0
900,4396.0,-16216.0,464.0,-2896.0,3158.0,1085.0,1993.0,137883.0
901,4392.0,-16080.0,592.0,-2896.0,3222.0,1092.0,2033.0,137889.0
902,4328.0,-15876.0,776.0,-2880.0,3238.0,1050.0,2121.0,137895.0
903,4384.0,-16068.0,928.0,-2880.0,3241.0,1097.0,2215.0,137902.0
904,4200.0,-16044.0,1172.0,-2912.0,3215.0,1065.0,2286.0,137908.0
905,4272.0,-16160.0,1072.0,-2864.0,3202.0,963.0,2468.0,137914.0
906,4504.0,-16248.0,1388.0,-2848.0,3169.0,884.0,2632.0,137919.0
907,4708.0,-16280.0,1424.0,-2880.0,3110.0,631.0,2741.0,137925.0
908,4852.0,-16064.0,1176.0,-2880.0,3103.0,365.0,2885.0,137931.0
909,5364.0,-15816.0,976.0,-2880.0,3081.0,375.0,3073.0,137937.0
910,5372.0,-15868.0,1216.0,-2880.0,3058.0,583.0,3249.0,137944.0
911,4704.0,-16084.0,1160.0,-2896.0,3110.0,896.0,3323.0,137950.0
912,4036.0,-16056.0,1252.0,-2864.0,3164.0,1212.0,3318.0,137956.0
913,3432.0,-16304.0,1180.0,-2880.0,3226.0,1223.0,3307.0,137961.0
914,3188.0,-16596.0,1268.0,-2848.0,3250.0,1193.0,3326.0,137967.0
915,3248.0,-16744.0,1296.0,-2896.0,3343.0,1167.0,3341.0,137973.0
916,3192.0,-16576.0,1344.0,-2880.0,3458.0,1153.0,3346.0,137979.0
917,3016.0,-16528.0,1340.0,-2864.0,3519.0,1074.0,3291.0,137986.0
918,3100.0,-16612.0,1456.0,-2864.0,3571.0,931.0,3250.0,137992.0
919,3368.0,-16680.0,1712.0,-2896.0,3545.0,885.0,3253.0,137998.0
920,3640.0,-16688.0,1600.0,-2848.0,3604.0,964.0,3307.0,138004.0
921,3844.0,-16872.0,1756.0,-2880.0,3683.0,1063.0,3386.0,138010.0
922,4056.0,-16852.0,1492.0,-2896.0,3697.0,1324.0,3567.0,138016.0
923,3896.0,-16912.0,1560.0,-2880.0,3803.0,1559.0,3524.0,138021.0
924,3636.0,-16944.0,1460.0,-2864.0,3892.0,1686.0,3571.0,138028.0
925,3544.0,-17068.0,1648.0,-2896.0,3975.0,1801.0,3607.0,138034.0
926,3416.0,-17172.0,1788.0,-2880.0,4081.0,2014.0,3649.0,138040.0
927,3160.0,-17288.0,1600.0,-2864.0,4241.0,2112.0,3691.0,138046.0
928,2684.0,-17100.0,1724.0,-2912.0,4346.0,2087.0,3725.0,138052.0
929,2460.0,-17396.0,1788.0,-2912.0,4499.0,2011.0,3732.0,138058.0
930,2520.0,-17836.0,1948.0,-2896.0,4686.0,1935.0,3728.0,138064.0
931,2556.0,-17516.0,1676.0,-2880.0,4873.0,1819.0,3781.0,138071.0
932,2432.0,-17692.0,1484.0,-2896.0,5039.0,1779.0,3830.0,138077.0
933,2528.0,-17860.0,1592.0,-2896.0,5259.0,1743.0,3892.0,138083.0
934,2740.0,-18448.0,1944.0,-2848.0,5497.0,1712.0,3920.0,138089.0
935,2728.0,-18188.0,1948.0,-2896.0,5718.0,1644.0,3945.0,138094.0
936,3944.0,-17572.0,2452.0,-2912.0,6054.0,1683.0,3717.0,138100.0
937,2988.0,-17948.0,896.0,-2880.0,6075.0,1873.0,4110.0,138106.0
938,3044.0,-18288.0,1336.0,-2864.0,6354.0,2054.0,4225.0,138113.0
939,2256.0,-18656.0,2076.0,-2864.0,6604.0,2145.0,4504.0,138119.0
940,1912.0,-18972.0,2396.0,-2912.0,6825.0,2131.0,4600.0,138125.0
941,1644.0,-19020.0,2260.0,-2896.0,7040.0,2040.0,4738.0,138131.0
942,1340.0,-19072.0,2148.0,-2896.0,7282.0,1906.0,5046.0,138137.0
943,1216.0,-19368.0,2208.0,-2880.0,7586.0,1871.0,5241.0,138143.0
944,1232.0,-19676.0,2212.0,-2864.0,7883.0,1693.0,5430.0,138149.0
945,1448.0,-19936.0,2236.0,-2848.0,8182.0,1403.0,5490.0,138156.0
946,1860.0,-20236.0,1880.0,-2864.0,8499.0,1229.0,5478.0,138161.0
947,2104.0,-20564.0,1820.0,-2896.0,8820.0,1188.0,5475.0,138167.0
948,2304.0,-20916.0,1844.0,-2880.0,9071.0,1262.0,5472.0,138173.0
949,2156.0,-21220.0,1828.0,-2864.0,9330.0,1456.0,5521.0,138179.0
950,1804.0,-21704.0,2064.0,-2848.0,9584.0,1686.0,5612.0,138185.0
951,1320.0,-22172.0,2096.0,-2848.0,9779.0,1970.0,5811.0,138191.0
952,988.0,-22720.0,1712.0,-2896.0,9969.0,2205.0,5993.0,138198.0
953,500.0,-23376.0,924.0,-2896.0,10150.0,2358.0,6274.0,138204.0
954,-380.0,-23544.0,-488.0,-2864.0,10124.0,1964.0,6437.0,138210.0
955,-1224.0,-24532.0,-1216.0,-2848.0,9937.0,788.0,6340.0,138216.0
956,-368.0,-25416.0,-744.0,-2896.0,10091.0,-492.0,6100.0,138221.0
957,1316.0,-24268.0,204.0,-2864.0,10412.0,-1417.0,6100.0,138227.0
958,2668.0,-22408.0,2124.0,-2912.0,10602.0,-1886.0,6196.0,138233.0
959,2668.0,-20820.0,4504.0,-2896.0,11433.0,-2173.0,6300.0,138240.0
960,3672.0,-17232.0,2340.0,-2880.0,11537.0,-1892.0,5960.0,138246.0
961,4116.0,-16604.0,1548.0,-2896.0,11399.0,-1346.0,5556.0,138252.0
962,4532.0,-16616.0,1788.0,-2864.0,11164.0,-731.0,5425.0,138258.0
963,5092.0,-15972.0,2104.0,-2864.0,10873.0,-14.0,5183.0,138264.0
964,5072.0,-15344.0,3660.0,-2880.0,10747.0,733.0,4912.0,138270.0
965,4156.0,-14420.0,5884.0,-2896.0,10583.0,1438.0,4906.0,138276.0
966,3940.0,-12964.0,7252.0,-2848.0,10567.0,1815.0,4584.0,138283.0
967,2952.0,-11444.0,8016.0,-2896.0,10317.0,2128.0,4056.0,138289.0
968,2744.0,-10208.0,8260.0,-2848.0,9903.0,2292.0,3675.0,138295.0
969,2724.0,-8912.0,7704.0,-2896.0,9234.0,2349.0,3043.0,138301.0
970,1864.0,-7892.0,6640.0,-2896.0,8353.0,2202.0,2520.0,138307.0
971,1180.0,-6768.0,4412.0,-2880.0,7034.0,1938.0,1984.0,138312.0
972,3208.0,-4728.0,-1648.0,-2880.0,5087.0,2086.0,1084.0,138318.0
973,6596.0,-3028.0,-4284.0,-2880.0,3698.0,3654.0,565.0,138324.0
974,6176.0,-2380.0,-4732.0,-2880.0,2535.0,5743.0,931.0,138331.0
975,2528.0,-2460.0,-5152.0,-2880.0,1143.0,7372.0,1423.0,138337.0
976,-24.0,-2300.0,-5020.0,-2864.0,-447.0,7726.0,1279.0,138343.0
977,-1120.0,-2456.0,-4596.0,-2848.0,-1964.0,7191.0,999.0,138348.0
978,-1376.0,-2744.0,-4412.0,-2880.0,-3524.0,6633.0,526.0,138354.0
979,-1612.0,-3320.0,-4236.0,-2864.0,-4990.0,6046.0,-35.0,138360.0
980,-1984.0,-3800.0,-3824.0,-2848.0,-6242.0,5162.0,-385.0,138366.0
981,-2448.0,-4288.0,-3624.0,-2864.0,-7506.0,4058.0,-703.0,138373.0
982,-2956.0,-4732.0,-3340.0,-2864.0,-8676.0,2936.0,-921.0,138379.0
983,-3112.0,-4664.0,-2952.0,-2896.0,-9957.0,1879.0,-1034.0,138385.0
984,-3356.0,-5816.0,-2916.0,-2896.0,-11114.0,724.0,-1377.0,138390.0
985,-3584.0,-6528.0,-2824.0,-2896.0,-12228.0,-529.0,-1675.0,138396.0
986,-3748.0,-7276.0,-2732.0,-2880.0,-13317.0,-1888.0,-1991.0,138402.0
987,-3380.0,-7840.0,-2716.0,-2864.0,-14345.0,-3126.0,-2287.0,138408.0
988,-3076.0,-8388.0,-2544.0,-2896.0,-15303.0,-4362.0,-2523.0,138415.0
989,-2580.0,-9112.0,-2108.0,-2880.0,-16257.0,-5446.0,-2816.0,138421.0
990,-2100.0,-9572.0,-2076.0,-2864.0,-17148.0,-6420.0,-3066.0,138427.0
991,-1496.0,-10388.0,-1992.0,-2880.0,-18021.0,-7248.0,-3276.0,138433.0
992,-880.0,-11024.0,-2024.0,-2880.0,-18882.0,-7968.0,-3465.0,138439.0
993,-508.0,-11876.0,-1824.0,-2896.0,-19642.0,-8599.0,-3626.0,138445.0
994,-248.0,-13388.0,-1320.0,-2880.0,-20109.0,-9174.0,-4408.0,138451.0
995,1816.0,-13400.0,-944.0,-2896.0,-21075.0,-9274.0,-2482.0,138458.0
996,2104.0,-14760.0,-1480.0,-2896.0,-21287.0,-9105.0,-4696.0,138464.0
997,-448.0,-14912.0,-952.0,-2880.0,-21876.0,-9882.0,-4612.0,138470.0
998,256.0,-15636.0,-536.0,-2848.0,-22433.0,-10876.0,-4772.0,138476.0
999,1140.0,-16624.0,-780.0,-2864.0,-22941.0,-11516.0,-5043.0,138483.0
1000,1964.0,-17992.0,-212.0,-2880.0,-23251.0,-11796.0,-5005.0,138489.0
1001,2352.0,-18968.0,156.0,-2880.0,-23368.0,-11716.0,-5163.0,138496.0
1002,2028.0,-19808.0,612.0,-2880.0,-23500.0,-12165.0,-5199.0,138502.0
1003,2728.0,-20596.0,872.0,-2864.0,-23578.0,-12618.0,-5348.0,138508.0
1004,3696.0,-21508.0,1340.0,-2896.0,-23549.0,-12929.0,-5523.0,138514.0
1005,4572.0,-23176.0,2116.0,-2864.0,-23179.0,-13168.0,-6052.0,138521.0
1006,5004.0,-23588.0,3052.0,-2880.0,-22676.0,-13327.0,-6536.0,138527.0
1007,6008.0,-23424.0,3348.0,-2864.0,-22194.0,-13297.0,-6994.0,138533.0
1008,7544.0,-22988.0,3084.0,-2896.0,-21781.0,-12857.0,-7488.0,138540.0
1009,9396.0,-21564.0,3952.0,-2880.0,-21299.0,-12750.0,-7926.0,138547.0
1010,11928.0,-25900.0,14944.0,-2864.0,-19371.0,-14241.0,-8458.0,138553.0
1011,14876.0,-32768.0,32767.0,-2912.0,-13216.0,-16303.0,-8976.0,138559.0
1012,13600.0,-32768.0,32767.0,-2896.0,-2201.0,-15363.0,-7975.0,138566.0
1013,4320.0,-32768.0,32767.0,-2864.0,2177.0,-8105.0,-5243.0,138572.0
1014,-7348.0,-32768.0,32767.0,-2880.0,3320.0,3975.0,-1601.0,138578.0
1015,-14636.0,-24144.0,29212.0,-2912.0,2540.0,12896.0,3460.0,138585.0
1016,-15032.0,-15232.0,8936.0,-2864.0,220.0,17970.0,4174.0,138591.0
1017,-9256.0,-8972.0,-5596.0,-2880.0,-912.0,19129.0,1325.0,138597.0
1018,-3772.0,-6472.0,-13272.0,-2896.0,-1290.0,16740.0,-1603.0,138603.0
1019,4520.0,-5704.0,-13624.0,-2896.0,-1604.0,10625.0,-4102.0,138609.0
1020,15728.0,-6644.0,-12344.0,-2864.0,-2179.0,1252.0,-5813.0,138616.0
1021,22760.0,-12524.0,-8056.0,-2880.0,-1722.0,-4980.0,-4710.0,138622.0
1022,16428.0,-15624.0,-2344.0,-2864.0,-728.0,-4304.0,-1939.0,138629.0
1023,5324.0,-16468.0,1696.0,-2880.0,-483.0,-1492.0,831.0,138635.0
1024,-3228.0,-18620.0,3664.0,-2880.0,-667.0,35.0,1579.0,138641.0
1025,-8900.0,-20508.0,4028.0,-2880.0,-851.0,519.0,674.0,138647.0
1026,-10036.0,-20672.0,2972.0,-2880.0,-1017.0,-206.0,-1218.0,138652.0
1027,-6824.0,-19696.0,996.0,-2896.0,-1125.0,-2377.0,-3040.0,138658.0
1028,16.0,-17612.0,-792.0,-2896.0,-1262.0,-4707.0,-3448.0,138664.0
1029,6460.0,-16160.0,-1692.0,-2896.0,-1368.0,-5490.0,-2963.0,138671.0
1030,10520.0,-16752.0,-2764.0,-2880.0,-1036.0,-4221.0,-2143.0,138678.0
1031,11980.0,-16200.0,-3056.0,-2864.0,-540.0,-1329.0,-806.0,138684.0
1032,10024.0,-14124.0,-2928.0,-2896.0,-299.0,1909.0,67.0,138690.0
1033,4932.0,-14168.0,-2060.0,-2864.0,-157.0,4157.0,-127.0,138696.0
1034,-436.0,-15192.0,-644.0,-2880.0,-232.0,4812.0,-627.0,138702.0
1035,-3744.0,-16620.0,204.0,-2912.0,-335.0,4087.0,-1277.0,138707.0
1036,-4300.0,-17484.0,488.0,-2848.0,-389.0,2351.0,-1752.0,138714.0
1037,-2152.0,-17804.0,120.0,-2864.0,-390.0,213.0,-1917.0,138720.0
1038,1188.0,-17620.0,-524.0,-2896.0,-319.0,-1212.0,-1946.0,138726.0
1039,4172.0,-17372.0,-1588.0,-2880.0,-175.0,-1476.0,-1819.0,138732.0
1040,5784.0,-16680.0,-2124.0,-2880.0,-24.0,-897.0,-1634.0,138738.0
1041,5812.0,-16164.0,-1984.0,-2912.0,91.0,135.0,-1404.0,138744.0
1042,4472.0,-16036.0,-1336.0,-2912.0,134.0,1074.0,-1220.0,138750.0
1043,2820.0,-16224.0,-480.0,-2896.0,213.0,1581.0,-1045.0,138757.0
1044,1476.0,-16736.0,-136.0,-2864.0,300.0,1403.0,-1084.0,138762.0
1045,1252.0,-16568.0,-728.0,-2896.0,399.0,625.0,-1222.0,138768.0
1046,1648.0,-16308.0,-608.0,-2864.0,424.0,-346.0,-1334.0,138774.0
1047,2528.0,-16240.0,-632.0,-2864.0,426.0,-1244.0,-1440.0,138780.0
1048,3128.0,-16220.0,-720.0,-2864.0,448.0,-1888.0,-1404.0,138786.0
1049,3652.0,-16136.0,-728.0,-2896.0,405.0,-2216.0,-1282.0,138792.0
1050,4004.0,-16064.0,-760.0,-2912.0,326.0,-2228.0,-1068.0,138798.0
1051,3900.0,-16200.0,-676.0,-2880.0,313.0,-2061.0,-922.0,138804.0
1052,3800.0,-16272.0,-876.0,-2848.0,315.0,-1846.0,-748.0,138810.0
1053,3548.0,-16300.0,-688.0,-2912.0,361.0,-1703.0,-677.0,138816.0
1054,3404.0,-16404.0,-576.0,-2880.0,388.0,-1420.0,-615.0,138822.0
1055,3296.0,-16652.0,-668.0,-2912.0,459.0,-1046.0,-577.0,138828.0
1056,2804.0,-16640.0,-760.0,-2912.0,556.0,-704.0,-829.0,138833.0
1057,3400.0,-17236.0,-1284.0,-2896.0,798.0,-290.0,1.0,138840.0
1058,3748.0,-16052.0,-864.0,-2928.0,782.0,6.0,-910.0,138846.0
1059,2324.0,-16188.0,-528.0,-2896.0,714.0,-126.0,-503.0,138852.0
1060,2844.0,-16488.0,-500.0,-2896.0,691.0,-328.0,-586.0,138857.0
1061,2924.0,-16476.0,-424.0,-2880.0,640.0,-429.0,-513.0,138863.0
1062,3480.0,-16024.0,-520.0,-2880.0,557.0,-213.0,-530.0,138869.0
1063,3620.0,-16424.0,-652.0,-2864.0,551.0,76.0,-561.0,138875.0
1064,3772.0,-16400.0,-792.0,-2848.0,626.0,436.0,-474.0,138881.0
1065,3832.0,-16056.0,-856.0,-2880.0,634.0,642.0,-358.0,138887.0
1066,3716.0,-15948.0,-688.0,-2864.0,593.0,769.0,-261.0,138893.0
1067,3328.0,-15984.0,-656.0,-2896.0,566.0,792.0,-195.0,138899.0
1068,3212.0,-15892.0,-648.0,-2880.0,563.0,721.0,-156.0,138904.0
1069,2984.0,-16104.0,-496.0,-2864.0,520.0,601.0,-269.0,138910.0
1070,2544.0,-16408.0,-580.0,-2864.0,580.0,444.0,-234.0,138916.0
1071,2776.0,-16312.0,-460.0,-2880.0,602.0,227.0,-240.0,138923.0
1072,2896.0,-16508.0,-352.0,-2880.0,707.0,13.0,-287.0,138928.0
1073,3240.0,-16624.0,-560.0,-2896.0,787.0,-110.0,-279.0,138934.0
1074,3332.0,-16648.0,-696.0,-2880.0,904.0,-121.0,-240.0,138940.0
1075,3276.0,-16440.0,-436.0,-2912.0,1010.0,-110.0,-247.0,138946.0
1076,3296.0,-16324.0,-508.0,-2864.0,1016.0,-69.0,-201.0,138951.0
1077,3196.0,-16264.0,-488.0,-2864.0,1012.0,-12.0,-183.0,138957.0
1078,3248.0,-16316.0,-380.0,-2880.0,998.0,-13.0,-90.0,138963.0
1079,3236.0,-16080.0,-140.0,-2896.0,942.0,132.0,-53.0,138970.0
1080,3232.0,-16176.0,-16.0,-2864.0,877.0,291.0,-42.0,138975.0
1081,2996.0,-16220.0,-240.0,-2880.0,825.0,313.0,-55.0,138981.0
1082,2856.0,-16160.0,-112.0,-2864.0,802.0,291.0,-73.0,138987.0
1083,2872.0,-16132.0,-320.0,-2848.0,738.0,201.0,-75.0,138992.0
1084,2940.0,-16104.0,-24.0,-2864.0,694.0,81.0,-85.0,138998.0
1085,2900.0,-16084.0,-84.0,-2880.0,652.0,18.0,-107.0,139004.0
1086,2860.0,-16156.0,80.0,-2848.0,577.0,-35.0,-111.0,139010.0
1087,3188.0,-16032.0,32.0,-2864.0,508.0,-93.0,-133.0,139016.0
1088,3172.0,-16084.0,-56.0,-2864.0,397.0,-27.0,-133.0,139022.0
1089,3272.0,-16164.0,-196.0,-2896.0,308.0,63.0,-87.0,139027.0
1090,3172.0,-16096.0,20.0,-2880.0,230.0,144.0,-80.0,139033.0
1091,3156.0,-16216.0,92.0,-2896.0,157.0,292.0,-48.0,139038.0
1092,3052.0,-16336.0,-108.0,-2880.0,87.0,369.0,-56.0,139044.0
1093,3028.0,-16248.0,-56.0,-2880.0,48.0,449.0,-100.0,139051.0
1094,3036.0,-16376.0,-208.0,-2880.0,48.0,434.0,-157.0,139056.0
1095,3044.0,-16400.0,-248.0,-2896.0,48.0,381.0,-166.0,139062.0
1096,3060.0,-16324.0,-108.0,-2880.0,60.0,397.0,-202.0,139068.0
1097,3060.0,-16328.0,-16.0,-2896.0,54.0,440.0,-231.0,139073.0
1098,3100.0,-16232.0,-224.0,-2896.0,50.0,401.0,-239.0,139079.0
1099,2960.0,-16240.0,-140.0,-2880.0,57.0,420.0,-252.0,139085.0
1100,3080.0,-16276.0,-256.0,-2880.0,16.0,394.0,-286.0,139090.0
1101,3176.0,-16264.0,-224.0,-2864.0,36.0,370.0,-272.0,139097.0
1102,3224.0,-16140.0,-224.0,-2880.0,38.0,379.0,-248.0,139103.0
1103,3368.0,-16116.0,-348.0,-2864.0,47.0,371.0,-200.0,139108.0
1104,3444.0,-16084.0,-372.0,-2880.0,68.0,366.0,-181.0,139114.0
1105,3524.0,-16244.0,-288.0,-2880.0,76.0,427.0,-110.0,139120.0
1106,3368.0,-16168.0,-500.0,-2896.0,110.0,443.0,-57.0,139125.0
1107,3528.0,-16376.0,-372.0,-2880.0,173.0,434.0,32.0,139131.0
1108,3532.0,-16472.0,-664.0,-2896.0,263.0,419.0,84.0,139138.0
1109,3536.0,-16428.0,-520.0,-2864.0,345.0,311.0,147.0,139143.0
1110,3412.0,-16204.0,-428.0,-2928.0,369.0,285.0,175.0,139149.0
1111,3168.0,-16280.0,-44.0,-2880.0,413.0,284.0,228.0,139155.0
1112,3216.0,-16260.0,-184.0,-2880.0,416.0,278.0,233.0,139160.0
1113,3204.0,-16132.0,-168.0,-2864.0,436.0,269.0,238.0,139166.0
1114,3128.0,-16216.0,-116.0,-2912.0,426.0,286.0,248.0,139172.0
1115,3164.0,-16208.0,-136.0,-2864.0,435.0,266.0,263.0,139179.0
1116,2976.0,-16344.0,-20.0,-2880.0,433.0,210.0,253.0,139184.0
1117,3032.0,-16288.0,-24.0,-2896.0,417.0,189.0,262.0,139190.0
1118,2992.0,-16288.0,-60.0,-2912.0,409.0,184.0,254.0,139196.0
1119,2996.0,-16228.0,16.0,-2880.0,410.0,172.0,238.0,139201.0
1120,3032.0,-16268.0,60.0,-2864.0,394.0,143.0,235.0,139207.0
1121,3052.0,-16288.0,-80.0,-2896.0,385.0,73.0,200.0,139213.0
1122,3164.0,-16248.0,-40.0,-2864.0,387.0,109.0,201.0,139218.0
1123,3348.0,-16128.0,76.0,-2912.0,337.0,133.0,192.0,139225.0
1124,3216.0,-16068.0,68.0,-2864.0,310.0,223.0,205.0,139230.0
1125,3140.0,-16152.0,260.0,-2864.0,249.0,301.0,217.0,139236.0
1126,3160.0,-16152.0,220.0,-2880.0,206.0,421.0,246.0,139242.0
1127,3084.0,-16152.0,112.0,-2896.0,161.0,500.0,205.0,139247.0
1128,3072.0,-16196.0,80.0,-2896.0,109.0,538.0,202.0,139253.0
1129,3024.0,-16212.0,96.0,-2880.0,90.0,531.0,199.0,139259.0
1130,2968.0,-16324.0,-68.0,-2880.0,93.0,564.0,195.0,139265.0
1131,2944.0,-16224.0,80.0,-2912.0,93.0,573.0,188.0,139271.0
1132,2940.0,-16188.0,28.0,-2848.0,59.0,542.0,149.0,139277.0
1133,2896.0,-16240.0,12.0,-2880.0,36.0,472.0,149.0,139282.0
1134,2992.0,-16300.0,64.0,-2832.0,52.0,418.0,143.0,139288.0
1135,3120.0,-16196.0,48.0,-2864.0,46.0,381.0,125.0,139293.0
1136,3028.0,-16288.0,-92.0,-2864.0,47.0,372.0,151.0,139299.0
1137,3008.0,-16308.0,140.0,-2864.0,57.0,411.0,170.0,139305.0
1138,3076.0,-16340.0,-60.0,-2864.0,64.0,425.0,151.0,139311.0
1139,3068.0,-16364.0,-260.0,-2864.0,106.0,362.0,155.0,139317.0
1140,3156.0,-16224.0,-100.0,-2880.0,136.0,325.0,158.0,139323.0
1141,3188.0,-16324.0,-80.0,-2864.0,137.0,289.0,176.0,139328.0
1142,3168.0,-16204.0,-12.0,-2880.0,156.0,271.0,188.0,139334.0
1143,3192.0,-16196.0,80.0,-2864.0,143.0,306.0,202.0,139340.0
1144,3004.0,-16300.0,156.0,-2896.0,169.0,317.0,198.0,139345.0
1145,2988.0,-16368.0,-96.0,-2880.0,196.0,370.0,221.0,139352.0
1146,3108.0,-16352.0,-20.0,-2864.0,240.0,343.0,235.0,139358.0
1147,3000.0,-16140.0,-20.0,-2864.0,235.0,326.0,203.0,139363.0
1148,3064.0,-16232.0,116.0,-2864.0,245.0,242.0,230.0,139369.0
1149,3152.0,-16120.0,136.0,-2864.0,199.0,228.0,315.0,139375.0
1150,2964.0,-16160.0,112.0,-2880.0,162.0,226.0,222.0,139380.0
1151,2892.0,-16092.0,136.0,-2880.0,144.0,231.0,213.0,139386.0
1152,3032.0,-16288.0,276.0,-2864.0,142.0,183.0,177.0,139393.0
1153,3096.0,-16188.0,192.0,-2880.0,113.0,246.0,212.0,139398.0
1154,3108.0,-16168.0,-24.0,-2896.0,83.0,342.0,170.0,139404.0
1155,3060.0,-16220.0,200.0,-2832.0,86.0,402.0,165.0,139410.0
1156,2828.0,-16176.0,96.0,-2912.0,70.0,369.0,164.0,139415.0
1157,3116.0,-16276.0,244.0,-2880.0,-71.0,-60.0,53.0,139610.0
1158,3024.0,-16212.0,288.0,-2848.0,-63.0,-52.0,71.0,139615.0
1159,3024.0,-16252.0,184.0,-2880.0,-85.0,-41.0,74.0,139621.0
1160,2928.0,-16208.0,164.0,-2896.0,-112.0,-6.0,76.0,139626.0
1161,3044.0,-16204.0,220.0,-2864.0,-110.0,40.0,85.0,139632.0
1162,3004.0,-16388.0,144.0,-2880.0,-114.0,52.0,97.0,139638.0
1163,3244.0,-16288.0,192.0,-2880.0,-81.0,66.0,98.0,139643.0
1164,3176.0,-16188.0,92.0,-2864.0,-71.0,78.0,100.0,139650.0
1165,3040.0,-16296.0,156.0,-2896.0,-78.0,104.0,134.0,139655.0
1166,2900.0,-16256.0,68.0,-2880.0,-49.0,148.0,121.0,139661.0
1167,2968.0,-16252.0,68.0,-2880.0,-61.0,117.0,111.0,139666.0
1168,3008.0,-16324.0,12.0,-2896.0,-31.0,96.0,133.0,139672.0
1169,3028.0,-16300.0,220.0,-2880.0,-32.0,111.0,104.0,139678.0
1170,3028.0,-16372.0,116.0,-2880.0,-12.0,106.0,126.0,139683.0
1171,3084.0,-16388.0,48.0,-2896.0,-7.0,100.0,119.0,139689.0
1172,3048.0,-16200.0,268.0,-2880.0,10.0,87.0,135.0,139695.0
1173,2972.0,-16172.0,56.0,-2848.0,4.0,61.0,127.0,139701.0
1174,2940.0,-16112.0,280.0,-2880.0,-6.0,77.0,113.0,139707.0
1175,2992.0,-16304.0,100.0,-2864.0,10.0,61.0,115.0,139712.0
1176,2988.0,-16172.0,376.0,-2864.0,-24.0,76.0,113.0,139718.0
1177,2940.0,-16244.0,284.0,-2848.0,-29.0,137.0,107.0,139723.0
1178,3056.0,-16208.0,296.0,-2848.0,-33.0,114.0,120.0,139729.0
1179,3084.0,-16220.0,256.0,-2864.0,-51.0,111.0,104.0,139736.0
1180,3072.0,-16284.0,104.0,-2864.0,-58.0,126.0,120.0,139741.0
1181,3112.0,-16220.0,364.0,-2848.0,-70.0,135.0,115.0,139747.0
1182,3004.0,-16236.0,88.0,-2896.0,-71.0,203.0,142.0,139753.0
1183,2964.0,-16216.0,116.0,-2896.0,-71.0,181.0,142.0,139758.0
1184,2968.0,-16212.0,172.0,-2896.0,-88.0,196.0,126.0,139764.0
1185,3068.0,-16196.0,228.0,-2848.0,-87.0,166.0,133.0,139769.0
1186,2964.0,-16356.0,204.0,-2880.0,-61.0,149.0,128.0,139776.0
1187,3004.0,-16184.0,100.0,-2896.0,-52.0,142.0,124.0,139782.0
1188,3056.0,-16256.0,400.0,-2864.0,-61.0,141.0,138.0,139787.0
1189,3040.0,-16112.0,212.0,-2880.0,-83.0,150.0,116.0,139793.0
1190,3084.0,-16256.0,52.0,-2896.0,-66.0,155.0,119.0,139799.0
1191,3160.0,-16260.0,168.0,-2864.0,-91.0,175.0,155.0,139804.0
1192,3008.0,-16284.0,264.0,-2896.0,-73.0,229.0,152.0,139810.0
1193,3028.0,-16336.0,124.0,-2880.0,-50.0,240.0,155.0,139816.0
1194,2960.0,-16268.0,196.0,-2880.0,-41.0,213.0,143.0,139822.0
1195,3092.0,-16140.0,216.0,-2864.0,-47.0,192.0,155.0,139828.0
1196,3000.0,-16324.0,240.0,-2848.0,-71.0,202.0,132.0,139834.0
1197,3028.0,-16328.0,320.0,-2880.0,-91.0,242.0,155.0,139839.0
1198,2884.0,-16300.0,100.0,-2864.0,-69.0,216.0,142.0,139845.0
1199,2988.0,-16372.0,392.0,-2896.0,-84.0,245.0,156.0,139851.0
1200,2888.0,-16216.0,72.0,-2880.0,-104.0,233.0,141.0,139856.0
1201,2932.0,-16236.0,168.0,-2880.0,-105.0,201.0,127.0,139863.0
1202,2924.0,-16224.0,140.0,-2896.0,-100.0,209.0,121.0,139869.0
1203,2900.0,-16252.0,140.0,-2880.0,-105.0,220.0,145.0,139874.0
1204,3056.0,-16176.0,64.0,-2864.0,-104.0,219.0,123.0,139880.0
1205,2888.0,-16176.0,240.0,-2880.0,-120.0,200.0,110.0,139886.0
1206,2912.0,-16232.0,264.0,-2896.0,-138.0,182.0,120.0,139891.0
1207,2912.0,-16224.0,160.0,-2880.0,-140.0,211.0,121.0,139897.0
1208,2972.0,-16116.0,76.0,-2864.0,-151.0,212.0,132.0,139904.0
1209,2948.0,-16108.0,184.0,-2896.0,-160.0,220.0,123.0,139909.0
1210,2964.0,-16332.0,116.0,-2880.0,-118.0,216.0,112.0,139915.0
1211,3028.0,-16324.0,48.0,-2864.0,-113.0,184.0,112.0,139921.0
1212,3008.0,-16356.0,128.0,-2896.0,-124.0,133.0,118.0,139926.0
1213,3044.0,-16236.0,280.0,-2912.0,-97.0,159.0,112.0,139932.0
1214,3100.0,-16156.0,312.0,-2864.0,-115.0,182.0,120.0,139938.0
1215,2972.0,-16192.0,368.0,-2912.0,-131.0,141.0,150.0,139943.0
1216,2988.0,-16312.0,196.0,-2864.0,-113.0,168.0,114.0,139950.0
1217,2976.0,-16300.0,196.0,-2896.0,-114.0,204.0,149.0,139956.0
1218,3048.0,-16348.0,148.0,-2896.0,-107.0,224.0,145.0,139961.0
1219,2824.0,-16224.0,184.0,-2880.0,-82.0,206.0,107.0,139967.0
1220,2788.0,-16232.0,136.0,-2912.0,-85.0,214.0,145.0,139973.0
1221,2780.0,-16316.0,128.0,-2896.0,-92.0,201.0,111.0,139978.0
1222,2808.0,-16304.0,292.0,-2864.0,-116.0,200.0,88.0,139984.0
1223,2892.0,-16228.0,304.0,-2896.0,-135.0,145.0,113.0,139991.0
1224,2908.0,-16316.0,296.0,-2864.0,-119.0,124.0,105.0,139997.0
1225,2916.0,-16244.0,244.0,-2880.0,-101.0,159.0,97.0,140002.0
1226,2972.0,-16236.0,228.0,-2880.0,-119.0,161.0,87.0,140008.0
1227,3020.0,-16192.0,344.0,-2864.0,-131.0,168.0,107.0,140014.0
1228,2944.0,-16176.0,300.0,-2880.0,-128.0,157.0,96.0,140019.0
1229,2988.0,-16380.0,176.0,-2912.0,-133.0,158.0,126.0,140025.0
1230,3020.0,-16264.0,256.0,-2864.0,-159.0,193.0,124.0,140032.0
1231,2944.0,-16312.0,136.0,-2880.0,-146.0,243.0,92.0,140037.0
1232,2948.0,-16244.0,152.0,-2896.0,-150.0,211.0,122.0,140043.0
1233,3076.0,-16128.0,292.0,-2848.0,-173.0,205.0,107.0,140049.0
1234,2936.0,-16292.0,284.0,-2864.0,-170.0,182.0,98.0,140054.0
1235,2844.0,-16164.0,196.0,-2864.0,-177.0,179.0,113.0,140060.0
1236,2892.0,-16200.0,284.0,-2848.0,-210.0,174.0,107.0,140066.0
1237,2824.0,-16260.0,432.0,-2864.0,-184.0,167.0,132.0,140071.0
1238,2876.0,-16224.0,244.0,-2848.0,-212.0,162.0,77.0,140078.0
1239,2816.0,-16268.0,284.0,-2864.0,-197.0,134.0,97.0,140084.0
1240,2952.0,-16296.0,260.0,-2864.0,-206.0,145.0,98.0,140089.0
1241,2948.0,-16216.0,168.0,-2880.0,-227.0,152.0,74.0,140095.0
1242,2820.0,-16248.0,256.0,-2848.0,-201.0,130.0,64.0,140101.0
1243,3020.0,-16172.0,92.0,-2864.0,-189.0,134.0,87.0,140106.0
1244,3000.0,-16208.0,244.0,-2864.0,-186.0,113.0,70.0,140112.0
1245,2996.0,-16204.0,232.0,-2896.0,-195.0,127.0,87.0,140119.0
1246,3072.0,-16224.0,260.0,-2848.0,-200.0,146.0,115.0,140124.0
1247,2948.0,-16328.0,64.0,-2896.0,-187.0,191.0,101.0,140130.0
1248,2876.0,-16368.0,12.0,-2864.0,-167.0,213.0,108.0,140136.0
1249,2860.0,-16236.0,76.0,-2880.0,-182.0,175.0,97.0,140141.0
1250,2924.0,-16136.0,144.0,-2880.0,-187.0,153.0,120.0,140147.0
1251,2912.0,-16208.0,172.0,-2864.0,-209.0,166.0,99.0,140153.0
1252,2892.0,-16280.0,200.0,-2880.0,-166.0,167.0,89.0,140158.0
1253,2920.0,-16136.0,256.0,-2848.0,-184.0,164.0,104.0,140165.0
1254,2956.0,-16216.0,164.0,-2896.0,-162.0,160.0,100.0,140171.0
1255,3008.0,-16280.0,348.0,-2848.0,-188.0,173.0,95.0,140176.0
1256,2984.0,-16228.0,152.0,-2832.0,-192.0,220.0,110.0,140182.0
1257,2880.0,-16284.0,36.0,-2880.0,-184.0,253.0,90.0,140188.0
1258,2924.0,-16240.0,336.0,-2880.0,-179.0,262.0,105.0,140193.0
1259,2896.0,-16176.0,332.0,-2864.0,-195.0,244.0,107.0,140199.0
1260,2920.0,-16224.0,200.0,-2864.0,-205.0,248.0,85.0,140206.0
1261,2900.0,-16224.0,208.0,-2880.0,-209.0,222.0,97.0,140211.0
1262,2924.0,-16244.0,288.0,-2896.0,-224.0,202.0,86.0,140217.0
1263,2924.0,-16236.0,60.0,-2864.0,-228.0,203.0,97.0,140223.0
1264,2852.0,-16144.0,436.0,-2880.0,-223.0,237.0,99.0,140228.0
1265,2868.0,-16316.0,244.0,-2880.0,-252.0,221.0,84.0,140234.0
1266,2828.0,-16280.0,328.0,-2864.0,-240.0,252.0,80.0,140239.0
1267,2820.0,-16172.0,276.0,-2864.0,-274.0,268.0,58.0,140246.0
1268,2764.0,-16228.0,184.0,-2848.0,-266.0,258.0,60.0,140252.0
1269,2928.0,-16324.0,276.0,-2864.0,-241.0,215.0,68.0,140257.0
1270,2872.0,-16220.0,16.0,-2864.0,-240.0,210.0,53.0,140263.0
1271,3036.0,-16276.0,20.0,-2864.0,-259.0,216.0,66.0,140269.0
1272,2800.0,-16236.0,24.0,-2864.0,-250.0,235.0,70.0,140274.0
1273,2880.0,-16268.0,224.0,-2880.0,-263.0,205.0,85.0,140280.0
1274,2816.0,-16336.0,276.0,-2880.0,-251.0,198.0,59.0,140286.0
1275,2840.0,-16256.0,116.0,-2864.0,-245.0,192.0,51.0,140292.0
1276,2804.0,-16236.0,232.0,-2864.0,-223.0,188.0,36.0,140298.0
1277,3024.0,-16220.0,64.0,-2880.0,-226.0,160.0,43.0,140303.0
1278,2896.0,-16216.0,224.0,-2848.0,-222.0,143.0,55.0,140309.0
1279,3020.0,-16268.0,276.0,-2864.0,-220.0,171.0,52.0,140315.0
1280,2840.0,-16268.0,76.0,-2864.0,-238.0,195.0,56.0,140320.0
1281,2948.0,-16332.0,264.0,-2864.0,-220.0,183.0,82.0,140326.0
1282,2896.0,-16180.0,-16.0,-2848.0,-233.0,180.0,80.0,140333.0
1283,2888.0,-16244.0,252.0,-2880.0,-223.0,210.0,63.0,140338.0
1284,2836.0,-16504.0,208.0,-2896.0,-199.0,207.0,68.0,140344.0
1285,2824.0,-16384.0,248.0,-2864.0,-182.0,176.0,50.0,140350.0
1286,2928.0,-16228.0,236.0,-2880.0,-185.0,147.0,74.0,140355.0
1287,2824.0,-16236.0,180.0,-2832.0,-173.0,123.0,61.0,140361.0
1288,2836.0,-16260.0,160.0,-2864.0,-186.0,147.0,67.0,140367.0
1289,2940.0,-16252.0,316.0,-2880.0,-162.0,140.0,62.0,140372.0
1290,3048.0,-16228.0,260.0,-2912.0,-177.0,145.0,77.0,140379.0
1291,2964.0,-16320.0,284.0,-2896.0,-168.0,160.0,76.0,140385.0
1292,2964.0,-16308.0,412.0,-2864.0,-144.0,137.0,58.0,140390.0
1293,2912.0,-16188.0,296.0,-2880.0,-185.0,152.0,58.0,140396.0
1294,2920.0,-16244.0,244.0,-2896.0,-173.0,169.0,81.0,140401.0
1295,2916.0,-16272.0,144.0,-2896.0,-170.0,185.0,95.0,140407.0
1296,2816.0,-16164.0,152.0,-2880.0,-169.0,229.0,87.0,140413.0
1297,2848.0,-16224.0,284.0,-2896.0,-188.0,212.0,81.0,140419.0
1298,2960.0,-16344.0,284.0,-2864.0,-188.0,207.0,82.0,140425.0
1299,2960.0,-16416.0,312.0,-2880.0,-164.0,217.0,82.0,140431.0
1300,2900.0,-16416.0,40.0,-2880.0,-126.0,222.0,85.0,140436.0
1301,2928.0,-16256.0,232.0,-2880.0,-112.0,173.0,98.0,140442.0
1302,2864.0,-16256.0,268.0,-2864.0,-102.0,145.0,71.0,140448.0
1303,2804.0,-16208.0,164.0,-2832.0,-126.0,148.0,68.0,140453.0
1304,2764.0,-16300.0,228.0,-2912.0,-122.0,141.0,63.0,140460.0
1305,2924.0,-16244.0,244.0,-2864.0,-132.0,142.0,73.0,140466.0
1306,2928.0,-16372.0,344.0,-2896.0,-113.0,124.0,64.0,140471.0
1307,2920.0,-16296.0,212.0,-2848.0,-124.0,144.0,95.0,140477.0
1308,2864.0,-16248.0,304.0,-2912.0,-142.0,135.0,75.0,140483.0
1309,2884.0,-16236.0,228.0,-2864.0,-135.0,131.0,90.0,140488.0
1310,2880.0,-16284.0,244.0,-2848.0,-126.0,167.0,75.0,140494.0
1311,2876.0,-16252.0,220.0,-2880.0,-106.0,166.0,62.0,140500.0
1312,3016.0,-16228.0,168.0,-2864.0,-153.0,148.0,60.0,140506.0
1313,2836.0,-16292.0,272.0,-2864.0,-142.0,168.0,53.0,140512.0
1314,2844.0,-16276.0,148.0,-2848.0,-122.0,129.0,68.0,140517.0
1315,2792.0,-16284.0,272.0,-2848.0,-159.0,167.0,51.0,140523.0
1316,2848.0,-16252.0,204.0,-2864.0,-140.0,150.0,49.0,140529.0
1317,2740.0,-16260.0,264.0,-2848.0,-147.0,170.0,62.0,140534.0
1318,2944.0,-16284.0,316.0,-2848.0,-146.0,155.0,29.0,140540.0
1319,2876.0,-16240.0,204.0,-2832.0,-129.0,154.0,29.0,140547.0
1320,2944.0,-16380.0,264.0,-2896.0,-121.0,102.0,43.0,140552.0
1321,2892.0,-16228.0,168.0,-2912.0,-105.0,116.0,49.0,140558.0
1322,2872.0,-16264.0,484.0,-2880.0,-140.0,105.0,49.0,140564.0
1323,2972.0,-16240.0,184.0,-2864.0,-163.0,131.0,66.0,140569.0
1324,2864.0,-16176.0,204.0,-2880.0,-160.0,160.0,34.0,140575.0
1325,2852.0,-16304.0,384.0,-2880.0,-150.0,188.0,69.0,140581.0
1326,2864.0,-16284.0,224.0,-2864.0,-147.0,214.0,77.0,140587.0
1327,2952.0,-16252.0,328.0,-2864.0,-155.0,189.0,55.0,140593.0
1328,2908.0,-16304.0,372.0,-2880.0,-136.0,165.0,62.0,140599.0
1329,2776.0,-16236.0,304.0,-2864.0,-152.0,149.0,70.0,140604.0
1330,2820.0,-16328.0,176.0,-2864.0,-140.0,142.0,50.0,140610.0
1331,2864.0,-16320.0,132.0,-2864.0,-142.0,140.0,60.0,140616.0
1332,2872.0,-16264.0,164.0,-2880.0,-129.0,147.0,66.0,140621.0
1333,2964.0,-16296.0,172.0,-2864.0,-140.0,197.0,78.0,140627.0
1334,3040.0,-16188.0,176.0,-2896.0,-116.0,183.0,70.0,140634.0
1335,2900.0,-16376.0,156.0,-2880.0,-98.0,196.0,93.0,140639.0
1336,2892.0,-16236.0,164.0,-2880.0,-104.0,251.0,87.0,140645.0
1337,2800.0,-16240.0,268.0,-2832.0,-100.0,212.0,88.0,140650.0
1338,2784.0,-16288.0,180.0,-2864.0,-106.0,186.0,101.0,140656.0
1339,2864.0,-16384.0,348.0,-2880.0,-97.0,155.0,76.0,140662.0
1340,2868.0,-16248.0,300.0,-2816.0,-109.0,134.0,95.0,140667.0
1341,2884.0,-16252.0,260.0,-2864.0,-113.0,154.0,83.0,140674.0
1342,2888.0,-16268.0,240.0,-2864.0,-102.0,173.0,101.0,140680.0
1343,2772.0,-16216.0,228.0,-2880.0,-104.0,184.0,85.0,140685.0
1344,2820.0,-16224.0,308.0,-2864.0,-109.0,138.0,87.0,140691.0
1345,2936.0,-16256.0,268.0,-2848.0,-111.0,158.0,75.0,140697.0
1346,2876.0,-16240.0,168.0,-2848.0,-89.0,182.0,81.0,140702.0
1347,2800.0,-16296.0,284.0,-2880.0,-92.0,166.0,90.0,140708.0
1348,2896.0,-16292.0,272.0,-2864.0,-91.0,195.0,76.0,140715.0
1349,2892.0,-16284.0,292.0,-2864.0,-96.0,195.0,86.0,140720.0
1350,2816.0,-16216.0,164.0,-2864.0,-95.0,155.0,81.0,140726.0
1351,2972.0,-16292.0,296.0,-2864.0,-86.0,176.0,93.0,140731.0
1352,2936.0,-16192.0,360.0,-2896.0,-109.0,191.0,104.0,140737.0
1353,2772.0,-16288.0,340.0,-2880.0,-100.0,177.0,83.0,140743.0
1354,2860.0,-16304.0,172.0,-2864.0,-90.0,185.0,115.0,140748.0
1355,2864.0,-16332.0,288.0,-2864.0,-103.0,159.0,122.0,140754.0
1356,2780.0,-16244.0,408.0,-2848.0,-88.0,192.0,135.0,140761.0
1357,2836.0,-16344.0,276.0,-2864.0,-98.0,245.0,117.0,140766.0
1358,2760.0,-16428.0,192.0,-2864.0,-66.0,255.0,113.0,140772.0
1359,2896.0,-16336.0,136.0,-2848.0,-32.0,236.0,138.0,140778.0
1360,2940.0,-16256.0,316.0,-2864.0,-21.0,193.0,117.0,140783.0
1361,2980.0,-16260.0,124.0,-2896.0,-20.0,220.0,125.0,140789.0
1362,2932.0,-16292.0,220.0,-2848.0,2.0,253.0,135.0,140795.0
1363,2868.0,-16408.0,296.0,-2864.0,0.0,276.0,135.0,140801.0
1364,2872.0,-16368.0,360.0,-2848.0,18.0,281.0,144.0,140807.0
1365,2920.0,-16248.0,256.0,-2848.0,19.0,308.0,113.0,140812.0
1366,2840.0,-16248.0,272.0,-2832.0,26.0,268.0,132.0,140818.0
1367,2856.0,-16276.0,340.0,-2864.0,22.0,215.0,116.0,140824.0
1368,2824.0,-16312.0,344.0,-2880.0,14.0,197.0,134.0,140829.0
1369,2772.0,-16236.0,336.0,-2848.0,-4.0,222.0,116.0,140835.0
1370,2868.0,-16268.0,328.0,-2896.0,9.0,243.0,116.0,140841.0
1371,2760.0,-16296.0,436.0,-2896.0,2.0,277.0,99.0,140847.0
1372,2720.0,-16252.0,428.0,-2880.0,9.0,289.0,101.0,140853.0
1373,2700.0,-16252.0,428.0,-2848.0,26.0,305.0,68.0,140858.0
1374,2804.0,-16328.0,344.0,-2832.0,28.0,288.0,96.0,140864.0
1375,2764.0,-16364.0,464.0,-2832.0,9.0,304.0,87.0,140870.0
1376,2716.0,-16356.0,308.0,-2880.0,18.0,269.0,86.0,140875.0
1377,2740.0,-16328.0,332.0,-2864.0,41.0,233.0,68.0,140881.0
1378,2740.0,-16480.0,388.0,-2864.0,77.0,215.0,86.0,140887.0
1379,2784.0,-16404.0,208.0,-2864.0,104.0,213.0,72.0,140893.0
1380,2912.0,-16416.0,164.0,-2864.0,150.0,175.0,56.0,140899.0
1381,2932.0,-16136.0,428.0,-2896.0,142.0,154.0,59.0,140904.0
1382,2944.0,-16172.0,400.0,-2880.0,153.0,167.0,72.0,140910.0
1383,2900.0,-16200.0,468.0,-2864.0,128.0,176.0,62.0,140915.0
1384,2796.0,-16308.0,428.0,-2864.0,87.0,188.0,73.0,140921.0
1385,2848.0,-16196.0,500.0,-2832.0,70.0,240.0,69.0,140928.0
1386,2824.0,-16228.0,360.0,-2864.0,74.0,284.0,47.0,140933.0
1387,2832.0,-16204.0,360.0,-2848.0,59.0,294.0,39.0,140939.0
1388,2796.0,-16228.0,420.0,-2880.0,63.0,287.0,54.0,140944.0
1389,2820.0,-16236.0,524.0,-2848.0,39.0,268.0,43.0,140950.0
1390,2804.0,-16308.0,368.0,-2864.0,30.0,319.0,28.0,140956.0
1391,2672.0,-16284.0,528.0,-2880.0,65.0,279.0,22.0,140961.0
1392,2704.0,-16316.0,360.0,-2848.0,59.0,226.0,-5.0,140967.0
1393,2728.0,-16348.0,376.0,-2848.0,76.0,185.0,11.0,140973.0
1394,2812.0,-16316.0,364.0,-2848.0,71.0,149.0,-1.0,140979.0
1395,2764.0,-16236.0,208.0,-2880.0,82.0,124.0,20.0,140985.0
1396,2928.0,-16248.0,460.0,-2848.0,91.0,144.0,24.0,140990.0
1397,2956.0,-16256.0,336.0,-2848.0,99.0,184.0,23.0,140996.0
1398,2880.0,-16188.0,464.0,-2880.0,87.0,188.0,22.0,141001.0
1399,2964.0,-16216.0,384.0,-2880.0,70.0,242.0,60.0,141007.0
1400,2920.0,-16220.0,412.0,-2848.0,96.0,277.0,64.0,141014.0
1401,2864.0,-16188.0,360.0,-2880.0,88.0,304.0,67.0,141019.0
1402,2736.0,-16316.0,316.0,-2880.0,100.0,304.0,65.0,141025.0
1403,2852.0,-16336.0,392.0,-2864.0,106.0,266.0,68.0,141030.0
1404,2800.0,-16320.0,408.0,-2864.0,136.0,266.0,55.0,141036.0
1405,2760.0,-16420.0,356.0,-2848.0,145.0,258.0,18.0,141042.0
1406,2816.0,-16300.0,384.0,-2848.0,188.0,275.0,25.0,141047.0
1407,2776.0,-16264.0,440.0,-2864.0,207.0,205.0,18.0,141053.0
1408,2816.0,-16268.0,336.0,-2864.0,225.0,140.0,45.0,141060.0
1409,2868.0,-16232.0,576.0,-2848.0,216.0,163.0,38.0,141065.0
1410,2852.0,-16360.0,512.0,-2848.0,239.0,163.0,39.0,141071.0
1411,2756.0,-16280.0,452.0,-2832.0,241.0,151.0,55.0,141077.0
1412,3024.0,-16312.0,420.0,-2896.0,220.0,160.0,49.0,141082.0
1413,2920.0,-16260.0,644.0,-2864.0,238.0,167.0,48.0,141088.0
1414,2852.0,-16208.0,564.0,-2848.0,251.0,191.0,67.0,141093.0
1415,2936.0,-16276.0,572.0,-2864.0,250.0,283.0,51.0,141100.0
1416,2820.0,-16260.0,488.0,-2832.0,273.0,327.0,77.0,141106.0
1417,2960.0,-16288.0,384.0,-2848.0,314.0,309.0,62.0,141111.0
1418,2900.0,-16236.0,472.0,-2864.0,328.0,332.0,87.0,141117.0
1419,2796.0,-16264.0,536.0,-2864.0,324.0,328.0,83.0,141123.0
1420,2824.0,-16188.0,448.0,-2848.0,312.0,335.0,84.0,141128.0
1421,2784.0,-16296.0,536.0,-2880.0,311.0,323.0,69.0,141134.0
1422,2836.0,-16296.0,504.0,-2896.0,323.0,350.0,90.0,141140.0
1423,2736.0,-16404.0,596.0,-2864.0,339.0,347.0,114.0,141146.0
1424,2888.0,-16300.0,572.0,-2880.0,347.0,355.0,108.0,141152.0
1425,2920.0,-16304.0,628.0,-2832.0,366.0,368.0,103.0,141158.0
1426,2808.0,-16080.0,604.0,-2880.0,351.0,343.0,113.0,141163.0
1427,2864.0,-16184.0,464.0,-2864.0,376.0,338.0,85.0,141169.0
1428,2780.0,-16204.0,444.0,-2848.0,386.0,287.0,92.0,141175.0
1429,2824.0,-16320.0,492.0,-2848.0,394.0,269.0,91.0,141180.0
1430,2968.0,-16168.0,596.0,-2864.0,388.0,297.0,108.0,141187.0
1431,2832.0,-16188.0,704.0,-2864.0,374.0,282.0,89.0,141193.0
1432,2816.0,-16268.0,592.0,-2848.0,378.0,310.0,97.0,141198.0
1433,2668.0,-16352.0,684.0,-2864.0,395.0,325.0,116.0,141204.0
1434,2788.0,-16220.0,820.0,-2848.0,378.0,351.0,90.0,141210.0
1435,2788.0,-16196.0,536.0,-2848.0,391.0,349.0,60.0,141215.0
1436,2684.0,-16184.0,732.0,-2896.0,379.0,323.0,77.0,141221.0
1437,2652.0,-16148.0,756.0,-2864.0,360.0,309.0,46.0,141228.0
1438,2776.0,-16208.0,836.0,-2880.0,357.0,239.0,48.0,141233.0
1439,2728.0,-16132.0,664.0,-2848.0,343.0,198.0,20.0,141239.0
1440,2872.0,-16276.0,600.0,-2864.0,354.0,199.0,21.0,141245.0
1441,2852.0,-16412.0,576.0,-2864.0,386.0,182.0,44.0,141250.0
1442,2704.0,-16436.0,592.0,-2832.0,385.0,197.0,38.0,141256.0
1443,2784.0,-16152.0,648.0,-2880.0,390.0,168.0,61.0,141262.0
1444,2784.0,-16228.0,764.0,-2896.0,391.0,135.0,59.0,141267.0
1445,2872.0,-16156.0,868.0,-2864.0,372.0,107.0,71.0,141274.0
1446,2880.0,-16156.0,784.0,-2880.0,354.0,106.0,83.0,141280.0
1447,2908.0,-16248.0,764.0,-2880.0,342.0,131.0,74.0,141285.0
1448,2844.0,-16156.0,696.0,-2864.0,310.0,134.0,84.0,141291.0
1449,2916.0,-16176.0,736.0,-2864.0,307.0,159.0,88.0,141296.0
1450,2924.0,-16284.0,828.0,-2880.0,274.0,171.0,90.0,141302.0
1451,2844.0,-16420.0,792.0,-2848.0,268.0,242.0,68.0,141308.0
1452,2752.0,-16388.0,804.0,-2864.0,281.0,287.0,63.0,141314.0
1453,2624.0,-16280.0,896.0,-2864.0,301.0,227.0,72.0,141320.0
1454,2532.0,-16288.0,860.0,-2848.0,255.0,172.0,48.0,141326.0
1455,2664.0,-16228.0,924.0,-2880.0,237.0,152.0,16.0,141331.0
1456,2708.0,-16292.0,704.0,-2864.0,225.0,83.0,-4.0,141337.0
1457,2736.0,-16200.0,848.0,-2864.0,195.0,43.0,0.0,141343.0
1458,2584.0,-16132.0,740.0,-2880.0,183.0,35.0,-20.0,141348.0
1459,2576.0,-16048.0,836.0,-2848.0,185.0,37.0,-47.0,141355.0
1460,2616.0,-16020.0,900.0,-2848.0,151.0,46.0,-50.0,141360.0
1461,2560.0,-16272.0,920.0,-2896.0,145.0,32.0,-104.0,141366.0
1462,2536.0,-16176.0,880.0,-2864.0,101.0,-3.0,-110.0,141372.0
1463,2564.0,-16260.0,984.0,-2864.0,99.0,-56.0,-108.0,141377.0
1464,2616.0,-16164.0,800.0,-2848.0,92.0,-65.0,-165.0,141383.0
1465,2632.0,-16204.0,884.0,-2816.0,92.0,-76.0,-162.0,141388.0
1466,2648.0,-16172.0,836.0,-2848.0,98.0,-89.0,-183.0,141394.0
1467,2828.0,-16232.0,820.0,-2880.0,82.0,-115.0,-176.0,141401.0
1468,3428.0,-16156.0,532.0,-2832.0,54.0,28.0,13.0,141406.0
1469,2644.0,-16224.0,824.0,-2832.0,106.0,71.0,-220.0,141412.0
1470,2380.0,-16156.0,812.0,-2832.0,83.0,-39.0,-196.0,141417.0
1471,2712.0,-16012.0,824.0,-2832.0,75.0,-160.0,-218.0,141423.0
1472,2848.0,-16204.0,856.0,-2880.0,83.0,-130.0,-134.0,141429.0
1473,2960.0,-16316.0,892.0,-2864.0,114.0,-68.0,-195.0,141434.0
1474,2848.0,-16252.0,704.0,-2848.0,155.0,-73.0,-194.0,141441.0
1475,2844.0,-16256.0,656.0,-2848.0,186.0,-144.0,-180.0,141447.0
1476,2824.0,-16232.0,832.0,-2864.0,208.0,-176.0,-169.0,141452.0
1477,2748.0,-16364.0,856.0,-2864.0,236.0,-227.0,-157.0,141458.0
1478,2796.0,-16316.0,632.0,-2864.0,239.0,-241.0,-163.0,141464.0
1479,2964.0,-16216.0,584.0,-2832.0,274.0,-291.0,-144.0,141470.0
1480,2876.0,-16276.0,660.0,-2848.0,293.0,-346.0,-137.0,141475.0
1481,2996.0,-16316.0,796.0,-2864.0,340.0,-331.0,-95.0,141481.0
1482,2920.0,-16500.0,684.0,-2848.0,368.0,-298.0,-74.0,141488.0
1483,2988.0,-16300.0,900.0,-2832.0,416.0,-292.0,-57.0,141493.0
1484,3108.0,-16224.0,832.0,-2864.0,448.0,-281.0,-2.0,141499.0
1485,3048.0,-16188.0,804.0,-2880.0,444.0,-244.0,-7.0,141505.0
1486,3108.0,-16096.0,968.0,-2848.0,463.0,-245.0,10.0,141510.0
1487,3096.0,-16264.0,904.0,-2832.0,466.0,-204.0,45.0,141516.0
1488,3328.0,-16384.0,724.0,-2864.0,491.0,-53.0,178.0,141522.0
1489,2792.0,-16236.0,796.0,-2848.0,549.0,-89.0,76.0,141528.0
1490,2928.0,-16108.0,840.0,-2848.0,571.0,-159.0,116.0,141534.0
1491,2968.0,-16116.0,908.0,-2832.0,523.0,-219.0,108.0,141540.0
1492,3044.0,-16240.0,828.0,-2848.0,534.0,-178.0,107.0,141545.0
1493,3036.0,-16188.0,904.0,-2832.0,525.0,-101.0,114.0,141551.0
1494,3056.0,-16248.0,1008.0,-2880.0,476.0,1.0,138.0,141557.0
1495,2760.0,-16040.0,1044.0,-2864.0,444.0,85.0,118.0,141562.0
1496,2684.0,-15948.0,1196.0,-2848.0,408.0,126.0,112.0,141569.0
1497,2692.0,-15964.0,1088.0,-2864.0,336.0,130.0,106.0,141575.0
