id,AcX,AcY,AcZ,Tmp,GyX,GyY,GyZ,Timer
0,-880.0,-17880.0,7164.0,-2624.0,3340.0,-3423.0,394.0,37061.0
1,-648.0,-18212.0,7404.0,-2592.0,4265.0,-3765.0,731.0,37067.0
2,-612.0,-18436.0,8304.0,-2592.0,5202.0,-4086.0,1083.0,37073.0
3,-600.0,-18496.0,8940.0,-2624.0,6160.0,-4506.0,1358.0,37080.0
4,-292.0,-18688.0,9696.0,-2608.0,7130.0,-4926.0,1588.0,37085.0
5,-8.0,-18808.0,9752.0,-2608.0,8107.0,-5259.0,1870.0,37091.0
6,-380.0,-18808.0,9992.0,-2608.0,9183.0,-5494.0,2142.0,37097.0
7,-1060.0,-18548.0,10456.0,-2608.0,10272.0,-5870.0,2342.0,37103.0
8,-1920.0,-17876.0,10788.0,-2576.0,11274.0,-6606.0,2452.0,37109.0
9,-1304.0,-15544.0,8232.0,-2624.0,11777.0,-7455.0,2278.0,37115.0
10,3736.0,-8344.0,-6964.0,-2592.0,9722.0,-8061.0,1019.0,37122.0
11,32404.0,9504.0,-32768.0,-2592.0,-4167.0,-6379.0,-6857.0,37128.0
12,32767.0,-15828.0,-32768.0,-2624.0,-11810.0,-11000.0,-25760.0,37134.0
13,32420.0,-32768.0,-19744.0,-2608.0,5793.0,-15916.0,-3842.0,37140.0
14,-920.0,-32768.0,4480.0,-2608.0,11277.0,12621.0,16748.0,37146.0
15,-32768.0,-27436.0,25388.0,-2592.0,10483.0,31721.0,13528.0,37152.0
16,-32768.0,-31988.0,31540.0,-2608.0,11032.0,19953.0,4290.0,37158.0
17,-29376.0,-32768.0,19016.0,-2624.0,13696.0,-851.0,-222.0,37165.0
18,-8472.0,-24576.0,-3528.0,-2608.0,14194.0,-10161.0,0.0,37171.0
19,10872.0,-5788.0,-15052.0,-2608.0,11478.0,-7771.0,-525.0,37177.0
20,20716.0,160.0,-12648.0,-2592.0,8745.0,-2890.0,-2810.0,37183.0
21,18632.0,-8036.0,-3576.0,-2576.0,8435.0,939.0,-2995.0,37189.0
22,11068.0,-17416.0,2148.0,-2592.0,8780.0,6220.0,-1135.0,37195.0
23,4800.0,-18452.0,2816.0,-2608.0,8477.0,11552.0,-64.0,37201.0
24,5592.0,-16544.0,-328.0,-2576.0,8333.0,11754.0,213.0,37208.0
25,11584.0,-18004.0,-2680.0,-2608.0,9115.0,7298.0,-664.0,37214.0
26,13760.0,-20592.0,-1776.0,-2608.0,10590.0,3067.0,-442.0,37220.0
27,9356.0,-18312.0,1484.0,-2624.0,11143.0,3199.0,1145.0,37226.0
28,4296.0,-13696.0,2816.0,-2640.0,10083.0,4258.0,2158.0,37232.0
29,2372.0,-11580.0,1380.0,-2592.0,8637.0,3550.0,2225.0,37238.0
30,3228.0,-13084.0,-528.0,-2640.0,7716.0,2083.0,1993.0,37244.0
31,4100.0,-16160.0,-1476.0,-2640.0,7604.0,1694.0,2110.0,37250.0
32,2864.0,-18776.0,-1376.0,-2592.0,7989.0,2340.0,2312.0,37256.0
33,172.0,-19672.0,-1748.0,-2608.0,8560.0,2515.0,1975.0,37262.0
34,-2360.0,-18876.0,-2844.0,-2608.0,8925.0,1741.0,1179.0,37268.0
35,-3308.0,-17560.0,-2784.0,-2624.0,9078.0,224.0,177.0,37274.0
36,-2676.0,-16684.0,-1992.0,-2624.0,8993.0,-1398.0,-698.0,37280.0
37,-1284.0,-16052.0,-1376.0,-2576.0,8673.0,-2475.0,-1259.0,37286.0
38,1112.0,-15992.0,-1868.0,-2592.0,8395.0,-2848.0,-1473.0,37293.0
39,4304.0,-16460.0,-2876.0,-2576.0,8415.0,-3035.0,-1526.0,37299.0
40,7412.0,-16516.0,-3188.0,-2560.0,8674.0,-2854.0,-1342.0,37305.0
41,9396.0,-15788.0,-2756.0,-2608.0,8724.0,-2061.0,-823.0,37311.0
42,9692.0,-14620.0,-2112.0,-2608.0,8503.0,-562.0,-269.0,37316.0
43,8384.0,-14112.0,-1684.0,-2576.0,8156.0,942.0,222.0,37322.0
44,6628.0,-14084.0,-1024.0,-2608.0,7761.0,1856.0,560.0,37328.0
45,5520.0,-14536.0,-624.0,-2592.0,7413.0,2421.0,771.0,37335.0
46,5104.0,-15496.0,-972.0,-2624.0,7215.0,2862.0,779.0,37341.0
47,4632.0,-16316.0,-1584.0,-2624.0,7249.0,3046.0,721.0,37347.0
48,4372.0,-16224.0,-1740.0,-2624.0,7208.0,2946.0,777.0,37352.0
49,3736.0,-16064.0,-1312.0,-2624.0,7208.0,2868.0,808.0,37358.0
50,3204.0,-16276.0,-1292.0,-2608.0,7240.0,2751.0,703.0,37364.0
51,3116.0,-16364.0,-1408.0,-2608.0,7320.0,2469.0,461.0,37370.0
52,3644.0,-16076.0,-1496.0,-2608.0,7339.0,1984.0,296.0,37377.0
53,4532.0,-15748.0,-1024.0,-2608.0,7284.0,1919.0,283.0,37383.0
54,5148.0,-16000.0,-848.0,-2624.0,7195.0,2347.0,324.0,37389.0
55,5268.0,-16332.0,-956.0,-2608.0,7213.0,2994.0,521.0,37394.0
56,5416.0,-16160.0,-1168.0,-2640.0,7147.0,3433.0,727.0,37400.0
57,5320.0,-15624.0,-980.0,-2640.0,7034.0,3857.0,853.0,37406.0
58,4584.0,-15336.0,-744.0,-2608.0,6860.0,4035.0,898.0,37412.0
59,3996.0,-15368.0,-392.0,-2576.0,6717.0,3813.0,915.0,37419.0
60,3784.0,-15376.0,-148.0,-2576.0,6605.0,3457.0,904.0,37424.0
61,3844.0,-15576.0,-116.0,-2560.0,6533.0,3125.0,869.0,37430.0
62,3964.0,-15604.0,92.0,-2624.0,6433.0,2819.0,888.0,37436.0
63,4216.0,-15748.0,40.0,-2608.0,6387.0,2613.0,879.0,37442.0
64,4272.0,-15720.0,184.0,-2624.0,6330.0,2402.0,958.0,37447.0
65,4308.0,-15560.0,528.0,-2592.0,6245.0,2411.0,1005.0,37453.0
66,4252.0,-15496.0,692.0,-2592.0,6147.0,2594.0,992.0,37459.0
67,4068.0,-15628.0,880.0,-2592.0,6097.0,2766.0,1008.0,37466.0
68,3852.0,-15440.0,764.0,-2592.0,6019.0,2800.0,1014.0,37472.0
69,3752.0,-15476.0,780.0,-2624.0,5881.0,2846.0,1003.0,37477.0
70,3636.0,-15608.0,780.0,-2592.0,5711.0,2866.0,961.0,37483.0
71,3872.0,-15616.0,704.0,-2576.0,5566.0,2945.0,943.0,37489.0
72,3620.0,-16048.0,888.0,-2608.0,5487.0,3013.0,758.0,37495.0
73,4708.0,-15868.0,936.0,-2608.0,5198.0,3260.0,1530.0,37501.0
74,3296.0,-16328.0,528.0,-2608.0,5324.0,3223.0,463.0,37507.0
75,2520.0,-15428.0,868.0,-2624.0,5047.0,2742.0,666.0,37513.0
76,3132.0,-16084.0,1012.0,-2624.0,4920.0,2424.0,559.0,37519.0
77,3208.0,-16088.0,896.0,-2624.0,4792.0,2187.0,431.0,37525.0
78,3020.0,-15948.0,1148.0,-2608.0,4662.0,1987.0,384.0,37531.0
79,3784.0,-16096.0,992.0,-2576.0,4545.0,1789.0,421.0,37536.0
80,3824.0,-16212.0,1316.0,-2576.0,4457.0,1758.0,365.0,37542.0
81,3708.0,-16304.0,1420.0,-2608.0,4368.0,1650.0,378.0,37549.0
82,3572.0,-16020.0,1388.0,-2608.0,4330.0,1483.0,353.0,37555.0
83,3888.0,-16072.0,1472.0,-2608.0,4217.0,1316.0,366.0,37561.0
84,4200.0,-16216.0,1304.0,-2608.0,4182.0,1287.0,417.0,37567.0
85,4332.0,-16316.0,1232.0,-2608.0,4187.0,1244.0,463.0,37572.0
86,4376.0,-16108.0,1404.0,-2608.0,4175.0,1296.0,511.0,37578.0
87,4252.0,-16044.0,1316.0,-2608.0,4199.0,1331.0,515.0,37584.0
88,4304.0,-16188.0,1356.0,-2608.0,4253.0,1387.0,517.0,37591.0
89,4040.0,-16236.0,1376.0,-2576.0,4321.0,1464.0,488.0,37597.0
90,3760.0,-16300.0,1520.0,-2608.0,4394.0,1467.0,487.0,37603.0
91,3752.0,-16440.0,1648.0,-2576.0,4499.0,1447.0,499.0,37608.0
92,3856.0,-16492.0,1552.0,-2592.0,4566.0,1471.0,544.0,37614.0
93,3936.0,-16728.0,1768.0,-2592.0,4670.0,1591.0,592.0,37620.0
94,4088.0,-16624.0,1672.0,-2592.0,4787.0,1683.0,643.0,37626.0
95,4244.0,-16672.0,1664.0,-2592.0,4879.0,1751.0,744.0,37633.0
96,4624.0,-16512.0,1784.0,-2624.0,4950.0,1846.0,756.0,37638.0
97,4848.0,-16652.0,1720.0,-2624.0,5019.0,2010.0,790.0,37644.0
98,5184.0,-16532.0,1696.0,-2592.0,5116.0,2302.0,741.0,37650.0
99,4752.0,-16460.0,1880.0,-2624.0,5182.0,2530.0,885.0,37656.0
100,4540.0,-16724.0,1956.0,-2592.0,5316.0,2839.0,888.0,37662.0
101,4160.0,-16844.0,2028.0,-2592.0,5426.0,3023.0,924.0,37668.0
102,3988.0,-16988.0,1996.0,-2656.0,5593.0,3220.0,971.0,37673.0
103,3660.0,-17376.0,1872.0,-2592.0,5806.0,3421.0,1046.0,37680.0
104,3208.0,-17476.0,1940.0,-2608.0,6069.0,3524.0,1134.0,37686.0
105,2956.0,-17592.0,1932.0,-2608.0,6353.0,3496.0,1278.0,37692.0
106,3128.0,-17616.0,1520.0,-2608.0,6697.0,3370.0,1403.0,37698.0
107,3224.0,-17492.0,1896.0,-2624.0,7036.0,3142.0,1529.0,37704.0
108,3360.0,-17672.0,1864.0,-2624.0,7359.0,2936.0,1669.0,37710.0
109,3532.0,-18028.0,2304.0,-2608.0,7702.0,2724.0,1817.0,37716.0
110,3760.0,-17644.0,2012.0,-2640.0,8026.0,2482.0,1956.0,37722.0
111,3784.0,-17752.0,2240.0,-2576.0,8263.0,2363.0,2168.0,37728.0
112,3688.0,-17768.0,2736.0,-2560.0,8490.0,2349.0,2382.0,37734.0
113,3328.0,-17800.0,3168.0,-2592.0,8725.0,2306.0,2550.0,37740.0
114,2944.0,-17928.0,3184.0,-2608.0,8896.0,2233.0,2845.0,37746.0
115,2752.0,-17872.0,3276.0,-2608.0,9090.0,2205.0,3070.0,37752.0
116,3024.0,-18292.0,3372.0,-2608.0,9306.0,2099.0,3329.0,37758.0
117,2968.0,-18484.0,3448.0,-2592.0,9524.0,1994.0,3597.0,37765.0
118,3184.0,-18612.0,3220.0,-2624.0,9755.0,1886.0,3829.0,37770.0
119,3088.0,-18932.0,3420.0,-2576.0,9962.0,1860.0,4038.0,37776.0
120,3084.0,-19216.0,3488.0,-2608.0,10195.0,1851.0,4264.0,37782.0
121,2972.0,-19428.0,3508.0,-2624.0,10430.0,1836.0,4510.0,37788.0
122,2944.0,-19616.0,3736.0,-2608.0,10717.0,1850.0,4782.0,37794.0
123,2872.0,-19696.0,3688.0,-2624.0,10993.0,1799.0,5006.0,37800.0
124,3248.0,-19908.0,3552.0,-2608.0,11262.0,1726.0,5280.0,37807.0
125,3652.0,-20084.0,3572.0,-2624.0,11597.0,1863.0,5530.0,37813.0
126,4008.0,-20176.0,3388.0,-2608.0,11921.0,1990.0,5745.0,37819.0
127,4328.0,-20412.0,3228.0,-2608.0,12269.0,2194.0,5941.0,37825.0
128,4796.0,-20584.0,3476.0,-2608.0,12599.0,2441.0,6148.0,37831.0
129,5064.0,-20800.0,3192.0,-2576.0,12973.0,2786.0,6371.0,37837.0
130,5000.0,-20980.0,3196.0,-2592.0,13202.0,3156.0,6555.0,37843.0
131,5144.0,-21180.0,3296.0,-2608.0,13569.0,3473.0,6763.0,37849.0
132,5328.0,-21528.0,3124.0,-2592.0,13989.0,3857.0,6993.0,37855.0
133,4636.0,-21996.0,3204.0,-2608.0,14350.0,4405.0,7396.0,37861.0
134,1692.0,-22536.0,4436.0,-2592.0,14467.0,4857.0,8385.0,37867.0
135,1656.0,-24960.0,4796.0,-2576.0,14549.0,3541.0,9062.0,37873.0
136,4152.0,-25732.0,4128.0,-2608.0,14947.0,2904.0,9337.0,37879.0
137,7956.0,-24784.0,3824.0,-2576.0,15610.0,3091.0,8904.0,37885.0
138,9724.0,-24940.0,2296.0,-2624.0,16055.0,4269.0,8747.0,37892.0
139,10672.0,-26576.0,1084.0,-2624.0,16555.0,5741.0,8522.0,37898.0
140,11264.0,-27884.0,-420.0,-2592.0,17062.0,7464.0,8638.0,37904.0
141,11176.0,-28632.0,-2544.0,-2640.0,17522.0,9118.0,8604.0,37910.0
142,10924.0,-28904.0,-4864.0,-2592.0,17772.0,10688.0,8519.0,37916.0
143,10680.0,-29780.0,-7172.0,-2624.0,17902.0,11851.0,8352.0,37922.0
144,10020.0,-30772.0,-8292.0,-2624.0,17868.0,12819.0,8245.0,37928.0
145,8736.0,-32312.0,-9940.0,-2624.0,17954.0,13526.0,8344.0,37935.0
146,7868.0,-32156.0,-11952.0,-2608.0,17922.0,13668.0,8824.0,37941.0
147,7900.0,-31024.0,-14052.0,-2608.0,17570.0,14329.0,9405.0,37947.0
148,7024.0,-29252.0,-15376.0,-2608.0,17130.0,15252.0,10014.0,37953.0
149,4880.0,-26924.0,-13712.0,-2608.0,16619.0,15461.0,10662.0,37959.0
150,1900.0,-25300.0,-9720.0,-2624.0,16114.0,14659.0,11192.0,37965.0
151,-1428.0,-25040.0,-1812.0,-2608.0,16370.0,12511.0,11880.0,37971.0
152,-5088.0,-24448.0,7080.0,-2624.0,16732.0,9353.0,12506.0,37978.0
153,-5996.0,-23304.0,7128.0,-2608.0,16191.0,5241.0,12350.0,37984.0
154,-4344.0,-21700.0,3240.0,-2608.0,14489.0,-357.0,10720.0,37990.0
155,-964.0,-20304.0,-1308.0,-2592.0,12385.0,-5171.0,9126.0,37996.0
156,2760.0,-20288.0,-2772.0,-2608.0,10817.0,-8339.0,7377.0,38002.0
157,4052.0,-23624.0,3096.0,-2624.0,11693.0,-10063.0,6512.0,38008.0
158,4772.0,-24376.0,2652.0,-2624.0,13205.0,-9011.0,6809.0,38014.0
159,4228.0,-23192.0,2636.0,-2608.0,14469.0,-6316.0,7478.0,38021.0
160,3660.0,-19052.0,1504.0,-2624.0,14540.0,-4525.0,7844.0,38027.0
161,3008.0,-13888.0,-224.0,-2608.0,13604.0,-4429.0,7606.0,38033.0
162,3760.0,-9940.0,-1424.0,-2624.0,11754.0,-4460.0,7085.0,38039.0
163,5788.0,-7792.0,-2864.0,-2608.0,9152.0,-3363.0,6480.0,38045.0
164,6344.0,-8532.0,-2916.0,-2608.0,6948.0,-1708.0,5472.0,38051.0
165,5288.0,-8496.0,-5020.0,-2608.0,5208.0,-739.0,4660.0,38057.0
166,4824.0,-6904.0,-7876.0,-2576.0,3386.0,-666.0,4274.0,38064.0
167,5164.0,-5564.0,-9424.0,-2608.0,1517.0,-1300.0,3406.0,38069.0
168,5484.0,-4152.0,-9660.0,-2640.0,-377.0,-1828.0,2496.0,38075.0
169,5216.0,-3052.0,-8772.0,-2640.0,-2232.0,-1623.0,2069.0,38081.0
170,5024.0,-2424.0,-7996.0,-2640.0,-4061.0,-896.0,1876.0,38087.0
171,4656.0,-1932.0,-7444.0,-2640.0,-5883.0,68.0,1589.0,38093.0
172,4132.0,-1700.0,-7084.0,-2608.0,-7814.0,821.0,1112.0,38099.0
173,3120.0,-1764.0,-6556.0,-2608.0,-9620.0,1074.0,372.0,38105.0
174,2272.0,-1732.0,-6100.0,-2608.0,-11324.0,632.0,-488.0,38111.0
175,1652.0,-1668.0,-6072.0,-2608.0,-13056.0,-90.0,-1295.0,38117.0
176,1212.0,-1892.0,-5428.0,-2640.0,-14776.0,-927.0,-2036.0,38123.0
177,732.0,-2272.0,-5092.0,-2608.0,-16442.0,-1633.0,-2707.0,38129.0
178,544.0,-2292.0,-5064.0,-2608.0,-18154.0,-2289.0,-3275.0,38135.0
179,244.0,-2896.0,-5628.0,-2624.0,-19941.0,-3099.0,-3886.0,38140.0
180,424.0,-3264.0,-6136.0,-2640.0,-21712.0,-3835.0,-4452.0,38147.0
181,592.0,-3980.0,-6632.0,-2608.0,-23391.0,-4465.0,-4897.0,38153.0
182,736.0,-4628.0,-6388.0,-2624.0,-24948.0,-5058.0,-5250.0,38159.0
183,1176.0,-5352.0,-6392.0,-2592.0,-26359.0,-5510.0,-5650.0,38165.0
184,1520.0,-6028.0,-5876.0,-2608.0,-27813.0,-5791.0,-5990.0,38171.0
185,1644.0,-6732.0,-5940.0,-2592.0,-29146.0,-6056.0,-6393.0,38177.0
186,2052.0,-7888.0,-5632.0,-2640.0,-30422.0,-6413.0,-6737.0,38183.0
187,2496.0,-8588.0,-5284.0,-2592.0,-31626.0,-6625.0,-7187.0,38190.0
188,3112.0,-9684.0,-4680.0,-2576.0,-32768.0,-6666.0,-7655.0,38196.0
189,4104.0,-11076.0,-4388.0,-2592.0,-32768.0,-6475.0,-8115.0,38202.0
190,4896.0,-12296.0,-4132.0,-2592.0,-32768.0,-6089.0,-8586.0,38208.0
191,5620.0,-13680.0,-3560.0,-2608.0,-32768.0,-5481.0,-9025.0,38214.0
192,6100.0,-14812.0,-3376.0,-2624.0,-32768.0,-4584.0,-9407.0,38220.0
193,6208.0,-15880.0,-2956.0,-2624.0,-32768.0,-3591.0,-9719.0,38226.0
194,5916.0,-16984.0,-2524.0,-2608.0,-32768.0,-2610.0,-9982.0,38233.0
195,5304.0,-17760.0,-2372.0,-2608.0,-32768.0,-1858.0,-10276.0,38239.0
196,4596.0,-18600.0,-2464.0,-2608.0,-32768.0,-1379.0,-10601.0,38245.0
197,4112.0,-19572.0,-2360.0,-2592.0,-32768.0,-1080.0,-10942.0,38251.0
198,3988.0,-20604.0,-2160.0,-2560.0,-32768.0,-890.0,-11319.0,38257.0
199,4120.0,-21660.0,-2160.0,-2640.0,-32768.0,-542.0,-11734.0,38263.0
200,4524.0,-22848.0,-2092.0,-2640.0,-32768.0,11.0,-12209.0,38269.0
201,4956.0,-24028.0,-2252.0,-2624.0,-32768.0,633.0,-12606.0,38276.0
202,5596.0,-25184.0,-2456.0,-2624.0,-32768.0,1276.0,-13163.0,38282.0
203,6228.0,-26848.0,-2032.0,-2608.0,-32768.0,2012.0,-13764.0,38288.0
204,6412.0,-28184.0,-1424.0,-2640.0,-32768.0,2656.0,-14422.0,38294.0
205,5920.0,-29756.0,-108.0,-2624.0,-32768.0,3112.0,-15155.0,38300.0
206,4760.0,-31496.0,1416.0,-2624.0,-32768.0,3341.0,-15899.0,38306.0
207,3488.0,-32768.0,3400.0,-2592.0,-32768.0,3303.0,-16675.0,38312.0
208,2744.0,-32768.0,5128.0,-2592.0,-32768.0,3151.0,-17453.0,38319.0
209,2612.0,-32768.0,7032.0,-2624.0,-32768.0,2966.0,-18049.0,38325.0
210,3124.0,-32768.0,8648.0,-2592.0,-32768.0,3218.0,-18224.0,38331.0
211,4080.0,-32768.0,10676.0,-2592.0,-32768.0,3849.0,-18097.0,38337.0
212,4928.0,-32768.0,13328.0,-2624.0,-32768.0,4700.0,-17728.0,38343.0
213,4996.0,-32768.0,16044.0,-2640.0,-32768.0,5650.0,-17055.0,38350.0
214,4804.0,-32768.0,17896.0,-2624.0,-32768.0,6896.0,-16079.0,38356.0
215,4384.0,-32768.0,19884.0,-2624.0,-32768.0,8315.0,-14902.0,38363.0
216,2968.0,-32768.0,21920.0,-2608.0,-30268.0,9990.0,-13503.0,38369.0
217,1200.0,-32768.0,24904.0,-2624.0,-27008.0,11811.0,-12408.0,38375.0
218,-9440.0,-32768.0,26600.0,-2608.0,-23438.0,12112.0,-12640.0,38381.0
219,-8072.0,-32768.0,31040.0,-2608.0,-20323.0,11477.0,-6637.0,38388.0
220,-10436.0,-32768.0,32767.0,-2656.0,-16775.0,11018.0,-9023.0,38394.0
221,-15680.0,-32768.0,32767.0,-2592.0,-12951.0,9827.0,-8071.0,38401.0
222,-16144.0,-32564.0,32767.0,-2608.0,-8643.0,8444.0,-5354.0,38407.0
223,-16784.0,-31432.0,32767.0,-2624.0,-3914.0,7260.0,-2648.0,38414.0
224,-18016.0,-29660.0,32767.0,-2608.0,719.0,5761.0,-30.0,38420.0
225,-18712.0,-27976.0,32767.0,-2608.0,4748.0,3281.0,1981.0,38426.0
226,-19036.0,-27504.0,32767.0,-2640.0,8705.0,-318.0,3616.0,38432.0
227,-18988.0,-27384.0,31896.0,-2624.0,12219.0,-4321.0,4607.0,38438.0
228,-17112.0,-26528.0,28168.0,-2624.0,15178.0,-8168.0,4916.0,38445.0
229,-15824.0,-24140.0,26948.0,-2608.0,16990.0,-11667.0,5718.0,38451.0
230,-12752.0,-23316.0,23396.0,-2624.0,18616.0,-14371.0,5575.0,38457.0
231,-10592.0,-23472.0,20912.0,-2640.0,20078.0,-16328.0,5304.0,38463.0
232,-9364.0,-20236.0,16120.0,-2576.0,20959.0,-18296.0,5435.0,38469.0
233,-3936.0,-5776.0,-20588.0,-2608.0,16793.0,-19956.0,4672.0,38476.0
234,32767.0,21500.0,-32768.0,-2624.0,-9705.0,-15922.0,-8335.0,38482.0
235,32767.0,-21964.0,-32768.0,-2640.0,-11128.0,-25546.0,-32768.0,38489.0
236,32767.0,-32768.0,-9568.0,-2640.0,19472.0,-32768.0,-186.0,38495.0
237,11880.0,-21168.0,940.0,-2608.0,16952.0,-2690.0,19040.0,38502.0
238,-26220.0,-24096.0,32767.0,-2640.0,15160.0,22047.0,18054.0,38508.0
239,-30772.0,-32768.0,32767.0,-2624.0,17269.0,16386.0,11110.0,38514.0
240,-32768.0,-32768.0,32767.0,-2608.0,19922.0,1548.0,2766.0,38520.0
241,-26204.0,-32768.0,-4312.0,-2640.0,17184.0,-10025.0,-441.0,38526.0
242,824.0,-17320.0,-19376.0,-2608.0,14904.0,-19826.0,-2295.0,38533.0
243,24476.0,-10384.0,-8976.0,-2608.0,16316.0,-23938.0,-1604.0,38539.0
244,24464.0,-10500.0,10296.0,-2624.0,17499.0,-13035.0,144.0,38546.0
245,7108.0,-10388.0,8868.0,-2656.0,14271.0,1870.0,149.0,38552.0
246,-2532.0,-12372.0,560.0,-2608.0,12101.0,3047.0,-409.0,38558.0
247,1344.0,-13476.0,-2308.0,-2624.0,11650.0,-4776.0,-1748.0,38564.0
248,8896.0,-15372.0,-60.0,-2608.0,11898.0,-8935.0,-1594.0,38571.0
249,10732.0,-17644.0,-508.0,-2608.0,11946.0,-5645.0,151.0,38576.0
250,8424.0,-17448.0,-1888.0,-2624.0,11631.0,-501.0,1608.0,38582.0
251,5540.0,-17756.0,-1664.0,-2640.0,11646.0,1642.0,1972.0,38588.0
252,2900.0,-17636.0,-1728.0,-2624.0,12010.0,1360.0,1661.0,38594.0
253,1552.0,-16280.0,-1248.0,-2608.0,11827.0,562.0,1048.0,38600.0
254,2720.0,-15144.0,-460.0,-2624.0,11164.0,51.0,749.0,38606.0
255,4420.0,-15924.0,-116.0,-2656.0,10737.0,394.0,836.0,38612.0
256,4700.0,-16864.0,-12.0,-2624.0,10564.0,1515.0,1043.0,38619.0
257,4244.0,-16668.0,16.0,-2656.0,10346.0,2927.0,1103.0,38625.0
258,3132.0,-15444.0,208.0,-2624.0,9765.0,4071.0,857.0,38630.0
259,1912.0,-15008.0,-92.0,-2624.0,9041.0,4815.0,488.0,38636.0
260,612.0,-15500.0,-588.0,-2624.0,8602.0,5226.0,-39.0,38642.0
261,-468.0,-15956.0,-576.0,-2608.0,8299.0,4855.0,-805.0,38648.0
262,-584.0,-15856.0,-292.0,-2608.0,7901.0,3372.0,-1469.0,38653.0
263,580.0,-15372.0,-440.0,-2608.0,7413.0,1525.0,-1714.0,38660.0
264,2424.0,-15156.0,-880.0,-2608.0,7012.0,352.0,-1849.0,38666.0
265,3784.0,-15012.0,-916.0,-2608.0,6736.0,-246.0,-2044.0,38672.0
266,4996.0,-14888.0,-736.0,-2608.0,6456.0,-559.0,-2044.0,38678.0
267,6300.0,-14792.0,-380.0,-2608.0,6071.0,-345.0,-1802.0,38684.0
268,7308.0,-14792.0,-328.0,-2592.0,5689.0,710.0,-1380.0,38690.0
269,7496.0,-15080.0,-172.0,-2624.0,5401.0,2099.0,-956.0,38695.0
270,6704.0,-15040.0,-100.0,-2656.0,5227.0,3245.0,-628.0,38702.0
271,5752.0,-15004.0,28.0,-2656.0,5005.0,4031.0,-435.0,38708.0
272,4904.0,-15128.0,-28.0,-2608.0,4766.0,4368.0,-348.0,38714.0
273,4188.0,-15416.0,-36.0,-2640.0,4554.0,4505.0,-320.0,38720.0
274,3752.0,-15756.0,-212.0,-2640.0,4399.0,4348.0,-311.0,38725.0
275,3368.0,-15876.0,-632.0,-2608.0,4297.0,4101.0,-400.0,38731.0
276,3356.0,-16124.0,-904.0,-2608.0,4266.0,3712.0,-438.0,38737.0
277,3568.0,-16140.0,-984.0,-2640.0,4235.0,3347.0,-445.0,38744.0
278,3804.0,-16152.0,-960.0,-2640.0,4215.0,2995.0,-498.0,38750.0
279,4256.0,-16184.0,-1084.0,-2608.0,4240.0,2677.0,-524.0,38755.0
280,4592.0,-15980.0,-972.0,-2608.0,4257.0,2457.0,-490.0,38761.0
281,5124.0,-15916.0,-872.0,-2608.0,4250.0,2418.0,-381.0,38767.0
282,5376.0,-16008.0,-792.0,-2640.0,4229.0,2582.0,-194.0,38773.0
283,5804.0,-15864.0,-692.0,-2592.0,4212.0,2902.0,110.0,38779.0
284,5884.0,-16208.0,-808.0,-2624.0,4286.0,3370.0,218.0,38785.0
285,5564.0,-16128.0,-784.0,-2624.0,4363.0,3732.0,430.0,38791.0
286,5380.0,-16052.0,-712.0,-2640.0,4467.0,3917.0,600.0,38797.0
287,5100.0,-15832.0,-608.0,-2640.0,4536.0,3943.0,743.0,38803.0
288,4716.0,-15916.0,-348.0,-2576.0,4584.0,3825.0,824.0,38809.0
289,4536.0,-15788.0,-192.0,-2608.0,4632.0,3524.0,902.0,38814.0
290,4496.0,-16016.0,-212.0,-2624.0,4693.0,3256.0,987.0,38820.0
291,4452.0,-16216.0,-24.0,-2624.0,4779.0,3065.0,1052.0,38827.0
292,4328.0,-16464.0,336.0,-2640.0,4805.0,3006.0,1154.0,38833.0
293,4168.0,-16704.0,228.0,-2608.0,4924.0,2943.0,1240.0,38839.0
294,4496.0,-16444.0,-36.0,-2608.0,5116.0,2806.0,1321.0,38844.0
295,4832.0,-16096.0,-152.0,-2608.0,5263.0,2674.0,1385.0,38850.0
296,5136.0,-16020.0,-196.0,-2608.0,5403.0,2683.0,1496.0,38856.0
297,5032.0,-16072.0,28.0,-2640.0,5518.0,2714.0,1632.0,38862.0
298,4708.0,-16248.0,288.0,-2608.0,5623.0,2741.0,1792.0,38868.0
299,4448.0,-16156.0,400.0,-2640.0,5752.0,2774.0,1850.0,38874.0
300,4504.0,-16380.0,620.0,-2608.0,5822.0,2804.0,1918.0,38880.0
301,4488.0,-16464.0,476.0,-2640.0,5936.0,2868.0,1934.0,38886.0
302,4528.0,-16504.0,776.0,-2640.0,5985.0,2916.0,1998.0,38892.0
303,4156.0,-16468.0,1036.0,-2640.0,6038.0,3040.0,2047.0,38898.0
304,3748.0,-16408.0,1304.0,-2624.0,6120.0,3074.0,2077.0,38904.0
305,3724.0,-16264.0,1372.0,-2608.0,6160.0,2960.0,2079.0,38910.0
306,4036.0,-16216.0,1416.0,-2608.0,6196.0,2780.0,2029.0,38916.0
307,4372.0,-16092.0,1264.0,-2608.0,6239.0,2569.0,1999.0,38922.0
308,4544.0,-16196.0,1372.0,-2624.0,6254.0,2575.0,1976.0,38928.0
309,4488.0,-16408.0,1536.0,-2624.0,6247.0,2714.0,1973.0,38934.0
310,4708.0,-16356.0,1972.0,-2640.0,6255.0,2944.0,1947.0,38940.0
311,4728.0,-16528.0,2216.0,-2640.0,6208.0,3293.0,1943.0,38946.0
312,4444.0,-16484.0,2212.0,-2656.0,6191.0,3637.0,1967.0,38952.0
313,4100.0,-16580.0,2096.0,-2624.0,6206.0,3892.0,1967.0,38959.0
314,4356.0,-16484.0,2192.0,-2624.0,6204.0,4027.0,1859.0,38964.0
315,4428.0,-17028.0,2412.0,-2640.0,6220.0,4202.0,1900.0,38970.0
316,8716.0,-15920.0,1132.0,-2640.0,6234.0,4670.0,770.0,38976.0
317,5444.0,-16284.0,968.0,-2608.0,6358.0,4883.0,1934.0,38982.0
318,4612.0,-16928.0,2200.0,-2640.0,6536.0,5951.0,1906.0,38988.0
319,3280.0,-16748.0,2324.0,-2624.0,6730.0,6047.0,1784.0,38994.0
320,3060.0,-17004.0,2456.0,-2624.0,6982.0,5742.0,1982.0,39001.0
321,2620.0,-17392.0,2208.0,-2608.0,7272.0,5443.0,2254.0,39006.0
322,2060.0,-17760.0,2196.0,-2640.0,7647.0,5224.0,2558.0,39012.0
323,1304.0,-17932.0,2200.0,-2608.0,8028.0,4787.0,2844.0,39018.0
324,1504.0,-17880.0,2052.0,-2656.0,8425.0,4042.0,3019.0,39024.0
325,1272.0,-18672.0,2188.0,-2656.0,8770.0,3369.0,3732.0,39030.0
326,3448.0,-17240.0,2920.0,-2608.0,9141.0,3165.0,3522.0,39036.0
327,960.0,-18220.0,2648.0,-2640.0,9478.0,2702.0,3754.0,39043.0
328,2092.0,-18444.0,2992.0,-2608.0,9823.0,2050.0,4207.0,39049.0
329,1976.0,-18424.0,3200.0,-2656.0,10093.0,1864.0,4388.0,39054.0
330,2112.0,-18748.0,3408.0,-2624.0,10383.0,1587.0,4752.0,39060.0
331,2052.0,-18944.0,3564.0,-2640.0,10672.0,1449.0,5091.0,39066.0
332,1756.0,-19080.0,3696.0,-2624.0,10955.0,1330.0,5211.0,39072.0
333,1696.0,-19404.0,3736.0,-2640.0,11233.0,1120.0,5414.0,39078.0
334,1828.0,-19460.0,3748.0,-2656.0,11576.0,1009.0,5710.0,39085.0
335,1920.0,-19676.0,3736.0,-2640.0,11907.0,1044.0,6058.0,39091.0
336,2188.0,-19936.0,3620.0,-2608.0,12239.0,1122.0,6362.0,39097.0
337,2504.0,-20488.0,3560.0,-2640.0,12648.0,1186.0,6629.0,39103.0
338,3148.0,-20852.0,3368.0,-2624.0,13106.0,1232.0,6864.0,39109.0
339,3784.0,-21208.0,3284.0,-2608.0,13525.0,1279.0,7092.0,39115.0
340,4648.0,-21612.0,3112.0,-2672.0,14009.0,1484.0,7311.0,39121.0
341,5036.0,-22124.0,2904.0,-2624.0,14456.0,1890.0,7494.0,39128.0
342,5352.0,-22616.0,2932.0,-2640.0,14960.0,2418.0,7696.0,39134.0
343,5280.0,-23532.0,2720.0,-2624.0,15477.0,3108.0,8060.0,39140.0
344,3660.0,-24576.0,3236.0,-2608.0,15973.0,4045.0,8895.0,39145.0
345,1424.0,-27252.0,4596.0,-2656.0,16297.0,4051.0,10043.0,39151.0
346,1740.0,-30024.0,4996.0,-2608.0,16857.0,3022.0,11022.0,39157.0
347,3228.0,-30308.0,4220.0,-2640.0,17621.0,2549.0,11407.0,39163.0
348,5396.0,-29672.0,2508.0,-2624.0,18437.0,2681.0,11362.0,39170.0
349,7160.0,-30164.0,2152.0,-2672.0,19243.0,3264.0,11534.0,39176.0
350,8804.0,-31740.0,1244.0,-2608.0,19813.0,4720.0,11863.0,39182.0
351,11668.0,-32768.0,-1316.0,-2624.0,20325.0,6176.0,11503.0,39188.0
352,12652.0,-32768.0,-4844.0,-2624.0,20658.0,8026.0,10818.0,39194.0
353,13268.0,-32768.0,-9756.0,-2624.0,20912.0,10130.0,10411.0,39200.0
354,13332.0,-32768.0,-13684.0,-2624.0,21047.0,11552.0,10576.0,39206.0
355,12368.0,-32768.0,-14876.0,-2608.0,20967.0,12379.0,11078.0,39214.0
356,10644.0,-32768.0,-15552.0,-2640.0,20543.0,13148.0,11642.0,39220.0
357,9312.0,-31368.0,-16852.0,-2624.0,19753.0,13363.0,11944.0,39226.0
358,7648.0,-27200.0,-17012.0,-2640.0,18458.0,13581.0,12083.0,39232.0
359,6544.0,-23736.0,-15596.0,-2640.0,16976.0,13325.0,11860.0,39238.0
360,5032.0,-20512.0,-11332.0,-2640.0,15776.0,12430.0,11803.0,39244.0
361,2752.0,-19076.0,-1500.0,-2640.0,15448.0,10161.0,11933.0,39250.0
362,236.0,-18976.0,8288.0,-2624.0,15464.0,6902.0,12175.0,39257.0
363,-1700.0,-19612.0,9196.0,-2640.0,14681.0,3511.0,11916.0,39263.0
364,-3064.0,-20960.0,9016.0,-2624.0,13738.0,-596.0,10730.0,39269.0
365,-3264.0,-22368.0,8572.0,-2656.0,13591.0,-5043.0,9350.0,39275.0
366,-2044.0,-22788.0,8596.0,-2640.0,14534.0,-8760.0,8282.0,39281.0
367,-284.0,-21456.0,4716.0,-2592.0,15565.0,-10630.0,7667.0,39287.0
368,2444.0,-18624.0,4708.0,-2608.0,16173.0,-10693.0,6713.0,39293.0
369,6908.0,-11208.0,-1892.0,-2608.0,14387.0,-8750.0,5935.0,39300.0
370,10476.0,-6352.0,-5456.0,-2656.0,10677.0,-4911.0,4788.0,39306.0
371,9724.0,-6676.0,-5676.0,-2640.0,7905.0,-999.0,4233.0,39312.0
372,7920.0,-5964.0,-7112.0,-2576.0,6101.0,599.0,3942.0,39318.0
373,6928.0,-3700.0,-8792.0,-2640.0,3998.0,1171.0,3673.0,39324.0
374,5368.0,-2444.0,-9584.0,-2624.0,1830.0,1392.0,3512.0,39330.0
375,3812.0,-2948.0,-8064.0,-2656.0,352.0,1596.0,3538.0,39336.0
376,2620.0,-3728.0,-6380.0,-2656.0,-676.0,1854.0,3674.0,39342.0
377,2352.0,-3536.0,-5652.0,-2640.0,-1872.0,2254.0,3569.0,39348.0
378,2336.0,-2836.0,-5348.0,-2624.0,-3439.0,2698.0,3086.0,39354.0
379,2476.0,-2424.0,-5184.0,-2624.0,-5115.0,2863.0,2289.0,39360.0
380,2672.0,-1872.0,-4976.0,-2624.0,-6754.0,2496.0,1330.0,39366.0
381,2792.0,-1496.0,-4992.0,-2624.0,-8266.0,1646.0,336.0,39372.0
382,2584.0,-1156.0,-4832.0,-2656.0,-9786.0,703.0,-517.0,39377.0
383,2272.0,-856.0,-4580.0,-2656.0,-11329.0,-219.0,-1208.0,39384.0
384,2040.0,-932.0,-4100.0,-2624.0,-12878.0,-810.0,-1801.0,39390.0
385,2036.0,-1132.0,-3684.0,-2624.0,-14491.0,-1120.0,-2408.0,39396.0
386,2076.0,-1632.0,-3776.0,-2640.0,-16124.0,-1209.0,-3027.0,39402.0
387,2532.0,-2004.0,-4084.0,-2608.0,-17748.0,-1237.0,-3628.0,39408.0
388,2628.0,-2828.0,-4564.0,-2640.0,-19439.0,-1396.0,-4352.0,39414.0
389,2464.0,-3832.0,-4600.0,-2592.0,-20820.0,-1590.0,-4965.0,39420.0
390,1636.0,-4872.0,-4632.0,-2640.0,-21996.0,-2081.0,-5519.0,39427.0
391,640.0,-5556.0,-4316.0,-2656.0,-23071.0,-2850.0,-5740.0,39433.0
392,-56.0,-6296.0,-3452.0,-2656.0,-24085.0,-3733.0,-5926.0,39438.0
393,-520.0,-6924.0,-3076.0,-2640.0,-25067.0,-4703.0,-6290.0,39444.0
394,-548.0,-7568.0,-2540.0,-2640.0,-26081.0,-5552.0,-6675.0,39450.0
395,-268.0,-8332.0,-1896.0,-2624.0,-27169.0,-6193.0,-6947.0,39456.0
396,392.0,-9000.0,-1452.0,-2640.0,-28273.0,-6512.0,-7292.0,39462.0
397,1152.0,-10036.0,-768.0,-2608.0,-29275.0,-6643.0,-7675.0,39469.0
398,1804.0,-11040.0,-116.0,-2624.0,-30253.0,-6636.0,-8023.0,39475.0
399,2496.0,-12032.0,280.0,-2608.0,-31098.0,-6525.0,-8368.0,39481.0
400,3204.0,-13112.0,964.0,-2624.0,-31842.0,-6341.0,-8634.0,39487.0
401,3696.0,-14372.0,1516.0,-2640.0,-32489.0,-5977.0,-8870.0,39493.0
402,4132.0,-15568.0,1524.0,-2624.0,-32768.0,-5430.0,-9125.0,39499.0
403,4416.0,-16624.0,1796.0,-2624.0,-32768.0,-4920.0,-9408.0,39505.0
404,4748.0,-17796.0,2288.0,-2608.0,-32768.0,-4422.0,-9639.0,39512.0
405,5196.0,-19240.0,3288.0,-2656.0,-32768.0,-3959.0,-9810.0,39518.0
406,5612.0,-20172.0,3948.0,-2624.0,-32768.0,-3220.0,-9855.0,39524.0
407,6060.0,-21212.0,4632.0,-2640.0,-32768.0,-2252.0,-9893.0,39530.0
408,6152.0,-22244.0,4924.0,-2624.0,-32768.0,-1199.0,-9979.0,39536.0
409,5868.0,-23312.0,5260.0,-2656.0,-32768.0,-157.0,-10151.0,39542.0
410,5196.0,-24164.0,5428.0,-2640.0,-32768.0,691.0,-10434.0,39548.0
411,4164.0,-25204.0,5712.0,-2624.0,-32768.0,1294.0,-10809.0,39554.0
412,3308.0,-26060.0,6192.0,-2656.0,-32768.0,1611.0,-11155.0,39561.0
413,2456.0,-26488.0,6596.0,-2656.0,-32768.0,1710.0,-11500.0,39567.0
414,2060.0,-26972.0,6888.0,-2640.0,-32768.0,1658.0,-11930.0,39573.0
415,1652.0,-27280.0,7244.0,-2608.0,-32768.0,1405.0,-12352.0,39579.0
416,1232.0,-27584.0,7584.0,-2640.0,-32764.0,967.0,-12665.0,39585.0
417,740.0,-27720.0,7612.0,-2624.0,-32321.0,260.0,-13014.0,39591.0
418,-32.0,-27568.0,7728.0,-2608.0,-31809.0,-682.0,-13392.0,39598.0
419,-828.0,-27620.0,7896.0,-2608.0,-31296.0,-1915.0,-13734.0,39603.0
420,-1548.0,-27680.0,8352.0,-2640.0,-30682.0,-3397.0,-14070.0,39609.0
421,-1980.0,-27628.0,8632.0,-2640.0,-30080.0,-4984.0,-14393.0,39615.0
422,-1780.0,-27420.0,8828.0,-2640.0,-29518.0,-6506.0,-14662.0,39622.0
423,-1176.0,-27396.0,8996.0,-2608.0,-28947.0,-7808.0,-14863.0,39628.0
424,-276.0,-27388.0,9292.0,-2656.0,-28310.0,-8949.0,-15013.0,39634.0
425,532.0,-27400.0,10120.0,-2640.0,-27590.0,-9895.0,-15150.0,39641.0
426,1448.0,-27248.0,10596.0,-2624.0,-26811.0,-10466.0,-15185.0,39647.0
427,2792.0,-26944.0,10816.0,-2608.0,-26033.0,-10302.0,-15074.0,39653.0
428,4548.0,-25976.0,10440.0,-2624.0,-25475.0,-8589.0,-14518.0,39660.0
429,3836.0,-30668.0,10592.0,-2640.0,-24287.0,-6086.0,-13373.0,39666.0
430,584.0,-27248.0,9628.0,-2624.0,-23493.0,-3867.0,-14546.0,39672.0
431,7348.0,-26136.0,11668.0,-2624.0,-22346.0,-1843.0,-7122.0,39678.0
432,9656.0,-25000.0,13412.0,-2640.0,-20836.0,1107.0,-10291.0,39685.0
433,4752.0,-24816.0,16144.0,-2640.0,-19399.0,3211.0,-11058.0,39692.0
434,4208.0,-25364.0,17772.0,-2624.0,-18025.0,5079.0,-10176.0,39698.0
435,5084.0,-26532.0,18512.0,-2640.0,-16250.0,7145.0,-9283.0,39704.0
436,4896.0,-26124.0,19240.0,-2608.0,-14380.0,10167.0,-8473.0,39710.0
437,2856.0,-27124.0,20476.0,-2640.0,-12169.0,13800.0,-7611.0,39716.0
438,-904.0,-25164.0,21492.0,-2656.0,-9916.0,16869.0,-6455.0,39723.0
439,-6368.0,-24504.0,22360.0,-2640.0,-7365.0,18269.0,-5283.0,39729.0
440,-12596.0,-23720.0,22904.0,-2656.0,-4533.0,17803.0,-3560.0,39735.0
441,-16184.0,-23312.0,23320.0,-2624.0,-1720.0,15760.0,-1576.0,39742.0
442,-18704.0,-23072.0,23768.0,-2608.0,1046.0,12704.0,289.0,39748.0
443,-18728.0,-22444.0,23580.0,-2640.0,3630.0,9248.0,1593.0,39754.0
444,-17692.0,-22044.0,23008.0,-2656.0,6041.0,5655.0,2112.0,39760.0
445,-16184.0,-21768.0,22500.0,-2656.0,8272.0,2160.0,2470.0,39767.0
446,-14068.0,-21696.0,21668.0,-2640.0,10282.0,-909.0,3046.0,39773.0
447,-11264.0,-21456.0,20388.0,-2640.0,12131.0,-3329.0,3734.0,39779.0
448,-9516.0,-20856.0,18876.0,-2640.0,13645.0,-5182.0,4349.0,39785.0
449,-8220.0,-18004.0,14864.0,-2624.0,14761.0,-6727.0,4763.0,39791.0
450,-3784.0,-7408.0,-10328.0,-2592.0,11217.0,-7725.0,4008.0,39797.0
451,32767.0,18456.0,-32768.0,-2624.0,-12144.0,-3342.0,-8820.0,39803.0
452,32767.0,-26120.0,-32768.0,-2656.0,-14142.0,-16615.0,-32768.0,39810.0
453,21592.0,-32768.0,-19628.0,-2640.0,10707.0,-28521.0,-72.0,39817.0
454,5088.0,-28548.0,6252.0,-2624.0,13653.0,1085.0,21093.0,39823.0
455,-32768.0,-25820.0,27852.0,-2640.0,11811.0,32767.0,18997.0,39829.0
456,-32768.0,-32768.0,32767.0,-2656.0,13245.0,32767.0,10670.0,39835.0
457,-22220.0,-32768.0,32767.0,-2640.0,16114.0,10207.0,-3346.0,39841.0
458,-7344.0,-32456.0,7756.0,-2624.0,14185.0,-17582.0,-10870.0,39848.0
459,1828.0,-31100.0,-4520.0,-2640.0,12770.0,-26607.0,-5279.0,39855.0
460,9032.0,-32624.0,92.0,-2656.0,17608.0,-18868.0,4821.0,39861.0
461,12408.0,-17596.0,616.0,-2640.0,16383.0,-4326.0,3547.0,39867.0
462,2696.0,-9000.0,1064.0,-2624.0,12771.0,2764.0,-85.0,39873.0
463,260.0,-6100.0,-1312.0,-2624.0,10554.0,1142.0,-347.0,39879.0
464,3780.0,-6988.0,-2572.0,-2624.0,9753.0,-5420.0,-1670.0,39884.0
465,8880.0,-7504.0,-2932.0,-2672.0,9267.0,-11910.0,-2216.0,39890.0
466,13584.0,-10072.0,-3272.0,-2640.0,9038.0,-15071.0,-1410.0,39897.0
467,14188.0,-12904.0,-3988.0,-2640.0,8494.0,-11822.0,637.0,39903.0
468,13616.0,-16960.0,-3360.0,-2624.0,9013.0,-4637.0,2010.0,39909.0
469,11992.0,-19336.0,-3860.0,-2640.0,10143.0,717.0,1566.0,39915.0
470,9268.0,-18672.0,-3592.0,-2640.0,10527.0,3174.0,1561.0,39921.0
471,6744.0,-17268.0,-2292.0,-2624.0,10164.0,5074.0,2434.0,39927.0
472,4736.0,-16272.0,-900.0,-2672.0,9603.0,6807.0,3059.0,39933.0
473,2468.0,-15984.0,28.0,-2608.0,8990.0,7887.0,2970.0,39940.0
474,-212.0,-16184.0,8.0,-2640.0,8593.0,7933.0,2202.0,39946.0
475,-1760.0,-16400.0,-1164.0,-2672.0,8561.0,6741.0,1051.0,39952.0
476,-1636.0,-16392.0,-2672.0,-2640.0,8951.0,4304.0,-133.0,39958.0
477,-184.0,-15636.0,-2440.0,-2624.0,9196.0,1434.0,-1061.0,39963.0
478,960.0,-15076.0,-1288.0,-2624.0,8984.0,-350.0,-1558.0,39969.0
479,1756.0,-14640.0,-472.0,-2608.0,8297.0,-1104.0,-1801.0,39975.0
480,3152.0,-14320.0,-364.0,-2640.0,7480.0,-1711.0,-2015.0,39982.0
481,5236.0,-14544.0,-1188.0,-2656.0,6930.0,-2360.0,-2111.0,39988.0
482,7476.0,-14608.0,-1932.0,-2640.0,6609.0,-2517.0,-1936.0,39994.0
483,9368.0,-14420.0,-1884.0,-2640.0,6292.0,-1607.0,-1428.0,40000.0
484,9936.0,-14848.0,-1812.0,-2624.0,6057.0,337.0,-795.0,40006.0
485,9828.0,-15096.0,-2156.0,-2640.0,5853.0,2685.0,-97.0,40012.0
486,8780.0,-15384.0,-2280.0,-2608.0,5740.0,4624.0,363.0,40017.0
487,7000.0,-14980.0,-1988.0,-2640.0,5387.0,6033.0,761.0,40024.0
488,4796.0,-15424.0,-1504.0,-2640.0,5147.0,6526.0,831.0,40030.0
489,3244.0,-16044.0,-1232.0,-2624.0,5015.0,6108.0,690.0,40036.0
490,2748.0,-16480.0,-1564.0,-2624.0,5046.0,5281.0,494.0,40042.0
491,3136.0,-16148.0,-1780.0,-2624.0,4983.0,4301.0,256.0,40048.0
492,3944.0,-15916.0,-1696.0,-2672.0,4925.0,3515.0,199.0,40054.0
493,4748.0,-15960.0,-1568.0,-2640.0,4902.0,3171.0,256.0,40059.0
494,5616.0,-15648.0,-1500.0,-2640.0,4867.0,3156.0,417.0,40066.0
495,6448.0,-15384.0,-1564.0,-2656.0,4788.0,3374.0,649.0,40072.0
496,6760.0,-15328.0,-1448.0,-2624.0,4776.0,3759.0,893.0,40078.0
497,6904.0,-15172.0,-1480.0,-2640.0,4721.0,4129.0,1091.0,40084.0
498,6900.0,-15352.0,-1328.0,-2624.0,4661.0,4493.0,1294.0,40090.0
499,6804.0,-15772.0,-1220.0,-2624.0,4634.0,4879.0,1592.0,40096.0
500,6684.0,-15768.0,-1352.0,-2608.0,4712.0,5226.0,1845.0,40102.0
501,6324.0,-15476.0,-1140.0,-2656.0,4695.0,5403.0,2050.0,40109.0
502,5832.0,-15424.0,-836.0,-2640.0,4694.0,5459.0,2166.0,40115.0
503,5404.0,-15504.0,-832.0,-2640.0,4672.0,5327.0,2249.0,40120.0
504,5080.0,-15640.0,-868.0,-2640.0,4712.0,5133.0,2332.0,40126.0
505,4700.0,-15572.0,-548.0,-2624.0,4734.0,4925.0,2333.0,40132.0
506,4448.0,-15724.0,-524.0,-2592.0,4739.0,4661.0,2302.0,40138.0
507,4244.0,-15708.0,-248.0,-2656.0,4776.0,4330.0,2281.0,40144.0
508,4332.0,-15712.0,-72.0,-2656.0,4775.0,3996.0,2215.0,40151.0
509,4368.0,-15796.0,-168.0,-2624.0,4787.0,3677.0,2124.0,40156.0
510,4348.0,-15912.0,4.0,-2656.0,4778.0,3443.0,2130.0,40162.0
511,4220.0,-15900.0,336.0,-2672.0,4754.0,3324.0,2133.0,40168.0
512,4220.0,-15960.0,536.0,-2640.0,4723.0,3215.0,2078.0,40174.0
513,4404.0,-15832.0,500.0,-2640.0,4667.0,3190.0,2028.0,40180.0
514,4508.0,-15840.0,668.0,-2624.0,4610.0,3241.0,2049.0,40186.0
515,4328.0,-15924.0,472.0,-2656.0,4588.0,3316.0,2068.0,40192.0
516,4124.0,-15816.0,676.0,-2656.0,4510.0,3299.0,2032.0,40198.0
517,4020.0,-15708.0,600.0,-2656.0,4452.0,3124.0,2052.0,40204.0
518,4280.0,-15964.0,888.0,-2624.0,4396.0,2963.0,2058.0,40210.0
519,4404.0,-15892.0,692.0,-2624.0,4379.0,2902.0,2051.0,40216.0
520,4552.0,-15868.0,828.0,-2656.0,4338.0,2894.0,2039.0,40222.0
521,4444.0,-15872.0,756.0,-2624.0,4324.0,2968.0,2035.0,40227.0
522,4452.0,-15708.0,896.0,-2656.0,4313.0,2992.0,1991.0,40233.0
523,4660.0,-15660.0,1128.0,-2656.0,4284.0,3012.0,1995.0,40240.0
524,4712.0,-16004.0,1088.0,-2672.0,4323.0,3029.0,1998.0,40246.0
525,4656.0,-16040.0,836.0,-2640.0,4414.0,3081.0,2038.0,40252.0
526,5228.0,-15596.0,480.0,-2640.0,4427.0,3058.0,1668.0,40258.0
527,5116.0,-16776.0,684.0,-2640.0,4612.0,3007.0,2699.0,40263.0
528,6292.0,-15696.0,756.0,-2640.0,4654.0,3774.0,2079.0,40269.0
529,4364.0,-16324.0,848.0,-2608.0,4681.0,3870.0,2409.0,40275.0
530,4700.0,-16276.0,840.0,-2640.0,4883.0,3801.0,2454.0,40282.0
531,4500.0,-16240.0,936.0,-2640.0,5035.0,3793.0,2458.0,40288.0
532,4624.0,-16508.0,628.0,-2656.0,5237.0,3738.0,2553.0,40294.0
533,4624.0,-16520.0,604.0,-2624.0,5519.0,3643.0,2474.0,40299.0
534,4472.0,-16528.0,600.0,-2624.0,5826.0,3456.0,2421.0,40305.0
535,4172.0,-16480.0,704.0,-2624.0,6077.0,3243.0,2549.0,40311.0
536,4344.0,-16640.0,744.0,-2624.0,6383.0,3181.0,2727.0,40317.0
537,4124.0,-16952.0,896.0,-2640.0,6711.0,3183.0,2818.0,40324.0
538,3764.0,-16904.0,1260.0,-2640.0,6972.0,3043.0,3040.0,40330.0
539,3620.0,-16984.0,1416.0,-2640.0,7264.0,2925.0,3185.0,40336.0
540,3620.0,-17016.0,1660.0,-2624.0,7504.0,2605.0,3310.0,40341.0
541,3800.0,-17160.0,1712.0,-2656.0,7756.0,2281.0,3457.0,40347.0
542,4024.0,-17404.0,1880.0,-2624.0,8005.0,2061.0,3598.0,40353.0
543,4272.0,-17440.0,2036.0,-2672.0,8225.0,1946.0,3811.0,40359.0
544,4348.0,-17524.0,2200.0,-2672.0,8437.0,1998.0,3991.0,40366.0
545,3984.0,-17416.0,2380.0,-2656.0,8620.0,2145.0,4186.0,40372.0
546,3748.0,-17560.0,2564.0,-2656.0,8768.0,2214.0,4367.0,40378.0
547,3492.0,-17484.0,2732.0,-2640.0,8938.0,2311.0,4549.0,40384.0
548,3356.0,-17560.0,3104.0,-2640.0,9045.0,2365.0,4698.0,40389.0
549,3224.0,-17752.0,3440.0,-2640.0,9164.0,2350.0,4966.0,40395.0
550,3580.0,-18104.0,3808.0,-2656.0,9366.0,2274.0,5054.0,40401.0
551,4076.0,-18056.0,2948.0,-2656.0,9505.0,2169.0,5243.0,40408.0
552,4616.0,-18448.0,2608.0,-2640.0,9733.0,2156.0,5646.0,40414.0
553,4916.0,-18912.0,2864.0,-2640.0,9978.0,2377.0,5995.0,40420.0
554,5012.0,-19712.0,2792.0,-2640.0,10278.0,2669.0,6389.0,40426.0
555,5384.0,-20216.0,2328.0,-2656.0,10653.0,3047.0,6721.0,40432.0
556,5624.0,-20648.0,2192.0,-2640.0,11062.0,3355.0,7000.0,40438.0
557,5504.0,-21300.0,1928.0,-2656.0,11519.0,3687.0,7387.0,40443.0
558,4788.0,-22080.0,2364.0,-2640.0,11987.0,4033.0,7812.0,40450.0
559,3108.0,-23296.0,3628.0,-2624.0,12371.0,4071.0,8649.0,40456.0
560,2688.0,-25576.0,4060.0,-2672.0,12723.0,3151.0,9234.0,40462.0
561,4348.0,-26900.0,2728.0,-2656.0,13163.0,2328.0,9438.0,40468.0
562,6120.0,-26628.0,972.0,-2640.0,13743.0,2213.0,9330.0,40474.0
563,6744.0,-26284.0,948.0,-2640.0,14466.0,2804.0,9528.0,40480.0
564,6600.0,-27000.0,1736.0,-2672.0,15063.0,3713.0,9928.0,40486.0
565,5900.0,-28776.0,1884.0,-2624.0,15725.0,4496.0,10255.0,40493.0
566,5244.0,-29332.0,560.0,-2624.0,16508.0,4868.0,10489.0,40499.0
567,5284.0,-30068.0,400.0,-2656.0,17293.0,4835.0,10570.0,40505.0
568,5744.0,-30640.0,500.0,-2672.0,18031.0,4534.0,10486.0,40511.0
569,7220.0,-31084.0,740.0,-2624.0,18709.0,4510.0,10195.0,40517.0
570,8860.0,-31052.0,1236.0,-2640.0,19306.0,4776.0,9748.0,40523.0
571,10332.0,-31688.0,-948.0,-2656.0,19591.0,6531.0,9367.0,40528.0
572,10500.0,-32768.0,-3712.0,-2608.0,20210.0,8260.0,9174.0,40535.0
573,9228.0,-32476.0,-7236.0,-2656.0,20622.0,9276.0,9611.0,40541.0
574,8076.0,-29832.0,-10928.0,-2640.0,20481.0,9808.0,9936.0,40547.0
575,7352.0,-27164.0,-14420.0,-2640.0,19938.0,9817.0,9988.0,40553.0
576,7188.0,-24168.0,-16588.0,-2656.0,19091.0,9473.0,9919.0,40559.0
577,7048.0,-21468.0,-17716.0,-2624.0,17977.0,8494.0,9699.0,40565.0
578,5772.0,-18836.0,-17108.0,-2640.0,16626.0,7425.0,9778.0,40571.0
579,4460.0,-15812.0,-15628.0,-2640.0,14901.0,6487.0,9890.0,40578.0
580,4408.0,-12936.0,-13340.0,-2624.0,13031.0,5486.0,9571.0,40584.0
581,4824.0,-10540.0,-9944.0,-2656.0,11088.0,4936.0,9237.0,40590.0
582,5500.0,-9584.0,-5108.0,-2640.0,9388.0,4920.0,9190.0,40596.0
583,6992.0,-10908.0,1968.0,-2640.0,8346.0,5796.0,9126.0,40602.0
584,7500.0,-14880.0,9184.0,-2672.0,8557.0,7380.0,8672.0,40608.0
585,5804.0,-18396.0,12936.0,-2656.0,9410.0,8593.0,7749.0,40614.0
586,2124.0,-19520.0,11908.0,-2640.0,9992.0,8411.0,7303.0,40621.0
587,-316.0,-18360.0,8520.0,-2672.0,10028.0,6911.0,6919.0,40627.0
588,268.0,-16792.0,6972.0,-2656.0,10011.0,4661.0,5890.0,40633.0
589,2124.0,-14448.0,3828.0,-2672.0,10449.0,3722.0,4734.0,40639.0
590,2252.0,-8588.0,-612.0,-2656.0,9026.0,4303.0,4458.0,40644.0
591,-28.0,-5628.0,-4092.0,-2672.0,6570.0,5107.0,4417.0,40650.0
592,-1372.0,-5140.0,-5000.0,-2608.0,4355.0,5264.0,4146.0,40656.0
593,-1260.0,-4248.0,-5556.0,-2640.0,2713.0,4258.0,3312.0,40663.0
594,-156.0,-2636.0,-6624.0,-2640.0,864.0,2804.0,2259.0,40669.0
595,1068.0,-1640.0,-7356.0,-2640.0,-1148.0,1563.0,1258.0,40675.0
596,1932.0,-1612.0,-7132.0,-2672.0,-2853.0,812.0,506.0,40680.0
597,2312.0,-1892.0,-6848.0,-2640.0,-4258.0,439.0,7.0,40686.0
598,2908.0,-2052.0,-6472.0,-2640.0,-5400.0,99.0,-480.0,40692.0
599,3716.0,-2140.0,-6008.0,-2688.0,-6580.0,-214.0,-1060.0,40697.0
600,4348.0,-2036.0,-5368.0,-2592.0,-7921.0,-414.0,-1780.0,40704.0
601,4796.0,-1884.0,-4568.0,-2656.0,-9416.0,-630.0,-2651.0,40710.0
602,4848.0,-1768.0,-4444.0,-2656.0,-10987.0,-955.0,-3665.0,40716.0
603,4844.0,-1772.0,-3784.0,-2704.0,-12661.0,-1122.0,-4488.0,40722.0
604,5276.0,-2260.0,-3056.0,-2656.0,-14310.0,-788.0,-5265.0,40728.0
605,5484.0,-2836.0,-2244.0,-2608.0,-15736.0,-149.0,-6143.0,40734.0
606,5736.0,-3576.0,-2120.0,-2640.0,-17079.0,748.0,-7064.0,40740.0
607,5808.0,-3828.0,-2452.0,-2656.0,-18608.0,1832.0,-7911.0,40745.0
608,5788.0,-4528.0,-2820.0,-2672.0,-20107.0,2877.0,-8580.0,40752.0
609,4888.0,-6068.0,-2452.0,-2656.0,-21209.0,3436.0,-9532.0,40758.0
610,3092.0,-6992.0,-2164.0,-2656.0,-22239.0,3679.0,-10178.0,40764.0
611,1220.0,-8148.0,-2616.0,-2624.0,-23276.0,3508.0,-10453.0,40770.0
612,-612.0,-9296.0,-2208.0,-2640.0,-24151.0,2708.0,-10470.0,40776.0
613,-1924.0,-10844.0,-1572.0,-2624.0,-24877.0,1525.0,-10541.0,40782.0
614,-2296.0,-12204.0,-484.0,-2656.0,-25451.0,269.0,-10704.0,40788.0
615,-2148.0,-13188.0,196.0,-2640.0,-26083.0,-989.0,-10985.0,40795.0
616,-1840.0,-14512.0,952.0,-2672.0,-26742.0,-2002.0,-11212.0,40801.0
617,-1308.0,-15816.0,1800.0,-2608.0,-27290.0,-2709.0,-11364.0,40807.0
618,-948.0,-17084.0,2100.0,-2656.0,-27693.0,-3229.0,-11509.0,40813.0
619,-868.0,-18132.0,3064.0,-2656.0,-28028.0,-3713.0,-11696.0,40819.0
620,-1184.0,-18704.0,3328.0,-2640.0,-28300.0,-4235.0,-11802.0,40825.0
621,-1536.0,-18904.0,3716.0,-2640.0,-28577.0,-5009.0,-11985.0,40832.0
622,-1600.0,-19044.0,3436.0,-2640.0,-28904.0,-6012.0,-12267.0,40838.0
623,-1404.0,-19408.0,3448.0,-2640.0,-29150.0,-7135.0,-12455.0,40844.0
624,-656.0,-19888.0,3160.0,-2656.0,-29360.0,-8127.0,-12629.0,40850.0
625,32.0,-20420.0,3228.0,-2624.0,-29636.0,-8998.0,-12899.0,40856.0
626,1104.0,-21264.0,3076.0,-2656.0,-29827.0,-9511.0,-12931.0,40862.0
627,2512.0,-22096.0,3176.0,-2624.0,-30002.0,-9645.0,-13077.0,40868.0
628,3588.0,-22916.0,3556.0,-2656.0,-30166.0,-9271.0,-13176.0,40875.0
629,4100.0,-23652.0,3760.0,-2640.0,-30217.0,-8662.0,-13153.0,40881.0
630,4264.0,-24128.0,3876.0,-2656.0,-30156.0,-8046.0,-13163.0,40887.0
631,3872.0,-24424.0,3824.0,-2640.0,-30082.0,-7692.0,-13189.0,40893.0
632,3436.0,-24860.0,3960.0,-2672.0,-29933.0,-7692.0,-13313.0,40900.0
633,2400.0,-25872.0,4452.0,-2624.0,-29584.0,-8022.0,-13461.0,40906.0
634,1636.0,-26492.0,4876.0,-2640.0,-29134.0,-8714.0,-13679.0,40912.0
635,1120.0,-26640.0,5408.0,-2672.0,-28686.0,-9610.0,-13943.0,40919.0
636,796.0,-26808.0,5192.0,-2656.0,-28275.0,-10702.0,-14193.0,40925.0
637,1020.0,-27000.0,5156.0,-2640.0,-27885.0,-11777.0,-14397.0,40931.0
638,1660.0,-27212.0,5232.0,-2656.0,-27516.0,-12774.0,-14532.0,40938.0
639,2020.0,-27296.0,5720.0,-2672.0,-27037.0,-13364.0,-14582.0,40944.0
640,2408.0,-26800.0,6192.0,-2640.0,-26602.0,-13381.0,-14446.0,40950.0
641,3328.0,-25900.0,6664.0,-2656.0,-26293.0,-12623.0,-14157.0,40956.0
642,3888.0,-25612.0,7396.0,-2672.0,-25836.0,-11437.0,-13670.0,40963.0
643,3752.0,-25956.0,8952.0,-2672.0,-25035.0,-9936.0,-13096.0,40970.0
644,3260.0,-25960.0,10448.0,-2672.0,-23976.0,-8532.0,-12406.0,40976.0
645,2852.0,-26056.0,12300.0,-2608.0,-22571.0,-7164.0,-11859.0,40982.0
646,2232.0,-26340.0,14136.0,-2656.0,-20937.0,-6038.0,-11088.0,40988.0
647,1440.0,-29288.0,14104.0,-2640.0,-18073.0,-5381.0,-11955.0,40995.0
648,1888.0,-26240.0,19204.0,-2608.0,-17099.0,-3939.0,-5395.0,41001.0
649,4596.0,-26308.0,18936.0,-2640.0,-14469.0,-2502.0,-6888.0,41008.0
650,-616.0,-23844.0,21028.0,-2624.0,-12857.0,-543.0,-8086.0,41014.0
651,-3280.0,-23040.0,22656.0,-2672.0,-11047.0,1084.0,-6854.0,41020.0
652,-3624.0,-22860.0,23712.0,-2656.0,-8868.0,2946.0,-5417.0,41026.0
653,-3484.0,-22608.0,24200.0,-2656.0,-6325.0,5059.0,-4133.0,41032.0
654,-4000.0,-22372.0,23544.0,-2656.0,-3823.0,7084.0,-2557.0,41038.0
655,-5176.0,-21716.0,22424.0,-2656.0,-1351.0,8497.0,-932.0,41044.0
656,-6892.0,-21152.0,21152.0,-2656.0,987.0,9082.0,712.0,41051.0
657,-8536.0,-20912.0,20080.0,-2624.0,3072.0,8896.0,2098.0,41057.0
658,-9280.0,-20692.0,19112.0,-2640.0,4981.0,7979.0,2986.0,41063.0
659,-9352.0,-20012.0,18144.0,-2656.0,6645.0,6607.0,3579.0,41069.0
660,-9260.0,-19848.0,17660.0,-2672.0,8149.0,4972.0,3831.0,41075.0
661,-8592.0,-17968.0,15160.0,-2640.0,9190.0,3005.0,3815.0,41081.0
662,-7868.0,-15568.0,9960.0,-2640.0,9090.0,862.0,3553.0,41088.0
663,1496.0,-5948.0,-19476.0,-2624.0,4058.0,487.0,1822.0,41094.0
664,21196.0,-5960.0,-32768.0,-2640.0,-5077.0,5752.0,-4445.0,41100.0
665,28284.0,-22820.0,-32768.0,-2656.0,-8246.0,3665.0,-13268.0,41106.0
666,24460.0,-32768.0,-19740.0,-2656.0,1087.0,-13722.0,-12020.0,41112.0
667,17088.0,-32768.0,21996.0,-2672.0,13632.0,-20164.0,-4100.0,41118.0
668,-6340.0,-32768.0,32767.0,-2640.0,22617.0,-9098.0,3485.0,41124.0
669,-31004.0,-32768.0,32767.0,-2656.0,20974.0,1204.0,10161.0,41131.0
670,-32768.0,-28080.0,-1516.0,-2640.0,12769.0,2153.0,12176.0,41137.0
671,-18516.0,-29180.0,-16480.0,-2672.0,12747.0,-1685.0,3120.0,41143.0
672,8288.0,-22180.0,-8976.0,-2672.0,17630.0,-6458.0,-4385.0,41149.0
673,14536.0,-5176.0,564.0,-2640.0,18031.0,-6955.0,-5072.0,41155.0
674,16088.0,5428.0,-1272.0,-2656.0,12463.0,-2792.0,-1604.0,41161.0
675,18840.0,-420.0,-9076.0,-2640.0,9635.0,-439.0,-188.0,41167.0
676,16664.0,-7252.0,-8800.0,-2640.0,10068.0,2.0,-134.0,41174.0
677,13208.0,-10652.0,-3672.0,-2656.0,10600.0,426.0,2240.0,41180.0
678,12644.0,-12056.0,380.0,-2672.0,9547.0,2499.0,3735.0,41186.0
679,8944.0,-12496.0,448.0,-2656.0,7648.0,7433.0,3672.0,41192.0
680,2724.0,-12992.0,-748.0,-2640.0,6218.0,11109.0,1972.0,41198.0
681,-1852.0,-14532.0,-2272.0,-2672.0,5607.0,9439.0,611.0,41204.0
682,-1528.0,-17052.0,-3388.0,-2672.0,5760.0,4256.0,757.0,41209.0
683,2240.0,-18484.0,-3892.0,-2624.0,6168.0,179.0,1364.0,41216.0
684,3668.0,-17060.0,-2804.0,-2672.0,6036.0,-258.0,1278.0,41222.0
685,2724.0,-15532.0,-2076.0,-2672.0,5548.0,1067.0,592.0,41228.0
686,1980.0,-14912.0,-2100.0,-2672.0,5166.0,1254.0,-35.0,41234.0
687,2244.0,-14688.0,-2560.0,-2672.0,4986.0,758.0,-348.0,41240.0
688,1972.0,-14916.0,-2796.0,-2640.0,4889.0,225.0,-666.0,41246.0
689,1888.0,-15008.0,-2344.0,-2656.0,4803.0,-324.0,-1038.0,41251.0
690,1992.0,-15116.0,-1776.0,-2624.0,4556.0,-688.0,-1464.0,41257.0
691,2848.0,-15568.0,-1568.0,-2640.0,4263.0,-962.0,-1803.0,41264.0
692,3848.0,-15688.0,-1832.0,-2640.0,3981.0,-1239.0,-1915.0,41270.0
693,4680.0,-15800.0,-2316.0,-2656.0,3776.0,-1398.0,-1901.0,41276.0
694,5508.0,-15784.0,-2492.0,-2640.0,3601.0,-1201.0,-1861.0,41282.0
695,6012.0,-15872.0,-2464.0,-2624.0,3489.0,-701.0,-1731.0,41288.0
696,5860.0,-16084.0,-2288.0,-2656.0,3535.0,141.0,-1568.0,41294.0
697,5460.0,-16132.0,-2296.0,-2656.0,3611.0,692.0,-1396.0,41300.0
698,5156.0,-16340.0,-2520.0,-2640.0,3815.0,869.0,-1279.0,41307.0
699,5012.0,-16568.0,-2668.0,-2640.0,4143.0,750.0,-1245.0,41312.0
700,5168.0,-16468.0,-3152.0,-2640.0,4558.0,255.0,-1292.0,41318.0
701,5404.0,-15788.0,-2848.0,-2656.0,4826.0,-354.0,-1215.0,41324.0
702,5432.0,-15660.0,-1992.0,-2640.0,4993.0,-602.0,-1012.0,41330.0
703,5524.0,-16204.0,-1936.0,-2672.0,5237.0,-525.0,-806.0,41336.0
704,5888.0,-15924.0,-1920.0,-2672.0,5483.0,-790.0,-662.0,41342.0
705,6548.0,-15080.0,-1528.0,-2640.0,5474.0,-1194.0,-372.0,41349.0
706,6880.0,-14796.0,-1244.0,-2656.0,5258.0,-1200.0,23.0,41354.0
707,6796.0,-15096.0,-848.0,-2624.0,5061.0,-857.0,384.0,41360.0
708,6424.0,-15192.0,-844.0,-2640.0,4843.0,-404.0,646.0,41366.0
709,5924.0,-15244.0,-740.0,-2672.0,4565.0,-66.0,870.0,41372.0
710,5212.0,-15500.0,-636.0,-2656.0,4308.0,133.0,1064.0,41378.0
711,4780.0,-15720.0,-572.0,-2656.0,4076.0,144.0,1166.0,41383.0
712,4620.0,-15764.0,-556.0,-2656.0,3877.0,61.0,1222.0,41390.0
713,4548.0,-15796.0,-552.0,-2640.0,3649.0,-112.0,1231.0,41396.0
714,4584.0,-15588.0,-908.0,-2608.0,3468.0,-294.0,1258.0,41402.0
715,4588.0,-15684.0,-652.0,-2688.0,3306.0,-407.0,1278.0,41408.0
716,4528.0,-15752.0,-776.0,-2656.0,3161.0,-446.0,1308.0,41413.0
717,4688.0,-15784.0,-724.0,-2656.0,2995.0,-477.0,1297.0,41419.0
718,4772.0,-15708.0,-1044.0,-2656.0,2913.0,-498.0,1292.0,41425.0
719,4916.0,-15528.0,-908.0,-2656.0,2811.0,-509.0,1316.0,41432.0
720,5248.0,-15604.0,-848.0,-2656.0,2720.0,-465.0,1362.0,41438.0
721,5312.0,-15604.0,-648.0,-2656.0,2658.0,-379.0,1425.0,41444.0
722,5240.0,-15816.0,-372.0,-2656.0,2631.0,-191.0,1499.0,41449.0
723,5924.0,-16556.0,-1052.0,-2672.0,2742.0,304.0,1661.0,41455.0
724,5260.0,-17268.0,-1624.0,-2640.0,3307.0,780.0,1404.0,41461.0
725,5372.0,-15680.0,-944.0,-2624.0,3389.0,756.0,1521.0,41467.0
726,5208.0,-15824.0,-560.0,-2688.0,3383.0,873.0,1531.0,41474.0
727,5072.0,-15820.0,-696.0,-2640.0,3418.0,972.0,1666.0,41480.0
728,5280.0,-15816.0,-560.0,-2672.0,3452.0,1136.0,1752.0,41485.0
729,4960.0,-15768.0,-476.0,-2640.0,3419.0,1396.0,1743.0,41491.0
730,4612.0,-15704.0,-176.0,-2640.0,3374.0,1481.0,1706.0,41497.0
731,4308.0,-15672.0,-76.0,-2672.0,3290.0,1461.0,1641.0,41503.0
732,3940.0,-15696.0,20.0,-2608.0,3213.0,1408.0,1595.0,41509.0
733,3816.0,-15884.0,-80.0,-2640.0,3169.0,1389.0,1438.0,41515.0
734,3804.0,-15884.0,36.0,-2640.0,3083.0,1376.0,1322.0,41521.0
735,3772.0,-15880.0,232.0,-2688.0,2986.0,1276.0,1182.0,41527.0
736,3864.0,-15928.0,180.0,-2656.0,2900.0,1293.0,1087.0,41533.0
737,4004.0,-15924.0,316.0,-2688.0,2802.0,1365.0,1022.0,41539.0
738,4404.0,-15732.0,176.0,-2688.0,2653.0,1587.0,1069.0,41544.0
739,4452.0,-15996.0,324.0,-2656.0,2608.0,1721.0,960.0,41550.0
740,4472.0,-15996.0,124.0,-2656.0,2574.0,1888.0,1023.0,41556.0
741,4448.0,-15904.0,224.0,-2656.0,2570.0,1995.0,1026.0,41563.0
742,4476.0,-15948.0,344.0,-2656.0,2497.0,2089.0,1018.0,41569.0
743,4404.0,-16280.0,-64.0,-2688.0,2558.0,2336.0,971.0,41574.0
744,4956.0,-17220.0,1144.0,-2640.0,5585.0,2422.0,5391.0,41807.0
745,4152.0,-17520.0,1200.0,-2672.0,5881.0,2841.0,5419.0,41814.0
746,3512.0,-17836.0,1200.0,-2672.0,6120.0,2915.0,5558.0,41820.0
747,3260.0,-18524.0,1332.0,-2672.0,6444.0,2814.0,5769.0,41826.0
748,3076.0,-18884.0,1452.0,-2656.0,6781.0,2790.0,5833.0,41831.0
749,2784.0,-19156.0,1348.0,-2656.0,7144.0,2755.0,5824.0,41837.0
750,2504.0,-19088.0,1348.0,-2672.0,7524.0,2737.0,5889.0,41843.0
751,2368.0,-19460.0,1668.0,-2640.0,7867.0,2746.0,5861.0,41849.0
752,2136.0,-19668.0,1932.0,-2656.0,8145.0,2685.0,5989.0,41856.0
753,1716.0,-20116.0,2136.0,-2656.0,8426.0,2756.0,6214.0,41862.0
754,1092.0,-20488.0,2396.0,-2656.0,8724.0,2844.0,6463.0,41868.0
755,1232.0,-21084.0,3156.0,-2672.0,9076.0,2799.0,6653.0,41874.0
756,5016.0,-23972.0,8732.0,-2672.0,10438.0,2472.0,6235.0,41879.0
757,1568.0,-19996.0,1164.0,-2688.0,9683.0,2344.0,7025.0,41885.0
758,3164.0,-21596.0,-1364.0,-2656.0,9930.0,3130.0,6867.0,41891.0
759,3140.0,-22384.0,-884.0,-2640.0,10368.0,3461.0,6737.0,41897.0
760,3164.0,-22584.0,544.0,-2672.0,10690.0,3704.0,6802.0,41904.0
761,3148.0,-23144.0,1668.0,-2656.0,11026.0,3835.0,6515.0,41910.0
762,2728.0,-23724.0,2324.0,-2640.0,11425.0,4183.0,6518.0,41916.0
763,2200.0,-24016.0,2212.0,-2640.0,11768.0,4724.0,6555.0,41922.0
764,1328.0,-24192.0,1996.0,-2688.0,12151.0,5150.0,6763.0,41928.0
765,452.0,-24284.0,1752.0,-2672.0,12605.0,5391.0,7128.0,41934.0
766,-392.0,-24296.0,1588.0,-2688.0,13000.0,5380.0,7429.0,41940.0
767,-900.0,-24476.0,1324.0,-2688.0,13291.0,5008.0,7658.0,41946.0
768,-728.0,-24312.0,1096.0,-2640.0,13673.0,4387.0,7843.0,41952.0
769,-244.0,-23988.0,684.0,-2672.0,14005.0,3695.0,7953.0,41958.0
770,392.0,-23712.0,296.0,-2672.0,14092.0,3101.0,7989.0,41964.0
771,852.0,-23360.0,56.0,-2704.0,13973.0,2440.0,7944.0,41970.0
772,1236.0,-22932.0,-120.0,-2608.0,13918.0,1815.0,7864.0,41976.0
773,1960.0,-22348.0,-300.0,-2640.0,13930.0,1187.0,7656.0,41982.0
774,2700.0,-21184.0,-640.0,-2656.0,13615.0,756.0,7451.0,41988.0
775,3092.0,-19844.0,-1492.0,-2656.0,13272.0,602.0,7279.0,41994.0
776,3156.0,-18560.0,-1912.0,-2656.0,12487.0,361.0,7076.0,42000.0
777,3732.0,-17492.0,-1636.0,-2672.0,11694.0,162.0,6625.0,42006.0
778,4208.0,-16256.0,-1460.0,-2640.0,11015.0,13.0,6197.0,42012.0
779,4592.0,-14608.0,-788.0,-2640.0,10252.0,146.0,5689.0,42018.0
780,4876.0,-12920.0,-8.0,-2672.0,9512.0,243.0,5104.0,42024.0
781,4688.0,-11664.0,1480.0,-2624.0,8969.0,214.0,4582.0,42030.0
782,4768.0,-10668.0,3976.0,-2656.0,8866.0,411.0,4197.0,42036.0
783,4828.0,-9232.0,5520.0,-2656.0,8681.0,1059.0,4069.0,42042.0
784,4548.0,-8860.0,7156.0,-2656.0,8677.0,1999.0,3546.0,42048.0
785,3472.0,-8324.0,8700.0,-2688.0,8612.0,2981.0,3136.0,42054.0
786,2200.0,-7508.0,9040.0,-2656.0,8245.0,3712.0,2810.0,42059.0
787,1676.0,-4472.0,3948.0,-2640.0,6358.0,4344.0,2230.0,42065.0
788,3232.0,-2880.0,-680.0,-2672.0,4560.0,5899.0,1233.0,42072.0
789,4168.0,56.0,-4784.0,-2656.0,2128.0,7356.0,351.0,42078.0
790,2784.0,420.0,-8508.0,-2672.0,-383.0,8258.0,81.0,42084.0
791,1320.0,-1520.0,-7676.0,-2672.0,-1876.0,8354.0,14.0,42089.0
792,320.0,-2900.0,-5760.0,-2672.0,-2734.0,7656.0,220.0,42095.0
793,-1224.0,-3480.0,-4204.0,-2688.0,-3445.0,7020.0,633.0,42101.0
794,-2564.0,-3580.0,-3324.0,-2672.0,-4348.0,6947.0,916.0,42107.0
795,-3280.0,-3276.0,-3592.0,-2672.0,-5588.0,6774.0,749.0,42113.0
796,-3096.0,-2732.0,-4180.0,-2640.0,-7071.0,5919.0,146.0,42119.0
797,-2752.0,-2840.0,-4496.0,-2704.0,-8436.0,4368.0,-501.0,42125.0
798,-2976.0,-3384.0,-4248.0,-2672.0,-9600.0,2562.0,-964.0,42131.0
799,-3412.0,-4036.0,-3608.0,-2640.0,-10609.0,1132.0,-1246.0,42137.0
800,-3616.0,-4368.0,-2776.0,-2624.0,-11829.0,260.0,-1415.0,42143.0
801,-3852.0,-4760.0,-2084.0,-2640.0,-12974.0,-368.0,-1864.0,42148.0
802,-4076.0,-4588.0,-2544.0,-2672.0,-14219.0,-1127.0,-2418.0,42155.0
803,-4100.0,-4732.0,-2744.0,-2688.0,-15525.0,-2415.0,-2988.0,42161.0
804,-3952.0,-5180.0,-2360.0,-2640.0,-16676.0,-4009.0,-3438.0,42167.0
805,-3556.0,-5888.0,-2556.0,-2656.0,-17804.0,-5488.0,-3778.0,42173.0
806,-2988.0,-6532.0,-3040.0,-2640.0,-18952.0,-6650.0,-3989.0,42179.0
807,-2168.0,-7432.0,-3216.0,-2656.0,-20072.0,-7465.0,-4136.0,42185.0
808,-1468.0,-8336.0,-3172.0,-2672.0,-21115.0,-8132.0,-4266.0,42191.0
809,-820.0,-9508.0,-2732.0,-2656.0,-22081.0,-8737.0,-4465.0,42198.0
810,-304.0,-10536.0,-2308.0,-2672.0,-23035.0,-9283.0,-4684.0,42204.0
811,-28.0,-11632.0,-1532.0,-2656.0,-23894.0,-9813.0,-4938.0,42210.0
812,76.0,-12580.0,-1104.0,-2688.0,-24724.0,-10366.0,-5231.0,42216.0
813,156.0,-13380.0,-1084.0,-2672.0,-25549.0,-11088.0,-5614.0,42222.0
814,116.0,-14404.0,-1104.0,-2640.0,-26335.0,-11943.0,-5977.0,42228.0
815,476.0,-15708.0,-888.0,-2656.0,-27051.0,-12677.0,-6398.0,42234.0
816,1100.0,-17084.0,-592.0,-2672.0,-27626.0,-13500.0,-6757.0,42241.0
817,2132.0,-19196.0,840.0,-2656.0,-27977.0,-14184.0,-7137.0,42247.0
818,3600.0,-21072.0,2392.0,-2672.0,-28165.0,-14735.0,-7559.0,42253.0
819,5120.0,-22676.0,3296.0,-2640.0,-28279.0,-15012.0,-7989.0,42259.0
820,6740.0,-24696.0,3792.0,-2640.0,-28270.0,-14932.0,-8353.0,42265.0
821,8392.0,-26768.0,3944.0,-2640.0,-27993.0,-14360.0,-8828.0,42271.0
822,9632.0,-29776.0,5876.0,-2640.0,-27192.0,-13284.0,-8894.0,42277.0
823,7516.0,-29364.0,5728.0,-2688.0,-26403.0,-12608.0,-8811.0,42284.0
824,14644.0,-27988.0,14576.0,-2672.0,-25601.0,-13715.0,-7790.0,42290.0
825,14668.0,-32768.0,32767.0,-2704.0,-10402.0,-21137.0,-9407.0,42296.0
826,760.0,-32768.0,32767.0,-2624.0,7622.0,-15643.0,-4313.0,42303.0
827,-23868.0,-32768.0,32767.0,-2640.0,7370.0,8361.0,1586.0,42309.0
828,-11224.0,-26968.0,25308.0,-2672.0,2707.0,17790.0,1067.0,42315.0
829,2040.0,-9028.0,6468.0,-2640.0,2607.0,13926.0,7.0,42321.0
830,-116.0,-384.0,-2340.0,-2672.0,3598.0,17122.0,855.0,42328.0
831,-5044.0,7048.0,-7120.0,-2656.0,2891.0,20190.0,627.0,42333.0
832,-3048.0,4224.0,-9340.0,-2672.0,1131.0,16844.0,91.0,42339.0
833,5244.0,-1456.0,-8504.0,-2656.0,16.0,9371.0,-1047.0,42345.0
834,13944.0,-6168.0,-7476.0,-2688.0,-417.0,4524.0,-2394.0,42351.0
835,16376.0,-11624.0,-4012.0,-2672.0,93.0,3688.0,-2744.0,42357.0
836,10720.0,-14412.0,68.0,-2640.0,219.0,4846.0,-2025.0,42363.0
837,2984.0,-15548.0,2972.0,-2672.0,-546.0,4295.0,-1938.0,42369.0
838,-2640.0,-18284.0,4584.0,-2672.0,-1200.0,2041.0,-2405.0,42375.0
839,-5752.0,-21420.0,4484.0,-2656.0,-1352.0,-32.0,-2529.0,42381.0
840,-7020.0,-23148.0,3324.0,-2688.0,-1157.0,-1058.0,-1843.0,42387.0
841,-6968.0,-22720.0,1460.0,-2704.0,-822.0,-2030.0,-1020.0,42393.0
842,-5060.0,-20736.0,-312.0,-2640.0,-579.0,-3255.0,-982.0,42399.0
843,-1380.0,-18232.0,-800.0,-2640.0,-535.0,-4469.0,-1313.0,42405.0
844,4076.0,-15816.0,-1040.0,-2672.0,-798.0,-4981.0,-1814.0,42411.0
845,8336.0,-15168.0,-1076.0,-2656.0,-947.0,-4217.0,-1541.0,42417.0
846,10752.0,-14888.0,-1288.0,-2656.0,-807.0,-2135.0,-1029.0,42423.0
847,9488.0,-14116.0,-1644.0,-2640.0,-735.0,796.0,-784.0,42429.0
848,5092.0,-14696.0,-728.0,-2672.0,-609.0,3424.0,-782.0,42435.0
849,92.0,-15852.0,-160.0,-2688.0,-450.0,4541.0,-787.0,42441.0
850,-3052.0,-16360.0,716.0,-2704.0,-316.0,4085.0,-923.0,42446.0
851,-4796.0,-17084.0,1412.0,-2672.0,-200.0,2700.0,-1283.0,42452.0
852,-3644.0,-17160.0,1452.0,-2640.0,-154.0,978.0,-1556.0,42459.0
853,-668.0,-16868.0,920.0,-2672.0,-153.0,-401.0,-1841.0,42465.0
854,2508.0,-16712.0,180.0,-2656.0,-167.0,-1057.0,-1933.0,42471.0
855,4804.0,-16608.0,-620.0,-2688.0,-132.0,-994.0,-1942.0,42476.0
856,5528.0,-16292.0,-848.0,-2688.0,-104.0,-363.0,-1769.0,42482.0
857,5184.0,-16260.0,-764.0,-2688.0,-79.0,583.0,-1526.0,42488.0
858,3660.0,-16388.0,-208.0,-2672.0,-27.0,1470.0,-1319.0,42494.0
859,1928.0,-16468.0,280.0,-2672.0,-3.0,1882.0,-1146.0,42501.0
860,444.0,-16532.0,544.0,-2688.0,45.0,1824.0,-1115.0,42506.0
861,-108.0,-16532.0,640.0,-2704.0,80.0,1292.0,-1226.0,42512.0
862,36.0,-16480.0,552.0,-2656.0,140.0,545.0,-1387.0,42518.0
863,628.0,-16540.0,468.0,-2640.0,162.0,-259.0,-1546.0,42523.0
864,1420.0,-16652.0,320.0,-2656.0,191.0,-778.0,-1641.0,42529.0
865,2120.0,-16428.0,252.0,-2672.0,183.0,-1175.0,-1574.0,42535.0
866,2704.0,-16352.0,572.0,-2672.0,153.0,-1361.0,-1442.0,42542.0
867,3044.0,-16316.0,364.0,-2672.0,104.0,-1486.0,-1388.0,42548.0
868,3196.0,-16312.0,260.0,-2704.0,94.0,-1520.0,-1306.0,42553.0
869,3428.0,-16160.0,432.0,-2672.0,62.0,-1584.0,-1326.0,42559.0
870,3128.0,-15892.0,376.0,-2656.0,-23.0,-1569.0,-1203.0,42565.0
871,2996.0,-16040.0,636.0,-2656.0,-95.0,-1307.0,-1087.0,42571.0
872,2752.0,-16384.0,708.0,-2656.0,-123.0,-1113.0,-1039.0,42576.0
873,2600.0,-16236.0,656.0,-2656.0,-229.0,-858.0,-992.0,42583.0
874,2620.0,-16236.0,500.0,-2640.0,-299.0,-714.0,-1004.0,42589.0
875,2556.0,-16276.0,408.0,-2688.0,-351.0,-649.0,-1019.0,42595.0
876,2436.0,-16500.0,428.0,-2688.0,-389.0,-536.0,-1001.0,42601.0
877,2324.0,-16664.0,456.0,-2656.0,-432.0,-400.0,-996.0,42606.0
878,2252.0,-16716.0,504.0,-2704.0,-422.0,-315.0,-1042.0,42612.0
879,2328.0,-16656.0,212.0,-2672.0,-424.0,-231.0,-1040.0,42618.0
880,2436.0,-16520.0,268.0,-2656.0,-388.0,-128.0,-1057.0,42625.0
881,2764.0,-16520.0,8.0,-2640.0,-354.0,-103.0,-1036.0,42630.0
882,3088.0,-16176.0,172.0,-2640.0,-365.0,-39.0,-978.0,42636.0
883,3524.0,-16232.0,-72.0,-2672.0,-331.0,169.0,-923.0,42642.0
884,3636.0,-16308.0,-88.0,-2656.0,-264.0,405.0,-872.0,42647.0
885,3576.0,-16204.0,-184.0,-2672.0,-229.0,642.0,-775.0,42653.0
886,3340.0,-16196.0,-8.0,-2688.0,-152.0,821.0,-716.0,42659.0
887,2904.0,-16264.0,116.0,-2656.0,-121.0,928.0,-699.0,42664.0
888,2628.0,-16544.0,132.0,-2672.0,-8.0,1042.0,-674.0,42671.0
889,2408.0,-16512.0,32.0,-2672.0,113.0,1056.0,-643.0,42677.0
890,2520.0,-16548.0,132.0,-2656.0,206.0,1020.0,-650.0,42682.0
891,2696.0,-16624.0,64.0,-2672.0,262.0,1047.0,-647.0,42688.0
892,2796.0,-16572.0,156.0,-2656.0,331.0,993.0,-578.0,42694.0
893,2696.0,-16640.0,200.0,-2640.0,385.0,960.0,-526.0,42700.0
894,2832.0,-16728.0,364.0,-2672.0,495.0,907.0,-569.0,42705.0
895,2640.0,-17184.0,-104.0,-2704.0,598.0,806.0,55.0,42712.0
896,3612.0,-15960.0,296.0,-2672.0,514.0,1219.0,-570.0,42718.0
897,2396.0,-16272.0,244.0,-2688.0,504.0,1024.0,-397.0,42723.0
898,2484.0,-16200.0,372.0,-2640.0,499.0,716.0,-457.0,42729.0
899,2536.0,-16308.0,544.0,-2688.0,490.0,536.0,-476.0,42735.0
900,2760.0,-16288.0,444.0,-2672.0,477.0,588.0,-438.0,42740.0
901,2572.0,-16160.0,452.0,-2672.0,457.0,591.0,-453.0,42746.0
902,2460.0,-16164.0,500.0,-2672.0,428.0,581.0,-420.0,42753.0
903,2400.0,-16284.0,412.0,-2672.0,448.0,510.0,-425.0,42758.0
904,2624.0,-16280.0,364.0,-2624.0,441.0,479.0,-389.0,42764.0
905,2532.0,-16320.0,580.0,-2672.0,414.0,503.0,-389.0,42770.0
906,2484.0,-16380.0,536.0,-2656.0,446.0,482.0,-370.0,42776.0
907,2432.0,-16220.0,596.0,-2672.0,412.0,393.0,-378.0,42781.0
908,2276.0,-16164.0,704.0,-2672.0,383.0,326.0,-428.0,42787.0
909,2192.0,-16208.0,752.0,-2656.0,372.0,177.0,-453.0,42793.0
910,2260.0,-16332.0,920.0,-2672.0,342.0,31.0,-509.0,42799.0
911,2604.0,-16288.0,844.0,-2688.0,269.0,-82.0,-518.0,42805.0
912,2940.0,-16244.0,572.0,-2688.0,256.0,-160.0,-528.0,42811.0
913,3000.0,-16184.0,536.0,-2672.0,240.0,-96.0,-509.0,42816.0
914,2872.0,-16204.0,792.0,-2672.0,175.0,24.0,-523.0,42822.0
915,2800.0,-16184.0,784.0,-2656.0,150.0,89.0,-484.0,42827.0
916,2792.0,-16212.0,692.0,-2656.0,104.0,171.0,-456.0,42833.0
917,2644.0,-16264.0,736.0,-2672.0,88.0,269.0,-449.0,42840.0
918,2556.0,-16292.0,668.0,-2672.0,76.0,337.0,-438.0,42845.0
919,2676.0,-16252.0,400.0,-2640.0,76.0,352.0,-456.0,42851.0
920,2628.0,-16184.0,620.0,-2656.0,46.0,373.0,-462.0,42857.0
921,2572.0,-16128.0,528.0,-2656.0,28.0,318.0,-473.0,42862.0
922,2712.0,-16256.0,608.0,-2672.0,43.0,245.0,-460.0,42868.0
923,2828.0,-16300.0,508.0,-2704.0,29.0,180.0,-436.0,42874.0
924,2940.0,-16132.0,552.0,-2640.0,21.0,245.0,-470.0,42880.0
925,2988.0,-16056.0,592.0,-2656.0,28.0,235.0,-418.0,42886.0
926,2984.0,-16144.0,660.0,-2656.0,24.0,290.0,-360.0,42891.0
927,2792.0,-16156.0,480.0,-2656.0,67.0,339.0,-293.0,42897.0
928,2676.0,-16048.0,472.0,-2672.0,82.0,363.0,-276.0,42903.0
929,2640.0,-16100.0,648.0,-2672.0,113.0,264.0,-278.0,42908.0
930,2764.0,-16248.0,616.0,-2688.0,98.0,166.0,-289.0,42914.0
931,2864.0,-16152.0,484.0,-2656.0,127.0,83.0,-270.0,42920.0
932,3028.0,-16244.0,532.0,-2688.0,128.0,6.0,-230.0,42926.0
933,3348.0,-16144.0,484.0,-2688.0,144.0,17.0,-242.0,42932.0
934,3496.0,-16248.0,548.0,-2656.0,143.0,49.0,-164.0,42937.0
935,3624.0,-16300.0,380.0,-2672.0,198.0,195.0,-108.0,42943.0
936,3472.0,-16240.0,368.0,-2672.0,243.0,275.0,-27.0,42949.0
937,3344.0,-16264.0,436.0,-2656.0,253.0,377.0,8.0,42954.0
938,3144.0,-16280.0,628.0,-2672.0,260.0,418.0,67.0,42960.0
939,3176.0,-16152.0,728.0,-2688.0,250.0,446.0,82.0,42966.0
940,3108.0,-16100.0,628.0,-2656.0,240.0,424.0,121.0,42972.0
941,2908.0,-16072.0,716.0,-2672.0,217.0,412.0,159.0,42978.0
942,2840.0,-16048.0,836.0,-2672.0,206.0,385.0,180.0,42983.0
943,3004.0,-15932.0,768.0,-2656.0,146.0,338.0,183.0,42989.0
944,2976.0,-15788.0,884.0,-2704.0,98.0,331.0,217.0,42995.0
945,3016.0,-15732.0,772.0,-2672.0,105.0,366.0,225.0,43000.0
946,3032.0,-15896.0,776.0,-2688.0,66.0,475.0,210.0,43006.0
947,3076.0,-15944.0,700.0,-2624.0,88.0,510.0,228.0,43013.0
948,3176.0,-16016.0,748.0,-2656.0,44.0,544.0,227.0,43018.0
949,3268.0,-15972.0,740.0,-2672.0,-14.0,548.0,231.0,43024.0
950,3220.0,-16076.0,892.0,-2672.0,-77.0,577.0,302.0,43030.0
951,3188.0,-16200.0,944.0,-2672.0,-116.0,675.0,284.0,43035.0
952,3012.0,-16176.0,892.0,-2656.0,-183.0,768.0,327.0,43041.0
953,2840.0,-16008.0,964.0,-2672.0,-236.0,860.0,342.0,43047.0
954,2852.0,-16052.0,972.0,-2672.0,-304.0,910.0,335.0,43053.0
955,2948.0,-16168.0,916.0,-2672.0,-399.0,960.0,312.0,43059.0
956,2872.0,-16224.0,900.0,-2672.0,-473.0,1037.0,306.0,43065.0
957,2892.0,-16196.0,820.0,-2672.0,-518.0,1121.0,295.0,43070.0
958,2812.0,-16284.0,996.0,-2656.0,-588.0,1201.0,284.0,43076.0
959,2852.0,-16188.0,956.0,-2672.0,-667.0,1214.0,280.0,43082.0
960,2768.0,-16160.0,940.0,-2672.0,-719.0,1274.0,286.0,43088.0
961,2672.0,-16248.0,828.0,-2656.0,-766.0,1304.0,315.0,43094.0
962,2596.0,-16232.0,744.0,-2672.0,-813.0,1338.0,305.0,43100.0
963,2700.0,-16104.0,768.0,-2688.0,-852.0,1339.0,269.0,43106.0
964,2684.0,-16068.0,908.0,-2672.0,-896.0,1352.0,285.0,43112.0
965,2908.0,-16092.0,764.0,-2640.0,-923.0,1336.0,254.0,43117.0
966,3040.0,-16092.0,604.0,-2656.0,-944.0,1318.0,252.0,43123.0
967,3232.0,-16104.0,592.0,-2688.0,-996.0,1328.0,274.0,43129.0
968,3184.0,-16076.0,772.0,-2672.0,-1018.0,1385.0,286.0,43134.0
969,3168.0,-16212.0,704.0,-2656.0,-1019.0,1484.0,330.0,43141.0
970,3048.0,-16112.0,608.0,-2656.0,-1047.0,1566.0,370.0,43147.0
971,3004.0,-16092.0,504.0,-2688.0,-1059.0,1666.0,373.0,43153.0
972,2968.0,-16148.0,632.0,-2672.0,-1089.0,1723.0,387.0,43159.0
973,2812.0,-16184.0,536.0,-2672.0,-1074.0,1732.0,383.0,43164.0
974,2820.0,-16200.0,556.0,-2640.0,-1074.0,1749.0,419.0,43170.0
975,2812.0,-16148.0,520.0,-2624.0,-1073.0,1751.0,402.0,43176.0
976,2876.0,-16216.0,704.0,-2656.0,-1098.0,1739.0,413.0,43183.0
977,2756.0,-16256.0,572.0,-2688.0,-1121.0,1782.0,391.0,43189.0
978,2796.0,-16252.0,608.0,-2672.0,-1115.0,1822.0,447.0,43194.0
979,2948.0,-16200.0,440.0,-2640.0,-1124.0,1797.0,393.0,43200.0
980,3088.0,-16084.0,368.0,-2704.0,-1143.0,1890.0,380.0,43206.0
981,2864.0,-16196.0,548.0,-2656.0,-1132.0,1857.0,471.0,43212.0
982,2652.0,-16276.0,428.0,-2656.0,-1140.0,1967.0,519.0,43217.0
983,2536.0,-16256.0,572.0,-2640.0,-1102.0,1979.0,511.0,43224.0
984,2348.0,-16448.0,564.0,-2640.0,-1081.0,1947.0,484.0,43230.0
985,2388.0,-16428.0,368.0,-2672.0,-1051.0,1867.0,484.0,43236.0
986,2508.0,-16492.0,520.0,-2672.0,-1044.0,1776.0,487.0,43242.0
987,2708.0,-16320.0,424.0,-2656.0,-1023.0,1799.0,468.0,43247.0
988,2820.0,-16252.0,440.0,-2720.0,-1013.0,1792.0,485.0,43253.0
989,2788.0,-16272.0,400.0,-2656.0,-995.0,1820.0,502.0,43259.0
990,2616.0,-16128.0,264.0,-2672.0,-995.0,1827.0,502.0,43266.0
991,2524.0,-16332.0,256.0,-2656.0,-949.0,1811.0,545.0,43271.0
992,2444.0,-16216.0,288.0,-2656.0,-928.0,1786.0,520.0,43277.0
993,2412.0,-16460.0,344.0,-2672.0,-912.0,1767.0,580.0,43283.0
994,2328.0,-16636.0,224.0,-2688.0,-821.0,1739.0,537.0,43289.0
995,2304.0,-16680.0,248.0,-2672.0,-764.0,1693.0,529.0,43294.0
996,2160.0,-16460.0,380.0,-2640.0,-743.0,1569.0,523.0,43300.0
997,2360.0,-16464.0,520.0,-2672.0,-727.0,1461.0,506.0,43307.0
998,2468.0,-16512.0,312.0,-2640.0,-695.0,1437.0,495.0,43313.0
999,2432.0,-16380.0,252.0,-2656.0,-642.0,1398.0,513.0,43318.0
1000,2528.0,-16428.0,184.0,-2688.0,-613.0,1366.0,514.0,43324.0
1001,2476.0,-16280.0,256.0,-2672.0,-588.0,1327.0,525.0,43330.0
1002,2444.0,-16428.0,380.0,-2688.0,-544.0,1319.0,527.0,43336.0
1003,2316.0,-16644.0,140.0,-2672.0,-480.0,1238.0,493.0,43341.0
1004,2372.0,-16256.0,160.0,-2672.0,-496.0,1168.0,560.0,43347.0
1005,2400.0,-16384.0,96.0,-2656.0,-432.0,1153.0,520.0,43354.0
1006,2216.0,-16428.0,228.0,-2672.0,-384.0,1105.0,568.0,43359.0
1007,2080.0,-16440.0,244.0,-2672.0,-327.0,1033.0,557.0,43365.0
1008,2128.0,-16500.0,320.0,-2672.0,-293.0,909.0,539.0,43371.0
1009,2164.0,-16584.0,272.0,-2688.0,-270.0,834.0,521.0,43377.0
1010,2180.0,-16564.0,340.0,-2640.0,-246.0,774.0,487.0,43382.0
1011,2268.0,-16488.0,244.0,-2640.0,-234.0,762.0,528.0,43388.0
1012,2336.0,-16540.0,172.0,-2688.0,-236.0,773.0,532.0,43395.0
1013,2496.0,-16440.0,264.0,-2672.0,-192.0,766.0,520.0,43400.0
1014,2516.0,-16324.0,336.0,-2688.0,-181.0,750.0,538.0,43406.0
1015,2440.0,-16400.0,296.0,-2672.0,-172.0,716.0,532.0,43412.0
1016,2416.0,-16256.0,328.0,-2640.0,-123.0,708.0,548.0,43417.0
1017,2316.0,-16340.0,248.0,-2688.0,-88.0,670.0,508.0,43423.0
1018,2172.0,-16176.0,320.0,-2640.0,-56.0,607.0,504.0,43429.0
1019,2176.0,-16156.0,208.0,-2672.0,-61.0,549.0,517.0,43435.0
1020,2092.0,-16268.0,472.0,-2704.0,-68.0,527.0,519.0,43441.0
1021,1908.0,-16348.0,480.0,-2672.0,-62.0,503.0,496.0,43447.0
1022,1860.0,-16276.0,440.0,-2656.0,-72.0,405.0,508.0,43452.0
1023,1860.0,-16284.0,496.0,-2656.0,-89.0,326.0,509.0,43458.0
1024,1948.0,-16332.0,356.0,-2656.0,-68.0,230.0,498.0,43463.0
1025,1992.0,-16268.0,480.0,-2672.0,-85.0,180.0,492.0,43469.0
1026,2008.0,-16288.0,344.0,-2672.0,-92.0,151.0,487.0,43475.0
1027,1916.0,-16404.0,552.0,-2704.0,-76.0,145.0,479.0,43481.0
1028,1892.0,-16420.0,380.0,-2656.0,-60.0,93.0,473.0,43487.0
1029,1900.0,-16368.0,560.0,-2672.0,-50.0,-8.0,469.0,43492.0
1030,2068.0,-16284.0,456.0,-2704.0,-81.0,-77.0,454.0,43498.0
1031,2044.0,-16264.0,364.0,-2672.0,-105.0,-100.0,438.0,43504.0
1032,2120.0,-16316.0,472.0,-2656.0,-89.0,-118.0,460.0,43509.0
1033,2200.0,-16384.0,476.0,-2640.0,-98.0,-101.0,419.0,43515.0
1034,2180.0,-16360.0,516.0,-2640.0,-116.0,-84.0,409.0,43522.0
1035,2200.0,-16252.0,320.0,-2672.0,-140.0,-105.0,405.0,43527.0
1036,2288.0,-16288.0,464.0,-2656.0,-182.0,-114.0,408.0,43533.0
1037,2236.0,-16208.0,504.0,-2640.0,-178.0,-97.0,396.0,43539.0
1038,2180.0,-16284.0,252.0,-2656.0,-189.0,-42.0,370.0,43544.0
1039,2252.0,-16340.0,380.0,-2688.0,-189.0,-16.0,413.0,43550.0
1040,2304.0,-16272.0,576.0,-2656.0,-199.0,-31.0,379.0,43556.0
1041,2132.0,-16348.0,492.0,-2672.0,-213.0,-28.0,363.0,43561.0
1042,2208.0,-16264.0,388.0,-2672.0,-215.0,-27.0,339.0,43568.0
1043,2052.0,-16284.0,556.0,-2656.0,-243.0,-18.0,350.0,43573.0
1044,2160.0,-16384.0,464.0,-2688.0,-232.0,-48.0,342.0,43579.0
1045,2116.0,-16200.0,496.0,-2704.0,-253.0,-86.0,354.0,43585.0
1046,2140.0,-16200.0,408.0,-2672.0,-271.0,-74.0,320.0,43590.0
1047,2260.0,-16380.0,424.0,-2688.0,-263.0,-127.0,327.0,43596.0
1048,2136.0,-16360.0,436.0,-2688.0,-250.0,-133.0,306.0,43602.0
1049,2184.0,-16484.0,396.0,-2640.0,-217.0,-81.0,293.0,43608.0
1050,2120.0,-16612.0,160.0,-2672.0,-133.0,-40.0,258.0,43614.0
1051,2144.0,-16376.0,400.0,-2688.0,-127.0,-123.0,273.0,43620.0
1052,2024.0,-16408.0,448.0,-2640.0,-129.0,-106.0,245.0,43625.0
1053,2228.0,-16256.0,324.0,-2624.0,-155.0,-139.0,239.0,43631.0
1054,2240.0,-16292.0,504.0,-2672.0,-150.0,-108.0,223.0,43637.0
1055,2204.0,-16196.0,492.0,-2672.0,-184.0,-58.0,240.0,43642.0
1056,2204.0,-16308.0,508.0,-2704.0,-176.0,-78.0,225.0,43649.0
1057,2176.0,-16336.0,480.0,-2656.0,-186.0,-90.0,232.0,43655.0
1058,2124.0,-16284.0,480.0,-2640.0,-180.0,-75.0,195.0,43660.0
1059,2164.0,-16384.0,388.0,-2672.0,-134.0,17.0,186.0,43666.0
1060,2152.0,-16364.0,248.0,-2672.0,-153.0,-28.0,205.0,43672.0
1061,2176.0,-16308.0,200.0,-2672.0,-149.0,-79.0,165.0,43677.0
1062,2176.0,-16280.0,260.0,-2656.0,-129.0,-130.0,165.0,43683.0
1063,2096.0,-16244.0,352.0,-2672.0,-153.0,-149.0,149.0,43688.0
1064,2176.0,-16328.0,488.0,-2624.0,-136.0,-149.0,145.0,43695.0
1065,2208.0,-16360.0,364.0,-2688.0,-132.0,-123.0,144.0,43701.0
1066,2216.0,-16288.0,432.0,-2640.0,-122.0,-122.0,149.0,43707.0
1067,2092.0,-16344.0,492.0,-2656.0,-105.0,-126.0,125.0,43712.0
1068,2120.0,-16360.0,304.0,-2672.0,-101.0,-105.0,121.0,43718.0
1069,2308.0,-16348.0,444.0,-2688.0,-98.0,-86.0,137.0,43724.0
1070,2156.0,-16400.0,304.0,-2688.0,-72.0,-117.0,118.0,43729.0
1071,2176.0,-16400.0,228.0,-2656.0,-55.0,-160.0,149.0,43736.0
1072,2220.0,-16468.0,288.0,-2640.0,-28.0,-169.0,125.0,43741.0
1073,2160.0,-16396.0,356.0,-2672.0,-39.0,-175.0,135.0,43747.0
1074,2264.0,-16420.0,476.0,-2656.0,-40.0,-134.0,120.0,43753.0
1075,2320.0,-16652.0,256.0,-2656.0,7.0,-100.0,114.0,43758.0
1076,2284.0,-16572.0,412.0,-2688.0,11.0,-112.0,109.0,43764.0
1077,2376.0,-16496.0,452.0,-2688.0,-1.0,-79.0,125.0,43770.0
1078,2284.0,-16324.0,436.0,-2688.0,0.0,2.0,107.0,43776.0
1079,2360.0,-16344.0,556.0,-2672.0,-14.0,62.0,89.0,43782.0
1080,2292.0,-16408.0,556.0,-2672.0,-42.0,97.0,92.0,43787.0
1081,2316.0,-16428.0,500.0,-2656.0,-36.0,122.0,80.0,43793.0
1082,2224.0,-16288.0,304.0,-2656.0,-53.0,173.0,129.0,43798.0
1083,2144.0,-16268.0,364.0,-2656.0,-78.0,197.0,95.0,43804.0
1084,2208.0,-16164.0,416.0,-2656.0,-80.0,195.0,90.0,43809.0
1085,2116.0,-16228.0,488.0,-2656.0,-99.0,244.0,96.0,43815.0
1086,2052.0,-16256.0,344.0,-2688.0,-119.0,249.0,78.0,43822.0
1087,1972.0,-16320.0,476.0,-2672.0,-138.0,276.0,39.0,43827.0
1088,1960.0,-16352.0,324.0,-2640.0,-131.0,224.0,70.0,43833.0
1089,2020.0,-16336.0,392.0,-2640.0,-133.0,244.0,20.0,43838.0
1090,2112.0,-16360.0,580.0,-2688.0,-152.0,222.0,2.0,43844.0
1091,2212.0,-16296.0,476.0,-2656.0,-164.0,202.0,-17.0,43850.0
1092,2088.0,-16352.0,456.0,-2656.0,-164.0,230.0,-5.0,43855.0
1093,2180.0,-16268.0,504.0,-2656.0,-164.0,244.0,-2.0,43862.0
1094,2128.0,-16296.0,400.0,-2688.0,-201.0,286.0,-14.0,43867.0
1095,2124.0,-16308.0,504.0,-2640.0,-201.0,255.0,-42.0,43873.0
1096,2172.0,-16320.0,352.0,-2640.0,-184.0,293.0,-38.0,43879.0
1097,2144.0,-16292.0,388.0,-2656.0,-193.0,282.0,-35.0,43884.0
1098,2212.0,-16380.0,472.0,-2688.0,-210.0,284.0,-33.0,43890.0
1099,2240.0,-16396.0,456.0,-2672.0,-207.0,291.0,-9.0,43896.0
1100,2120.0,-16244.0,456.0,-2672.0,-210.0,292.0,-41.0,43901.0
1101,2168.0,-16392.0,384.0,-2640.0,-186.0,271.0,-71.0,43908.0
1102,2120.0,-16408.0,416.0,-2624.0,-201.0,261.0,-56.0,43913.0
1103,2108.0,-16328.0,492.0,-2656.0,-216.0,244.0,-83.0,43919.0
1104,2112.0,-16384.0,576.0,-2672.0,-229.0,243.0,-67.0,43925.0
1105,2164.0,-16352.0,472.0,-2672.0,-206.0,248.0,-69.0,43930.0
1106,2188.0,-16316.0,428.0,-2640.0,-227.0,273.0,-73.0,43936.0
1107,2172.0,-16372.0,424.0,-2656.0,-245.0,298.0,-103.0,43942.0
1108,2252.0,-16408.0,512.0,-2672.0,-255.0,297.0,-73.0,43948.0
1109,2148.0,-16416.0,388.0,-2640.0,-235.0,298.0,-66.0,43954.0
1110,2176.0,-16468.0,424.0,-2624.0,-228.0,272.0,-81.0,43960.0
1111,2052.0,-16408.0,280.0,-2656.0,-232.0,233.0,-98.0,43965.0
1112,2140.0,-16324.0,436.0,-2672.0,-254.0,210.0,-76.0,43971.0
1113,2080.0,-16492.0,356.0,-2672.0,-251.0,231.0,-87.0,43976.0
1114,2052.0,-16408.0,396.0,-2640.0,-221.0,226.0,-95.0,43982.0
1115,2112.0,-16280.0,264.0,-2624.0,-202.0,155.0,-90.0,43988.0
1116,2152.0,-16360.0,444.0,-2656.0,-218.0,148.0,-105.0,43994.0
1117,2272.0,-16296.0,360.0,-2640.0,-187.0,119.0,-100.0,44000.0
1118,2256.0,-16276.0,368.0,-2688.0,-230.0,145.0,-101.0,44006.0
1119,2188.0,-16276.0,424.0,-2672.0,-232.0,170.0,-126.0,44011.0
1120,2184.0,-16272.0,372.0,-2672.0,-240.0,166.0,-73.0,44017.0
1121,2240.0,-16320.0,264.0,-2688.0,-230.0,210.0,-80.0,44023.0
1122,2188.0,-16228.0,556.0,-2640.0,-216.0,195.0,-97.0,44028.0
1123,2024.0,-16348.0,536.0,-2640.0,-230.0,161.0,-89.0,44035.0
1124,2048.0,-16408.0,388.0,-2688.0,-189.0,128.0,-97.0,44041.0
1125,2172.0,-16480.0,472.0,-2656.0,-188.0,96.0,-85.0,44046.0
1126,2144.0,-16408.0,320.0,-2656.0,-156.0,59.0,-87.0,44052.0
1127,2132.0,-16348.0,456.0,-2656.0,-132.0,36.0,-95.0,44057.0
1128,2280.0,-16384.0,304.0,-2656.0,-118.0,0.0,-101.0,44063.0
