id,AcX,AcY,AcZ,Tmp,GyX,GyY,GyZ,Timer
0,2808.0,-16172.0,1200.0,-2816.0,603.0,534.0,514.0,216207.0
1,2712.0,-16144.0,1588.0,-2832.0,558.0,617.0,517.0,216213.0
2,2544.0,-16184.0,1528.0,-2864.0,542.0,613.0,545.0,216219.0
3,2472.0,-16244.0,1584.0,-2816.0,533.0,660.0,521.0,216224.0
4,2464.0,-16332.0,1444.0,-2816.0,536.0,725.0,546.0,216230.0
5,2628.0,-16032.0,1436.0,-2800.0,511.0,686.0,575.0,216237.0
6,2576.0,-16156.0,1556.0,-2832.0,509.0,743.0,521.0,216243.0
7,2636.0,-16212.0,1444.0,-2816.0,469.0,719.0,536.0,216248.0
8,2696.0,-16104.0,1532.0,-2832.0,423.0,713.0,546.0,216254.0
9,2520.0,-16052.0,1520.0,-2832.0,347.0,768.0,521.0,216260.0
10,2592.0,-16104.0,1596.0,-2800.0,328.0,771.0,514.0,216266.0
11,2492.0,-16220.0,1664.0,-2816.0,297.0,786.0,523.0,216271.0
12,2588.0,-16348.0,1456.0,-2816.0,289.0,832.0,521.0,216278.0
13,2652.0,-16168.0,1456.0,-2768.0,274.0,883.0,490.0,216284.0
14,2528.0,-16016.0,1684.0,-2800.0,223.0,936.0,480.0,216290.0
15,2316.0,-16020.0,1496.0,-2848.0,196.0,951.0,501.0,216295.0
16,2400.0,-15972.0,1664.0,-2800.0,134.0,950.0,482.0,216301.0
17,2280.0,-16040.0,1580.0,-2800.0,121.0,924.0,454.0,216307.0
18,2264.0,-16140.0,1684.0,-2816.0,73.0,841.0,444.0,216313.0
19,2280.0,-16116.0,1700.0,-2800.0,30.0,827.0,428.0,216318.0
20,2112.0,-16008.0,1648.0,-2816.0,13.0,800.0,459.0,216325.0
21,2188.0,-16132.0,1608.0,-2832.0,-2.0,741.0,410.0,216331.0
22,2104.0,-16040.0,1540.0,-2816.0,-24.0,736.0,418.0,216336.0
23,2300.0,-16092.0,1568.0,-2800.0,-43.0,646.0,408.0,216342.0
24,2228.0,-16064.0,1632.0,-2784.0,-59.0,582.0,399.0,216348.0
25,2492.0,-15972.0,1612.0,-2832.0,-78.0,576.0,402.0,216354.0
26,2356.0,-16032.0,1564.0,-2816.0,-86.0,571.0,413.0,216359.0
27,2464.0,-16000.0,1584.0,-2832.0,-70.0,597.0,418.0,216366.0
28,2384.0,-16084.0,1448.0,-2816.0,-109.0,532.0,398.0,216372.0
29,2208.0,-16028.0,1548.0,-2832.0,-95.0,524.0,396.0,216378.0
30,2180.0,-16196.0,1604.0,-2832.0,-127.0,505.0,393.0,216383.0
31,2100.0,-16296.0,1708.0,-2816.0,-101.0,512.0,366.0,216389.0
32,1892.0,-16308.0,1504.0,-2848.0,-60.0,430.0,368.0,216395.0
33,1948.0,-16216.0,1560.0,-2832.0,-17.0,324.0,362.0,216400.0
34,1976.0,-16156.0,1624.0,-2816.0,-17.0,220.0,353.0,216407.0
35,1996.0,-16072.0,1560.0,-2832.0,-29.0,109.0,298.0,216413.0
36,2172.0,-16140.0,1556.0,-2784.0,-50.0,4.0,294.0,216419.0
37,2332.0,-16100.0,1556.0,-2816.0,-56.0,-50.0,305.0,216424.0
38,2272.0,-16180.0,1484.0,-2800.0,-42.0,-56.0,298.0,216430.0
39,2444.0,-16172.0,1616.0,-2848.0,-73.0,-56.0,284.0,216436.0
40,2460.0,-16048.0,1580.0,-2800.0,-79.0,13.0,303.0,216441.0
41,2544.0,-16144.0,1468.0,-2800.0,-99.0,69.0,305.0,216448.0
42,2532.0,-16264.0,1632.0,-2848.0,-102.0,188.0,313.0,216454.0
43,2512.0,-16184.0,1548.0,-2832.0,-90.0,263.0,356.0,216459.0
44,2308.0,-16160.0,1504.0,-2832.0,-93.0,299.0,374.0,216465.0
45,2296.0,-16032.0,1632.0,-2832.0,-105.0,264.0,353.0,216471.0
46,2256.0,-16176.0,1624.0,-2832.0,-111.0,212.0,361.0,216477.0
47,2224.0,-16304.0,1564.0,-2832.0,-147.0,211.0,340.0,216482.0
48,2080.0,-16092.0,1660.0,-2816.0,-136.0,214.0,354.0,216488.0
49,2124.0,-16024.0,1492.0,-2816.0,-130.0,165.0,357.0,216495.0
50,2308.0,-16060.0,1632.0,-2832.0,-149.0,136.0,339.0,216501.0
51,2312.0,-16176.0,1608.0,-2832.0,-155.0,96.0,322.0,216506.0
52,2216.0,-16260.0,1792.0,-2848.0,-176.0,132.0,323.0,216512.0
53,2256.0,-16348.0,1600.0,-2832.0,-101.0,180.0,292.0,216518.0
54,2276.0,-16292.0,1496.0,-2832.0,-73.0,202.0,301.0,216524.0
55,2292.0,-16180.0,1544.0,-2816.0,-90.0,168.0,300.0,216529.0
56,2352.0,-16220.0,1728.0,-2832.0,-73.0,146.0,315.0,216536.0
57,2328.0,-16200.0,1536.0,-2816.0,-78.0,234.0,312.0,216542.0
58,2220.0,-16312.0,1596.0,-2832.0,-74.0,255.0,298.0,216547.0
59,2264.0,-16288.0,1508.0,-2848.0,-63.0,197.0,319.0,216553.0
60,2276.0,-16108.0,1660.0,-2832.0,-62.0,187.0,296.0,216559.0
61,2308.0,-16220.0,1624.0,-2816.0,-80.0,125.0,292.0,216565.0
62,2300.0,-16184.0,1720.0,-2864.0,-61.0,133.0,322.0,216570.0
63,2228.0,-16300.0,1624.0,-2848.0,-46.0,190.0,298.0,216577.0
64,2320.0,-16420.0,1452.0,-2800.0,19.0,279.0,297.0,216583.0
65,2308.0,-16180.0,1732.0,-2816.0,6.0,275.0,290.0,216588.0
66,2296.0,-16204.0,1676.0,-2832.0,-35.0,305.0,307.0,216594.0
67,2296.0,-16288.0,1688.0,-2816.0,-57.0,340.0,328.0,216600.0
68,2284.0,-16308.0,1496.0,-2800.0,-53.0,345.0,303.0,216606.0
69,2208.0,-16380.0,1604.0,-2816.0,-62.0,362.0,294.0,216611.0
70,2364.0,-16308.0,1492.0,-2800.0,-49.0,359.0,317.0,216617.0
71,2300.0,-16228.0,1656.0,-2784.0,-80.0,333.0,313.0,216624.0
72,2256.0,-16252.0,1564.0,-2800.0,-75.0,317.0,313.0,216629.0
73,2220.0,-16276.0,1828.0,-2848.0,-82.0,378.0,304.0,216635.0
74,2284.0,-16224.0,1584.0,-2800.0,-98.0,369.0,313.0,216641.0
75,2320.0,-16260.0,1596.0,-2816.0,-115.0,367.0,298.0,216647.0
76,2340.0,-16192.0,1676.0,-2816.0,-136.0,377.0,299.0,216652.0
77,2196.0,-16160.0,1684.0,-2800.0,-149.0,424.0,284.0,216658.0
78,2052.0,-16244.0,1792.0,-2800.0,-166.0,453.0,280.0,216665.0
79,1996.0,-16188.0,1832.0,-2848.0,-178.0,462.0,277.0,216671.0
80,2060.0,-16136.0,1736.0,-2816.0,-186.0,449.0,287.0,216676.0
81,2100.0,-16192.0,1592.0,-2832.0,-196.0,413.0,258.0,216682.0
82,1996.0,-16148.0,1720.0,-2800.0,-219.0,394.0,254.0,216688.0
83,2184.0,-16136.0,1624.0,-2816.0,-202.0,365.0,262.0,216694.0
84,2172.0,-16196.0,1684.0,-2848.0,-225.0,348.0,238.0,216699.0
85,2204.0,-16304.0,1796.0,-2800.0,-219.0,365.0,214.0,216706.0
86,2112.0,-16248.0,1700.0,-2832.0,-232.0,337.0,223.0,216712.0
87,2104.0,-16228.0,1716.0,-2816.0,-246.0,378.0,198.0,216718.0
88,2024.0,-16256.0,1648.0,-2832.0,-248.0,383.0,222.0,216723.0
89,2240.0,-16236.0,1584.0,-2832.0,-265.0,390.0,205.0,216729.0
90,2300.0,-16216.0,1520.0,-2864.0,-254.0,363.0,191.0,216735.0
91,2308.0,-16248.0,1544.0,-2816.0,-260.0,399.0,202.0,216741.0
92,2328.0,-16092.0,1548.0,-2848.0,-274.0,437.0,191.0,216748.0
93,2288.0,-16152.0,1760.0,-2816.0,-319.0,480.0,184.0,216753.0
94,2288.0,-16172.0,1656.0,-2832.0,-317.0,537.0,188.0,216759.0
95,2224.0,-16212.0,1584.0,-2800.0,-324.0,558.0,184.0,216765.0
96,2104.0,-16256.0,1600.0,-2784.0,-315.0,562.0,172.0,216771.0
97,2176.0,-16108.0,1676.0,-2816.0,-311.0,522.0,185.0,216776.0
98,2104.0,-16152.0,1664.0,-2832.0,-317.0,502.0,158.0,216782.0
99,2048.0,-16176.0,1620.0,-2800.0,-314.0,452.0,174.0,216788.0
100,2024.0,-16184.0,1668.0,-2816.0,-294.0,451.0,166.0,216795.0
101,1912.0,-16312.0,1620.0,-2816.0,-252.0,436.0,139.0,216800.0
102,2000.0,-16236.0,1508.0,-2800.0,-242.0,398.0,159.0,216806.0
103,1984.0,-16148.0,1496.0,-2832.0,-245.0,391.0,159.0,216812.0
104,2128.0,-16132.0,1620.0,-2816.0,-262.0,353.0,146.0,216818.0
105,2212.0,-16372.0,1616.0,-2816.0,-240.0,402.0,127.0,216824.0
106,2148.0,-16568.0,1468.0,-2800.0,-165.0,367.0,158.0,216829.0
107,2228.0,-16208.0,1600.0,-2800.0,-182.0,319.0,188.0,216836.0
108,2312.0,-16344.0,1744.0,-2800.0,-210.0,423.0,163.0,216842.0
109,2152.0,-16220.0,1516.0,-2848.0,-194.0,450.0,193.0,216848.0
110,2192.0,-16148.0,1704.0,-2816.0,-204.0,425.0,186.0,216853.0
111,2000.0,-16124.0,1808.0,-2832.0,-213.0,473.0,197.0,216859.0
112,2172.0,-16340.0,1656.0,-2800.0,-220.0,495.0,174.0,216865.0
113,2144.0,-16276.0,1532.0,-2816.0,-205.0,507.0,171.0,216871.0
114,2112.0,-16188.0,1596.0,-2848.0,-208.0,487.0,172.0,216877.0
115,2116.0,-16104.0,1700.0,-2800.0,-228.0,469.0,150.0,216883.0
116,1972.0,-16064.0,1652.0,-2832.0,-253.0,453.0,160.0,216889.0
117,1952.0,-16104.0,1648.0,-2816.0,-251.0,440.0,165.0,216895.0
118,2008.0,-16060.0,1836.0,-2784.0,-276.0,416.0,151.0,216901.0
119,1936.0,-16048.0,1716.0,-2800.0,-306.0,393.0,130.0,216906.0
120,1988.0,-16112.0,1720.0,-2832.0,-321.0,409.0,129.0,216912.0
121,1956.0,-16220.0,1584.0,-2800.0,-268.0,394.0,150.0,216919.0
122,2032.0,-16160.0,1692.0,-2848.0,-292.0,338.0,138.0,216925.0
123,2044.0,-16180.0,1640.0,-2832.0,-278.0,368.0,162.0,216930.0
124,2120.0,-16088.0,1620.0,-2800.0,-278.0,360.0,135.0,216936.0
125,1992.0,-16264.0,1552.0,-2832.0,-246.0,391.0,147.0,216942.0
126,1972.0,-16236.0,1488.0,-2784.0,-231.0,365.0,145.0,216948.0
127,1948.0,-16076.0,1468.0,-2816.0,-234.0,350.0,132.0,216953.0
128,2028.0,-16108.0,1592.0,-2768.0,-209.0,295.0,113.0,216960.0
129,2008.0,-16224.0,1580.0,-2832.0,-204.0,256.0,118.0,216966.0
130,2028.0,-16456.0,1476.0,-2848.0,-171.0,260.0,112.0,216972.0
131,1960.0,-16276.0,1720.0,-2816.0,-160.0,236.0,128.0,216978.0
132,1812.0,-16132.0,1700.0,-2832.0,-150.0,220.0,127.0,216983.0
133,2072.0,-16180.0,1632.0,-2800.0,-153.0,194.0,161.0,216989.0
134,2028.0,-16236.0,1556.0,-2832.0,-142.0,158.0,150.0,216995.0
135,2132.0,-16056.0,1552.0,-2816.0,-152.0,148.0,136.0,217001.0
136,2272.0,-16180.0,1668.0,-2816.0,-162.0,141.0,132.0,217007.0
137,2296.0,-16348.0,1660.0,-2832.0,-136.0,195.0,156.0,217013.0
138,2208.0,-16536.0,1396.0,-2800.0,-32.0,250.0,160.0,217019.0
139,2208.0,-16312.0,1584.0,-2800.0,-39.0,224.0,201.0,217025.0
140,2248.0,-16200.0,1808.0,-2832.0,-72.0,277.0,179.0,217030.0
141,2196.0,-16340.0,1584.0,-2816.0,-92.0,309.0,205.0,217036.0
142,2088.0,-16160.0,1552.0,-2832.0,-99.0,350.0,229.0,217042.0
143,2072.0,-16188.0,1752.0,-2816.0,-128.0,398.0,246.0,217048.0
144,2144.0,-16296.0,1512.0,-2832.0,-132.0,425.0,213.0,217054.0
145,2148.0,-16324.0,1552.0,-2800.0,-140.0,395.0,229.0,217060.0
146,2044.0,-16268.0,1480.0,-2784.0,-135.0,360.0,224.0,217066.0
147,1996.0,-16216.0,1796.0,-2848.0,-185.0,362.0,248.0,217071.0
148,2044.0,-16204.0,1592.0,-2832.0,-189.0,351.0,240.0,217077.0
149,1988.0,-16116.0,1556.0,-2800.0,-190.0,334.0,243.0,217083.0
150,1952.0,-16324.0,1752.0,-2816.0,-199.0,337.0,248.0,217090.0
151,2020.0,-16248.0,1632.0,-2832.0,-229.0,355.0,250.0,217096.0
152,1956.0,-16248.0,1552.0,-2800.0,-219.0,325.0,293.0,217101.0
153,1912.0,-16220.0,1608.0,-2832.0,-215.0,287.0,251.0,217107.0
154,1900.0,-16076.0,1648.0,-2816.0,-217.0,271.0,273.0,217113.0
155,1896.0,-16164.0,1692.0,-2784.0,-214.0,250.0,275.0,217119.0
156,1940.0,-16224.0,1560.0,-2816.0,-236.0,229.0,285.0,217124.0
157,1924.0,-16196.0,1596.0,-2800.0,-229.0,207.0,284.0,217131.0
158,1972.0,-16276.0,1728.0,-2832.0,-228.0,195.0,275.0,217137.0
159,2080.0,-16220.0,1628.0,-2784.0,-209.0,178.0,283.0,217143.0
160,2088.0,-16300.0,1488.0,-2816.0,-207.0,157.0,288.0,217148.0
161,2092.0,-16224.0,1584.0,-2800.0,-217.0,196.0,301.0,217154.0
162,2068.0,-16316.0,1572.0,-2800.0,-216.0,238.0,298.0,217160.0
163,1980.0,-16280.0,1740.0,-2848.0,-209.0,260.0,300.0,217166.0
164,1976.0,-16232.0,1636.0,-2784.0,-214.0,295.0,313.0,217172.0
165,1948.0,-16192.0,1696.0,-2832.0,-228.0,308.0,319.0,217178.0
166,1960.0,-16268.0,1644.0,-2800.0,-235.0,297.0,324.0,217184.0
167,1988.0,-16324.0,1732.0,-2816.0,-232.0,318.0,316.0,217190.0
168,1836.0,-16256.0,1632.0,-2784.0,-235.0,298.0,302.0,217196.0
169,1952.0,-16232.0,1604.0,-2800.0,-240.0,264.0,325.0,217201.0
170,1868.0,-16200.0,1604.0,-2800.0,-244.0,271.0,319.0,217207.0
171,1936.0,-16072.0,1544.0,-2800.0,-256.0,262.0,306.0,217213.0
172,1768.0,-16256.0,1436.0,-2784.0,-248.0,256.0,308.0,217220.0
173,1840.0,-16244.0,1632.0,-2816.0,-248.0,262.0,279.0,217225.0
174,1812.0,-16308.0,1632.0,-2832.0,-264.0,245.0,288.0,217231.0
175,1928.0,-16272.0,1568.0,-2800.0,-252.0,237.0,265.0,217237.0
176,1900.0,-16268.0,1560.0,-2816.0,-212.0,246.0,277.0,217243.0
177,1884.0,-16208.0,1584.0,-2784.0,-238.0,285.0,305.0,217249.0
178,1960.0,-16248.0,1684.0,-2800.0,-252.0,277.0,271.0,217254.0
179,1960.0,-16300.0,1804.0,-2768.0,-278.0,287.0,283.0,217261.0
180,2072.0,-16192.0,1684.0,-2816.0,-266.0,283.0,300.0,217267.0
181,2204.0,-16104.0,1588.0,-2848.0,-297.0,335.0,286.0,217273.0
182,2012.0,-16236.0,1548.0,-2832.0,-283.0,362.0,287.0,217278.0
183,1992.0,-16232.0,1552.0,-2832.0,-309.0,437.0,303.0,217284.0
184,1944.0,-16392.0,1524.0,-2784.0,-255.0,476.0,283.0,217290.0
185,2012.0,-16324.0,1556.0,-2800.0,-268.0,455.0,308.0,217296.0
186,1788.0,-16208.0,1752.0,-2832.0,-261.0,463.0,294.0,217303.0
187,1880.0,-16188.0,1568.0,-2832.0,-271.0,450.0,262.0,217308.0
188,1892.0,-16120.0,1476.0,-2816.0,-298.0,463.0,268.0,217314.0
189,1884.0,-16128.0,1664.0,-2816.0,-324.0,450.0,276.0,217320.0
190,1784.0,-16212.0,1624.0,-2816.0,-338.0,474.0,288.0,217326.0
191,1916.0,-16244.0,1724.0,-2800.0,-342.0,480.0,250.0,217331.0
192,1860.0,-16312.0,1616.0,-2800.0,-344.0,476.0,272.0,217337.0
193,1840.0,-16260.0,1684.0,-2816.0,-347.0,484.0,246.0,217344.0
194,1712.0,-16224.0,1732.0,-2816.0,-362.0,484.0,236.0,217350.0
195,1612.0,-16120.0,1724.0,-2800.0,-365.0,467.0,261.0,217355.0
196,1548.0,-16076.0,1672.0,-2832.0,-370.0,447.0,235.0,217361.0
197,1624.0,-16160.0,1640.0,-2816.0,-342.0,439.0,231.0,217367.0
198,1536.0,-16060.0,1756.0,-2784.0,-362.0,399.0,216.0,217373.0
199,1620.0,-16132.0,1540.0,-2800.0,-333.0,352.0,196.0,217379.0
200,1644.0,-16032.0,1452.0,-2800.0,-333.0,294.0,207.0,217384.0
201,1776.0,-16052.0,1576.0,-2816.0,-317.0,245.0,213.0,217391.0
202,1756.0,-15972.0,1484.0,-2832.0,-301.0,215.0,176.0,217397.0
203,1900.0,-16076.0,1448.0,-2832.0,-302.0,212.0,187.0,217403.0
204,1848.0,-16096.0,1516.0,-2800.0,-326.0,239.0,190.0,217408.0
205,1776.0,-16132.0,1728.0,-2816.0,-311.0,261.0,209.0,217414.0
206,1708.0,-16248.0,1880.0,-2816.0,-292.0,298.0,195.0,217420.0
207,1624.0,-16300.0,1736.0,-2832.0,-242.0,276.0,214.0,217426.0
208,1612.0,-16520.0,1424.0,-2832.0,-223.0,250.0,218.0,217432.0
209,1732.0,-16308.0,1532.0,-2784.0,-158.0,131.0,232.0,217438.0
210,1772.0,-16332.0,1464.0,-2816.0,-178.0,52.0,220.0,217444.0
211,1868.0,-16332.0,1612.0,-2832.0,-179.0,22.0,234.0,217450.0
212,2000.0,-16284.0,1556.0,-2816.0,-140.0,-6.0,230.0,217455.0
213,1980.0,-16248.0,1436.0,-2816.0,-151.0,10.0,256.0,217461.0
214,2120.0,-16268.0,1436.0,-2800.0,-127.0,51.0,270.0,217467.0
215,1960.0,-16164.0,1560.0,-2816.0,-130.0,148.0,285.0,217473.0
216,1884.0,-16188.0,1612.0,-2816.0,-103.0,177.0,271.0,217479.0
217,1616.0,-16160.0,1600.0,-2832.0,-84.0,201.0,300.0,217485.0
218,1464.0,-16064.0,1528.0,-2816.0,-67.0,223.0,278.0,217491.0
219,1236.0,-16052.0,1660.0,-2800.0,-69.0,161.0,254.0,217496.0
220,1132.0,-16028.0,1800.0,-2816.0,-37.0,55.0,220.0,217502.0
221,988.0,-15996.0,1584.0,-2800.0,-10.0,-80.0,209.0,217508.0
222,1104.0,-16068.0,1664.0,-2800.0,-1.0,-213.0,145.0,217513.0
223,1252.0,-15980.0,1564.0,-2816.0,14.0,-308.0,107.0,217520.0
224,1492.0,-16024.0,1552.0,-2800.0,27.0,-306.0,89.0,217526.0
225,1488.0,-16104.0,1536.0,-2816.0,55.0,-216.0,58.0,217531.0
226,1500.0,-15968.0,1464.0,-2816.0,98.0,-158.0,15.0,217537.0
227,1364.0,-16064.0,1528.0,-2832.0,96.0,-41.0,-41.0,217543.0
228,1088.0,-16208.0,1704.0,-2800.0,108.0,-43.0,-32.0,217548.0
229,880.0,-16256.0,1644.0,-2816.0,128.0,-88.0,-43.0,217554.0
230,872.0,-16348.0,1712.0,-2816.0,131.0,-220.0,-64.0,217561.0
231,936.0,-16420.0,1812.0,-2800.0,152.0,-458.0,-109.0,217566.0
232,1016.0,-16516.0,1476.0,-2816.0,223.0,-720.0,-115.0,217572.0
233,1216.0,-16420.0,1488.0,-2800.0,325.0,-954.0,-119.0,217578.0
234,1420.0,-16468.0,1196.0,-2800.0,466.0,-1160.0,-88.0,217584.0
235,1792.0,-16804.0,1120.0,-2832.0,622.0,-1233.0,17.0,217589.0
236,1740.0,-16960.0,956.0,-2784.0,848.0,-1439.0,20.0,217595.0
237,2196.0,-16828.0,716.0,-2800.0,1073.0,-1675.0,125.0,217602.0
238,2520.0,-17148.0,516.0,-2800.0,1313.0,-1837.0,249.0,217608.0
239,3148.0,-17156.0,476.0,-2800.0,1621.0,-1948.0,438.0,217614.0
240,3644.0,-17252.0,348.0,-2800.0,1934.0,-1951.0,700.0,217619.0
241,3884.0,-17292.0,444.0,-2800.0,2246.0,-1829.0,987.0,217625.0
242,3884.0,-17136.0,428.0,-2832.0,2581.0,-1604.0,1329.0,217631.0
243,4088.0,-17208.0,512.0,-2832.0,2923.0,-1472.0,1675.0,217637.0
244,4220.0,-17384.0,256.0,-2832.0,3337.0,-1372.0,2038.0,217644.0
245,4292.0,-17296.0,-56.0,-2832.0,3796.0,-1240.0,2382.0,217650.0
246,4392.0,-17436.0,224.0,-2768.0,4350.0,-949.0,2809.0,217655.0
247,4392.0,-17972.0,-704.0,-2800.0,5104.0,-502.0,3176.0,217661.0
248,4668.0,-17572.0,-816.0,-2800.0,5841.0,-449.0,3553.0,217667.0
249,4864.0,-17272.0,-76.0,-2800.0,6306.0,-391.0,3975.0,217673.0
250,4068.0,-17512.0,388.0,-2800.0,6689.0,25.0,4315.0,217679.0
251,3224.0,-17808.0,440.0,-2800.0,7089.0,361.0,4706.0,217686.0
252,2636.0,-18004.0,576.0,-2800.0,7518.0,487.0,5012.0,217691.0
253,2400.0,-18324.0,500.0,-2832.0,7967.0,446.0,5223.0,217697.0
254,2252.0,-18652.0,700.0,-2848.0,8353.0,368.0,5496.0,217703.0
255,2368.0,-18976.0,716.0,-2816.0,8698.0,328.0,5739.0,217709.0
256,2416.0,-19540.0,1076.0,-2816.0,8996.0,291.0,5998.0,217715.0
257,2524.0,-20324.0,1440.0,-2816.0,9293.0,264.0,6236.0,217720.0
258,2704.0,-21176.0,1484.0,-2800.0,9553.0,318.0,6437.0,217726.0
259,2704.0,-22356.0,2096.0,-2832.0,9782.0,452.0,6616.0,217733.0
260,2752.0,-23312.0,2252.0,-2800.0,10002.0,686.0,6766.0,217739.0
261,2732.0,-24268.0,2216.0,-2832.0,10140.0,1011.0,6896.0,217745.0
262,2880.0,-25552.0,2040.0,-2768.0,10254.0,1410.0,7054.0,217751.0
263,2616.0,-27812.0,2092.0,-2816.0,10494.0,1814.0,7318.0,217757.0
264,2212.0,-28996.0,2624.0,-2832.0,11097.0,1900.0,7703.0,217763.0
265,-708.0,-28676.0,888.0,-2816.0,11211.0,1556.0,8610.0,217769.0
266,-1424.0,-28368.0,-736.0,-2784.0,11171.0,1381.0,8679.0,217776.0
267,-516.0,-27352.0,-1580.0,-2800.0,11275.0,354.0,8348.0,217782.0
268,160.0,-25968.0,-2068.0,-2784.0,11382.0,-1453.0,8276.0,217787.0
269,148.0,-25212.0,-2128.0,-2768.0,11284.0,-2877.0,8432.0,217793.0
270,152.0,-25080.0,-832.0,-2800.0,11141.0,-3769.0,8216.0,217799.0
271,1308.0,-24648.0,696.0,-2816.0,11168.0,-4181.0,7681.0,217805.0
272,1672.0,-23776.0,948.0,-2832.0,11640.0,-4575.0,7063.0,217811.0
273,1628.0,-21256.0,-308.0,-2784.0,11623.0,-4878.0,6580.0,217818.0
274,1832.0,-20096.0,-380.0,-2768.0,11452.0,-5031.0,6382.0,217824.0
275,2000.0,-19076.0,-664.0,-2784.0,11172.0,-5028.0,6172.0,217830.0
276,2500.0,-17820.0,-836.0,-2832.0,10758.0,-5019.0,5700.0,217836.0
277,2840.0,-16480.0,-1592.0,-2816.0,10207.0,-4913.0,5258.0,217842.0
278,2628.0,-15520.0,-1024.0,-2800.0,9773.0,-4994.0,4781.0,217848.0
279,3464.0,-12876.0,-2172.0,-2800.0,9104.0,-4937.0,4054.0,217854.0
280,4320.0,-11444.0,-5524.0,-2816.0,7612.0,-4273.0,3346.0,217861.0
281,1008.0,-11124.0,-6620.0,-2832.0,6572.0,-3370.0,3855.0,217867.0
282,-3552.0,-9816.0,-9544.0,-2784.0,5154.0,-4402.0,3867.0,217873.0
283,-3404.0,-8080.0,-12328.0,-2800.0,2956.0,-6695.0,2692.0,217879.0
284,1004.0,-8648.0,-13844.0,-2784.0,1307.0,-9428.0,417.0,217885.0
285,5636.0,-8316.0,-14148.0,-2800.0,7.0,-10955.0,-777.0,217891.0
286,9068.0,-7212.0,-14404.0,-2800.0,-1352.0,-10418.0,-1042.0,217896.0
287,10312.0,-5924.0,-14300.0,-2816.0,-2878.0,-8635.0,-1409.0,217903.0
288,10140.0,-4864.0,-14436.0,-2784.0,-4744.0,-6456.0,-1862.0,217909.0
289,9564.0,-5008.0,-14684.0,-2816.0,-6660.0,-4134.0,-2163.0,217915.0
290,7948.0,-5580.0,-14568.0,-2800.0,-8476.0,-1921.0,-2441.0,217921.0
291,5876.0,-6156.0,-14408.0,-2816.0,-10232.0,-172.0,-2665.0,217927.0
292,3968.0,-6936.0,-13736.0,-2768.0,-11907.0,1001.0,-2866.0,217933.0
293,1784.0,-7976.0,-12912.0,-2832.0,-13468.0,1701.0,-3083.0,217939.0
294,640.0,-8672.0,-12164.0,-2784.0,-14860.0,1956.0,-3242.0,217946.0
295,-308.0,-9228.0,-11460.0,-2800.0,-16201.0,1882.0,-3487.0,217952.0
296,-1164.0,-9952.0,-11060.0,-2816.0,-17484.0,1388.0,-3797.0,217958.0
297,-1608.0,-10836.0,-10084.0,-2816.0,-18657.0,741.0,-4066.0,217964.0
298,-1980.0,-11692.0,-9316.0,-2800.0,-19775.0,-89.0,-4398.0,217970.0
299,-1816.0,-12552.0,-8704.0,-2816.0,-20820.0,-1006.0,-4748.0,217976.0
300,-1492.0,-13360.0,-8312.0,-2816.0,-21887.0,-1962.0,-5166.0,217982.0
301,-1084.0,-14332.0,-7760.0,-2816.0,-22874.0,-2770.0,-5532.0,217989.0
302,-852.0,-15292.0,-7192.0,-2800.0,-23750.0,-3407.0,-5827.0,217995.0
303,-444.0,-16420.0,-6428.0,-2784.0,-24509.0,-3993.0,-6104.0,218002.0
304,-408.0,-17060.0,-5772.0,-2800.0,-25191.0,-4551.0,-6360.0,218008.0
305,32.0,-17800.0,-4980.0,-2800.0,-25849.0,-4987.0,-6595.0,218014.0
306,200.0,-18636.0,-4528.0,-2800.0,-26436.0,-5291.0,-6804.0,218020.0
307,600.0,-19536.0,-3692.0,-2800.0,-26910.0,-5475.0,-6925.0,218027.0
308,1088.0,-20484.0,-2992.0,-2816.0,-27245.0,-5430.0,-6962.0,218033.0
309,1560.0,-21088.0,-2616.0,-2832.0,-27491.0,-5211.0,-6937.0,218040.0
310,2072.0,-21460.0,-2288.0,-2800.0,-27676.0,-4831.0,-6857.0,218046.0
311,2704.0,-21916.0,-1808.0,-2816.0,-27776.0,-4358.0,-6771.0,218052.0
312,3240.0,-22300.0,-1580.0,-2800.0,-27787.0,-3736.0,-6634.0,218058.0
313,4016.0,-22744.0,-1384.0,-2816.0,-27728.0,-2882.0,-6500.0,218065.0
314,4328.0,-22932.0,-980.0,-2784.0,-27653.0,-1808.0,-6382.0,218072.0
315,4596.0,-22872.0,-616.0,-2784.0,-27538.0,-675.0,-6326.0,218078.0
316,4620.0,-22868.0,-12.0,-2784.0,-27357.0,353.0,-6357.0,218084.0
317,4484.0,-22968.0,460.0,-2800.0,-27136.0,1234.0,-6469.0,218090.0
318,4196.0,-22960.0,824.0,-2816.0,-26847.0,1970.0,-6696.0,218096.0
319,3816.0,-22884.0,1416.0,-2832.0,-26505.0,2476.0,-6910.0,218102.0
320,3636.0,-22924.0,2200.0,-2800.0,-26067.0,2785.0,-7211.0,218108.0
321,3480.0,-23052.0,3072.0,-2800.0,-25524.0,2899.0,-8130.0,218115.0
322,3276.0,-23056.0,3624.0,-2800.0,-24889.0,2721.0,-6904.0,218121.0
323,3832.0,-22684.0,3948.0,-2832.0,-24244.0,3197.0,-8141.0,218127.0
324,2332.0,-22756.0,4432.0,-2768.0,-23472.0,3365.0,-8486.0,218133.0
325,2296.0,-22516.0,4864.0,-2800.0,-22687.0,3326.0,-8599.0,218139.0
326,2256.0,-22216.0,5504.0,-2800.0,-21853.0,3291.0,-8570.0,218145.0
327,2512.0,-22012.0,5600.0,-2800.0,-21006.0,3637.0,-8440.0,218151.0
328,2300.0,-22064.0,6008.0,-2800.0,-20145.0,4206.0,-8289.0,218158.0
329,2052.0,-21712.0,6272.0,-2816.0,-19251.0,5001.0,-7941.0,218164.0
330,1312.0,-21568.0,6860.0,-2816.0,-18291.0,5835.0,-7500.0,218171.0
331,492.0,-21508.0,7472.0,-2816.0,-17297.0,6624.0,-6885.0,218177.0
332,-36.0,-21192.0,8136.0,-2832.0,-16184.0,7246.0,-6276.0,218183.0
333,-932.0,-21248.0,8908.0,-2800.0,-14947.0,7598.0,-5533.0,218189.0
334,-2176.0,-21288.0,9928.0,-2832.0,-13586.0,7580.0,-4945.0,218195.0
335,-3516.0,-21440.0,11008.0,-2832.0,-12067.0,7059.0,-4231.0,218202.0
336,-4400.0,-21720.0,12052.0,-2800.0,-10330.0,6183.0,-3566.0,218208.0
337,-5104.0,-21808.0,13304.0,-2800.0,-8489.0,5213.0,-2954.0,218214.0
338,-6104.0,-21716.0,14868.0,-2816.0,-6488.0,4206.0,-2345.0,218220.0
339,-6764.0,-21400.0,15672.0,-2832.0,-4509.0,2903.0,-1786.0,218226.0
340,-7236.0,-21000.0,16184.0,-2832.0,-2544.0,1361.0,-1196.0,218233.0
341,-6996.0,-20860.0,16884.0,-2816.0,-534.0,-244.0,-546.0,218240.0
342,-6264.0,-20960.0,16732.0,-2800.0,1404.0,-1646.0,97.0,218246.0
343,-5600.0,-21208.0,16792.0,-2784.0,3318.0,-2887.0,807.0,218252.0
344,-4816.0,-20988.0,16524.0,-2832.0,5176.0,-3944.0,1530.0,218258.0
345,-4420.0,-20884.0,16264.0,-2800.0,6972.0,-4818.0,2231.0,218264.0
346,-3816.0,-21004.0,15944.0,-2800.0,8661.0,-5706.0,2783.0,218270.0
347,-3088.0,-20872.0,15608.0,-2800.0,10201.0,-6564.0,3167.0,218276.0
348,-580.0,-21012.0,13928.0,-2816.0,11290.0,-6909.0,2986.0,218283.0
349,4464.0,-15448.0,7704.0,-2832.0,11339.0,-6441.0,1817.0,218289.0
350,24752.0,-1424.0,-32768.0,-2800.0,4127.0,-5323.0,-3153.0,218295.0
351,32767.0,-4756.0,-32768.0,-2800.0,-8841.0,-4435.0,-16659.0,218301.0
352,32767.0,-32768.0,-32768.0,-2800.0,912.0,-10517.0,-13265.0,218307.0
353,8300.0,-32768.0,-5220.0,-2800.0,11509.0,3684.0,12881.0,218314.0
354,-18324.0,-20740.0,8580.0,-2800.0,10644.0,27084.0,14441.0,218320.0
355,-32768.0,-21792.0,20280.0,-2816.0,8807.0,26346.0,7696.0,218327.0
356,-25996.0,-32768.0,21704.0,-2800.0,10954.0,7214.0,696.0,218333.0
357,-15020.0,-32768.0,12712.0,-2800.0,14014.0,-8239.0,56.0,218339.0
358,-2832.0,-20736.0,-2740.0,-2800.0,13219.0,-9089.0,1706.0,218345.0
359,7144.0,-7600.0,-10788.0,-2800.0,10315.0,-4842.0,252.0,218351.0
360,8188.0,-8480.0,-8352.0,-2800.0,8980.0,-3551.0,-2085.0,218357.0
361,5908.0,-13664.0,-2192.0,-2784.0,9327.0,-3874.0,-2465.0,218363.0
362,2192.0,-16816.0,1164.0,-2816.0,9454.0,-3002.0,-2041.0,218370.0
363,2008.0,-15316.0,-396.0,-2832.0,9004.0,-3470.0,-1181.0,218376.0
364,7136.0,-13640.0,-5656.0,-2784.0,8690.0,-5702.0,-817.0,218382.0
365,11684.0,-14156.0,-7992.0,-2816.0,8960.0,-6888.0,-774.0,218388.0
366,13208.0,-14912.0,-6832.0,-2832.0,9388.0,-5995.0,-745.0,218394.0
367,11640.0,-15380.0,-3128.0,-2800.0,9434.0,-4186.0,-394.0,218400.0
368,8748.0,-15908.0,224.0,-2768.0,9114.0,-2442.0,559.0,218407.0
369,6720.0,-16776.0,1224.0,-2800.0,8823.0,-876.0,1281.0,218413.0
370,5616.0,-17060.0,-284.0,-2816.0,8543.0,481.0,1423.0,218419.0
371,5212.0,-17308.0,-2084.0,-2816.0,8369.0,1848.0,1444.0,218425.0
372,4148.0,-17872.0,-3224.0,-2800.0,8401.0,3463.0,1591.0,218431.0
373,2168.0,-17968.0,-3620.0,-2784.0,8667.0,4826.0,1573.0,218437.0
374,-204.0,-17360.0,-3700.0,-2832.0,8832.0,5234.0,1175.0,218443.0
375,-1716.0,-16376.0,-3808.0,-2816.0,8680.0,4463.0,438.0,218449.0
376,-1392.0,-15100.0,-3620.0,-2784.0,8280.0,3215.0,-375.0,218456.0
377,88.0,-14556.0,-3492.0,-2800.0,7884.0,2155.0,-1051.0,218462.0
378,1828.0,-14912.0,-3180.0,-2800.0,7637.0,1712.0,-1421.0,218468.0
379,3348.0,-15568.0,-2856.0,-2816.0,7614.0,1788.0,-1554.0,218474.0
380,4776.0,-16336.0,-2764.0,-2800.0,7717.0,2115.0,-1533.0,218479.0
381,5764.0,-16520.0,-2924.0,-2784.0,7857.0,2457.0,-1349.0,218485.0
382,6004.0,-16624.0,-2088.0,-2800.0,8035.0,2842.0,-1120.0,218491.0
383,5840.0,-16464.0,-1716.0,-2816.0,8135.0,3181.0,-839.0,218498.0
384,5356.0,-16004.0,-1628.0,-2800.0,8138.0,3258.0,-527.0,218504.0
385,4732.0,-15468.0,-1388.0,-2816.0,7985.0,3208.0,-304.0,218510.0
386,4352.0,-15008.0,-1468.0,-2816.0,7722.0,2922.0,-259.0,218516.0
387,3800.0,-15460.0,-1180.0,-2800.0,7558.0,2443.0,-233.0,218522.0
388,3452.0,-15832.0,-1044.0,-2816.0,7494.0,2006.0,-166.0,218528.0
389,3408.0,-16236.0,-1060.0,-2816.0,7456.0,1666.0,-145.0,218534.0
390,3348.0,-16564.0,-900.0,-2800.0,7483.0,1441.0,-145.0,218541.0
391,3296.0,-17052.0,-1056.0,-2800.0,7581.0,1671.0,-92.0,218547.0
392,3388.0,-17244.0,-1624.0,-2800.0,7742.0,1910.0,-186.0,218552.0
393,2940.0,-17184.0,-1764.0,-2848.0,7979.0,1933.0,-372.0,218558.0
394,4444.0,-15496.0,-1248.0,-2832.0,7718.0,2036.0,409.0,218564.0
395,4016.0,-15604.0,-900.0,-2768.0,7690.0,2397.0,-394.0,218570.0
396,2284.0,-15808.0,-544.0,-2784.0,7530.0,2373.0,-235.0,218576.0
397,2396.0,-16388.0,-480.0,-2816.0,7436.0,2082.0,-274.0,218583.0
398,3272.0,-16116.0,-792.0,-2816.0,7349.0,1696.0,-331.0,218589.0
399,3912.0,-16064.0,-628.0,-2784.0,7279.0,1431.0,-291.0,218595.0
400,4164.0,-16016.0,-540.0,-2832.0,7182.0,1404.0,-261.0,218600.0
401,4080.0,-15912.0,-664.0,-2800.0,7089.0,1431.0,-181.0,218606.0
402,4232.0,-15708.0,-420.0,-2800.0,6998.0,1443.0,-122.0,218612.0
403,4316.0,-15488.0,-352.0,-2800.0,6896.0,1400.0,-39.0,218618.0
404,4320.0,-15444.0,-260.0,-2800.0,6738.0,1344.0,25.0,218625.0
405,4364.0,-15464.0,80.0,-2800.0,6590.0,1423.0,164.0,218631.0
406,4084.0,-15628.0,204.0,-2832.0,6479.0,1538.0,301.0,218636.0
407,3892.0,-15680.0,232.0,-2800.0,6369.0,1651.0,369.0,218642.0
408,3716.0,-15868.0,16.0,-2800.0,6309.0,1657.0,431.0,218648.0
409,3680.0,-15948.0,-32.0,-2832.0,6282.0,1670.0,485.0,218654.0
410,3468.0,-16076.0,136.0,-2784.0,6283.0,1526.0,499.0,218660.0
411,3376.0,-16000.0,44.0,-2800.0,6295.0,1392.0,507.0,218665.0
412,3384.0,-15780.0,320.0,-2816.0,6258.0,1213.0,439.0,218672.0
413,3400.0,-15780.0,208.0,-2784.0,6171.0,1041.0,373.0,218678.0
414,3576.0,-15720.0,260.0,-2816.0,6112.0,840.0,282.0,218684.0
415,3760.0,-15936.0,188.0,-2816.0,6051.0,700.0,277.0,218690.0
416,3872.0,-15956.0,68.0,-2816.0,6007.0,730.0,280.0,218695.0
417,4188.0,-15808.0,156.0,-2800.0,5949.0,813.0,286.0,218701.0
418,4060.0,-15864.0,44.0,-2816.0,5880.0,806.0,355.0,218707.0
419,3852.0,-15860.0,224.0,-2800.0,5798.0,722.0,422.0,218714.0
420,3844.0,-15800.0,512.0,-2800.0,5724.0,605.0,419.0,218719.0
421,3944.0,-15880.0,732.0,-2816.0,5643.0,519.0,436.0,218725.0
422,4004.0,-15952.0,536.0,-2816.0,5595.0,456.0,413.0,218731.0
423,4156.0,-15320.0,988.0,-2800.0,5434.0,504.0,502.0,218737.0
424,4032.0,-16228.0,1056.0,-2800.0,5432.0,676.0,411.0,218742.0
425,3752.0,-16188.0,1084.0,-2832.0,5379.0,693.0,496.0,218748.0
426,3736.0,-16228.0,1408.0,-2800.0,5350.0,754.0,488.0,218755.0
427,4012.0,-16196.0,1556.0,-2784.0,5289.0,887.0,458.0,218761.0
428,3892.0,-16528.0,1088.0,-2816.0,5334.0,1001.0,473.0,218767.0
429,3856.0,-16328.0,1004.0,-2768.0,5404.0,870.0,548.0,218773.0
430,4260.0,-16104.0,1004.0,-2800.0,5467.0,852.0,583.0,218778.0
431,4472.0,-16136.0,1068.0,-2816.0,5536.0,914.0,628.0,218784.0
432,4524.0,-16260.0,1348.0,-2816.0,5628.0,1103.0,680.0,218790.0
433,4592.0,-16332.0,1268.0,-2768.0,5738.0,1337.0,783.0,218797.0
434,4512.0,-16336.0,1216.0,-2800.0,5826.0,1491.0,818.0,218803.0
435,4616.0,-16308.0,1456.0,-2800.0,5915.0,1724.0,879.0,218809.0
436,4416.0,-16432.0,1388.0,-2832.0,6006.0,1901.0,923.0,218814.0
437,4292.0,-16392.0,1784.0,-2816.0,6085.0,2031.0,987.0,218820.0
438,4560.0,-16272.0,1632.0,-2816.0,6155.0,2111.0,935.0,218826.0
439,4664.0,-16332.0,1688.0,-2816.0,6269.0,2218.0,901.0,218832.0
440,4952.0,-16240.0,1816.0,-2800.0,6300.0,2456.0,837.0,218839.0
441,4756.0,-16396.0,2144.0,-2800.0,6369.0,2792.0,886.0,218845.0
442,4408.0,-16596.0,2508.0,-2800.0,6403.0,3153.0,941.0,218851.0
443,3900.0,-16800.0,2500.0,-2800.0,6487.0,3576.0,877.0,218856.0
444,3856.0,-17036.0,2684.0,-2800.0,6573.0,3799.0,839.0,218862.0
445,3796.0,-16992.0,2408.0,-2784.0,6610.0,3961.0,791.0,218868.0
446,3780.0,-17556.0,2624.0,-2848.0,6681.0,4199.0,959.0,218874.0
447,4252.0,-17820.0,2544.0,-2832.0,6840.0,4446.0,793.0,218881.0
448,4084.0,-17796.0,2672.0,-2800.0,6993.0,4440.0,1010.0,218887.0
449,4820.0,-18724.0,3532.0,-2816.0,7187.0,4528.0,1048.0,218893.0
450,5576.0,-17392.0,2192.0,-2784.0,7309.0,4334.0,723.0,218899.0
451,5476.0,-17320.0,2036.0,-2800.0,7400.0,4544.0,1273.0,218904.0
452,5044.0,-17800.0,2516.0,-2832.0,7578.0,5111.0,1387.0,218910.0
453,3944.0,-18116.0,2780.0,-2784.0,7759.0,5264.0,1599.0,218916.0
454,3404.0,-18312.0,2712.0,-2832.0,8023.0,5241.0,1826.0,218923.0
455,3096.0,-18564.0,2928.0,-2800.0,8284.0,5170.0,2002.0,218929.0
456,2848.0,-19240.0,3164.0,-2816.0,8570.0,5136.0,2239.0,218935.0
457,2180.0,-19824.0,3212.0,-2832.0,8948.0,4979.0,2671.0,218941.0
458,1644.0,-20216.0,3156.0,-2800.0,9253.0,4968.0,3005.0,218947.0
459,1368.0,-20496.0,2920.0,-2816.0,9649.0,4653.0,3178.0,218953.0
460,1416.0,-20808.0,3220.0,-2800.0,10031.0,4199.0,3527.0,218959.0
461,1660.0,-21016.0,3108.0,-2816.0,10450.0,3980.0,3788.0,218966.0
462,2084.0,-20892.0,3120.0,-2832.0,10855.0,3770.0,4108.0,218972.0
463,2384.0,-21132.0,3324.0,-2816.0,11266.0,3728.0,4456.0,218978.0
464,3092.0,-21136.0,3148.0,-2816.0,11701.0,3687.0,4705.0,218984.0
465,3864.0,-21300.0,3040.0,-2832.0,12086.0,3807.0,4938.0,218989.0
466,4616.0,-21508.0,2888.0,-2800.0,12480.0,3978.0,5188.0,218995.0
467,5128.0,-21856.0,2860.0,-2800.0,12883.0,4328.0,5422.0,219001.0
468,4308.0,-22604.0,3140.0,-2816.0,13130.0,4898.0,5854.0,219008.0
469,2896.0,-23800.0,3952.0,-2800.0,13536.0,5078.0,6606.0,219014.0
470,2812.0,-25028.0,4212.0,-2816.0,13589.0,4510.0,7227.0,219020.0
471,4488.0,-25364.0,3172.0,-2816.0,14075.0,4060.0,7521.0,219026.0
472,6960.0,-24444.0,2148.0,-2800.0,14450.0,4283.0,7331.0,219032.0
473,8744.0,-24180.0,1556.0,-2832.0,14892.0,5069.0,7187.0,219038.0
474,9920.0,-25872.0,3652.0,-2800.0,15594.0,6375.0,7089.0,219044.0
475,8860.0,-26684.0,3464.0,-2816.0,16197.0,7722.0,7365.0,219051.0
476,8388.0,-27308.0,1692.0,-2800.0,16770.0,9329.0,7241.0,219057.0
477,7396.0,-27420.0,544.0,-2816.0,17379.0,10257.0,7481.0,219063.0
478,6984.0,-27160.0,-792.0,-2800.0,17785.0,11053.0,7640.0,219069.0
479,6868.0,-27752.0,-2780.0,-2800.0,18035.0,11679.0,7732.0,219075.0
480,7468.0,-28448.0,-5276.0,-2816.0,18180.0,12152.0,7846.0,219081.0
481,8168.0,-28448.0,-7860.0,-2816.0,18187.0,12672.0,7861.0,219087.0
482,8664.0,-28072.0,-9776.0,-2816.0,18005.0,13106.0,7693.0,219094.0
483,8504.0,-27712.0,-11072.0,-2832.0,17654.0,13498.0,7517.0,219100.0
484,7804.0,-27640.0,-11096.0,-2832.0,17139.0,13620.0,7398.0,219106.0
485,6940.0,-27228.0,-12560.0,-2816.0,16537.0,14032.0,7525.0,219112.0
486,6712.0,-25712.0,-13836.0,-2816.0,15716.0,14744.0,7833.0,219118.0
487,5592.0,-23352.0,-13540.0,-2784.0,14904.0,15536.0,8295.0,219124.0
488,3024.0,-20776.0,-9568.0,-2832.0,14290.0,15680.0,8670.0,219131.0
489,1028.0,-19184.0,-2368.0,-2816.0,14108.0,14664.0,8866.0,219138.0
490,-1048.0,-18908.0,5104.0,-2816.0,14406.0,12561.0,8969.0,219144.0
491,-1936.0,-19260.0,7920.0,-2816.0,14229.0,10104.0,8769.0,219150.0
492,-1516.0,-18652.0,5852.0,-2816.0,13208.0,6791.0,7730.0,219156.0
493,4.0,-17812.0,2856.0,-2848.0,11816.0,3222.0,6405.0,219162.0
494,1736.0,-17392.0,228.0,-2848.0,10669.0,316.0,5092.0,219168.0
495,2344.0,-18064.0,-464.0,-2752.0,10038.0,-1864.0,4064.0,219174.0
496,2976.0,-18188.0,132.0,-2832.0,9683.0,-2015.0,3813.0,219180.0
497,2068.0,-18456.0,480.0,-2816.0,10106.0,-1678.0,4040.0,219186.0
498,2284.0,-17360.0,1416.0,-2800.0,10621.0,-1533.0,4436.0,219192.0
499,3096.0,-14612.0,1876.0,-2848.0,11005.0,-1887.0,4092.0,219198.0
500,3364.0,-12004.0,2112.0,-2832.0,10968.0,-2957.0,3458.0,219204.0
501,4456.0,-9224.0,1976.0,-2800.0,10174.0,-3267.0,3012.0,219210.0
502,5012.0,-8164.0,2604.0,-2832.0,8862.0,-2114.0,2494.0,219216.0
503,4404.0,-7636.0,2184.0,-2848.0,7229.0,-237.0,2088.0,219223.0
504,3412.0,-7060.0,124.0,-2816.0,5407.0,1799.0,1952.0,219229.0
505,3124.0,-6996.0,-2716.0,-2816.0,3809.0,3483.0,1675.0,219235.0
506,3128.0,-6572.0,-5208.0,-2816.0,2298.0,4610.0,1114.0,219241.0
507,3052.0,-4972.0,-6304.0,-2832.0,578.0,5391.0,1023.0,219246.0
508,2808.0,-3900.0,-7124.0,-2832.0,-989.0,6036.0,1189.0,219252.0
509,2228.0,-3380.0,-7956.0,-2800.0,-2265.0,6018.0,911.0,219258.0
510,1244.0,-1796.0,-7032.0,-2800.0,-3985.0,5331.0,720.0,219265.0
511,476.0,-668.0,-6268.0,-2832.0,-6006.0,4794.0,574.0,219271.0
512,-504.0,-532.0,-5468.0,-2816.0,-7876.0,4567.0,222.0,219277.0
513,-1072.0,-1236.0,-4476.0,-2816.0,-9385.0,4089.0,-405.0,219282.0
514,-1704.0,-2140.0,-3772.0,-2816.0,-10575.0,3265.0,-1167.0,219288.0
515,-1940.0,-2604.0,-3276.0,-2800.0,-11705.0,1927.0,-2000.0,219294.0
516,-2248.0,-2936.0,-2728.0,-2784.0,-12931.0,61.0,-2756.0,219300.0
517,-2176.0,-3416.0,-2144.0,-2800.0,-14240.0,-1846.0,-3332.0,219307.0
518,-1584.0,-3756.0,-1960.0,-2880.0,-15640.0,-3621.0,-3827.0,219313.0
519,-820.0,-3976.0,-2704.0,-2832.0,-17231.0,-4956.0,-4330.0,219319.0
520,620.0,-4132.0,-4060.0,-2848.0,-18990.0,-5882.0,-4971.0,219325.0
521,1396.0,-4692.0,-4800.0,-2800.0,-20681.0,-6397.0,-5682.0,219331.0
522,1836.0,-5564.0,-5368.0,-2848.0,-22180.0,-6587.0,-6213.0,219337.0
523,2076.0,-6476.0,-5424.0,-2832.0,-23487.0,-6682.0,-6584.0,219343.0
524,2756.0,-7264.0,-3700.0,-2832.0,-25109.0,-6200.0,-6873.0,219350.0
525,1456.0,-9132.0,-3524.0,-2816.0,-25604.0,-6932.0,-7057.0,219356.0
526,1468.0,-10044.0,-2736.0,-2800.0,-26410.0,-7222.0,-7220.0,219362.0
527,1124.0,-10868.0,-1592.0,-2800.0,-27431.0,-7517.0,-7444.0,219368.0
528,1304.0,-11724.0,-284.0,-2816.0,-28403.0,-7668.0,-7620.0,219374.0
529,1192.0,-12608.0,172.0,-2816.0,-29374.0,-7866.0,-7791.0,219380.0
530,620.0,-13396.0,532.0,-2832.0,-30229.0,-8280.0,-7977.0,219386.0
531,200.0,-14392.0,404.0,-2800.0,-31067.0,-8945.0,-8134.0,219393.0
532,112.0,-15156.0,-128.0,-2816.0,-31889.0,-9641.0,-8217.0,219398.0
533,536.0,-16388.0,-208.0,-2832.0,-32619.0,-10280.0,-8319.0,219404.0
534,1320.0,-17672.0,-200.0,-2816.0,-32768.0,-10711.0,-8399.0,219410.0
535,2112.0,-18536.0,36.0,-2800.0,-32768.0,-10847.0,-8434.0,219416.0
536,2780.0,-19184.0,820.0,-2800.0,-32768.0,-10641.0,-8486.0,219423.0
537,3584.0,-19760.0,1480.0,-2832.0,-32768.0,-10292.0,-8550.0,219429.0
538,4092.0,-20504.0,1600.0,-2800.0,-32768.0,-9805.0,-8648.0,219436.0
539,4336.0,-21380.0,1496.0,-2800.0,-32768.0,-9258.0,-8734.0,219442.0
540,4392.0,-22116.0,1464.0,-2800.0,-32768.0,-8673.0,-8873.0,219448.0
541,4456.0,-23024.0,1312.0,-2816.0,-32768.0,-8046.0,-9101.0,219454.0
542,4700.0,-23756.0,1080.0,-2832.0,-32768.0,-7425.0,-9314.0,219460.0
543,5052.0,-24604.0,1324.0,-2832.0,-32768.0,-6814.0,-9577.0,219467.0
544,5592.0,-25632.0,1804.0,-2816.0,-32768.0,-6073.0,-9855.0,219473.0
545,6116.0,-26560.0,2116.0,-2832.0,-32768.0,-5117.0,-10191.0,219480.0
546,6160.0,-27020.0,2664.0,-2816.0,-32768.0,-4097.0,-10543.0,219486.0
547,6336.0,-27192.0,2656.0,-2800.0,-32768.0,-3314.0,-11015.0,219492.0
548,6336.0,-27768.0,2864.0,-2832.0,-32768.0,-2791.0,-11550.0,219499.0
549,6308.0,-28188.0,3168.0,-2816.0,-32768.0,-2302.0,-11968.0,219505.0
550,5988.0,-28540.0,3600.0,-2800.0,-32768.0,-1818.0,-12234.0,219511.0
551,4844.0,-29336.0,4060.0,-2832.0,-32768.0,-1462.0,-12562.0,219517.0
552,3756.0,-29980.0,4932.0,-2848.0,-32768.0,-1328.0,-12687.0,219524.0
553,2676.0,-30708.0,5984.0,-2832.0,-32768.0,-1190.0,-12754.0,219531.0
554,1744.0,-31320.0,7504.0,-2832.0,-32618.0,-811.0,-12673.0,219537.0
555,1100.0,-31500.0,8932.0,-2832.0,-31657.0,-479.0,-12541.0,219543.0
556,1592.0,-29956.0,10384.0,-2832.0,-30297.0,-317.0,-12581.0,219549.0
557,-2908.0,-32368.0,11056.0,-2832.0,-28557.0,-1002.0,-13204.0,219555.0
558,1660.0,-30636.0,13920.0,-2800.0,-27085.0,-1390.0,-8631.0,219563.0
559,2740.0,-30048.0,15812.0,-2800.0,-25023.0,-435.0,-11172.0,219569.0
560,-1032.0,-29268.0,17344.0,-2816.0,-23166.0,176.0,-11283.0,219575.0
561,84.0,-27188.0,19336.0,-2816.0,-21488.0,811.0,-9770.0,219582.0
562,-1372.0,-28912.0,20888.0,-2816.0,-19185.0,1366.0,-9743.0,219587.0
563,-1132.0,-28500.0,22328.0,-2832.0,-16792.0,2740.0,-7868.0,219594.0
564,-1876.0,-27868.0,25424.0,-2800.0,-13986.0,4666.0,-6823.0,219600.0
565,-3764.0,-26696.0,27476.0,-2816.0,-10942.0,6333.0,-5339.0,219607.0
566,-5408.0,-26064.0,28560.0,-2800.0,-7717.0,7436.0,-3464.0,219613.0
567,-6336.0,-25480.0,28576.0,-2784.0,-4392.0,7976.0,-1619.0,219619.0
568,-6928.0,-24904.0,27956.0,-2832.0,-931.0,7924.0,235.0,219626.0
569,-7572.0,-24484.0,26716.0,-2800.0,2256.0,7260.0,1447.0,219631.0
570,-8052.0,-23680.0,25992.0,-2800.0,5261.0,5940.0,2417.0,219637.0
571,-9160.0,-22388.0,24564.0,-2816.0,7833.0,4347.0,2992.0,219643.0
572,-9668.0,-20960.0,22820.0,-2784.0,9834.0,2411.0,3506.0,219651.0
573,-9644.0,-20228.0,20908.0,-2800.0,11362.0,328.0,3784.0,219657.0
574,-9284.0,-19492.0,19124.0,-2800.0,12754.0,-1883.0,3887.0,219663.0
575,-8728.0,-18944.0,17272.0,-2800.0,13822.0,-4211.0,3923.0,219669.0
576,-7060.0,-18080.0,13412.0,-2832.0,14459.0,-6473.0,3886.0,219675.0
577,-2424.0,-12708.0,4700.0,-2800.0,13929.0,-8230.0,3119.0,219681.0
578,16456.0,2952.0,-32768.0,-2800.0,3614.0,-8094.0,-1850.0,219687.0
579,32767.0,-1028.0,-32768.0,-2832.0,-10102.0,-7842.0,-19028.0,219694.0
580,32767.0,-32768.0,-32768.0,-2816.0,615.0,-21930.0,-20420.0,219700.0
581,13080.0,-32768.0,-5328.0,-2800.0,14584.0,-14702.0,8181.0,219707.0
582,-21772.0,-32768.0,25280.0,-2832.0,16792.0,20509.0,20160.0,219713.0
583,-32768.0,-32768.0,32767.0,-2800.0,17763.0,32451.0,16711.0,219719.0
584,-31144.0,-32768.0,29668.0,-2832.0,17733.0,15711.0,4301.0,219725.0
585,-22868.0,-22568.0,-3512.0,-2848.0,13811.0,-6109.0,-3993.0,219732.0
586,-1172.0,-11468.0,-18040.0,-2816.0,11676.0,-11737.0,-3174.0,219739.0
587,19324.0,-8996.0,-6240.0,-2832.0,13745.0,-11390.0,-1775.0,219745.0
588,31120.0,-6420.0,6840.0,-2784.0,14130.0,-9388.0,-4750.0,219752.0
589,15540.0,-14428.0,12440.0,-2816.0,12599.0,-4984.0,-4226.0,219758.0
590,1528.0,-19176.0,7804.0,-2832.0,11088.0,-992.0,-256.0,219764.0
591,-512.0,-19876.0,864.0,-2816.0,10340.0,-1594.0,433.0,219770.0
592,2104.0,-19620.0,-712.0,-2832.0,10315.0,-4032.0,-544.0,219777.0
593,5860.0,-19032.0,484.0,-2800.0,10477.0,-3962.0,-141.0,219783.0
594,9008.0,-19132.0,-608.0,-2816.0,10484.0,-1856.0,425.0,219788.0
595,8644.0,-19796.0,-1164.0,-2864.0,10751.0,106.0,934.0,219794.0
596,6172.0,-18928.0,-2388.0,-2832.0,11301.0,1173.0,1551.0,219800.0
597,5460.0,-16188.0,-3104.0,-2832.0,11642.0,1288.0,1298.0,219806.0
598,5376.0,-13108.0,-1444.0,-2816.0,11059.0,2428.0,780.0,219812.0
599,4568.0,-11948.0,-352.0,-2832.0,9833.0,4205.0,385.0,219819.0
600,3652.0,-13028.0,204.0,-2832.0,8591.0,5470.0,538.0,219825.0
601,3296.0,-14876.0,-496.0,-2800.0,7876.0,6287.0,562.0,219831.0
602,2444.0,-15756.0,-1620.0,-2816.0,7445.0,6554.0,266.0,219837.0
603,1620.0,-15428.0,-1876.0,-2832.0,7080.0,6509.0,-219.0,219843.0
604,632.0,-15288.0,-1652.0,-2832.0,6637.0,5971.0,-762.0,219849.0
605,-536.0,-15792.0,-1092.0,-2816.0,6213.0,4923.0,-1199.0,219854.0
606,-932.0,-16024.0,-924.0,-2816.0,5799.0,3651.0,-1674.0,219860.0
607,-680.0,-15904.0,-1408.0,-2832.0,5364.0,2220.0,-2271.0,219867.0
608,-56.0,-16064.0,-1328.0,-2832.0,5150.0,593.0,-2855.0,219873.0
609,1720.0,-15812.0,-1500.0,-2864.0,5070.0,-906.0,-3251.0,219879.0
610,5056.0,-15512.0,-1824.0,-2816.0,4911.0,-1820.0,-3262.0,219885.0
611,8176.0,-14792.0,-1548.0,-2800.0,4655.0,-1475.0,-2868.0,219891.0
612,9724.0,-14188.0,-1376.0,-2816.0,4254.0,-33.0,-2226.0,219897.0
613,10060.0,-14260.0,-1312.0,-2832.0,3878.0,2015.0,-1563.0,219904.0
614,7972.0,-15096.0,-1100.0,-2848.0,3696.0,3554.0,-1234.0,219910.0
615,6704.0,-15160.0,-1080.0,-2832.0,3427.0,4389.0,-742.0,219916.0
616,6072.0,-15232.0,-1272.0,-2816.0,3300.0,4834.0,-529.0,219922.0
617,5332.0,-15156.0,-976.0,-2816.0,3120.0,4870.0,-471.0,219927.0
618,4476.0,-15592.0,-1208.0,-2800.0,2964.0,4784.0,-490.0,219933.0
619,3796.0,-16104.0,-1136.0,-2832.0,2927.0,4547.0,-570.0,219939.0
620,3408.0,-16440.0,-1512.0,-2816.0,3021.0,4250.0,-686.0,219945.0
621,3440.0,-16376.0,-1700.0,-2832.0,3125.0,3898.0,-787.0,219952.0
622,3844.0,-16440.0,-1808.0,-2832.0,3263.0,3595.0,-877.0,219958.0
623,4720.0,-16184.0,-1916.0,-2848.0,3445.0,3416.0,-891.0,219964.0
624,5356.0,-16052.0,-1840.0,-2832.0,3608.0,3384.0,-782.0,219970.0
625,6088.0,-16012.0,-1944.0,-2800.0,3814.0,3520.0,-631.0,219976.0
626,6696.0,-16140.0,-2280.0,-2816.0,4162.0,3716.0,-392.0,219982.0
627,7012.0,-15748.0,-2360.0,-2800.0,4454.0,3805.0,-133.0,219988.0
628,7224.0,-15508.0,-2264.0,-2816.0,4728.0,3874.0,221.0,219994.0
629,7220.0,-15428.0,-2052.0,-2848.0,4928.0,3972.0,562.0,220000.0
630,7048.0,-15604.0,-1696.0,-2832.0,5200.0,4126.0,928.0,220006.0
631,6808.0,-15812.0,-1848.0,-2832.0,5483.0,4280.0,1132.0,220012.0
632,6256.0,-15668.0,-1500.0,-2816.0,5702.0,4210.0,1409.0,220018.0
633,5672.0,-15660.0,-1076.0,-2816.0,5841.0,4086.0,1600.0,220024.0
634,4872.0,-15952.0,-664.0,-2800.0,5910.0,3854.0,1723.0,220030.0
635,4388.0,-15916.0,-232.0,-2800.0,5939.0,3582.0,1795.0,220037.0
636,4236.0,-15688.0,0.0,-2832.0,5924.0,3293.0,1797.0,220043.0
637,4272.0,-15616.0,124.0,-2800.0,5840.0,2996.0,1759.0,220049.0
638,4332.0,-15540.0,356.0,-2832.0,5761.0,2797.0,1737.0,220054.0
639,4280.0,-15412.0,732.0,-2816.0,5642.0,2738.0,1764.0,220060.0
640,4260.0,-15644.0,796.0,-2832.0,5471.0,2804.0,1837.0,220066.0
641,4068.0,-15768.0,896.0,-2800.0,5309.0,2869.0,1818.0,220072.0
642,3968.0,-16004.0,992.0,-2848.0,5220.0,2848.0,1838.0,220079.0
643,4056.0,-15876.0,1044.0,-2832.0,5115.0,2867.0,1789.0,220085.0
644,4072.0,-15860.0,1076.0,-2800.0,4959.0,2891.0,1814.0,220091.0
645,4240.0,-15972.0,904.0,-2848.0,4881.0,2927.0,1795.0,220097.0
646,4148.0,-16012.0,816.0,-2800.0,4818.0,2901.0,1759.0,220103.0
647,4160.0,-16136.0,816.0,-2816.0,4752.0,2870.0,1788.0,220109.0
648,4192.0,-16144.0,984.0,-2816.0,4678.0,2833.0,1759.0,220115.0
649,4264.0,-16288.0,1048.0,-2800.0,4622.0,2815.0,1717.0,220121.0
650,4288.0,-16192.0,904.0,-2800.0,4557.0,2782.0,1746.0,220127.0
651,4308.0,-16288.0,932.0,-2848.0,4514.0,2736.0,1719.0,220133.0
652,4372.0,-16256.0,1068.0,-2816.0,4515.0,2761.0,1696.0,220139.0
653,4512.0,-16284.0,896.0,-2800.0,4484.0,2813.0,1685.0,220145.0
654,4572.0,-16396.0,788.0,-2800.0,4542.0,2883.0,1671.0,220151.0
655,4660.0,-16440.0,760.0,-2800.0,4589.0,2917.0,1679.0,220157.0
656,4848.0,-16496.0,792.0,-2816.0,4622.0,2963.0,1589.0,220164.0
657,4976.0,-16456.0,1016.0,-2816.0,4682.0,3052.0,1589.0,220169.0
658,4796.0,-16436.0,1144.0,-2832.0,4739.0,3241.0,1624.0,220175.0
659,4584.0,-16580.0,1144.0,-2800.0,4821.0,3341.0,1648.0,220181.0
660,4700.0,-16552.0,1012.0,-2816.0,4920.0,3446.0,1586.0,220187.0
661,4856.0,-16448.0,1252.0,-2832.0,5043.0,3555.0,1546.0,220193.0
662,6704.0,-16864.0,832.0,-2848.0,5107.0,3902.0,1070.0,220199.0
663,6480.0,-16988.0,280.0,-2816.0,5243.0,3955.0,1573.0,220206.0
664,6812.0,-15244.0,1972.0,-2816.0,5209.0,4917.0,1791.0,220212.0
665,3524.0,-16388.0,1980.0,-2832.0,5298.0,5617.0,1543.0,220218.0
666,3968.0,-16784.0,1748.0,-2832.0,5472.0,5117.0,1800.0,220224.0
667,3804.0,-16556.0,1872.0,-2816.0,5626.0,4861.0,1954.0,220229.0
668,4636.0,-16436.0,1740.0,-2768.0,5750.0,4864.0,1945.0,220235.0
669,4292.0,-16632.0,1736.0,-2848.0,5911.0,4711.0,1706.0,220241.0
670,3880.0,-16740.0,1852.0,-2816.0,6047.0,4390.0,1831.0,220248.0
671,3976.0,-16740.0,1964.0,-2864.0,6213.0,4242.0,1985.0,220254.0
672,3904.0,-16700.0,2324.0,-2816.0,6337.0,4245.0,2222.0,220260.0
673,4044.0,-17124.0,2360.0,-2832.0,6555.0,4357.0,2404.0,220266.0
674,3932.0,-17252.0,2264.0,-2832.0,6720.0,4478.0,2580.0,220272.0
675,3868.0,-17476.0,2296.0,-2816.0,6931.0,4448.0,2776.0,220278.0
676,3688.0,-17416.0,2280.0,-2832.0,7217.0,4294.0,2922.0,220284.0
677,3364.0,-17572.0,2532.0,-2832.0,7437.0,4129.0,3127.0,220291.0
678,2940.0,-17600.0,2620.0,-2816.0,7720.0,3897.0,3275.0,220297.0
679,2760.0,-17656.0,2452.0,-2800.0,7978.0,3573.0,3496.0,220302.0
680,2708.0,-18028.0,2592.0,-2816.0,8236.0,3294.0,3710.0,220308.0
681,2868.0,-18060.0,2528.0,-2800.0,8460.0,3144.0,3798.0,220314.0
682,2460.0,-18564.0,2680.0,-2832.0,8785.0,3037.0,4110.0,220320.0
683,2168.0,-18788.0,3164.0,-2816.0,8994.0,2910.0,4201.0,220326.0
684,2156.0,-19120.0,3276.0,-2832.0,9296.0,2723.0,4440.0,220333.0
685,2376.0,-19216.0,3520.0,-2864.0,9538.0,2670.0,4633.0,220339.0
686,2576.0,-19348.0,3348.0,-2816.0,9778.0,2719.0,4902.0,220345.0
687,2704.0,-19532.0,3152.0,-2800.0,10076.0,2761.0,5140.0,220351.0
688,2972.0,-19520.0,3288.0,-2816.0,10369.0,2850.0,5350.0,220357.0
689,3164.0,-19796.0,3384.0,-2832.0,10671.0,2896.0,5572.0,220363.0
690,3748.0,-19712.0,3452.0,-2816.0,10959.0,2975.0,5803.0,220369.0
691,3912.0,-19872.0,3216.0,-2800.0,11256.0,3198.0,5989.0,220376.0
692,3940.0,-20344.0,3296.0,-2848.0,11553.0,3409.0,6240.0,220382.0
693,2912.0,-20892.0,3616.0,-2800.0,11751.0,3840.0,6795.0,220387.0
694,1736.0,-22284.0,4628.0,-2848.0,11817.0,3786.0,7618.0,220393.0
695,2532.0,-24324.0,4268.0,-2800.0,11992.0,2975.0,8125.0,220399.0
696,5368.0,-24224.0,2780.0,-2832.0,12316.0,2805.0,8132.0,220405.0
697,7372.0,-23372.0,1932.0,-2848.0,12773.0,3301.0,7919.0,220411.0
698,8304.0,-23436.0,2184.0,-2800.0,13165.0,4396.0,8010.0,220418.0
699,8264.0,-24592.0,2784.0,-2816.0,13667.0,5902.0,8174.0,220424.0
700,7536.0,-25540.0,3204.0,-2800.0,14422.0,7304.0,8474.0,220430.0
701,5820.0,-25868.0,2164.0,-2816.0,15058.0,8375.0,8859.0,220436.0
702,4836.0,-26192.0,1268.0,-2800.0,15632.0,9273.0,9131.0,220442.0
703,4216.0,-27000.0,276.0,-2832.0,16165.0,9775.0,9616.0,220448.0
704,4680.0,-27588.0,-792.0,-2800.0,16617.0,10078.0,9973.0,220454.0
705,5844.0,-28140.0,-2524.0,-2800.0,16976.0,10329.0,10149.0,220461.0
706,7660.0,-28268.0,-4140.0,-2800.0,17199.0,10606.0,10031.0,220467.0
707,9544.0,-28924.0,-5904.0,-2832.0,17236.0,11279.0,9732.0,220473.0
708,10644.0,-31060.0,-7880.0,-2800.0,17399.0,12521.0,9499.0,220479.0
709,10008.0,-32248.0,-9808.0,-2800.0,17661.0,13405.0,9671.0,220485.0
710,8988.0,-31368.0,-11936.0,-2800.0,17689.0,13800.0,10134.0,220491.0
711,7872.0,-29452.0,-13716.0,-2832.0,17475.0,14021.0,10568.0,220498.0
712,6396.0,-25776.0,-15452.0,-2848.0,16826.0,14247.0,11017.0,220505.0
713,4584.0,-22452.0,-16060.0,-2832.0,15835.0,13591.0,11189.0,220511.0
714,2664.0,-19344.0,-14416.0,-2768.0,14603.0,12161.0,11343.0,220517.0
715,976.0,-16744.0,-9636.0,-2816.0,13477.0,9741.0,11287.0,220523.0
716,-372.0,-17172.0,-968.0,-2816.0,13040.0,6321.0,11325.0,220529.0
717,-860.0,-18920.0,6780.0,-2832.0,13273.0,2838.0,11150.0,220535.0
718,-948.0,-20752.0,9428.0,-2816.0,13112.0,-614.0,10363.0,220541.0
719,-1156.0,-21508.0,7596.0,-2800.0,12199.0,-4601.0,8929.0,220548.0
720,20.0,-22324.0,4464.0,-2800.0,11415.0,-8646.0,7293.0,220554.0
721,2724.0,-22348.0,3348.0,-2832.0,10633.0,-10654.0,5910.0,220560.0
722,4076.0,-22856.0,3064.0,-2800.0,10946.0,-10803.0,5008.0,220566.0
723,5548.0,-20608.0,1536.0,-2832.0,11316.0,-9701.0,4873.0,220572.0
724,6116.0,-17228.0,816.0,-2816.0,11980.0,-7502.0,5075.0,220578.0
725,6136.0,-13880.0,-176.0,-2864.0,11751.0,-5205.0,5308.0,220584.0
726,5704.0,-11096.0,-660.0,-2816.0,10953.0,-3190.0,5524.0,220591.0
727,5700.0,-9256.0,-808.0,-2832.0,9670.0,-1146.0,5560.0,220597.0
728,5748.0,-7884.0,-428.0,-2848.0,8273.0,481.0,5151.0,220603.0
729,4996.0,-7752.0,1632.0,-2816.0,7299.0,1145.0,4474.0,220609.0
730,4936.0,-7352.0,2808.0,-2816.0,6162.0,1469.0,3936.0,220614.0
731,4856.0,-6872.0,3580.0,-2832.0,4920.0,1765.0,3396.0,220620.0
732,4088.0,-6164.0,3760.0,-2800.0,3558.0,2323.0,3218.0,220626.0
733,2980.0,-4808.0,3240.0,-2800.0,2051.0,2849.0,3345.0,220633.0
734,1888.0,-3620.0,2716.0,-2816.0,233.0,3174.0,3607.0,220639.0
735,948.0,-3200.0,1644.0,-2816.0,-1448.0,3284.0,3691.0,220645.0
736,596.0,-2884.0,328.0,-2816.0,-2966.0,3138.0,3443.0,220651.0
737,444.0,-2200.0,-752.0,-2832.0,-4354.0,2748.0,2968.0,220656.0
738,884.0,-2096.0,-368.0,-2800.0,-5563.0,2395.0,2351.0,220662.0
739,708.0,-2672.0,-296.0,-2832.0,-5982.0,2189.0,1789.0,220668.0
740,-232.0,-2252.0,-3032.0,-2848.0,-7210.0,1866.0,1146.0,220675.0
741,-2000.0,-1892.0,-2472.0,-2816.0,-8744.0,1462.0,448.0,220681.0
742,-3640.0,-2044.0,-3760.0,-2800.0,-9743.0,737.0,-76.0,220686.0
743,-3496.0,-1072.0,-5060.0,-2816.0,-10852.0,-1059.0,-677.0,220692.0
744,-1840.0,-300.0,-4376.0,-2800.0,-12750.0,-4062.0,-1855.0,220698.0
745,24.0,1252.0,-4856.0,-2816.0,-15408.0,-6087.0,-3395.0,220704.0
746,768.0,1012.0,-5292.0,-2784.0,-17735.0,-7118.0,-4597.0,220710.0
747,1380.0,-572.0,-5224.0,-2832.0,-19453.0,-8459.0,-5299.0,220717.0
748,1940.0,-2136.0,-4668.0,-2816.0,-20637.0,-9458.0,-5550.0,220723.0
749,2076.0,-2860.0,-3556.0,-2832.0,-21738.0,-9717.0,-5212.0,220729.0
750,2652.0,-4088.0,-2284.0,-2816.0,-22744.0,-9525.0,-4913.0,220735.0
751,2644.0,-5080.0,-1420.0,-2800.0,-23847.0,-8924.0,-4745.0,220741.0
752,2220.0,-6000.0,-1308.0,-2800.0,-25082.0,-8016.0,-4774.0,220747.0
753,1864.0,-6724.0,-1592.0,-2816.0,-26365.0,-7290.0,-5124.0,220753.0
754,1808.0,-7584.0,-1404.0,-2800.0,-27603.0,-6925.0,-5792.0,220760.0
755,1544.0,-8428.0,-1632.0,-2816.0,-28760.0,-6909.0,-6512.0,220766.0
756,1288.0,-9192.0,-1800.0,-2832.0,-29761.0,-7245.0,-7139.0,220772.0
757,1180.0,-10104.0,-1708.0,-2800.0,-30620.0,-7799.0,-7567.0,220778.0
758,1444.0,-11016.0,-1624.0,-2816.0,-31378.0,-8426.0,-7849.0,220784.0
759,2088.0,-12036.0,-1520.0,-2816.0,-32048.0,-8921.0,-7991.0,220790.0
760,3168.0,-13308.0,-812.0,-2816.0,-32636.0,-9117.0,-8206.0,220796.0
761,4100.0,-14564.0,-372.0,-2800.0,-32768.0,-8918.0,-8487.0,220803.0
762,5144.0,-15904.0,404.0,-2816.0,-32768.0,-8192.0,-8757.0,220809.0
763,5040.0,-17032.0,572.0,-2800.0,-32768.0,-7596.0,-9038.0,220815.0
764,5324.0,-17916.0,1056.0,-2816.0,-32768.0,-6843.0,-9307.0,220820.0
765,5316.0,-18488.0,1380.0,-2816.0,-32768.0,-6155.0,-9667.0,220827.0
766,4984.0,-19216.0,1484.0,-2832.0,-32768.0,-5580.0,-9999.0,220833.0
767,4712.0,-20052.0,1984.0,-2816.0,-32768.0,-5107.0,-10414.0,220839.0
768,4648.0,-21076.0,2500.0,-2800.0,-32768.0,-4708.0,-10836.0,220846.0
769,4684.0,-22180.0,2296.0,-2784.0,-32768.0,-4259.0,-11348.0,220852.0
770,4888.0,-23020.0,2408.0,-2832.0,-32768.0,-3803.0,-11908.0,220859.0
771,5288.0,-23772.0,2492.0,-2832.0,-32768.0,-3362.0,-12381.0,220865.0
772,5588.0,-24568.0,2528.0,-2816.0,-32768.0,-2974.0,-12798.0,220871.0
773,5952.0,-25680.0,2832.0,-2832.0,-32768.0,-2718.0,-13158.0,220877.0
774,6312.0,-26800.0,3676.0,-2832.0,-32768.0,-2273.0,-13641.0,220883.0
775,6972.0,-28060.0,4620.0,-2816.0,-32768.0,-1716.0,-14162.0,220891.0
776,7228.0,-29448.0,5824.0,-2832.0,-32768.0,-713.0,-14718.0,220897.0
777,7612.0,-30888.0,7456.0,-2816.0,-32768.0,536.0,-15268.0,220903.0
778,7856.0,-31916.0,8680.0,-2848.0,-32768.0,1971.0,-15636.0,220909.0
779,7920.0,-32520.0,9824.0,-2784.0,-32768.0,3358.0,-15931.0,220915.0
780,7724.0,-32768.0,11044.0,-2832.0,-32768.0,4713.0,-16055.0,220921.0
781,7300.0,-32768.0,12104.0,-2848.0,-31564.0,5890.0,-15996.0,220929.0
782,7324.0,-32768.0,13500.0,-2832.0,-30228.0,6993.0,-16195.0,220935.0
783,5760.0,-32768.0,13344.0,-2832.0,-27267.0,7676.0,-17796.0,220941.0
784,3972.0,-32768.0,16616.0,-2848.0,-26306.0,8317.0,-10386.0,220947.0
785,8496.0,-32768.0,16748.0,-2800.0,-24318.0,11268.0,-11962.0,220954.0
786,1032.0,-31592.0,18368.0,-2864.0,-22503.0,14322.0,-14014.0,220960.0
787,-6372.0,-30296.0,19844.0,-2800.0,-20653.0,15435.0,-12898.0,220966.0
788,-9496.0,-29772.0,21024.0,-2848.0,-18384.0,15042.0,-11663.0,220974.0
789,-13884.0,-29052.0,22916.0,-2800.0,-15724.0,13446.0,-10125.0,220980.0
790,-16568.0,-28992.0,25404.0,-2816.0,-12821.0,10864.0,-8140.0,220986.0
791,-18312.0,-30644.0,25660.0,-2832.0,-9114.0,7581.0,-7045.0,220993.0
792,-18712.0,-26696.0,27932.0,-2800.0,-6765.0,4635.0,-5063.0,220999.0
793,-17684.0,-26440.0,28948.0,-2832.0,-3530.0,1942.0,-3731.0,221005.0
794,-16240.0,-25816.0,28692.0,-2816.0,-161.0,217.0,-2333.0,221011.0
795,-14468.0,-25368.0,27784.0,-2784.0,3121.0,-1194.0,-1138.0,221019.0
796,-12828.0,-24836.0,26452.0,-2816.0,6391.0,-2822.0,198.0,221025.0
797,-11244.0,-24356.0,24604.0,-2800.0,9135.0,-4586.0,1332.0,221031.0
798,-10004.0,-23920.0,22248.0,-2848.0,11737.0,-6339.0,2306.0,221037.0
799,-9148.0,-21584.0,18064.0,-2800.0,13649.0,-8077.0,3594.0,221043.0
800,-8260.0,-15216.0,5812.0,-2816.0,13186.0,-9863.0,4179.0,221049.0
801,9012.0,824.0,-32768.0,-2832.0,2090.0,-9502.0,-766.0,221056.0
802,32767.0,-7664.0,-32768.0,-2784.0,-12204.0,-9727.0,-19869.0,221062.0
803,32767.0,-32768.0,-32768.0,-2816.0,-43.0,-20560.0,-19573.0,221069.0
804,11316.0,-32768.0,-5492.0,-2816.0,13752.0,-17606.0,9159.0,221075.0
805,-2208.0,-25612.0,15124.0,-2832.0,12470.0,8105.0,12443.0,221081.0
806,-26824.0,-32768.0,32767.0,-2816.0,13112.0,18974.0,8768.0,221087.0
807,-27276.0,-32768.0,32767.0,-2832.0,15392.0,9291.0,3492.0,221093.0
808,-24168.0,-32768.0,14252.0,-2816.0,15957.0,-7753.0,-3031.0,221101.0
809,-9548.0,-24188.0,-11192.0,-2816.0,14559.0,-17923.0,-3840.0,221107.0
810,8080.0,-14968.0,-12748.0,-2832.0,14561.0,-20194.0,-1438.0,221113.0
811,20948.0,-4644.0,-1880.0,-2832.0,13630.0,-15804.0,-1898.0,221120.0
812,14264.0,-6112.0,4360.0,-2816.0,11254.0,-8029.0,-1788.0,221126.0
813,7672.0,-10364.0,3268.0,-2816.0,9391.0,-4907.0,-69.0,221132.0
814,9000.0,-13460.0,-1492.0,-2848.0,8607.0,-5301.0,-299.0,221138.0
815,11552.0,-14016.0,-3648.0,-2800.0,8477.0,-7314.0,-1463.0,221145.0
816,11852.0,-14696.0,-3240.0,-2800.0,8741.0,-6606.0,-208.0,221151.0
817,11388.0,-16060.0,-2628.0,-2800.0,9067.0,-2347.0,1373.0,221157.0
818,8932.0,-18120.0,-3116.0,-2768.0,9679.0,1957.0,1663.0,221163.0
819,6232.0,-19008.0,-3184.0,-2816.0,10345.0,3988.0,1690.0,221169.0
820,4868.0,-17940.0,-2920.0,-2800.0,10498.0,4386.0,1628.0,221175.0
821,4024.0,-16460.0,-1988.0,-2832.0,10074.0,4759.0,1496.0,221181.0
822,2572.0,-15824.0,-724.0,-2800.0,9500.0,5754.0,1438.0,221188.0
823,1188.0,-15000.0,-688.0,-2832.0,8838.0,6539.0,1066.0,221194.0
824,528.0,-14648.0,-904.0,-2784.0,8345.0,6098.0,58.0,221200.0
825,320.0,-15040.0,-1396.0,-2800.0,8065.0,4660.0,-792.0,221205.0
826,688.0,-15808.0,-1612.0,-2800.0,7985.0,3084.0,-1307.0,221211.0
827,1108.0,-16856.0,-1320.0,-2784.0,8025.0,2180.0,-1744.0,221217.0
828,1080.0,-17088.0,-872.0,-2832.0,7896.0,1763.0,-2146.0,221223.0
829,1568.0,-16684.0,-624.0,-2784.0,7540.0,997.0,-2400.0,221230.0
830,3164.0,-15980.0,-1112.0,-2816.0,7184.0,-12.0,-2463.0,221236.0
831,5152.0,-15612.0,-2008.0,-2816.0,6966.0,-612.0,-2420.0,221242.0
832,7228.0,-14612.0,-1856.0,-2864.0,6654.0,-490.0,-2266.0,221248.0
833,8532.0,-14124.0,-1576.0,-2800.0,6334.0,386.0,-2022.0,221254.0
834,9552.0,-13924.0,-1648.0,-2816.0,6130.0,1683.0,-1559.0,221260.0
835,9384.0,-13780.0,-1624.0,-2848.0,5900.0,2949.0,-958.0,221266.0
836,-3868.0,-30116.0,9536.0,-2848.0,-32768.0,-17317.0,-15710.0,222219.0
837,-3092.0,-31064.0,11012.0,-2832.0,-32768.0,-19218.0,-15273.0,222226.0
838,-872.0,-31908.0,12684.0,-2816.0,-32768.0,-20163.0,-14582.0,222232.0
839,164.0,-32684.0,14668.0,-2800.0,-31764.0,-20546.0,-14434.0,222239.0
840,968.0,-32768.0,16872.0,-2832.0,-30205.0,-21003.0,-13638.0,222245.0
841,2696.0,-32768.0,18536.0,-2816.0,-28061.0,-21467.0,-12655.0,222252.0
842,5076.0,-32768.0,20872.0,-2832.0,-25303.0,-21377.0,-11539.0,222259.0
843,7204.0,-32768.0,22500.0,-2848.0,-22454.0,-20104.0,-9962.0,222265.0
844,10700.0,-30820.0,24284.0,-2816.0,-19795.0,-17364.0,-8002.0,222271.0
845,13184.0,-29280.0,26552.0,-2848.0,-17169.0,-13128.0,-6169.0,222278.0
846,15424.0,-27644.0,28988.0,-2800.0,-14553.0,-7579.0,-4806.0,222284.0
847,13296.0,-26832.0,29520.0,-2800.0,-12222.0,-1975.0,-4953.0,222290.0
848,13296.0,-25876.0,30100.0,-2800.0,-10029.0,3607.0,-3648.0,222298.0
849,12788.0,-25660.0,30144.0,-2816.0,-7612.0,9127.0,-3640.0,222304.0
850,8960.0,-26500.0,29264.0,-2864.0,-4554.0,14052.0,-4458.0,222310.0
851,2832.0,-24912.0,29488.0,-2848.0,-1846.0,17253.0,-2092.0,222316.0
852,-2052.0,-24420.0,27480.0,-2848.0,1471.0,18117.0,-700.0,222322.0
853,-10024.0,-23204.0,24684.0,-2848.0,4340.0,16493.0,951.0,222328.0
854,-14748.0,-24616.0,24276.0,-2816.0,6954.0,12887.0,2764.0,222334.0
855,-19136.0,-29640.0,25148.0,-2832.0,10181.0,9855.0,4286.0,222342.0
856,-24880.0,-31976.0,13548.0,-2832.0,10733.0,9989.0,5715.0,222348.0
857,-14888.0,-31820.0,-5524.0,-2816.0,9391.0,7351.0,1997.0,222354.0
858,4464.0,-29784.0,-23284.0,-2848.0,6917.0,-4592.0,-6866.0,222360.0
859,14784.0,-32768.0,-6016.0,-2848.0,11979.0,-20634.0,-9484.0,222366.0
860,5392.0,-32768.0,12052.0,-2816.0,20461.0,-23603.0,1433.0,222372.0
861,-3468.0,-26840.0,13264.0,-2832.0,22025.0,-13589.0,8836.0,222380.0
862,-11284.0,-13360.0,-240.0,-2848.0,17514.0,-7960.0,7110.0,222386.0
863,-6884.0,-7992.0,-5468.0,-2832.0,14076.0,-10059.0,2714.0,222392.0
864,1496.0,-7668.0,-3144.0,-2848.0,12747.0,-14326.0,-1094.0,222398.0
865,9648.0,-8508.0,2568.0,-2848.0,11537.0,-15589.0,-1943.0,222404.0
866,12892.0,-9324.0,2200.0,-2848.0,9810.0,-10667.0,-2035.0,222410.0
867,12180.0,-12600.0,-372.0,-2848.0,9036.0,-4328.0,-1098.0,222416.0
868,10280.0,-15352.0,-1312.0,-2816.0,8820.0,-4.0,393.0,222423.0
869,7976.0,-17036.0,-544.0,-2816.0,8557.0,3453.0,1458.0,222429.0
870,5828.0,-17028.0,168.0,-2848.0,7890.0,7079.0,1509.0,222435.0
871,2992.0,-16352.0,-28.0,-2800.0,7010.0,10129.0,793.0,222441.0
872,-140.0,-15976.0,-280.0,-2864.0,6271.0,11168.0,122.0,222447.0
873,-1980.0,-16384.0,-756.0,-2832.0,5900.0,9636.0,-301.0,222453.0
874,-2520.0,-16724.0,-856.0,-2832.0,5713.0,6677.0,-722.0,222459.0
875,-1824.0,-16024.0,-688.0,-2848.0,5290.0,3867.0,-1254.0,222465.0
876,-872.0,-15536.0,-412.0,-2800.0,4705.0,1959.0,-1978.0,222471.0
877,420.0,-15180.0,-288.0,-2832.0,4242.0,546.0,-2484.0,222477.0
878,2156.0,-14920.0,-640.0,-2832.0,3825.0,-559.0,-2579.0,222483.0
879,3536.0,-15096.0,-964.0,-2800.0,3615.0,-1038.0,-2546.0,222489.0
880,4364.0,-15008.0,-1212.0,-2816.0,3386.0,-876.0,-2449.0,222495.0
881,4880.0,-14968.0,-1236.0,-2832.0,3158.0,-325.0,-2398.0,222501.0
882,4804.0,-15328.0,-1060.0,-2816.0,2944.0,430.0,-2318.0,222508.0
883,4256.0,-15548.0,-1300.0,-2816.0,2860.0,1058.0,-2250.0,222514.0
884,3688.0,-15996.0,-1400.0,-2816.0,2836.0,1312.0,-2219.0,222520.0
885,3244.0,-16020.0,-1588.0,-2832.0,2905.0,1146.0,-2291.0,222525.0
886,2788.0,-16072.0,-1444.0,-2832.0,2965.0,754.0,-2423.0,222531.0
887,2964.0,-16408.0,-1332.0,-2784.0,3052.0,291.0,-2546.0,222537.0
888,3048.0,-16336.0,-1448.0,-2832.0,3127.0,-162.0,-2664.0,222543.0
889,3264.0,-16396.0,-1124.0,-2816.0,3225.0,-446.0,-2747.0,222550.0
890,3304.0,-16432.0,-1160.0,-2848.0,3296.0,-545.0,-2832.0,222556.0
891,3456.0,-16484.0,-980.0,-2832.0,3355.0,-659.0,-2853.0,222562.0
892,3580.0,-16384.0,-688.0,-2832.0,3401.0,-693.0,-2835.0,222568.0
893,3892.0,-16352.0,-760.0,-2848.0,3432.0,-768.0,-2802.0,222574.0
894,4260.0,-16220.0,-944.0,-2800.0,3453.0,-711.0,-2707.0,222580.0
895,4252.0,-16368.0,-1224.0,-2832.0,3474.0,-611.0,-2584.0,222586.0
896,4040.0,-16408.0,-640.0,-2816.0,3530.0,-442.0,-2441.0,222593.0
897,4012.0,-16644.0,-372.0,-2832.0,3621.0,-236.0,-2371.0,222598.0
898,4148.0,-16456.0,-632.0,-2832.0,3689.0,-252.0,-2291.0,222604.0
899,4720.0,-15956.0,-372.0,-2816.0,3719.0,-468.0,-2189.0,222610.0
900,5188.0,-15376.0,-256.0,-2832.0,3613.0,-735.0,-1985.0,222616.0
901,5524.0,-15240.0,-12.0,-2832.0,3408.0,-883.0,-1752.0,222622.0
902,5804.0,-15228.0,180.0,-2832.0,3218.0,-803.0,-1448.0,222628.0
903,5844.0,-15492.0,400.0,-2864.0,2993.0,-602.0,-1198.0,222635.0
904,5832.0,-15528.0,340.0,-2816.0,2814.0,-222.0,-909.0,222641.0
905,5776.0,-15756.0,244.0,-2832.0,2661.0,69.0,-699.0,222646.0
906,5320.0,-15792.0,12.0,-2832.0,2543.0,360.0,-439.0,222652.0
907,4876.0,-15736.0,344.0,-2816.0,2454.0,528.0,-292.0,222658.0
908,4380.0,-15868.0,568.0,-2848.0,2304.0,531.0,-160.0,222664.0
909,3940.0,-15864.0,544.0,-2800.0,2157.0,428.0,-82.0,222669.0
910,3928.0,-16072.0,224.0,-2832.0,2091.0,312.0,-24.0,222675.0
911,3640.0,-16024.0,248.0,-2848.0,2055.0,23.0,-138.0,222682.0
912,3736.0,-15820.0,132.0,-2816.0,1959.0,-329.0,-122.0,222688.0
913,3944.0,-15816.0,532.0,-2864.0,1888.0,-531.0,-154.0,222693.0
914,4092.0,-15932.0,520.0,-2864.0,1786.0,-603.0,-192.0,222699.0
915,4308.0,-15912.0,404.0,-2832.0,1724.0,-558.0,-153.0,222705.0
916,4548.0,-15856.0,184.0,-2800.0,1690.0,-454.0,-107.0,222711.0
917,4820.0,-15780.0,228.0,-2832.0,1604.0,-339.0,-98.0,222717.0
918,4792.0,-15704.0,176.0,-2848.0,1541.0,-163.0,-49.0,222723.0
919,4584.0,-15716.0,292.0,-2864.0,1521.0,-1.0,-30.0,222729.0
920,4668.0,-15828.0,436.0,-2816.0,1482.0,108.0,15.0,222735.0
921,4672.0,-15912.0,252.0,-2832.0,1477.0,135.0,54.0,222741.0
922,4904.0,-15960.0,56.0,-2816.0,1488.0,177.0,154.0,222746.0
923,4936.0,-15912.0,-4.0,-2832.0,1556.0,208.0,206.0,222752.0
924,4904.0,-15780.0,116.0,-2832.0,1583.0,291.0,263.0,222758.0
925,4864.0,-15924.0,-144.0,-2848.0,1640.0,349.0,338.0,222764.0
926,4640.0,-15988.0,-32.0,-2848.0,1707.0,450.0,393.0,222770.0
927,4564.0,-16024.0,204.0,-2864.0,1780.0,552.0,397.0,222776.0
928,4500.0,-16024.0,120.0,-2832.0,1849.0,604.0,419.0,222782.0
929,4528.0,-15944.0,240.0,-2816.0,1890.0,665.0,450.0,222787.0
930,4476.0,-16028.0,424.0,-2848.0,1947.0,760.0,448.0,222793.0
931,4480.0,-16140.0,360.0,-2832.0,2024.0,829.0,429.0,222799.0
932,4480.0,-16112.0,356.0,-2848.0,2051.0,927.0,495.0,222806.0
933,4432.0,-16124.0,272.0,-2816.0,2114.0,939.0,519.0,222812.0
934,4452.0,-16024.0,432.0,-2832.0,2178.0,1014.0,530.0,222817.0
935,4272.0,-15852.0,492.0,-2832.0,2228.0,1105.0,573.0,222823.0
936,4304.0,-15792.0,316.0,-2832.0,2270.0,1090.0,568.0,222829.0
937,4252.0,-16020.0,456.0,-2800.0,2310.0,1004.0,585.0,222835.0
938,4244.0,-16116.0,524.0,-2832.0,2364.0,942.0,620.0,222841.0
939,4336.0,-16060.0,668.0,-2864.0,2378.0,991.0,649.0,222846.0
940,4256.0,-16124.0,852.0,-2848.0,2408.0,1081.0,649.0,222853.0
941,4192.0,-15948.0,744.0,-2848.0,2430.0,1206.0,668.0,222859.0
942,3896.0,-16028.0,864.0,-2864.0,2457.0,1319.0,632.0,222865.0
943,4192.0,-15768.0,412.0,-2832.0,2481.0,1381.0,345.0,222871.0
944,3460.0,-17692.0,140.0,-2800.0,2696.0,1454.0,1261.0,222876.0
945,5244.0,-15520.0,696.0,-2800.0,2611.0,1924.0,474.0,222882.0
946,3916.0,-16024.0,816.0,-2832.0,2588.0,1962.0,685.0,222888.0
947,4376.0,-16120.0,576.0,-2832.0,2710.0,1756.0,698.0,222895.0
948,4136.0,-16204.0,736.0,-2864.0,2798.0,1693.0,811.0,222901.0
949,4324.0,-16204.0,416.0,-2832.0,2953.0,1664.0,744.0,222906.0
950,4224.0,-16092.0,572.0,-2832.0,3113.0,1576.0,682.0,222912.0
951,4416.0,-15976.0,520.0,-2832.0,3303.0,1425.0,821.0,222918.0
952,4460.0,-16220.0,436.0,-2800.0,3501.0,1331.0,1005.0,222924.0
953,4956.0,-16188.0,512.0,-2832.0,3717.0,1353.0,1297.0,222930.0
954,4620.0,-16620.0,436.0,-2864.0,4014.0,1342.0,1339.0,222937.0
955,4464.0,-16612.0,404.0,-2848.0,4260.0,1236.0,1464.0,222943.0
956,4440.0,-16400.0,764.0,-2848.0,4424.0,1034.0,1564.0,222948.0
957,4444.0,-16248.0,884.0,-2832.0,4600.0,882.0,1674.0,222954.0
958,4372.0,-16064.0,988.0,-2848.0,4736.0,802.0,1786.0,222960.0
959,4292.0,-15884.0,1084.0,-2848.0,4893.0,684.0,1908.0,222966.0
960,4428.0,-15680.0,1300.0,-2848.0,4976.0,641.0,2035.0,222972.0
961,4372.0,-15860.0,1516.0,-2832.0,5107.0,585.0,2172.0,222979.0
962,4484.0,-16080.0,1372.0,-2832.0,5238.0,541.0,2313.0,222984.0
963,4500.0,-16144.0,1348.0,-2832.0,5348.0,384.0,2473.0,222990.0
964,4704.0,-16280.0,1568.0,-2832.0,5436.0,270.0,2615.0,222996.0
965,4592.0,-16516.0,1560.0,-2848.0,5542.0,315.0,2853.0,223002.0
966,4440.0,-16652.0,1704.0,-2848.0,5644.0,369.0,3107.0,223008.0
967,4244.0,-16928.0,2096.0,-2816.0,5726.0,355.0,3391.0,223014.0
968,4728.0,-17528.0,2372.0,-2848.0,5760.0,184.0,3749.0,223021.0
969,5868.0,-17476.0,2344.0,-2832.0,5801.0,-283.0,4047.0,223026.0
970,7196.0,-16904.0,1380.0,-2832.0,5913.0,-174.0,4351.0,223032.0
971,7440.0,-16944.0,1220.0,-2832.0,6038.0,575.0,4515.0,223038.0
972,6568.0,-17228.0,1788.0,-2832.0,6115.0,1484.0,4726.0,223044.0
973,5140.0,-17688.0,2500.0,-2848.0,6188.0,2248.0,4937.0,223050.0
974,3912.0,-18284.0,2896.0,-2800.0,6265.0,2803.0,5101.0,223056.0
975,3000.0,-18676.0,2724.0,-2848.0,6397.0,2855.0,5128.0,223063.0
976,2780.0,-19144.0,2620.0,-2848.0,6491.0,2721.0,5125.0,223069.0
977,3028.0,-19396.0,2508.0,-2832.0,6673.0,2622.0,4951.0,223075.0
978,3096.0,-19400.0,2460.0,-2864.0,6781.0,2730.0,4843.0,223081.0
979,3020.0,-19860.0,2428.0,-2848.0,6900.0,2997.0,4723.0,223086.0
980,2772.0,-20052.0,2788.0,-2832.0,7080.0,3299.0,4657.0,223092.0
981,2944.0,-19632.0,3044.0,-2816.0,7228.0,3462.0,4491.0,223098.0
982,2408.0,-19352.0,2188.0,-2800.0,7218.0,3517.0,4478.0,223105.0
983,1888.0,-20168.0,2892.0,-2832.0,7395.0,3574.0,4650.0,223111.0
984,1312.0,-20120.0,3236.0,-2848.0,7583.0,3662.0,4789.0,223117.0
985,752.0,-19568.0,3008.0,-2800.0,7677.0,3663.0,4793.0,223123.0
986,420.0,-19452.0,2812.0,-2800.0,7852.0,3473.0,4971.0,223129.0
987,304.0,-19168.0,2988.0,-2832.0,8062.0,3287.0,5165.0,223135.0
988,56.0,-18964.0,3164.0,-2864.0,8257.0,3049.0,5334.0,223141.0
989,-208.0,-18764.0,3248.0,-2832.0,8461.0,2686.0,5445.0,223147.0
990,-208.0,-18580.0,3108.0,-2816.0,8673.0,2249.0,5618.0,223153.0
991,88.0,-18432.0,3340.0,-2848.0,8905.0,1855.0,5759.0,223159.0
992,512.0,-18304.0,3208.0,-2816.0,9180.0,1539.0,5846.0,223165.0
993,1184.0,-18412.0,3236.0,-2848.0,9431.0,1306.0,5954.0,223171.0
994,1648.0,-18268.0,2772.0,-2832.0,9606.0,1207.0,6071.0,223177.0
995,2380.0,-18540.0,2752.0,-2832.0,9815.0,1247.0,6092.0,223183.0
996,2984.0,-18684.0,2604.0,-2848.0,10061.0,1312.0,6035.0,223190.0
997,3508.0,-18984.0,2412.0,-2832.0,10304.0,1432.0,6026.0,223196.0
998,3848.0,-19196.0,2556.0,-2816.0,10538.0,1660.0,5982.0,223201.0
999,4016.0,-19620.0,2568.0,-2816.0,10785.0,1976.0,6015.0,223207.0
1000,4168.0,-20172.0,2424.0,-2864.0,11026.0,2230.0,6025.0,223213.0
1001,4272.0,-20448.0,2296.0,-2848.0,11310.0,2468.0,6006.0,223219.0
1002,4388.0,-20700.0,2224.0,-2832.0,11535.0,2638.0,5996.0,223225.0
1003,4756.0,-21032.0,2080.0,-2816.0,11774.0,2757.0,5941.0,223232.0
1004,5004.0,-21484.0,3164.0,-2864.0,12152.0,2959.0,5861.0,223238.0
1005,4868.0,-21408.0,2832.0,-2848.0,12443.0,2934.0,5822.0,223244.0
1006,4680.0,-20852.0,2176.0,-2832.0,12421.0,3338.0,5843.0,223250.0
1007,4872.0,-20432.0,1152.0,-2816.0,12297.0,3847.0,5610.0,223256.0
1008,4920.0,-19884.0,352.0,-2848.0,12139.0,4285.0,5565.0,223262.0
1009,5016.0,-19372.0,-340.0,-2848.0,11901.0,4788.0,5446.0,223268.0
1010,4624.0,-19164.0,-868.0,-2832.0,11571.0,5204.0,5531.0,223275.0
1011,4548.0,-18044.0,-888.0,-2848.0,11069.0,5659.0,5058.0,223281.0
1012,3480.0,-17316.0,-1068.0,-2832.0,10578.0,5787.0,5091.0,223287.0
1013,3140.0,-16256.0,-964.0,-2848.0,9940.0,5709.0,4966.0,223293.0
1014,2360.0,-15448.0,-828.0,-2832.0,9146.0,5403.0,4718.0,223299.0
1015,1908.0,-14664.0,-44.0,-2832.0,8414.0,4922.0,4632.0,223305.0
1016,2144.0,-13588.0,960.0,-2832.0,7686.0,4337.0,4356.0,223310.0
1017,2336.0,-12656.0,1560.0,-2832.0,6968.0,3969.0,3921.0,223316.0
1018,2616.0,-11740.0,2420.0,-2848.0,6335.0,3649.0,3453.0,223323.0
1019,2508.0,-11132.0,4556.0,-2832.0,6089.0,3327.0,3118.0,223329.0
1020,2428.0,-11144.0,7872.0,-2816.0,6238.0,3541.0,3210.0,223335.0
1021,1872.0,-10988.0,9984.0,-2848.0,6608.0,4086.0,2993.0,223341.0
1022,700.0,-10568.0,11200.0,-2832.0,6798.0,4861.0,2775.0,223347.0
1023,-1732.0,-8280.0,7836.0,-2832.0,5851.0,5417.0,2688.0,223353.0
1024,-1792.0,-6536.0,4108.0,-2848.0,4111.0,5368.0,2271.0,223360.0
1025,1128.0,-4324.0,-1628.0,-2800.0,2218.0,6532.0,1700.0,223365.0
1026,3560.0,-2112.0,-5812.0,-2800.0,216.0,8104.0,902.0,223371.0
1027,3300.0,-860.0,-9704.0,-2832.0,-2215.0,9634.0,457.0,223377.0
1028,2684.0,-1604.0,-9600.0,-2848.0,-4186.0,10738.0,222.0,223383.0
1029,1532.0,-3020.0,-7676.0,-2832.0,-5376.0,11189.0,352.0,223389.0
1030,-364.0,-4192.0,-5164.0,-2832.0,-6067.0,11035.0,886.0,223395.0
1031,-2708.0,-5044.0,-3344.0,-2816.0,-6670.0,10935.0,1410.0,223401.0
1032,-4452.0,-5228.0,-2796.0,-2832.0,-7531.0,10764.0,1505.0,223407.0
1033,-5092.0,-5028.0,-2956.0,-2784.0,-8633.0,10096.0,1146.0,223413.0
1034,-5420.0,-4660.0,-3184.0,-2832.0,-9917.0,8640.0,417.0,223419.0
1035,-5344.0,-4680.0,-3284.0,-2800.0,-11231.0,6550.0,-418.0,223425.0
1036,-5836.0,-5672.0,-2744.0,-2816.0,-12314.0,3997.0,-1258.0,223431.0
1037,-6144.0,-6648.0,-2296.0,-2832.0,-13283.0,1691.0,-1882.0,223437.0
1038,-5788.0,-7692.0,-1804.0,-2816.0,-14272.0,-63.0,-2485.0,223443.0
1039,-5320.0,-8100.0,-948.0,-2832.0,-15167.0,-1404.0,-3043.0,223450.0
1040,-4728.0,-8096.0,-484.0,-2848.0,-16083.0,-2486.0,-3667.0,223456.0
1041,-4228.0,-8140.0,-636.0,-2816.0,-17089.0,-3604.0,-4355.0,223462.0
1042,-3820.0,-8472.0,-844.0,-2832.0,-18146.0,-4829.0,-4937.0,223468.0
1043,-3256.0,-9560.0,-752.0,-2816.0,-19054.0,-6130.0,-5319.0,223474.0
1044,-2616.0,-10456.0,-948.0,-2800.0,-19834.0,-7250.0,-5529.0,223480.0
1045,-2244.0,-11584.0,-804.0,-2864.0,-20486.0,-8273.0,-5572.0,223486.0
1046,-2148.0,-12740.0,-184.0,-2800.0,-20945.0,-9148.0,-5587.0,223493.0
1047,-1748.0,-13492.0,568.0,-2832.0,-21417.0,-10001.0,-5699.0,223499.0
1048,-2068.0,-13940.0,904.0,-2832.0,-21935.0,-10902.0,-5518.0,223505.0
1049,-812.0,-14604.0,1312.0,-2800.0,-22340.0,-11538.0,-5870.0,223511.0
1050,-1988.0,-14896.0,1428.0,-2816.0,-22723.0,-12510.0,-6504.0,223517.0
1051,-2704.0,-15724.0,2040.0,-2848.0,-23090.0,-14030.0,-6554.0,223523.0
1052,-2460.0,-16660.0,2424.0,-2848.0,-23389.0,-15297.0,-6761.0,223529.0
1053,-2324.0,-17420.0,2320.0,-2848.0,-23707.0,-16503.0,-6962.0,223537.0
1054,-1688.0,-18224.0,2472.0,-2816.0,-23942.0,-17700.0,-6994.0,223543.0
1055,-672.0,-19324.0,3240.0,-2848.0,-24041.0,-18731.0,-6919.0,223549.0
1056,288.0,-20216.0,3848.0,-2800.0,-23956.0,-19463.0,-6792.0,223555.0
1057,1692.0,-21160.0,4972.0,-2816.0,-23797.0,-19866.0,-6495.0,223562.0
1058,2852.0,-21640.0,5568.0,-2832.0,-23612.0,-20059.0,-6437.0,223568.0
1059,3656.0,-22160.0,6244.0,-2832.0,-23323.0,-20140.0,-6683.0,223575.0
1060,4808.0,-22380.0,6788.0,-2816.0,-22993.0,-20050.0,-6932.0,223581.0
1061,5856.0,-22796.0,7012.0,-2832.0,-22580.0,-19779.0,-7156.0,223588.0
1062,7816.0,-22804.0,7480.0,-2816.0,-22171.0,-19035.0,-7400.0,223594.0
1063,9528.0,-22972.0,8480.0,-2816.0,-21658.0,-17605.0,-7574.0,223600.0
1064,11052.0,-22812.0,9380.0,-2832.0,-21113.0,-15534.0,-7622.0,223606.0
1065,12984.0,-21832.0,9712.0,-2800.0,-20704.0,-12958.0,-7488.0,223613.0
1066,14196.0,-21508.0,11716.0,-2832.0,-20078.0,-10743.0,-7456.0,223620.0
1067,15188.0,-24556.0,20408.0,-2848.0,-18241.0,-9606.0,-7301.0,223626.0
1068,16700.0,-31952.0,32767.0,-2832.0,-14163.0,-8241.0,-7581.0,223633.0
1069,14528.0,-32768.0,32767.0,-2848.0,-6721.0,-5832.0,-7195.0,223639.0
1070,7704.0,-32768.0,32767.0,-2832.0,-2050.0,-564.0,-5474.0,223645.0
1071,-780.0,-32768.0,32767.0,-2864.0,1397.0,7917.0,-2365.0,223651.0
1072,-9872.0,-31200.0,32767.0,-2816.0,3706.0,15617.0,1369.0,223657.0
1073,-17648.0,-22444.0,21584.0,-2816.0,3569.0,21278.0,4204.0,223664.0
1074,-14892.0,-13100.0,-1332.0,-2816.0,1614.0,23726.0,2883.0,223670.0
1075,-5680.0,-8588.0,-20568.0,-2832.0,339.0,20111.0,-2048.0,223676.0
1076,5416.0,-5596.0,-27104.0,-2832.0,-640.0,10239.0,-6623.0,223682.0
1077,17016.0,-7580.0,-22904.0,-2832.0,-900.0,-1530.0,-7512.0,223689.0
1078,21716.0,-13988.0,-10596.0,-2832.0,291.0,-8336.0,-4037.0,223695.0
1079,12768.0,-18816.0,1600.0,-2816.0,1529.0,-7103.0,7.0,223702.0
1080,1576.0,-19076.0,6968.0,-2848.0,1296.0,-1834.0,2181.0,223708.0
1081,-8064.0,-20376.0,7804.0,-2800.0,646.0,3051.0,1249.0,223714.0
1082,-13456.0,-20332.0,5032.0,-2848.0,369.0,4390.0,-1139.0,223720.0
1083,-11780.0,-18900.0,1212.0,-2832.0,381.0,1865.0,-3239.0,223726.0
1084,-4000.0,-16884.0,-1992.0,-2848.0,532.0,-2143.0,-3592.0,223731.0
1085,6284.0,-16428.0,-4776.0,-2864.0,869.0,-5225.0,-3101.0,223737.0
1086,13700.0,-15720.0,-5756.0,-2832.0,1326.0,-5463.0,-2143.0,223744.0
1087,15240.0,-14564.0,-4480.0,-2816.0,1488.0,-2400.0,-844.0,223750.0
1088,10508.0,-14248.0,-2176.0,-2848.0,1405.0,2031.0,-52.0,223756.0
1089,2600.0,-14980.0,548.0,-2816.0,1247.0,4776.0,-33.0,223762.0
1090,-3616.0,-16384.0,1584.0,-2816.0,1150.0,4847.0,-505.0,223768.0
1091,-6236.0,-17536.0,1360.0,-2832.0,1141.0,2938.0,-1038.0,223774.0
1092,-3980.0,-17448.0,276.0,-2816.0,1117.0,79.0,-1637.0,223780.0
1093,960.0,-17144.0,-1012.0,-2816.0,1101.0,-2009.0,-2008.0,223787.0
1094,5072.0,-16824.0,-1984.0,-2816.0,1163.0,-2552.0,-1877.0,223793.0
1095,6960.0,-16492.0,-2312.0,-2832.0,1349.0,-1798.0,-1481.0,223799.0
1096,5860.0,-15936.0,-1560.0,-2832.0,1473.0,-682.0,-1040.0,223805.0
1097,3332.0,-15644.0,-500.0,-2848.0,1454.0,140.0,-833.0,223811.0
1098,1236.0,-15840.0,396.0,-2816.0,1320.0,330.0,-923.0,223816.0
1099,516.0,-16068.0,680.0,-2848.0,1130.0,-73.0,-1197.0,223822.0
1100,1436.0,-16308.0,472.0,-2832.0,939.0,-607.0,-1347.0,223828.0
1101,3188.0,-16632.0,-260.0,-2864.0,836.0,-833.0,-1331.0,223835.0
1102,4380.0,-16768.0,-664.0,-2832.0,874.0,-711.0,-1191.0,223841.0
1103,5052.0,-16660.0,-1128.0,-2832.0,991.0,-407.0,-967.0,223846.0
1104,4692.0,-16172.0,-848.0,-2816.0,1006.0,-148.0,-760.0,223852.0
1105,3860.0,-15968.0,-448.0,-2816.0,979.0,200.0,-623.0,223858.0
1106,3208.0,-16140.0,-524.0,-2864.0,958.0,412.0,-561.0,223864.0
1107,2616.0,-16376.0,-676.0,-2864.0,1028.0,429.0,-554.0,223870.0
1108,2460.0,-16504.0,-732.0,-2832.0,1072.0,275.0,-578.0,223876.0
1109,2588.0,-16472.0,-812.0,-2800.0,1140.0,46.0,-565.0,223882.0
1110,2768.0,-16588.0,-936.0,-2848.0,1252.0,-212.0,-517.0,223888.0
1111,2892.0,-16496.0,-1104.0,-2816.0,1330.0,-449.0,-474.0,223894.0
1112,3036.0,-16360.0,-996.0,-2832.0,1401.0,-553.0,-420.0,223900.0
1113,3012.0,-16380.0,-864.0,-2832.0,1554.0,-514.0,-354.0,223906.0
1114,3024.0,-16712.0,-800.0,-2848.0,1648.0,-367.0,-327.0,223911.0
1115,2760.0,-16488.0,-664.0,-2816.0,1769.0,-426.0,-364.0,223918.0
1116,2996.0,-16256.0,-720.0,-2848.0,1818.0,-617.0,-327.0,223924.0
1117,3272.0,-16136.0,-712.0,-2848.0,1891.0,-775.0,-313.0,223930.0
1118,3648.0,-16164.0,-596.0,-2816.0,1922.0,-782.0,-268.0,223936.0
1119,3808.0,-16148.0,-392.0,-2848.0,1909.0,-661.0,-157.0,223941.0
1120,3864.0,-16268.0,-384.0,-2832.0,1916.0,-411.0,-100.0,223947.0
1121,3652.0,-16188.0,-208.0,-2832.0,1914.0,-250.0,-8.0,223953.0
1122,3272.0,-16048.0,-68.0,-2784.0,1902.0,-82.0,-29.0,223960.0
1123,4168.0,-16300.0,44.0,-2864.0,1924.0,111.0,231.0,223965.0
1124,2996.0,-15788.0,152.0,-2848.0,1753.0,406.0,-45.0,223971.0
1125,2852.0,-16168.0,76.0,-2832.0,1669.0,415.0,191.0,223977.0
1126,2492.0,-16112.0,300.0,-2832.0,1627.0,374.0,-50.0,223983.0
1127,2244.0,-15940.0,480.0,-2848.0,1498.0,205.0,-151.0,223988.0
1128,2468.0,-16088.0,448.0,-2832.0,1414.0,12.0,-188.0,223994.0
1129,2596.0,-16296.0,316.0,-2832.0,1326.0,13.0,-170.0,224001.0
1130,2844.0,-16288.0,324.0,-2848.0,1262.0,9.0,-198.0,224007.0
1131,2916.0,-16220.0,252.0,-2864.0,1196.0,17.0,-178.0,224012.0
1132,2976.0,-16144.0,392.0,-2816.0,1101.0,26.0,-190.0,224018.0
1133,3136.0,-16080.0,220.0,-2816.0,979.0,60.0,-190.0,224024.0
1134,3056.0,-16120.0,296.0,-2848.0,900.0,97.0,-211.0,224030.0
1135,3104.0,-16172.0,348.0,-2800.0,842.0,162.0,-226.0,224035.0
1136,3132.0,-16256.0,408.0,-2816.0,805.0,179.0,-206.0,224041.0
1137,3196.0,-16112.0,272.0,-2832.0,729.0,160.0,-199.0,224048.0
1138,3148.0,-16192.0,356.0,-2848.0,697.0,200.0,-234.0,224053.0
1139,3096.0,-16188.0,244.0,-2832.0,656.0,202.0,-203.0,224059.0
1140,2968.0,-16208.0,160.0,-2848.0,628.0,213.0,-195.0,224065.0
1141,3100.0,-16308.0,28.0,-2832.0,657.0,249.0,-217.0,224070.0
1142,3096.0,-16200.0,76.0,-2816.0,642.0,225.0,-181.0,224076.0
1143,2964.0,-16244.0,144.0,-2848.0,630.0,227.0,-200.0,224082.0
1144,3136.0,-16348.0,168.0,-2832.0,654.0,199.0,-164.0,224088.0
1145,3084.0,-16308.0,208.0,-2848.0,657.0,205.0,-162.0,224094.0
1146,3076.0,-16256.0,84.0,-2800.0,650.0,235.0,-152.0,224100.0
1147,3104.0,-16236.0,264.0,-2864.0,667.0,225.0,-142.0,224106.0
1148,3112.0,-16232.0,300.0,-2848.0,653.0,217.0,-159.0,224111.0
1149,3120.0,-16136.0,144.0,-2832.0,664.0,174.0,-169.0,224117.0
1150,3240.0,-16008.0,228.0,-2816.0,675.0,201.0,-203.0,224123.0
1151,3188.0,-16176.0,300.0,-2800.0,656.0,246.0,-212.0,224129.0
1152,3040.0,-16104.0,368.0,-2848.0,613.0,312.0,-183.0,224135.0
1153,3044.0,-16288.0,408.0,-2832.0,585.0,354.0,-183.0,224141.0
1154,3176.0,-16132.0,392.0,-2816.0,537.0,378.0,-179.0,224146.0
1155,3140.0,-16232.0,688.0,-2864.0,501.0,428.0,-206.0,224152.0
1156,2940.0,-16176.0,404.0,-2816.0,456.0,427.0,-212.0,224158.0
1157,2900.0,-16276.0,496.0,-2832.0,406.0,492.0,-218.0,224164.0
1158,2904.0,-16228.0,464.0,-2848.0,367.0,527.0,-281.0,224169.0
1159,2868.0,-16292.0,516.0,-2832.0,333.0,549.0,-297.0,224176.0
1160,2864.0,-16368.0,504.0,-2816.0,300.0,540.0,-327.0,224182.0
1161,2952.0,-16536.0,460.0,-2832.0,310.0,539.0,-327.0,224187.0
1162,3156.0,-16272.0,476.0,-2816.0,281.0,538.0,-365.0,224193.0
1163,3396.0,-16084.0,496.0,-2832.0,225.0,567.0,-290.0,224199.0
1164,3368.0,-16404.0,472.0,-2848.0,280.0,662.0,-372.0,224205.0
1165,3164.0,-16072.0,408.0,-2832.0,245.0,694.0,-379.0,224210.0
1166,3036.0,-16084.0,296.0,-2848.0,234.0,669.0,-356.0,224217.0
1167,3188.0,-16180.0,460.0,-2832.0,187.0,729.0,-369.0,224223.0
1168,3180.0,-16220.0,412.0,-2816.0,207.0,795.0,-361.0,224228.0
1169,3200.0,-16336.0,328.0,-2832.0,209.0,845.0,-339.0,224234.0
1170,3264.0,-16328.0,328.0,-2848.0,205.0,810.0,-338.0,224240.0
1171,3212.0,-16216.0,336.0,-2864.0,163.0,820.0,-323.0,224246.0
1172,3232.0,-16304.0,564.0,-2848.0,175.0,829.0,-341.0,224251.0
1173,3220.0,-16308.0,504.0,-2832.0,146.0,834.0,-335.0,224258.0
1174,3196.0,-16304.0,428.0,-2816.0,170.0,854.0,-305.0,224264.0
1175,3184.0,-16140.0,408.0,-2800.0,138.0,873.0,-278.0,224269.0
1176,3312.0,-16184.0,504.0,-2848.0,172.0,888.0,-287.0,224275.0
1177,3384.0,-16044.0,416.0,-2832.0,167.0,931.0,-252.0,224281.0
1178,3484.0,-16004.0,412.0,-2784.0,166.0,980.0,-240.0,224287.0
1179,3468.0,-16012.0,380.0,-2832.0,148.0,1030.0,-206.0,224292.0
1180,3404.0,-16168.0,488.0,-2832.0,147.0,1103.0,-193.0,224299.0
1181,3140.0,-16220.0,696.0,-2848.0,166.0,1141.0,-192.0,224305.0
1182,3028.0,-16160.0,448.0,-2848.0,153.0,1100.0,-185.0,224311.0
1183,2916.0,-16272.0,432.0,-2832.0,173.0,1046.0,-164.0,224316.0
1184,3000.0,-16204.0,420.0,-2864.0,141.0,935.0,-148.0,224322.0
1185,3136.0,-16188.0,484.0,-2800.0,129.0,850.0,-160.0,224328.0
1186,3268.0,-16364.0,444.0,-2832.0,133.0,744.0,-195.0,224333.0
1187,3264.0,-16184.0,424.0,-2848.0,134.0,717.0,-189.0,224339.0
1188,3416.0,-16172.0,556.0,-2832.0,140.0,701.0,-166.0,224346.0
1189,3360.0,-16236.0,584.0,-2816.0,120.0,746.0,-116.0,224352.0
1190,3404.0,-16136.0,640.0,-2832.0,84.0,796.0,-80.0,224357.0
1191,3384.0,-16136.0,552.0,-2832.0,78.0,821.0,-56.0,224363.0
1192,3268.0,-16048.0,520.0,-2832.0,79.0,882.0,-27.0,224369.0
1193,3336.0,-16196.0,356.0,-2832.0,41.0,885.0,-17.0,224374.0
1194,3324.0,-16132.0,584.0,-2832.0,34.0,840.0,45.0,224380.0
1195,3260.0,-16112.0,584.0,-2800.0,15.0,855.0,26.0,224386.0
1196,3084.0,-16132.0,492.0,-2832.0,43.0,868.0,25.0,224392.0
1197,3148.0,-16128.0,452.0,-2832.0,33.0,862.0,11.0,224398.0
1198,3164.0,-16196.0,500.0,-2832.0,74.0,825.0,23.0,224403.0
1199,3168.0,-16236.0,576.0,-2832.0,84.0,782.0,38.0,224409.0
1200,3116.0,-16148.0,492.0,-2832.0,106.0,759.0,33.0,224414.0
1201,3104.0,-15968.0,672.0,-2848.0,81.0,734.0,26.0,224420.0
1202,3084.0,-16000.0,572.0,-2816.0,90.0,753.0,52.0,224427.0
1203,2988.0,-15980.0,612.0,-2816.0,69.0,698.0,52.0,224432.0
1204,2932.0,-15984.0,708.0,-2848.0,52.0,684.0,36.0,224438.0
1205,3072.0,-15980.0,540.0,-2832.0,92.0,603.0,4.0,224443.0
1206,3144.0,-15944.0,484.0,-2816.0,98.0,540.0,40.0,224449.0
1207,3152.0,-15904.0,504.0,-2816.0,139.0,494.0,39.0,224455.0
1208,3196.0,-16068.0,564.0,-2864.0,144.0,409.0,13.0,224460.0
1209,3192.0,-16216.0,460.0,-2832.0,212.0,306.0,55.0,224466.0
1210,3224.0,-16124.0,464.0,-2848.0,199.0,254.0,33.0,224473.0
1211,3328.0,-16196.0,620.0,-2816.0,198.0,237.0,26.0,224478.0
1212,3248.0,-16260.0,588.0,-2832.0,185.0,276.0,24.0,224484.0
1213,3192.0,-16220.0,832.0,-2832.0,147.0,326.0,35.0,224489.0
1214,3064.0,-16228.0,748.0,-2832.0,151.0,361.0,27.0,224495.0
1215,3044.0,-16128.0,796.0,-2816.0,114.0,381.0,30.0,224501.0
1216,3032.0,-16168.0,716.0,-2832.0,76.0,409.0,12.0,224506.0
1217,3024.0,-16236.0,732.0,-2832.0,71.0,389.0,19.0,224513.0
1218,3084.0,-16284.0,876.0,-2800.0,38.0,359.0,11.0,224519.0
1219,3148.0,-16044.0,784.0,-2832.0,21.0,346.0,23.0,224524.0
1220,3384.0,-15784.0,680.0,-2800.0,-33.0,374.0,111.0,224530.0
1221,3216.0,-16364.0,724.0,-2784.0,45.0,385.0,8.0,224535.0
1222,3212.0,-16148.0,576.0,-2864.0,37.0,300.0,58.0,224541.0
1223,3220.0,-16016.0,644.0,-2800.0,11.0,255.0,36.0,224547.0
1224,3292.0,-16024.0,692.0,-2848.0,11.0,244.0,72.0,224552.0
1225,3384.0,-16228.0,744.0,-2848.0,18.0,288.0,72.0,224559.0
1226,3288.0,-16180.0,772.0,-2848.0,27.0,308.0,111.0,224564.0
1227,3280.0,-16164.0,708.0,-2848.0,29.0,299.0,142.0,224570.0
1228,3280.0,-16196.0,592.0,-2832.0,48.0,264.0,150.0,224576.0
1229,3320.0,-16196.0,656.0,-2832.0,29.0,216.0,170.0,224581.0
1230,3108.0,-16072.0,528.0,-2816.0,60.0,227.0,178.0,224587.0
1231,2984.0,-16232.0,596.0,-2880.0,82.0,196.0,219.0,224593.0
1232,2972.0,-16224.0,740.0,-2832.0,83.0,164.0,189.0,224599.0
1233,3024.0,-16108.0,760.0,-2800.0,104.0,82.0,191.0,224605.0
1234,3120.0,-16156.0,660.0,-2848.0,77.0,54.0,210.0,224611.0
1235,3312.0,-16292.0,724.0,-2848.0,95.0,43.0,200.0,224616.0
1236,3312.0,-16204.0,780.0,-2816.0,104.0,8.0,183.0,224622.0
1237,3292.0,-16216.0,716.0,-2832.0,87.0,-4.0,168.0,224627.0
1238,3296.0,-16348.0,724.0,-2832.0,66.0,5.0,182.0,224633.0
1239,3340.0,-16124.0,924.0,-2832.0,20.0,42.0,215.0,224638.0
1240,3340.0,-16156.0,820.0,-2832.0,-11.0,108.0,222.0,224645.0
1241,3276.0,-15972.0,848.0,-2832.0,-51.0,204.0,259.0,224651.0
1242,3360.0,-16056.0,892.0,-2848.0,-113.0,315.0,294.0,224656.0
1243,3248.0,-16208.0,872.0,-2864.0,-131.0,372.0,241.0,224662.0
1244,3084.0,-16276.0,844.0,-2784.0,-106.0,397.0,264.0,224668.0
1245,3028.0,-16168.0,656.0,-2832.0,-95.0,350.0,260.0,224673.0
1246,3064.0,-16148.0,736.0,-2816.0,-121.0,366.0,236.0,224679.0
1247,3072.0,-16236.0,712.0,-2832.0,-112.0,317.0,224.0,224686.0
1248,3016.0,-16264.0,800.0,-2816.0,-137.0,316.0,222.0,224692.0
1249,3084.0,-16256.0,728.0,-2832.0,-168.0,286.0,219.0,224697.0
1250,3056.0,-16216.0,760.0,-2816.0,-166.0,293.0,214.0,224703.0
1251,2984.0,-16084.0,724.0,-2832.0,-187.0,315.0,234.0,224709.0
1252,3068.0,-16096.0,948.0,-2848.0,-184.0,307.0,243.0,224714.0
1253,3128.0,-16204.0,708.0,-2832.0,-210.0,337.0,227.0,224720.0
1254,3092.0,-16088.0,676.0,-2848.0,-177.0,371.0,240.0,224727.0
1255,3044.0,-16108.0,712.0,-2832.0,-202.0,316.0,256.0,224733.0
1256,3116.0,-16028.0,712.0,-2848.0,-200.0,252.0,269.0,224738.0
1257,3104.0,-16044.0,784.0,-2864.0,-218.0,204.0,318.0,224744.0
1258,3244.0,-16020.0,652.0,-2816.0,-227.0,204.0,323.0,224750.0
1259,3108.0,-16012.0,620.0,-2832.0,-216.0,187.0,331.0,224755.0
1260,3164.0,-16020.0,760.0,-2816.0,-195.0,195.0,308.0,224761.0
1261,3132.0,-16088.0,672.0,-2832.0,-174.0,258.0,331.0,224768.0
1262,3096.0,-16248.0,544.0,-2848.0,-127.0,202.0,333.0,224774.0
1263,3072.0,-16252.0,676.0,-2832.0,-55.0,212.0,349.0,224779.0
1264,3128.0,-16292.0,788.0,-2832.0,-6.0,173.0,366.0,224785.0
1265,3056.0,-16380.0,632.0,-2816.0,30.0,155.0,366.0,224791.0
1266,3264.0,-16340.0,612.0,-2816.0,48.0,92.0,382.0,224796.0
1267,3068.0,-16468.0,508.0,-2816.0,116.0,108.0,366.0,224802.0
1268,3176.0,-16472.0,780.0,-2800.0,145.0,23.0,397.0,224807.0
1269,3136.0,-16248.0,680.0,-2800.0,139.0,-34.0,431.0,224814.0
1270,3152.0,-16344.0,856.0,-2816.0,105.0,-46.0,422.0,224820.0
1271,3048.0,-16208.0,740.0,-2864.0,87.0,-7.0,424.0,224825.0
1272,3060.0,-16184.0,920.0,-2832.0,61.0,68.0,437.0,224831.0
1273,2940.0,-16240.0,764.0,-2832.0,53.0,142.0,412.0,224837.0
1274,3048.0,-16260.0,596.0,-2800.0,24.0,192.0,414.0,224842.0
1275,2932.0,-16216.0,920.0,-2816.0,-4.0,177.0,357.0,224848.0
1276,2904.0,-16280.0,712.0,-2848.0,12.0,127.0,371.0,224855.0
1277,2912.0,-16192.0,796.0,-2880.0,-2.0,114.0,373.0,224860.0
1278,2836.0,-16176.0,872.0,-2832.0,-48.0,127.0,336.0,224866.0
1279,2940.0,-16216.0,752.0,-2832.0,-52.0,105.0,356.0,224871.0
1280,2824.0,-16220.0,852.0,-2816.0,-59.0,113.0,328.0,224877.0
1281,2820.0,-16092.0,936.0,-2848.0,-95.0,87.0,305.0,224883.0
1282,2880.0,-16248.0,844.0,-2864.0,-85.0,80.0,311.0,224888.0
1283,2928.0,-16272.0,732.0,-2800.0,-60.0,85.0,317.0,224894.0
1284,2996.0,-16192.0,888.0,-2864.0,-79.0,5.0,342.0,224901.0
1285,3108.0,-16124.0,644.0,-2864.0,-69.0,3.0,320.0,224906.0
1286,2980.0,-16212.0,768.0,-2816.0,-60.0,31.0,310.0,224912.0
1287,3036.0,-16140.0,860.0,-2816.0,-44.0,43.0,326.0,224917.0
1288,2960.0,-16160.0,764.0,-2832.0,-77.0,79.0,352.0,224923.0
1289,3076.0,-16268.0,936.0,-2832.0,-75.0,88.0,360.0,224928.0
1290,2952.0,-16164.0,880.0,-2832.0,-81.0,113.0,358.0,224934.0
1291,3008.0,-16168.0,816.0,-2832.0,-63.0,92.0,386.0,224941.0
1292,2956.0,-16244.0,720.0,-2832.0,-68.0,110.0,375.0,224946.0
1293,2968.0,-16188.0,776.0,-2816.0,-40.0,76.0,360.0,224952.0
1294,2940.0,-16192.0,840.0,-2848.0,-49.0,23.0,390.0,224958.0
1295,2932.0,-16120.0,820.0,-2832.0,-27.0,-14.0,363.0,224963.0
1296,2912.0,-16180.0,824.0,-2832.0,-16.0,-28.0,373.0,224969.0
1297,2908.0,-16168.0,896.0,-2864.0,-10.0,-33.0,394.0,224974.0
1298,2916.0,-16144.0,772.0,-2832.0,2.0,13.0,381.0,224980.0
1299,2860.0,-16156.0,732.0,-2832.0,28.0,-9.0,399.0,224987.0
1300,2988.0,-16188.0,704.0,-2832.0,46.0,-29.0,388.0,224992.0
1301,2928.0,-16164.0,776.0,-2832.0,46.0,-75.0,393.0,224998.0
1302,2972.0,-16256.0,764.0,-2832.0,56.0,-85.0,399.0,225003.0
1303,2896.0,-16216.0,720.0,-2832.0,42.0,-92.0,420.0,225009.0
1304,2936.0,-16220.0,864.0,-2832.0,69.0,-103.0,386.0,225015.0
1305,2956.0,-16268.0,836.0,-2816.0,61.0,-66.0,377.0,225020.0
1306,2928.0,-16284.0,980.0,-2848.0,41.0,-72.0,376.0,225027.0
1307,2876.0,-16208.0,912.0,-2848.0,43.0,-70.0,380.0,225033.0
1308,2836.0,-16240.0,812.0,-2816.0,21.0,-74.0,365.0,225038.0
1309,2804.0,-16184.0,820.0,-2800.0,-11.0,-58.0,364.0,225044.0
1310,2772.0,-16188.0,972.0,-2832.0,-18.0,-24.0,353.0,225049.0
1311,2916.0,-16148.0,968.0,-2864.0,-11.0,-31.0,337.0,225055.0
1312,2916.0,-16204.0,880.0,-2800.0,-36.0,3.0,339.0,225061.0
1313,2836.0,-16264.0,812.0,-2832.0,-33.0,35.0,327.0,225067.0
1314,2916.0,-16256.0,776.0,-2864.0,-30.0,25.0,337.0,225073.0
1315,2952.0,-16216.0,1092.0,-2832.0,-27.0,41.0,341.0,225078.0
1316,2904.0,-16212.0,1000.0,-2848.0,-58.0,94.0,322.0,225084.0
1317,2860.0,-16244.0,864.0,-2848.0,-71.0,96.0,304.0,225090.0
1318,2796.0,-16308.0,892.0,-2832.0,-75.0,119.0,307.0,225095.0
1319,2732.0,-16208.0,1056.0,-2800.0,-76.0,121.0,289.0,225101.0
1320,2824.0,-16184.0,896.0,-2816.0,-104.0,169.0,273.0,225107.0
1321,2836.0,-16212.0,824.0,-2832.0,-88.0,144.0,269.0,225113.0
1322,2900.0,-16160.0,960.0,-2816.0,-118.0,125.0,234.0,225119.0
1323,2904.0,-16160.0,920.0,-2848.0,-137.0,107.0,224.0,225125.0
1324,2808.0,-16128.0,788.0,-2832.0,-128.0,117.0,229.0,225130.0
1325,2776.0,-16204.0,908.0,-2816.0,-173.0,132.0,194.0,225136.0
1326,2804.0,-16324.0,808.0,-2864.0,-198.0,159.0,202.0,225142.0
1327,2808.0,-16168.0,940.0,-2816.0,-220.0,195.0,192.0,225148.0
1328,2736.0,-16152.0,912.0,-2832.0,-212.0,226.0,169.0,225154.0
1329,2656.0,-16204.0,680.0,-2816.0,-232.0,179.0,157.0,225160.0
1330,2748.0,-16208.0,1008.0,-2832.0,-256.0,178.0,161.0,225166.0
1331,2740.0,-16308.0,900.0,-2816.0,-270.0,134.0,123.0,225171.0
1332,2692.0,-16184.0,1028.0,-2800.0,-252.0,132.0,133.0,225177.0
1333,2684.0,-16244.0,936.0,-2832.0,-286.0,113.0,123.0,225183.0
1334,2752.0,-16288.0,920.0,-2832.0,-290.0,116.0,87.0,225189.0
1335,2856.0,-16208.0,812.0,-2816.0,-282.0,103.0,91.0,225195.0
1336,2752.0,-16248.0,808.0,-2832.0,-285.0,118.0,66.0,225201.0
1337,2700.0,-16376.0,728.0,-2816.0,-251.0,122.0,85.0,225207.0
1338,2804.0,-16264.0,780.0,-2848.0,-275.0,107.0,77.0,225212.0
1339,2868.0,-16248.0,928.0,-2832.0,-257.0,91.0,83.0,225218.0
1340,2764.0,-16184.0,844.0,-2800.0,-257.0,108.0,70.0,225223.0
1341,2792.0,-16116.0,876.0,-2816.0,-257.0,98.0,72.0,225229.0
1342,2868.0,-16132.0,836.0,-2848.0,-267.0,86.0,75.0,225235.0
1343,2916.0,-16160.0,732.0,-2816.0,-265.0,96.0,36.0,225241.0
1344,2852.0,-16316.0,892.0,-2816.0,-267.0,103.0,58.0,225247.0
1345,2716.0,-16164.0,824.0,-2800.0,-257.0,90.0,60.0,225253.0
1346,2688.0,-16264.0,608.0,-2832.0,-245.0,106.0,25.0,225258.0
1347,2776.0,-16296.0,860.0,-2832.0,-201.0,45.0,35.0,225264.0
1348,2876.0,-16284.0,808.0,-2816.0,-213.0,-11.0,7.0,225270.0
1349,2844.0,-16184.0,648.0,-2800.0,-190.0,21.0,-1.0,225275.0
1350,2740.0,-16400.0,868.0,-2800.0,-191.0,41.0,42.0,225282.0
1351,2792.0,-16340.0,724.0,-2832.0,-221.0,36.0,44.0,225287.0
1352,2696.0,-16092.0,868.0,-2800.0,-217.0,50.0,28.0,225293.0
1353,2760.0,-16140.0,1044.0,-2800.0,-226.0,8.0,33.0,225298.0
1354,2852.0,-16228.0,896.0,-2848.0,-218.0,-8.0,24.0,225304.0
1355,2836.0,-16212.0,960.0,-2832.0,-212.0,8.0,37.0,225310.0
1356,2872.0,-16144.0,836.0,-2832.0,-208.0,15.0,43.0,225315.0
1357,2816.0,-16140.0,688.0,-2832.0,-209.0,7.0,34.0,225321.0
1358,2832.0,-16168.0,796.0,-2832.0,-212.0,-24.0,24.0,225327.0
1359,2888.0,-16224.0,872.0,-2800.0,-215.0,-13.0,34.0,225333.0
1360,2736.0,-16268.0,752.0,-2800.0,-197.0,-10.0,23.0,225339.0
1361,2800.0,-16344.0,836.0,-2800.0,-183.0,25.0,39.0,225344.0
1362,2660.0,-16300.0,1016.0,-2784.0,-180.0,-3.0,41.0,225350.0
1363,2804.0,-16340.0,920.0,-2816.0,-179.0,-1.0,26.0,225355.0
1364,2784.0,-16168.0,768.0,-2816.0,-170.0,-31.0,16.0,225361.0
1365,2756.0,-16312.0,876.0,-2864.0,-155.0,-75.0,19.0,225368.0
1366,2720.0,-16244.0,836.0,-2816.0,-157.0,-82.0,24.0,225373.0
1367,2688.0,-16184.0,852.0,-2816.0,-160.0,-118.0,39.0,225379.0
1368,2776.0,-16256.0,732.0,-2832.0,-162.0,-105.0,51.0,225384.0
1369,2672.0,-16176.0,908.0,-2800.0,-155.0,-140.0,45.0,225390.0
1370,2696.0,-16288.0,788.0,-2848.0,-163.0,-168.0,37.0,225396.0
1371,2680.0,-16208.0,844.0,-2832.0,-123.0,-129.0,15.0,225401.0
1372,2664.0,-16252.0,704.0,-2848.0,-109.0,-182.0,15.0,225408.0
1373,2836.0,-16240.0,808.0,-2784.0,-114.0,-183.0,41.0,225414.0
1374,2808.0,-16216.0,652.0,-2800.0,-106.0,-236.0,32.0,225419.0
1375,2772.0,-16212.0,724.0,-2848.0,-102.0,-262.0,22.0,225425.0
1376,2712.0,-16264.0,904.0,-2832.0,-96.0,-273.0,42.0,225431.0
1377,2812.0,-16232.0,776.0,-2832.0,-76.0,-283.0,21.0,225436.0
1378,2764.0,-16116.0,812.0,-2832.0,-86.0,-295.0,29.0,225442.0
1379,2768.0,-16212.0,688.0,-2832.0,-63.0,-309.0,17.0,225448.0
1380,2840.0,-16204.0,708.0,-2816.0,-32.0,-376.0,32.0,225454.0
1381,2736.0,-16144.0,884.0,-2848.0,-43.0,-412.0,35.0,225460.0
1382,2696.0,-16184.0,788.0,-2848.0,-23.0,-454.0,38.0,225466.0
1383,2772.0,-16188.0,664.0,-2816.0,-7.0,-487.0,30.0,225471.0
1384,2784.0,-16244.0,664.0,-2816.0,-22.0,-478.0,44.0,225477.0
1385,2856.0,-16236.0,868.0,-2816.0,26.0,-487.0,20.0,225482.0
1386,2812.0,-16272.0,676.0,-2800.0,56.0,-528.0,53.0,225488.0
1387,2864.0,-16216.0,744.0,-2832.0,41.0,-552.0,57.0,225495.0
1388,2892.0,-16204.0,892.0,-2832.0,49.0,-557.0,69.0,225500.0
1389,2936.0,-16124.0,856.0,-2800.0,56.0,-548.0,68.0,225506.0
1390,2940.0,-16176.0,660.0,-2832.0,57.0,-519.0,95.0,225511.0
1391,3252.0,-15376.0,1016.0,-2832.0,-75.0,-451.0,395.0,225517.0
1392,3224.0,-16564.0,772.0,-2816.0,65.0,-219.0,100.0,225523.0
1393,2620.0,-16084.0,916.0,-2864.0,64.0,-353.0,140.0,225528.0
1394,2860.0,-16052.0,916.0,-2784.0,34.0,-464.0,109.0,225534.0
1395,3024.0,-16200.0,924.0,-2848.0,11.0,-407.0,103.0,225541.0
1396,2988.0,-16252.0,908.0,-2832.0,2.0,-299.0,156.0,225546.0
1397,2976.0,-16276.0,900.0,-2832.0,25.0,-223.0,153.0,225552.0
1398,2972.0,-16216.0,928.0,-2816.0,1.0,-228.0,158.0,225558.0
1399,3020.0,-16192.0,1060.0,-2816.0,-1.0,-229.0,179.0,225563.0
1400,2840.0,-16176.0,900.0,-2816.0,-16.0,-208.0,178.0,225569.0
1401,2996.0,-16252.0,1016.0,-2832.0,-40.0,-196.0,165.0,225575.0
1402,3036.0,-16296.0,908.0,-2816.0,-64.0,-144.0,173.0,225581.0
1403,2940.0,-16220.0,992.0,-2832.0,-93.0,-141.0,188.0,225587.0
1404,2916.0,-16152.0,1008.0,-2816.0,-120.0,-115.0,193.0,225593.0
1405,2836.0,-16244.0,1080.0,-2832.0,-137.0,-73.0,164.0,225598.0
1406,2776.0,-16120.0,796.0,-2848.0,-179.0,-42.0,186.0,225604.0
