id,AcX,AcY,AcZ,Tmp,GyX,GyY,GyZ,Timer
0,3692.0,-16336.0,1484.0,-2816.0,4862.0,3007.0,1046.0,147487.0
1,4008.0,-16520.0,1384.0,-2832.0,5037.0,2910.0,1078.0,147493.0
2,3932.0,-16388.0,1544.0,-2832.0,5199.0,2833.0,1081.0,147500.0
3,4108.0,-16724.0,1528.0,-2848.0,5382.0,2813.0,1117.0,147506.0
4,4276.0,-16772.0,1620.0,-2832.0,5593.0,2814.0,1190.0,147512.0
5,4448.0,-16684.0,1680.0,-2848.0,5770.0,2809.0,1257.0,147518.0
6,4640.0,-16692.0,1700.0,-2832.0,5989.0,2833.0,1357.0,147524.0
7,4948.0,-16840.0,1636.0,-2864.0,6201.0,2929.0,1468.0,147530.0
8,4652.0,-16712.0,1832.0,-2848.0,6433.0,2972.0,1716.0,147536.0
9,4736.0,-17100.0,1780.0,-2832.0,6665.0,3088.0,1954.0,147543.0
10,4488.0,-17264.0,1940.0,-2848.0,6955.0,3137.0,2229.0,147548.0
11,4520.0,-17244.0,2028.0,-2848.0,7174.0,3166.0,2423.0,147554.0
12,4536.0,-17320.0,2272.0,-2864.0,7395.0,3129.0,2641.0,147560.0
13,4332.0,-17560.0,2432.0,-2864.0,7618.0,3162.0,2872.0,147566.0
14,3948.0,-17520.0,2496.0,-2832.0,7814.0,3095.0,3127.0,147572.0
15,4096.0,-17888.0,2552.0,-2864.0,8041.0,2947.0,3332.0,147578.0
16,4184.0,-17744.0,2824.0,-2848.0,8221.0,2654.0,3495.0,147585.0
17,4168.0,-18100.0,2536.0,-2832.0,8359.0,2554.0,3722.0,147591.0
18,4144.0,-18616.0,2988.0,-2832.0,8523.0,2493.0,3898.0,147597.0
19,4312.0,-18804.0,3504.0,-2848.0,8649.0,2552.0,3923.0,147603.0
20,4192.0,-18892.0,3532.0,-2832.0,8766.0,2743.0,4051.0,147609.0
21,3632.0,-18944.0,3372.0,-2848.0,8841.0,3108.0,4177.0,147615.0
22,2784.0,-19248.0,3428.0,-2848.0,9001.0,3417.0,4442.0,147620.0
23,2116.0,-19432.0,3608.0,-2832.0,9142.0,3549.0,4586.0,147627.0
24,1708.0,-19540.0,3636.0,-2832.0,9329.0,3446.0,4791.0,147633.0
25,1632.0,-19620.0,3584.0,-2848.0,9527.0,3239.0,4910.0,147639.0
26,1928.0,-19988.0,3552.0,-2832.0,9782.0,2993.0,5037.0,147645.0
27,2412.0,-19808.0,3440.0,-2816.0,10022.0,2795.0,5167.0,147651.0
28,3156.0,-19960.0,3344.0,-2832.0,10308.0,2762.0,5273.0,147657.0
29,3812.0,-20060.0,3284.0,-2880.0,10570.0,2870.0,5409.0,147663.0
30,4176.0,-20400.0,3224.0,-2864.0,10831.0,3085.0,5566.0,147670.0
31,3180.0,-21296.0,3440.0,-2848.0,11071.0,3514.0,5987.0,147676.0
32,1228.0,-22796.0,5288.0,-2832.0,11138.0,3441.0,6863.0,147682.0
33,2520.0,-24420.0,5240.0,-2832.0,11250.0,2180.0,7404.0,147688.0
34,6224.0,-23580.0,2960.0,-2816.0,11488.0,1939.0,7334.0,147694.0
35,8972.0,-22180.0,1716.0,-2864.0,11853.0,2632.0,6910.0,147700.0
36,9964.0,-22120.0,2128.0,-2848.0,12147.0,3880.0,6980.0,147706.0
37,9556.0,-23140.0,2556.0,-2864.0,12495.0,5572.0,7168.0,147713.0
38,7828.0,-23592.0,2144.0,-2848.0,12987.0,6864.0,7409.0,147719.0
39,5940.0,-23408.0,2064.0,-2800.0,13547.0,7495.0,7723.0,147725.0
40,4228.0,-23976.0,3172.0,-2864.0,14048.0,7719.0,7966.0,147731.0
41,3540.0,-24848.0,2668.0,-2848.0,14477.0,7685.0,8322.0,147736.0
42,4064.0,-25396.0,1452.0,-2832.0,14948.0,7502.0,8550.0,147742.0
43,5016.0,-25408.0,296.0,-2816.0,15393.0,7506.0,8955.0,147748.0
44,6016.0,-25292.0,-1380.0,-2864.0,15744.0,7753.0,9115.0,147755.0
45,6928.0,-25488.0,-2700.0,-2816.0,15990.0,8087.0,9095.0,147761.0
46,7944.0,-25596.0,-4332.0,-2832.0,16028.0,8378.0,8843.0,147767.0
47,9260.0,-26132.0,-6324.0,-2848.0,15938.0,9113.0,8536.0,147773.0
48,9652.0,-27696.0,-8204.0,-2848.0,16062.0,10256.0,8351.0,147779.0
49,8400.0,-27836.0,-9656.0,-2848.0,16231.0,10802.0,8613.0,147785.0
50,6936.0,-26144.0,-10468.0,-2832.0,16145.0,10867.0,8975.0,147791.0
51,5924.0,-23964.0,-11324.0,-2832.0,15755.0,10752.0,9162.0,147798.0
52,4572.0,-21288.0,-11920.0,-2848.0,15148.0,10541.0,9394.0,147804.0
53,3156.0,-19064.0,-11460.0,-2816.0,14325.0,10178.0,9671.0,147811.0
54,1792.0,-17664.0,-8624.0,-2816.0,13503.0,9023.0,9691.0,147817.0
55,460.0,-16744.0,-2724.0,-2832.0,13295.0,7342.0,9856.0,147823.0
56,-204.0,-17912.0,5120.0,-2832.0,13566.0,5003.0,9969.0,147829.0
57,-660.0,-20096.0,9020.0,-2848.0,13907.0,2399.0,10075.0,147835.0
58,-1276.0,-21472.0,8664.0,-2832.0,13751.0,-105.0,9535.0,147842.0
59,-1592.0,-21236.0,7032.0,-2848.0,13462.0,-2714.0,8637.0,147848.0
60,-872.0,-20660.0,6500.0,-2848.0,13478.0,-5640.0,7648.0,147854.0
61,252.0,-20600.0,6352.0,-2832.0,13891.0,-7738.0,6761.0,147860.0
62,1316.0,-18588.0,2140.0,-2832.0,13695.0,-8685.0,6153.0,147865.0
63,4040.0,-17852.0,4000.0,-2832.0,14748.0,-8333.0,5741.0,147871.0
64,6964.0,-10684.0,-2932.0,-2864.0,13361.0,-6499.0,5839.0,147877.0
65,8792.0,-6976.0,-3872.0,-2848.0,10597.0,-3263.0,5464.0,147884.0
66,6936.0,-8376.0,-3892.0,-2832.0,8453.0,574.0,5254.0,147890.0
67,5140.0,-9036.0,-5400.0,-2832.0,6728.0,2742.0,5175.0,147896.0
68,4156.0,-8980.0,-6924.0,-2848.0,5152.0,3487.0,4791.0,147902.0
69,3084.0,-8644.0,-7148.0,-2848.0,3859.0,3565.0,4746.0,147908.0
70,2084.0,-7952.0,-7000.0,-2848.0,2632.0,3421.0,5090.0,147914.0
71,1196.0,-7796.0,-6152.0,-2832.0,1501.0,3150.0,5245.0,147920.0
72,20.0,-7916.0,-5440.0,-2832.0,604.0,2654.0,5030.0,147927.0
73,-828.0,-7184.0,-5140.0,-2848.0,-555.0,1874.0,4728.0,147932.0
74,-912.0,-6168.0,-4784.0,-2848.0,-2038.0,756.0,4159.0,147938.0
75,-540.0,-5556.0,-4720.0,-2848.0,-3649.0,-427.0,3326.0,147944.0
76,-344.0,-5064.0,-4528.0,-2848.0,-5241.0,-1751.0,2351.0,147950.0
77,-480.0,-4788.0,-3872.0,-2848.0,-6697.0,-3156.0,1531.0,147956.0
78,-580.0,-4800.0,-3144.0,-2832.0,-8092.0,-4452.0,908.0,147962.0
79,-496.0,-4736.0,-2888.0,-2848.0,-9469.0,-5624.0,366.0,147968.0
80,-456.0,-4276.0,-2664.0,-2816.0,-10946.0,-6691.0,-107.0,147974.0
81,-288.0,-4360.0,-2872.0,-2864.0,-12521.0,-7771.0,-533.0,147980.0
82,-120.0,-4316.0,-3268.0,-2832.0,-14079.0,-8658.0,-877.0,147986.0
83,148.0,-4604.0,-3640.0,-2864.0,-15681.0,-9492.0,-1183.0,147992.0
84,592.0,-5020.0,-4048.0,-2848.0,-17252.0,-10248.0,-1409.0,147998.0
85,816.0,-5636.0,-4024.0,-2832.0,-18754.0,-10932.0,-1584.0,148004.0
86,1136.0,-6228.0,-3380.0,-2832.0,-20100.0,-11488.0,-1734.0,148011.0
87,1588.0,-6908.0,-3128.0,-2848.0,-21378.0,-11978.0,-1841.0,148017.0
88,2128.0,-7232.0,-2780.0,-2848.0,-22664.0,-12319.0,-2007.0,148023.0
89,2900.0,-7748.0,-2556.0,-2800.0,-23954.0,-12413.0,-2207.0,148029.0
90,4040.0,-8496.0,-2484.0,-2832.0,-25276.0,-12443.0,-2487.0,148035.0
91,4992.0,-9372.0,-2244.0,-2816.0,-26501.0,-12349.0,-2805.0,148041.0
92,6156.0,-10304.0,-2176.0,-2816.0,-27657.0,-11816.0,-3090.0,148047.0
93,6836.0,-11628.0,-1704.0,-2848.0,-28683.0,-10842.0,-3312.0,148054.0
94,7892.0,-12676.0,-1256.0,-2848.0,-29641.0,-9596.0,-3508.0,148060.0
95,8748.0,-13636.0,-836.0,-2816.0,-30496.0,-8169.0,-3786.0,148066.0
96,8996.0,-14292.0,-264.0,-2864.0,-31219.0,-6575.0,-4062.0,148072.0
97,8928.0,-15092.0,204.0,-2848.0,-31968.0,-4904.0,-4365.0,148078.0
98,8536.0,-15812.0,736.0,-2832.0,-32584.0,-3522.0,-4680.0,148084.0
99,7844.0,-16764.0,1140.0,-2832.0,-32768.0,-2355.0,-5043.0,148090.0
100,7320.0,-17668.0,1512.0,-2848.0,-32768.0,-1346.0,-5479.0,148097.0
101,6940.0,-18720.0,1628.0,-2832.0,-32768.0,-411.0,-5998.0,148104.0
102,6836.0,-19936.0,1784.0,-2848.0,-32768.0,452.0,-6585.0,148110.0
103,6700.0,-20892.0,1768.0,-2816.0,-32768.0,1212.0,-7251.0,148116.0
104,7084.0,-21856.0,2036.0,-2848.0,-32768.0,2049.0,-8017.0,148122.0
105,7480.0,-22600.0,2216.0,-2864.0,-32768.0,2849.0,-8801.0,148128.0
106,7588.0,-23264.0,2348.0,-2864.0,-32768.0,3665.0,-9672.0,148134.0
107,7608.0,-23836.0,2324.0,-2864.0,-32768.0,4408.0,-10638.0,148141.0
108,7324.0,-24520.0,2312.0,-2848.0,-32768.0,5069.0,-11641.0,148147.0
109,6840.0,-24956.0,2292.0,-2848.0,-32768.0,5477.0,-12456.0,148153.0
110,6072.0,-25440.0,2680.0,-2832.0,-32768.0,5669.0,-13420.0,148159.0
111,5388.0,-25828.0,2872.0,-2816.0,-32768.0,5770.0,-14240.0,148165.0
112,4664.0,-26468.0,3592.0,-2816.0,-32768.0,5708.0,-14980.0,148172.0
113,4212.0,-27200.0,4564.0,-2832.0,-32768.0,5471.0,-15659.0,148178.0
114,4000.0,-27732.0,5320.0,-2832.0,-32768.0,5281.0,-16196.0,148185.0
115,4172.0,-28156.0,5436.0,-2848.0,-32768.0,5291.0,-16562.0,148191.0
116,4460.0,-28436.0,5416.0,-2816.0,-32516.0,5758.0,-16745.0,148197.0
117,3988.0,-26452.0,4092.0,-2832.0,-32221.0,6583.0,-16256.0,148203.0
118,96.0,-29940.0,5376.0,-2848.0,-31572.0,7084.0,-16711.0,148209.0
119,4320.0,-29764.0,5744.0,-2832.0,-30773.0,8530.0,-13672.0,148215.0
120,2464.0,-29596.0,6632.0,-2832.0,-29968.0,10161.0,-15146.0,148222.0
121,-1688.0,-29760.0,7932.0,-2832.0,-29053.0,11005.0,-14755.0,148229.0
122,-4800.0,-29820.0,9460.0,-2864.0,-28050.0,11235.0,-13798.0,148235.0
123,-7028.0,-30280.0,11328.0,-2848.0,-26742.0,10502.0,-12463.0,148241.0
124,-9336.0,-30672.0,13500.0,-2864.0,-25095.0,9013.0,-11260.0,148248.0
125,-10368.0,-30528.0,15392.0,-2864.0,-23223.0,7176.0,-10212.0,148254.0
126,-11492.0,-29992.0,17500.0,-2848.0,-20960.0,4963.0,-9617.0,148260.0
127,-12056.0,-29452.0,19196.0,-2848.0,-18586.0,2662.0,-9083.0,148268.0
128,-11752.0,-29012.0,21576.0,-2880.0,-16073.0,536.0,-8589.0,148274.0
129,-11056.0,-28608.0,23612.0,-2864.0,-13505.0,-1086.0,-8062.0,148280.0
130,-10392.0,-27284.0,25328.0,-2832.0,-10906.0,-2025.0,-7126.0,148287.0
131,-10288.0,-26280.0,26844.0,-2816.0,-8054.0,-2361.0,-5883.0,148293.0
132,-10820.0,-25648.0,27928.0,-2848.0,-5136.0,-2444.0,-4312.0,148299.0
133,-11128.0,-24568.0,27780.0,-2816.0,-2188.0,-2922.0,-2429.0,148306.0
134,-11232.0,-24560.0,27260.0,-2848.0,832.0,-3938.0,-464.0,148313.0
135,-10112.0,-23700.0,26200.0,-2848.0,3554.0,-5410.0,1204.0,148319.0
136,-8492.0,-23560.0,25044.0,-2816.0,6195.0,-7029.0,2481.0,148325.0
137,-6372.0,-23324.0,24224.0,-2848.0,8621.0,-8388.0,3381.0,148331.0
138,-4716.0,-22684.0,22704.0,-2848.0,10685.0,-9221.0,3903.0,148337.0
139,-3832.0,-21812.0,19420.0,-2832.0,11897.0,-9696.0,4448.0,148344.0
140,-1976.0,-18096.0,15604.0,-2864.0,12403.0,-10447.0,4453.0,148350.0
141,10740.0,-6776.0,-23372.0,-2848.0,6956.0,-11178.0,566.0,148357.0
142,32767.0,-6220.0,-32768.0,-2816.0,-5106.0,-11472.0,-10821.0,148363.0
143,32767.0,-32768.0,-32768.0,-2864.0,-850.0,-15578.0,-14492.0,148369.0
144,10772.0,-32768.0,-9828.0,-2848.0,12528.0,-11758.0,5526.0,148376.0
145,-6512.0,-25680.0,7636.0,-2832.0,14624.0,5759.0,11916.0,148382.0
146,-25004.0,-24276.0,19292.0,-2832.0,13126.0,16284.0,9548.0,148388.0
147,-24012.0,-27276.0,23660.0,-2848.0,13525.0,8822.0,5543.0,148395.0
148,-12676.0,-31652.0,14452.0,-2864.0,15110.0,-6927.0,-1425.0,148401.0
149,-4216.0,-27820.0,-128.0,-2848.0,15518.0,-14995.0,-1846.0,148408.0
150,6548.0,-20004.0,-7352.0,-2864.0,15334.0,-14870.0,425.0,148414.0
151,14588.0,-13704.0,-5584.0,-2848.0,15097.0,-12949.0,816.0,148420.0
152,11944.0,-11496.0,432.0,-2848.0,14147.0,-10133.0,824.0,148426.0
153,4688.0,-10416.0,4556.0,-2848.0,12104.0,-5705.0,543.0,148432.0
154,812.0,-10856.0,2980.0,-2864.0,10350.0,-4787.0,256.0,148439.0
155,4804.0,-10492.0,-1536.0,-2832.0,9059.0,-8088.0,-947.0,148445.0
156,11420.0,-11388.0,-2748.0,-2816.0,8421.0,-10852.0,-1592.0,148451.0
157,13040.0,-14216.0,-2508.0,-2848.0,8337.0,-8789.0,-519.0,148457.0
158,11360.0,-16524.0,-2432.0,-2848.0,8474.0,-3944.0,897.0,148463.0
159,8180.0,-18308.0,-2780.0,-2832.0,8784.0,162.0,1630.0,148469.0
160,4956.0,-19936.0,-2584.0,-2848.0,9377.0,2603.0,1899.0,148475.0
161,2964.0,-20384.0,-2400.0,-2864.0,9846.0,3898.0,1996.0,148482.0
162,1972.0,-19172.0,-2308.0,-2864.0,9905.0,4522.0,1927.0,148488.0
163,1804.0,-16808.0,-2624.0,-2832.0,9600.0,4838.0,1658.0,148494.0
164,1520.0,-14940.0,-2468.0,-2848.0,9074.0,4988.0,1297.0,148500.0
165,576.0,-13612.0,-2084.0,-2832.0,8436.0,5000.0,710.0,148506.0
166,-936.0,-13596.0,-1900.0,-2832.0,7809.0,4690.0,-112.0,148512.0
167,-2280.0,-14772.0,-1636.0,-2864.0,7398.0,3671.0,-1015.0,148517.0
168,-2908.0,-16252.0,-1560.0,-2848.0,7295.0,2085.0,-1964.0,148524.0
169,-2512.0,-17628.0,-1500.0,-2864.0,7435.0,206.0,-2772.0,148530.0
170,-944.0,-18052.0,-1772.0,-2848.0,7716.0,-1452.0,-3368.0,148536.0
171,1664.0,-17496.0,-1748.0,-2832.0,7921.0,-3000.0,-3499.0,148542.0
172,5320.0,-16128.0,-1564.0,-2848.0,7871.0,-4029.0,-3192.0,148548.0
173,8040.0,-15572.0,-1452.0,-2848.0,7784.0,-4186.0,-2741.0,148554.0
174,9380.0,-15248.0,-1500.0,-2848.0,7744.0,-3517.0,-2143.0,148560.0
175,10044.0,-14828.0,-1656.0,-2848.0,7685.0,-2437.0,-1459.0,148567.0
176,10384.0,-13800.0,-1596.0,-2848.0,7422.0,-1094.0,-741.0,148573.0
177,10188.0,-13588.0,-1168.0,-2848.0,6984.0,591.0,67.0,148580.0
178,8584.0,-14184.0,-976.0,-2848.0,6595.0,2353.0,564.0,148585.0
179,6008.0,-15092.0,-540.0,-2848.0,6329.0,3569.0,858.0,148591.0
180,3940.0,-15680.0,-816.0,-2864.0,6090.0,4117.0,965.0,148597.0
181,2520.0,-16156.0,-864.0,-2864.0,5965.0,3923.0,781.0,148603.0
182,1864.0,-16540.0,-616.0,-2832.0,5942.0,3184.0,512.0,148610.0
183,1768.0,-16752.0,-560.0,-2832.0,5992.0,2227.0,194.0,148616.0
184,1800.0,-16876.0,-520.0,-2864.0,6098.0,1364.0,-67.0,148621.0
185,2476.0,-16744.0,-512.0,-2800.0,6218.0,751.0,-290.0,148627.0
186,3300.0,-16444.0,-820.0,-2832.0,6331.0,353.0,-514.0,148633.0
187,4392.0,-15840.0,-776.0,-2832.0,6373.0,164.0,-568.0,148639.0
188,5252.0,-15284.0,-1132.0,-2816.0,6288.0,237.0,-471.0,148645.0
189,5872.0,-15348.0,-936.0,-2832.0,6178.0,543.0,-253.0,148652.0
190,6020.0,-15396.0,-960.0,-2864.0,6060.0,999.0,43.0,148657.0
191,6340.0,-15524.0,-1212.0,-2848.0,5969.0,1435.0,394.0,148663.0
192,6212.0,-15440.0,-1432.0,-2832.0,5867.0,1860.0,769.0,148669.0
193,5792.0,-15472.0,-1288.0,-2864.0,5824.0,2168.0,1157.0,148675.0
194,5344.0,-15648.0,-1280.0,-2816.0,5785.0,2215.0,1411.0,148681.0
195,4840.0,-15612.0,-1032.0,-2864.0,5775.0,2124.0,1560.0,148687.0
196,4540.0,-15608.0,-984.0,-2816.0,5748.0,1785.0,1618.0,148694.0
197,4252.0,-15512.0,-840.0,-2864.0,5729.0,1328.0,1617.0,148700.0
198,3876.0,-15656.0,-504.0,-2832.0,5678.0,836.0,1560.0,148706.0
199,3648.0,-15800.0,-520.0,-2832.0,5635.0,279.0,1497.0,148711.0
200,3860.0,-16012.0,244.0,-2832.0,5635.0,-203.0,1460.0,148717.0
201,4052.0,-16140.0,32.0,-2864.0,5639.0,-418.0,1394.0,148723.0
202,4548.0,-15996.0,-316.0,-2864.0,5697.0,-548.0,1390.0,148729.0
203,4904.0,-15892.0,-208.0,-2864.0,5681.0,-543.0,1445.0,148736.0
204,5100.0,-15980.0,176.0,-2832.0,5683.0,-308.0,1525.0,148742.0
205,5076.0,-16044.0,268.0,-2848.0,5697.0,138.0,1560.0,148748.0
206,5000.0,-16076.0,204.0,-2848.0,5730.0,551.0,1614.0,148753.0
207,4992.0,-15876.0,568.0,-2880.0,5718.0,828.0,1669.0,148759.0
208,4672.0,-15796.0,884.0,-2848.0,5654.0,1107.0,1652.0,148765.0
209,4392.0,-15908.0,720.0,-2816.0,5613.0,1269.0,1636.0,148771.0
210,4116.0,-15912.0,896.0,-2864.0,5559.0,1462.0,1625.0,148777.0
211,3936.0,-16144.0,840.0,-2864.0,5520.0,1589.0,1578.0,148784.0
212,3776.0,-16084.0,1028.0,-2832.0,5468.0,1722.0,1509.0,148789.0
213,3928.0,-16072.0,1256.0,-2880.0,5424.0,1774.0,1430.0,148795.0
214,3972.0,-16036.0,1128.0,-2832.0,5413.0,1852.0,1406.0,148801.0
215,4288.0,-15960.0,1352.0,-2832.0,5420.0,1953.0,1406.0,148807.0
216,4132.0,-15912.0,1264.0,-2880.0,5426.0,2181.0,1322.0,148813.0
217,4228.0,-16200.0,1096.0,-2848.0,5461.0,2304.0,1301.0,148819.0
218,4224.0,-16092.0,1256.0,-2832.0,5529.0,2367.0,1239.0,148826.0
219,4236.0,-16184.0,1524.0,-2848.0,5568.0,2486.0,1251.0,148832.0
220,4056.0,-16276.0,1496.0,-2848.0,5607.0,2614.0,1273.0,148838.0
221,4032.0,-16312.0,1668.0,-2864.0,5610.0,2676.0,1279.0,148844.0
222,4200.0,-16248.0,1868.0,-2864.0,5635.0,2726.0,1308.0,148850.0
223,4072.0,-16236.0,1628.0,-2864.0,5662.0,2775.0,1317.0,148856.0
224,4144.0,-16344.0,1556.0,-2832.0,5735.0,2809.0,1341.0,148861.0
225,4116.0,-16556.0,1640.0,-2848.0,5865.0,2804.0,1292.0,148868.0
226,4412.0,-16668.0,1344.0,-2864.0,6050.0,2811.0,1293.0,148874.0
227,4340.0,-16704.0,1360.0,-2832.0,6254.0,2917.0,1381.0,148880.0
228,4128.0,-16860.0,1496.0,-2816.0,6422.0,3043.0,1456.0,148886.0
229,4408.0,-16940.0,1792.0,-2864.0,6634.0,3067.0,1490.0,148892.0
230,4432.0,-17112.0,1512.0,-2864.0,6881.0,3039.0,1707.0,148898.0
231,4508.0,-17144.0,1552.0,-2848.0,7139.0,3043.0,1739.0,148904.0
232,4384.0,-17316.0,1584.0,-2832.0,7446.0,3009.0,2251.0,148911.0
233,5868.0,-16944.0,1764.0,-2864.0,7742.0,3302.0,2318.0,148917.0
234,4092.0,-18056.0,1912.0,-2880.0,7991.0,3580.0,2274.0,148923.0
235,4668.0,-18396.0,2008.0,-2832.0,8335.0,3178.0,2714.0,148929.0
236,5064.0,-17020.0,1844.0,-2864.0,8570.0,2978.0,2974.0,148934.0
237,4728.0,-17892.0,2408.0,-2848.0,8827.0,3243.0,3442.0,148940.0
238,3484.0,-17948.0,2792.0,-2864.0,9123.0,3405.0,3542.0,148946.0
239,2888.0,-18124.0,2936.0,-2848.0,9398.0,3117.0,3712.0,148953.0
240,2728.0,-18368.0,3076.0,-2848.0,9655.0,2829.0,3918.0,148959.0
241,2968.0,-18804.0,3292.0,-2832.0,9924.0,2720.0,4125.0,148965.0
242,3128.0,-19056.0,3492.0,-2880.0,10211.0,2587.0,4405.0,148971.0
243,3208.0,-19196.0,3288.0,-2864.0,10421.0,2629.0,4878.0,148977.0
244,3268.0,-19956.0,3560.0,-2832.0,10692.0,2719.0,5382.0,148983.0
245,3044.0,-20724.0,3376.0,-2864.0,11012.0,2868.0,5879.0,148989.0
246,3732.0,-21000.0,3076.0,-2848.0,11390.0,2922.0,6162.0,148996.0
247,4592.0,-21512.0,2660.0,-2864.0,11811.0,2995.0,6586.0,149002.0
248,5432.0,-22076.0,2424.0,-2848.0,12257.0,3260.0,6840.0,149008.0
249,5924.0,-22872.0,2500.0,-2832.0,12795.0,3476.0,7122.0,149014.0
250,5460.0,-23516.0,2588.0,-2816.0,13286.0,3846.0,7699.0,149020.0
251,4220.0,-24488.0,3392.0,-2832.0,13668.0,3851.0,8429.0,149026.0
252,4544.0,-26568.0,3452.0,-2848.0,14068.0,3086.0,8859.0,149032.0
253,6500.0,-27248.0,2136.0,-2832.0,14609.0,2613.0,8918.0,149039.0
254,8192.0,-27128.0,1148.0,-2848.0,15206.0,2969.0,8852.0,149044.0
255,9208.0,-27120.0,1136.0,-2864.0,15800.0,4065.0,9015.0,149050.0
256,8688.0,-27888.0,824.0,-2864.0,16454.0,5397.0,9309.0,149056.0
257,7768.0,-28508.0,240.0,-2832.0,17178.0,6221.0,9500.0,149062.0
258,7296.0,-29156.0,-28.0,-2848.0,17948.0,6641.0,9478.0,149068.0
259,7460.0,-29592.0,-760.0,-2880.0,18679.0,6949.0,9490.0,149074.0
260,8080.0,-31036.0,1180.0,-2864.0,19692.0,7428.0,9467.0,149081.0
261,7604.0,-31652.0,-208.0,-2880.0,20332.0,7857.0,9854.0,149087.0
262,9080.0,-32004.0,-1540.0,-2832.0,20866.0,8384.0,9653.0,149093.0
263,10700.0,-32044.0,-3512.0,-2880.0,21065.0,9324.0,9463.0,149099.0
264,11576.0,-32768.0,-7776.0,-2816.0,21406.0,11366.0,9233.0,149105.0
265,11412.0,-32768.0,-12864.0,-2848.0,21752.0,12558.0,9532.0,149111.0
266,10868.0,-32768.0,-18388.0,-2880.0,21549.0,13174.0,9972.0,149117.0
267,10592.0,-29860.0,-21484.0,-2896.0,20893.0,13188.0,10194.0,149124.0
268,9040.0,-26256.0,-21532.0,-2848.0,19879.0,13054.0,10615.0,149130.0
269,6948.0,-21892.0,-19888.0,-2864.0,18334.0,12977.0,11004.0,149137.0
270,5372.0,-18688.0,-16728.0,-2864.0,16607.0,12639.0,10666.0,149143.0
271,3364.0,-16756.0,-11280.0,-2848.0,15058.0,11679.0,10744.0,149149.0
272,2172.0,-16636.0,-2084.0,-2880.0,14149.0,10437.0,10559.0,149155.0
273,1172.0,-17108.0,2672.0,-2848.0,13342.0,8887.0,10060.0,149161.0
274,1432.0,-17572.0,3508.0,-2880.0,11711.0,7103.0,9034.0,149168.0
275,2132.0,-19132.0,4392.0,-2832.0,10168.0,5139.0,7591.0,149174.0
276,2036.0,-22160.0,5728.0,-2832.0,9875.0,3177.0,6137.0,149180.0
277,1260.0,-24432.0,6112.0,-2832.0,10336.0,2133.0,5389.0,149186.0
278,-904.0,-23024.0,5096.0,-2864.0,11582.0,1282.0,5229.0,149192.0
279,-1084.0,-19084.0,3564.0,-2848.0,12048.0,-686.0,5482.0,149198.0
280,1224.0,-15224.0,4224.0,-2864.0,12128.0,-2994.0,5381.0,149204.0
281,3888.0,-11080.0,4088.0,-2816.0,11606.0,-3867.0,4625.0,149211.0
282,4536.0,-8920.0,3360.0,-2880.0,10370.0,-3212.0,3891.0,149217.0
283,4036.0,-8052.0,2596.0,-2864.0,8917.0,-1533.0,3566.0,149223.0
284,3132.0,-7984.0,752.0,-2864.0,7252.0,170.0,3126.0,149229.0
285,2612.0,-6884.0,-2396.0,-2832.0,5385.0,1766.0,2419.0,149235.0
286,2688.0,-5288.0,-5472.0,-2832.0,3233.0,3011.0,1838.0,149241.0
287,2940.0,-4360.0,-6928.0,-2864.0,1312.0,3756.0,1277.0,149246.0
288,3212.0,-3964.0,-7548.0,-2848.0,-81.0,3777.0,592.0,149253.0
289,3316.0,-2952.0,-7160.0,-2864.0,-1457.0,3019.0,45.0,149259.0
290,3368.0,-1164.0,-6832.0,-2832.0,-3165.0,2033.0,-473.0,149265.0
291,3168.0,4.0,-6460.0,-2864.0,-5053.0,1583.0,-1013.0,149271.0
292,2548.0,64.0,-6132.0,-2848.0,-6838.0,1492.0,-1534.0,149276.0
293,2080.0,-192.0,-5624.0,-2848.0,-8412.0,1429.0,-2170.0,149282.0
294,1452.0,-764.0,-4972.0,-2880.0,-9814.0,1278.0,-2941.0,149288.0
295,1256.0,-1448.0,-3760.0,-2880.0,-11035.0,753.0,-3811.0,149295.0
296,1264.0,-1836.0,-2888.0,-2864.0,-12256.0,103.0,-4582.0,149301.0
297,1456.0,-1900.0,-2760.0,-2832.0,-13619.0,-555.0,-5285.0,149307.0
298,1696.0,-2028.0,-2752.0,-2880.0,-15217.0,-1037.0,-5929.0,149313.0
299,2152.0,-2220.0,-3096.0,-2848.0,-16883.0,-1373.0,-6494.0,149319.0
300,2196.0,-2492.0,-3008.0,-2832.0,-18495.0,-1431.0,-6952.0,149325.0
301,2172.0,-3272.0,-3492.0,-2880.0,-19980.0,-1248.0,-7577.0,149331.0
302,2032.0,-3940.0,-4164.0,-2864.0,-21507.0,-1095.0,-8205.0,149338.0
303,1960.0,-4656.0,-4456.0,-2848.0,-22931.0,-1183.0,-8907.0,149343.0
304,1720.0,-5896.0,-4436.0,-2864.0,-24066.0,-1381.0,-9566.0,149349.0
305,1248.0,-6764.0,-4344.0,-2848.0,-25127.0,-1779.0,-10045.0,149355.0
306,1252.0,-7484.0,-3900.0,-2848.0,-26274.0,-2456.0,-10479.0,149361.0
307,1564.0,-7904.0,-3276.0,-2848.0,-27500.0,-2986.0,-10908.0,149367.0
308,1980.0,-9272.0,-2460.0,-2864.0,-28532.0,-3206.0,-11360.0,149373.0
309,2512.0,-10136.0,-2628.0,-2864.0,-29575.0,-3719.0,-11848.0,149381.0
310,3016.0,-11432.0,-2020.0,-2864.0,-30456.0,-3739.0,-12307.0,149387.0
311,3036.0,-12528.0,-1424.0,-2832.0,-31309.0,-3620.0,-12568.0,149393.0
312,2852.0,-13552.0,-324.0,-2864.0,-32036.0,-3553.0,-12939.0,149399.0
313,2624.0,-14668.0,104.0,-2848.0,-32689.0,-3463.0,-13238.0,149405.0
314,2596.0,-16000.0,868.0,-2848.0,-32768.0,-3365.0,-13553.0,149411.0
315,2920.0,-16928.0,1280.0,-2832.0,-32768.0,-3122.0,-13868.0,149417.0
316,3356.0,-18112.0,1296.0,-2848.0,-32768.0,-2849.0,-14185.0,149424.0
317,3748.0,-19436.0,1220.0,-2832.0,-32768.0,-2449.0,-14442.0,149430.0
318,3608.0,-20476.0,1108.0,-2880.0,-32768.0,-2057.0,-14593.0,149437.0
319,3708.0,-21236.0,1660.0,-2864.0,-32768.0,-1760.0,-14760.0,149443.0
320,3896.0,-22488.0,2036.0,-2832.0,-32768.0,-1427.0,-14973.0,149449.0
321,4244.0,-23804.0,2224.0,-2848.0,-32768.0,-981.0,-15161.0,149455.0
322,4376.0,-25160.0,2540.0,-2864.0,-32768.0,-474.0,-15392.0,149462.0
323,4200.0,-25940.0,2944.0,-2832.0,-32768.0,-122.0,-15645.0,149469.0
324,3808.0,-26776.0,3456.0,-2848.0,-32768.0,34.0,-15848.0,149475.0
325,3016.0,-27624.0,4176.0,-2864.0,-32768.0,-151.0,-16057.0,149481.0
326,2180.0,-28876.0,5244.0,-2832.0,-32768.0,-478.0,-16302.0,149487.0
327,1484.0,-29420.0,5900.0,-2848.0,-32768.0,-927.0,-16632.0,149493.0
328,1008.0,-29584.0,7216.0,-2832.0,-32768.0,-1411.0,-17012.0,149499.0
329,1028.0,-29852.0,8760.0,-2848.0,-32768.0,-1699.0,-17391.0,149506.0
330,1652.0,-30176.0,9404.0,-2832.0,-32768.0,-1714.0,-17792.0,149513.0
331,2488.0,-30700.0,10108.0,-2848.0,-32768.0,-1271.0,-18010.0,149519.0
332,3336.0,-31144.0,10696.0,-2816.0,-32204.0,-350.0,-17996.0,149525.0
333,4124.0,-31488.0,11020.0,-2832.0,-31134.0,912.0,-17595.0,149531.0
334,4668.0,-31696.0,11584.0,-2848.0,-29804.0,2317.0,-16678.0,149537.0
335,4832.0,-31544.0,12556.0,-2864.0,-28352.0,3979.0,-15338.0,149544.0
336,4192.0,-31300.0,13704.0,-2848.0,-26899.0,6081.0,-13880.0,149551.0
337,2556.0,-31216.0,14956.0,-2848.0,-25384.0,8690.0,-12166.0,149557.0
338,-2020.0,-32768.0,16544.0,-2832.0,-23352.0,10876.0,-10279.0,149563.0
339,-9072.0,-31060.0,18852.0,-2864.0,-21611.0,11833.0,-10047.0,149570.0
340,-5416.0,-28848.0,21724.0,-2848.0,-19487.0,11997.0,-5137.0,149576.0
341,-10700.0,-28664.0,24384.0,-2848.0,-16886.0,11877.0,-8400.0,149582.0
342,-18572.0,-28500.0,27144.0,-2864.0,-14071.0,9448.0,-8526.0,149590.0
343,-20780.0,-28976.0,29124.0,-2864.0,-10956.0,5668.0,-7402.0,149596.0
344,-22156.0,-28904.0,30904.0,-2880.0,-7569.0,1917.0,-6109.0,149602.0
345,-22632.0,-27988.0,31588.0,-2816.0,-4077.0,-1224.0,-4466.0,149609.0
346,-22592.0,-27036.0,31876.0,-2832.0,-673.0,-3831.0,-2623.0,149615.0
347,-22784.0,-26228.0,31352.0,-2832.0,2804.0,-6543.0,-780.0,149621.0
348,-21552.0,-25864.0,30144.0,-2864.0,5973.0,-9459.0,1037.0,149627.0
349,-18232.0,-25900.0,28072.0,-2848.0,9100.0,-12204.0,2694.0,149635.0
350,-14328.0,-25120.0,26460.0,-2832.0,11873.0,-14322.0,3919.0,149641.0
351,-10716.0,-24276.0,24472.0,-2832.0,14297.0,-15724.0,4654.0,149647.0
352,-7652.0,-22168.0,20492.0,-2864.0,16105.0,-16341.0,5230.0,149653.0
353,-3648.0,-13136.0,2568.0,-2880.0,14817.0,-16284.0,5152.0,149660.0
354,32767.0,18452.0,-32768.0,-2896.0,-7082.0,-11841.0,-5646.0,149666.0
355,32767.0,-21656.0,-32768.0,-2832.0,-14487.0,-23562.0,-32768.0,149672.0
356,31200.0,-32768.0,-10584.0,-2832.0,16556.0,-28699.0,-2057.0,149680.0
357,8284.0,-21936.0,3352.0,-2864.0,16499.0,6033.0,22868.0,149686.0
358,-29824.0,-17764.0,32767.0,-2832.0,12214.0,29343.0,13644.0,149692.0
359,-32768.0,-32768.0,32767.0,-2816.0,13365.0,20266.0,6328.0,149698.0
360,-31072.0,-32768.0,32767.0,-2864.0,17217.0,-447.0,-1336.0,149704.0
361,-20348.0,-32768.0,-2664.0,-2832.0,17728.0,-14819.0,-1473.0,149711.0
362,1304.0,-17552.0,-14968.0,-2832.0,15984.0,-19626.0,807.0,149718.0
363,22016.0,-4720.0,-2408.0,-2880.0,14774.0,-19005.0,525.0,149724.0
364,18472.0,-6168.0,7756.0,-2848.0,12977.0,-10445.0,-266.0,149730.0
365,5912.0,-15112.0,5976.0,-2848.0,12129.0,-2824.0,981.0,149736.0
366,4616.0,-15496.0,-1320.0,-2896.0,11426.0,-4180.0,436.0,149742.0
367,10012.0,-12212.0,-5308.0,-2864.0,11007.0,-9882.0,-895.0,149748.0
368,13512.0,-13320.0,-3652.0,-2848.0,11639.0,-11579.0,881.0,149754.0
369,13684.0,-16452.0,-1620.0,-2848.0,12412.0,-7224.0,3150.0,149762.0
370,9764.0,-18660.0,-460.0,-2832.0,12479.0,-974.0,3838.0,149768.0
371,3728.0,-17764.0,-152.0,-2864.0,11747.0,3930.0,3360.0,149774.0
372,252.0,-16396.0,-72.0,-2864.0,10744.0,5074.0,2285.0,149780.0
373,1200.0,-17108.0,-744.0,-2864.0,10181.0,4383.0,1553.0,149785.0
374,3420.0,-17448.0,-1668.0,-2848.0,10143.0,4079.0,1087.0,149791.0
375,4188.0,-16012.0,-1516.0,-2864.0,9995.0,4215.0,841.0,149797.0
376,3080.0,-14364.0,-1004.0,-2880.0,9473.0,4703.0,872.0,149804.0
377,1464.0,-13952.0,-760.0,-2848.0,8864.0,5322.0,396.0,149810.0
378,-384.0,-14944.0,-228.0,-2816.0,8347.0,5319.0,-612.0,149816.0
379,-1740.0,-15688.0,44.0,-2880.0,7833.0,4137.0,-1351.0,149822.0
380,-1332.0,-16012.0,-388.0,-2848.0,7354.0,2019.0,-1851.0,149828.0
381,984.0,-15912.0,-864.0,-2832.0,7023.0,-226.0,-2327.0,149834.0
382,3908.0,-15508.0,-1076.0,-2864.0,6730.0,-1645.0,-2543.0,149839.0
383,7004.0,-14968.0,-1060.0,-2848.0,6386.0,-1992.0,-2427.0,149846.0
384,9384.0,-14532.0,-1264.0,-2864.0,6036.0,-1023.0,-1944.0,149852.0
385,10380.0,-14020.0,-1384.0,-2880.0,5671.0,818.0,-1334.0,149858.0
386,9236.0,-14388.0,-1224.0,-2864.0,5462.0,2718.0,-964.0,149864.0
387,7976.0,-14580.0,-520.0,-2848.0,5208.0,3939.0,-512.0,149870.0
388,7164.0,-14748.0,-704.0,-2848.0,4883.0,4782.0,-203.0,149876.0
389,6336.0,-15000.0,-744.0,-2848.0,4679.0,5225.0,-112.0,149882.0
390,5432.0,-15028.0,-644.0,-2848.0,4485.0,5146.0,-52.0,149889.0
391,4728.0,-15380.0,-644.0,-2816.0,4324.0,4703.0,-13.0,149895.0
392,4772.0,-15552.0,-848.0,-2848.0,4222.0,4236.0,11.0,149900.0
393,5056.0,-15792.0,-844.0,-2880.0,4107.0,3864.0,49.0,149906.0
394,5396.0,-15964.0,-800.0,-2848.0,4043.0,3881.0,112.0,149912.0
395,5440.0,-16096.0,-1012.0,-2848.0,4060.0,4109.0,230.0,149918.0
396,5640.0,-15876.0,-1108.0,-2848.0,4077.0,4342.0,321.0,149924.0
397,5708.0,-16068.0,-1144.0,-2896.0,4144.0,4497.0,454.0,149931.0
398,5760.0,-16040.0,-1288.0,-2880.0,4214.0,4531.0,618.0,149936.0
399,5856.0,-16152.0,-1580.0,-2848.0,4313.0,4580.0,785.0,149942.0
400,5868.0,-16000.0,-1628.0,-2864.0,4456.0,4503.0,933.0,149948.0
401,6132.0,-15872.0,-1592.0,-2864.0,4602.0,4385.0,1096.0,149954.0
402,6420.0,-15828.0,-1456.0,-2880.0,4742.0,4275.0,1363.0,149960.0
403,6616.0,-15776.0,-1604.0,-2864.0,4868.0,4442.0,1587.0,149966.0
404,6448.0,-15956.0,-1416.0,-2880.0,5107.0,4600.0,1728.0,149972.0
405,6204.0,-15928.0,-1424.0,-2864.0,5255.0,4517.0,1886.0,149979.0
406,5816.0,-15764.0,-816.0,-2880.0,5299.0,4238.0,2052.0,149985.0
407,5208.0,-15676.0,-408.0,-2864.0,5330.0,4044.0,2130.0,149991.0
408,5104.0,-15588.0,-100.0,-2864.0,5332.0,3797.0,2208.0,149997.0
409,5248.0,-15628.0,144.0,-2848.0,5307.0,3547.0,2192.0,150003.0
410,5492.0,-15380.0,-1328.0,-2848.0,5357.0,4059.0,2322.0,150009.0
411,11700.0,-15356.0,612.0,-2864.0,5156.0,6884.0,2173.0,150016.0
412,920.0,-13288.0,84.0,-2848.0,4544.0,7116.0,2582.0,150021.0
413,-3768.0,-15812.0,1364.0,-2848.0,4752.0,1908.0,3175.0,150027.0
414,1852.0,-17240.0,20.0,-2864.0,4877.0,1939.0,1726.0,150033.0
415,11228.0,-14872.0,2076.0,-2864.0,4244.0,2462.0,1950.0,150039.0
416,4236.0,-17700.0,928.0,-2848.0,4922.0,1961.0,2078.0,150045.0
417,4944.0,-14096.0,664.0,-2832.0,4425.0,1672.0,2095.0,150051.0
418,5928.0,-16728.0,828.0,-2864.0,4595.0,2409.0,2022.0,150057.0
419,4696.0,-15540.0,1108.0,-2864.0,4472.0,2634.0,2090.0,150064.0
420,4600.0,-16304.0,1132.0,-2848.0,4469.0,2812.0,2062.0,150070.0
421,4192.0,-16152.0,1456.0,-2864.0,4448.0,2826.0,2025.0,150076.0
422,4656.0,-16400.0,1324.0,-2880.0,4401.0,2900.0,1977.0,150081.0
423,4860.0,-16596.0,1412.0,-2848.0,4366.0,3022.0,1882.0,150087.0
424,5388.0,-16528.0,1320.0,-2864.0,4326.0,3214.0,1686.0,150093.0
425,5876.0,-16540.0,1160.0,-2848.0,4283.0,3552.0,1511.0,150099.0
426,5104.0,-16140.0,1356.0,-2848.0,4265.0,3737.0,1717.0,150106.0
427,4684.0,-16492.0,1780.0,-2864.0,4270.0,4091.0,1785.0,150112.0
428,4464.0,-16540.0,1308.0,-2864.0,4323.0,4241.0,1660.0,150118.0
429,4856.0,-16712.0,1424.0,-2880.0,4367.0,4277.0,1647.0,150124.0
430,5400.0,-16752.0,1132.0,-2864.0,4457.0,4361.0,1540.0,150130.0
431,5624.0,-16736.0,1200.0,-2848.0,4568.0,4545.0,1488.0,150136.0
432,5572.0,-16720.0,1000.0,-2816.0,4707.0,4771.0,1476.0,150142.0
433,5180.0,-16516.0,836.0,-2832.0,4842.0,4969.0,1554.0,150148.0
434,4584.0,-16624.0,1092.0,-2864.0,5006.0,5063.0,1642.0,150154.0
435,3888.0,-16804.0,1316.0,-2880.0,5228.0,5037.0,1733.0,150160.0
436,3352.0,-16880.0,1552.0,-2864.0,5433.0,4914.0,1827.0,150166.0
437,3072.0,-16832.0,1788.0,-2832.0,5678.0,4671.0,1890.0,150172.0
438,3012.0,-16912.0,1556.0,-2848.0,5916.0,4377.0,1964.0,150178.0
439,2864.0,-16664.0,1604.0,-2864.0,6106.0,4083.0,1967.0,150184.0
440,3236.0,-17312.0,1420.0,-2864.0,6508.0,3741.0,2526.0,150191.0
441,2568.0,-16604.0,1940.0,-2880.0,6657.0,4012.0,2048.0,150197.0
442,1756.0,-17116.0,2088.0,-2832.0,6902.0,3456.0,2516.0,150203.0
443,2224.0,-16944.0,2216.0,-2864.0,7156.0,3023.0,2997.0,150209.0
444,2380.0,-17272.0,2372.0,-2848.0,7399.0,2685.0,3093.0,150215.0
445,2768.0,-17340.0,2292.0,-2864.0,7601.0,2186.0,3165.0,150220.0
446,3336.0,-17540.0,2636.0,-2864.0,7809.0,1754.0,3362.0,150226.0
447,3456.0,-17680.0,2616.0,-2848.0,8040.0,1532.0,3413.0,150233.0
448,3648.0,-17580.0,2664.0,-2864.0,8236.0,1458.0,3580.0,150239.0
449,3576.0,-17540.0,2888.0,-2864.0,8412.0,1513.0,3819.0,150245.0
450,3252.0,-17424.0,2820.0,-2880.0,8569.0,1645.0,3961.0,150251.0
451,2872.0,-17628.0,3048.0,-2864.0,8750.0,1674.0,4220.0,150257.0
452,2552.0,-17608.0,3440.0,-2864.0,8871.0,1637.0,4465.0,150263.0
453,2324.0,-17912.0,3416.0,-2848.0,9053.0,1572.0,4659.0,150269.0
454,2256.0,-18140.0,3372.0,-2864.0,9239.0,1419.0,4838.0,150276.0
455,2292.0,-18340.0,3248.0,-2848.0,9462.0,1196.0,4966.0,150282.0
456,1960.0,-18392.0,3228.0,-2848.0,9699.0,972.0,5031.0,150288.0
457,2216.0,-18604.0,3232.0,-2848.0,9989.0,713.0,5238.0,150293.0
458,2324.0,-18652.0,3144.0,-2896.0,10277.0,672.0,5398.0,150299.0
459,2448.0,-18820.0,3236.0,-2864.0,10608.0,569.0,5690.0,150305.0
460,2848.0,-19032.0,3344.0,-2848.0,10894.0,551.0,5891.0,150311.0
461,3068.0,-19304.0,3512.0,-2864.0,11184.0,579.0,6101.0,150318.0
462,3744.0,-19564.0,3516.0,-2832.0,11432.0,649.0,6286.0,150324.0
463,4120.0,-19720.0,3528.0,-2816.0,11738.0,784.0,6509.0,150330.0
464,4868.0,-19864.0,3516.0,-2864.0,12019.0,1019.0,6651.0,150336.0
465,5460.0,-20008.0,3564.0,-2864.0,12313.0,1368.0,6839.0,150342.0
466,6232.0,-20140.0,3248.0,-2864.0,12583.0,2013.0,7043.0,150348.0
467,6468.0,-20460.0,3044.0,-2848.0,12900.0,2771.0,7286.0,150354.0
468,5864.0,-21056.0,2956.0,-2864.0,13163.0,3561.0,7589.0,150361.0
469,2884.0,-21316.0,3604.0,-2848.0,13223.0,4577.0,8400.0,150367.0
470,1972.0,-23884.0,4432.0,-2864.0,13350.0,3836.0,9121.0,150373.0
471,3148.0,-25920.0,3696.0,-2848.0,13608.0,3054.0,9695.0,150378.0
472,5212.0,-25728.0,2876.0,-2864.0,14234.0,3094.0,9551.0,150384.0
473,6060.0,-24504.0,2752.0,-2848.0,14885.0,2959.0,9521.0,150390.0
474,6612.0,-25724.0,1864.0,-2832.0,15532.0,3961.0,9630.0,150396.0
475,5876.0,-27136.0,960.0,-2864.0,16272.0,5017.0,9743.0,150403.0
476,4468.0,-28256.0,-2128.0,-2832.0,16750.0,6105.0,10312.0,150409.0
477,3700.0,-29524.0,-2344.0,-2896.0,17394.0,6772.0,10779.0,150415.0
478,2948.0,-30500.0,-3720.0,-2848.0,17838.0,6504.0,11066.0,150421.0
479,3196.0,-31244.0,-6712.0,-2848.0,18357.0,5716.0,11172.0,150427.0
480,3776.0,-31176.0,-8668.0,-2848.0,18819.0,4826.0,10819.0,150433.0
481,3896.0,-31084.0,-9684.0,-2864.0,19010.0,3971.0,10733.0,150439.0
482,3812.0,-30788.0,-11192.0,-2864.0,18945.0,3431.0,10972.0,150446.0
483,3084.0,-30480.0,-12740.0,-2832.0,18743.0,3330.0,11360.0,150453.0
484,1720.0,-28804.0,-13352.0,-2848.0,18447.0,2716.0,11770.0,150459.0
485,212.0,-26556.0,-13012.0,-2848.0,17884.0,1509.0,12019.0,150465.0
486,-1748.0,-24624.0,-10328.0,-2848.0,17301.0,-307.0,12193.0,150471.0
487,-1796.0,-23656.0,-3292.0,-2864.0,17134.0,-3208.0,12095.0,150477.0
488,-1112.0,-23432.0,6744.0,-2832.0,17441.0,-6090.0,12187.0,150483.0
489,-156.0,-23092.0,10032.0,-2864.0,17270.0,-8180.0,12068.0,150490.0
490,664.0,-22824.0,8144.0,-2832.0,16032.0,-10270.0,11394.0,150496.0
491,1696.0,-22624.0,6284.0,-2864.0,14810.0,-11969.0,10552.0,150502.0
492,3304.0,-22872.0,7436.0,-2832.0,14907.0,-13527.0,9492.0,150508.0
493,4172.0,-22452.0,5784.0,-2896.0,15583.0,-13823.0,8633.0,150514.0
494,5044.0,-21812.0,5944.0,-2864.0,16358.0,-12953.0,8297.0,150520.0
495,5560.0,-19952.0,5140.0,-2848.0,16483.0,-11211.0,8317.0,150526.0
496,5160.0,-15288.0,2012.0,-2848.0,15552.0,-10256.0,8347.0,150533.0
497,6432.0,-9840.0,-2892.0,-2848.0,13891.0,-10961.0,8296.0,150539.0
498,9948.0,-5116.0,-6852.0,-2880.0,10981.0,-10570.0,7904.0,150545.0
499,11200.0,-5240.0,-6268.0,-2864.0,8508.0,-7716.0,7155.0,150551.0
500,9820.0,-7220.0,-6356.0,-2880.0,7010.0,-4824.0,6519.0,150557.0
501,8060.0,-6496.0,-7428.0,-2864.0,5652.0,-3293.0,6401.0,150563.0
502,7056.0,-4364.0,-8004.0,-2864.0,3912.0,-2433.0,6710.0,150569.0
503,5824.0,-3384.0,-7680.0,-2816.0,2030.0,-1716.0,6869.0,150576.0
504,4944.0,-3212.0,-6924.0,-2864.0,303.0,-982.0,6967.0,150582.0
505,4360.0,-3312.0,-5884.0,-2848.0,-1248.0,-273.0,6900.0,150588.0
506,3548.0,-3360.0,-5196.0,-2864.0,-2843.0,295.0,6472.0,150594.0
507,2872.0,-2552.0,-5268.0,-2832.0,-4601.0,432.0,5874.0,150600.0
508,2344.0,-1744.0,-5268.0,-2832.0,-6485.0,-75.0,4936.0,150605.0
509,2364.0,-1336.0,-5252.0,-2864.0,-8329.0,-1148.0,4011.0,150611.0
510,2512.0,-1112.0,-4880.0,-2880.0,-10075.0,-2366.0,3268.0,150618.0
511,2692.0,-1120.0,-4484.0,-2832.0,-11724.0,-3517.0,2648.0,150624.0
512,2860.0,-1260.0,-4236.0,-2848.0,-13376.0,-4376.0,2186.0,150630.0
513,3156.0,-1448.0,-4116.0,-2864.0,-15041.0,-4882.0,1738.0,150636.0
514,3756.0,-1588.0,-4200.0,-2848.0,-16792.0,-5209.0,1318.0,150642.0
515,4268.0,-1840.0,-4408.0,-2864.0,-18519.0,-5380.0,926.0,150648.0
516,4876.0,-2132.0,-4476.0,-2880.0,-20163.0,-5473.0,595.0,150654.0
517,4996.0,-2916.0,-4328.0,-2832.0,-21744.0,-5347.0,304.0,150661.0
518,4896.0,-3856.0,-4272.0,-2848.0,-23230.0,-5295.0,-32.0,150667.0
519,4852.0,-4768.0,-4116.0,-2912.0,-24613.0,-5290.0,-195.0,150673.0
520,4692.0,-5716.0,-3720.0,-2896.0,-25954.0,-5242.0,-487.0,150679.0
521,4584.0,-6648.0,-3268.0,-2864.0,-27158.0,-5113.0,-939.0,150684.0
522,4316.0,-7936.0,-2708.0,-2880.0,-28201.0,-5039.0,-1245.0,150690.0
523,4392.0,-8872.0,-2200.0,-2864.0,-29272.0,-4935.0,-1617.0,150696.0
524,4408.0,-9988.0,-1536.0,-2832.0,-30331.0,-4883.0,-2013.0,150703.0
525,4744.0,-11064.0,-1052.0,-2864.0,-31307.0,-4847.0,-2290.0,150709.0
526,5220.0,-12308.0,-452.0,-2864.0,-32135.0,-4733.0,-2567.0,150715.0
527,5452.0,-13252.0,44.0,-2816.0,-32768.0,-4564.0,-2776.0,150721.0
528,5488.0,-14180.0,728.0,-2864.0,-32768.0,-4342.0,-2994.0,150727.0
529,5616.0,-14972.0,1284.0,-2848.0,-32768.0,-4201.0,-3302.0,150733.0
530,5496.0,-15872.0,1676.0,-2848.0,-32768.0,-4024.0,-3645.0,150739.0
531,5576.0,-16932.0,2060.0,-2864.0,-32768.0,-3959.0,-4042.0,150746.0
532,5864.0,-18116.0,2132.0,-2864.0,-32768.0,-3844.0,-4467.0,150752.0
533,6124.0,-19304.0,2348.0,-2848.0,-32768.0,-3686.0,-4864.0,150758.0
534,6764.0,-20440.0,2804.0,-2880.0,-32768.0,-3414.0,-5197.0,150765.0
535,7112.0,-21608.0,3088.0,-2864.0,-32768.0,-2995.0,-5527.0,150771.0
536,7300.0,-22512.0,3572.0,-2848.0,-32768.0,-2386.0,-5905.0,150777.0
537,7352.0,-23244.0,3672.0,-2880.0,-32768.0,-1872.0,-6314.0,150784.0
538,7344.0,-23912.0,3988.0,-2864.0,-32768.0,-1425.0,-6895.0,150790.0
539,7288.0,-24524.0,4312.0,-2864.0,-32768.0,-1150.0,-7554.0,150796.0
540,7248.0,-25152.0,4856.0,-2848.0,-32768.0,-910.0,-8280.0,150802.0
541,7300.0,-25588.0,5044.0,-2864.0,-32768.0,-611.0,-8953.0,150808.0
542,7188.0,-26316.0,5412.0,-2848.0,-32768.0,-208.0,-9683.0,150815.0
543,6796.0,-26820.0,5548.0,-2848.0,-32768.0,155.0,-10369.0,150821.0
544,6384.0,-27280.0,5980.0,-2864.0,-32768.0,269.0,-10964.0,150828.0
545,5812.0,-27472.0,6928.0,-2864.0,-32768.0,187.0,-11408.0,150834.0
546,5484.0,-27440.0,7784.0,-2832.0,-32768.0,412.0,-11682.0,150840.0
547,5780.0,-27704.0,8356.0,-2864.0,-32768.0,975.0,-11874.0,150846.0
548,6096.0,-27796.0,8844.0,-2864.0,-32768.0,1967.0,-12057.0,150852.0
549,6728.0,-27760.0,9200.0,-2864.0,-32164.0,3212.0,-12199.0,150858.0
550,7700.0,-27920.0,9568.0,-2848.0,-31452.0,4667.0,-12209.0,150864.0
551,8200.0,-28200.0,9812.0,-2864.0,-30587.0,6456.0,-11700.0,150871.0
552,8420.0,-27536.0,10556.0,-2864.0,-29972.0,8458.0,-11268.0,150877.0
553,2108.0,-30032.0,10872.0,-2848.0,-28287.0,9501.0,-12849.0,150884.0
554,9864.0,-28724.0,11936.0,-2880.0,-27212.0,11685.0,-7501.0,150890.0
555,8792.0,-28960.0,12788.0,-2896.0,-25665.0,14576.0,-11070.0,150896.0
556,2880.0,-28028.0,14152.0,-2864.0,-24320.0,16500.0,-12690.0,150902.0
557,832.0,-28428.0,15344.0,-2896.0,-22751.0,16892.0,-12121.0,150909.0
558,180.0,-29060.0,16340.0,-2848.0,-21069.0,16885.0,-12411.0,150916.0
559,-272.0,-29160.0,17224.0,-2896.0,-19113.0,17031.0,-12063.0,150922.0
560,-784.0,-28448.0,18080.0,-2864.0,-17200.0,17793.0,-11029.0,150929.0
561,-3028.0,-27600.0,18540.0,-2896.0,-15111.0,19203.0,-9699.0,150935.0
562,-7684.0,-26232.0,19676.0,-2864.0,-12861.0,20713.0,-8018.0,150941.0
563,-11560.0,-24488.0,20784.0,-2864.0,-10594.0,21219.0,-6422.0,150947.0
564,-14720.0,-23284.0,22120.0,-2848.0,-8210.0,19953.0,-4786.0,150955.0
565,-16144.0,-22316.0,22820.0,-2864.0,-5806.0,17268.0,-3317.0,150961.0
566,-16444.0,-22636.0,23412.0,-2864.0,-3194.0,14338.0,-1848.0,150967.0
567,-16028.0,-23324.0,23892.0,-2864.0,-434.0,11319.0,-796.0,150974.0
568,-15440.0,-23800.0,23972.0,-2880.0,2232.0,8593.0,172.0,150980.0
569,-14516.0,-24016.0,23568.0,-2864.0,4748.0,6056.0,920.0,150986.0
570,-13732.0,-23632.0,22744.0,-2864.0,7113.0,3515.0,1626.0,150992.0
571,-13156.0,-23200.0,21552.0,-2880.0,9153.0,1139.0,2414.0,150999.0
572,-13040.0,-21752.0,17608.0,-2880.0,10813.0,-1466.0,3228.0,151005.0
573,-13540.0,-16164.0,6536.0,-2832.0,10891.0,-5066.0,4160.0,151011.0
574,1164.0,-1616.0,-32768.0,-2880.0,1114.0,-8044.0,388.0,151017.0
575,32767.0,-9896.0,-32768.0,-2848.0,-11793.0,-11436.0,-18286.0,151023.0
576,32767.0,-32768.0,-32768.0,-2912.0,1747.0,-19589.0,-16102.0,151030.0
577,5836.0,-32768.0,844.0,-2880.0,14188.0,-12928.0,13124.0,151036.0
578,-13132.0,-26672.0,24828.0,-2880.0,13662.0,11996.0,14556.0,151043.0
579,-31424.0,-28276.0,32767.0,-2848.0,13320.0,17219.0,8773.0,151049.0
580,-23924.0,-32580.0,27072.0,-2896.0,14311.0,458.0,-219.0,151056.0
581,-16576.0,-31256.0,3044.0,-2864.0,14250.0,-15543.0,-4193.0,151062.0
582,-2568.0,-21848.0,-10684.0,-2896.0,13875.0,-20188.0,-2259.0,151068.0
583,15520.0,-11548.0,-9160.0,-2880.0,13668.0,-19630.0,-886.0,151074.0
584,16540.0,-8428.0,1888.0,-2864.0,12802.0,-14139.0,-1479.0,151081.0
585,5236.0,-13248.0,5420.0,-2896.0,11137.0,-8086.0,-545.0,151088.0
586,3248.0,-14012.0,1048.0,-2864.0,9408.0,-7476.0,42.0,151094.0
587,9528.0,-13768.0,-3912.0,-2864.0,8472.0,-10585.0,-1135.0,151100.0
588,13464.0,-13856.0,-4356.0,-2880.0,8641.0,-12376.0,-1513.0,151106.0
589,14080.0,-13656.0,-3276.0,-2896.0,8987.0,-9259.0,468.0,151112.0
590,12400.0,-14732.0,-3408.0,-2896.0,9347.0,-4628.0,1459.0,151118.0
591,9460.0,-16180.0,-3468.0,-2896.0,9692.0,-1402.0,1941.0,151124.0
592,7396.0,-16716.0,-3332.0,-2880.0,9884.0,25.0,1983.0,151131.0
593,6428.0,-16096.0,-2948.0,-2880.0,9648.0,751.0,2173.0,151137.0
594,6296.0,-16008.0,-2700.0,-2896.0,9226.0,1997.0,2522.0,151143.0
595,5460.0,-16472.0,-2260.0,-2880.0,9140.0,3487.0,2538.0,151149.0
596,3636.0,-16780.0,-1932.0,-2896.0,9202.0,4733.0,2326.0,151155.0
597,1620.0,-16676.0,-1828.0,-2880.0,9244.0,5176.0,1818.0,151161.0
598,488.0,-16436.0,-2260.0,-2832.0,9275.0,4860.0,1123.0,151166.0
599,-124.0,-16920.0,-2384.0,-2880.0,9558.0,3809.0,445.0,151173.0
600,184.0,-17052.0,-1856.0,-2880.0,9868.0,2344.0,-76.0,151179.0
601,860.0,-16952.0,-1360.0,-2880.0,9918.0,1001.0,-452.0,151185.0
602,2280.0,-16208.0,-1212.0,-2880.0,9539.0,-42.0,-699.0,151191.0
603,4348.0,-15272.0,-888.0,-2880.0,8995.0,-465.0,-788.0,151197.0
604,6244.0,-14420.0,-704.0,-2848.0,8409.0,-426.0,-822.0,151202.0
605,7328.0,-14468.0,-1204.0,-2864.0,7868.0,226.0,-730.0,151208.0
606,7820.0,-14400.0,-1456.0,-2880.0,7484.0,1262.0,-392.0,151215.0
607,7644.0,-14312.0,-724.0,-2848.0,7097.0,2463.0,-78.0,151221.0
608,7052.0,-14948.0,-592.0,-2912.0,6831.0,3644.0,185.0,151227.0
609,6416.0,-15924.0,-908.0,-2880.0,6903.0,4498.0,191.0,151233.0
610,5580.0,-14676.0,-1204.0,-2864.0,6770.0,4626.0,245.0,151239.0
611,4928.0,-14668.0,-644.0,-2864.0,6531.0,4313.0,187.0,151244.0
612,4784.0,-14988.0,-572.0,-2896.0,6317.0,3918.0,221.0,151250.0
613,4780.0,-15364.0,-716.0,-2848.0,6134.0,3534.0,284.0,151257.0
614,4984.0,-15352.0,-1048.0,-2848.0,5939.0,3352.0,356.0,151263.0
615,5428.0,-15240.0,-1224.0,-2880.0,5706.0,3316.0,447.0,151269.0
616,5588.0,-15424.0,-1152.0,-2896.0,5511.0,3382.0,584.0,151275.0
617,5556.0,-15612.0,-1324.0,-2880.0,5356.0,3551.0,735.0,151281.0
618,5608.0,-15764.0,-1700.0,-2912.0,5276.0,3767.0,899.0,151287.0
619,5368.0,-15852.0,-1184.0,-2864.0,5195.0,3996.0,1099.0,151293.0
620,5324.0,-16052.0,-1392.0,-2848.0,5149.0,4010.0,1259.0,151300.0
621,5412.0,-15980.0,-1176.0,-2896.0,5097.0,3838.0,1392.0,151305.0
622,5332.0,-15836.0,-1296.0,-2880.0,5044.0,3649.0,1541.0,151311.0
623,5524.0,-15832.0,-1124.0,-2896.0,5027.0,3395.0,1601.0,151317.0
624,5584.0,-15788.0,-1012.0,-2880.0,5040.0,3299.0,1729.0,151323.0
625,5628.0,-15712.0,-872.0,-2864.0,5034.0,3297.0,1829.0,151329.0
626,5676.0,-15768.0,-960.0,-2880.0,5069.0,3320.0,1953.0,151335.0
627,5576.0,-15764.0,-768.0,-2880.0,5073.0,3374.0,2101.0,151342.0
628,5312.0,-15704.0,-696.0,-2896.0,5116.0,3394.0,2110.0,151348.0
629,4756.0,-15964.0,-536.0,-2864.0,5186.0,3233.0,2160.0,151354.0
630,4668.0,-15856.0,-224.0,-2848.0,5190.0,2926.0,2129.0,151360.0
631,4612.0,-15696.0,-12.0,-2896.0,5204.0,2671.0,2145.0,151366.0
632,4532.0,-15672.0,252.0,-2864.0,5184.0,2461.0,2126.0,151372.0
633,4560.0,-15608.0,436.0,-2848.0,5156.0,2300.0,2084.0,151377.0
634,4516.0,-15448.0,764.0,-2880.0,5062.0,2191.0,2140.0,151384.0
635,4476.0,-15648.0,924.0,-2896.0,4932.0,2220.0,2081.0,151390.0
636,4288.0,-15788.0,804.0,-2896.0,4869.0,2216.0,2095.0,151396.0
637,4256.0,-15832.0,1020.0,-2864.0,4796.0,2205.0,2056.0,151402.0
638,4136.0,-15880.0,668.0,-2912.0,4744.0,2144.0,2008.0,151408.0
639,4148.0,-15848.0,1140.0,-2880.0,4678.0,2074.0,1970.0,151414.0
640,4108.0,-16020.0,1196.0,-2896.0,4594.0,2076.0,1930.0,151420.0
641,4088.0,-16244.0,1152.0,-2880.0,4551.0,2091.0,1917.0,151427.0
642,4392.0,-16124.0,1172.0,-2880.0,4529.0,2133.0,1892.0,151432.0
643,4120.0,-16204.0,1332.0,-2864.0,4468.0,2239.0,1881.0,151438.0
644,4044.0,-16440.0,1308.0,-2880.0,4469.0,2223.0,1845.0,151444.0
645,4188.0,-16544.0,944.0,-2896.0,4513.0,2176.0,1845.0,151450.0
646,4392.0,-16392.0,1072.0,-2896.0,4513.0,2193.0,1825.0,151456.0
647,4468.0,-16324.0,976.0,-2880.0,4554.0,2269.0,1799.0,151462.0
648,4620.0,-16340.0,1072.0,-2848.0,4578.0,2374.0,1843.0,151469.0
649,4600.0,-16276.0,1260.0,-2864.0,4596.0,2506.0,1871.0,151475.0
650,4512.0,-16180.0,1160.0,-2864.0,4667.0,2678.0,1930.0,151481.0
651,4416.0,-16096.0,1392.0,-2848.0,4716.0,2744.0,1966.0,151487.0
652,4488.0,-16244.0,1544.0,-2832.0,4825.0,2777.0,2043.0,151492.0
653,4300.0,-15744.0,892.0,-2848.0,4815.0,2679.0,1517.0,151498.0
654,5580.0,-17744.0,928.0,-2880.0,5181.0,2625.0,2678.0,151504.0
655,4768.0,-15396.0,1740.0,-2880.0,5074.0,3414.0,2058.0,151511.0
656,3224.0,-16560.0,1364.0,-2896.0,5215.0,3087.0,2266.0,151517.0
657,3176.0,-16800.0,1656.0,-2896.0,5375.0,2839.0,2210.0,151523.0
658,3604.0,-17404.0,1928.0,-2880.0,5565.0,2677.0,2255.0,151529.0
659,3988.0,-16724.0,1276.0,-2896.0,5755.0,2493.0,2287.0,151535.0
660,3756.0,-17292.0,1168.0,-2880.0,6028.0,2478.0,2413.0,151541.0
661,3628.0,-16908.0,1608.0,-2896.0,6265.0,2348.0,2317.0,151547.0
662,3692.0,-17152.0,1452.0,-2864.0,6500.0,2148.0,2602.0,151554.0
663,3924.0,-17348.0,1788.0,-2880.0,6752.0,2275.0,2916.0,151559.0
664,3660.0,-17460.0,1752.0,-2864.0,7032.0,2434.0,3110.0,151565.0
665,3180.0,-17540.0,1852.0,-2880.0,7339.0,2271.0,3369.0,151571.0
666,2956.0,-17552.0,1876.0,-2912.0,7566.0,2003.0,3549.0,151577.0
667,3208.0,-17516.0,1940.0,-2864.0,7825.0,1633.0,3696.0,151583.0
668,3448.0,-17636.0,2080.0,-2864.0,8071.0,1281.0,3868.0,151589.0
669,3440.0,-17752.0,2276.0,-2880.0,8273.0,1094.0,4022.0,151596.0
670,3680.0,-17820.0,2336.0,-2864.0,8471.0,981.0,4207.0,151602.0
671,3584.0,-17984.0,2668.0,-2848.0,8697.0,943.0,4392.0,151608.0
672,3328.0,-18304.0,2620.0,-2880.0,8893.0,978.0,4604.0,151614.0
673,3344.0,-18768.0,2832.0,-2880.0,9102.0,1019.0,4825.0,151619.0
674,3448.0,-19088.0,2848.0,-2864.0,9345.0,1100.0,5042.0,151625.0
675,3496.0,-19352.0,2488.0,-2880.0,9611.0,1316.0,5272.0,151631.0
676,2988.0,-19436.0,2632.0,-2848.0,9895.0,1493.0,5540.0,151638.0
677,2580.0,-19428.0,2712.0,-2896.0,10228.0,1573.0,5784.0,151644.0
678,2048.0,-19508.0,2660.0,-2848.0,10571.0,1542.0,6037.0,151650.0
679,1856.0,-19484.0,2876.0,-2864.0,10922.0,1345.0,6319.0,151656.0
680,2104.0,-19516.0,2780.0,-2880.0,11293.0,1033.0,6595.0,151662.0
681,2700.0,-19436.0,2824.0,-2864.0,11666.0,796.0,6835.0,151668.0
682,3460.0,-19652.0,2740.0,-2880.0,12021.0,603.0,7012.0,151674.0
683,4228.0,-20004.0,2680.0,-2864.0,12351.0,686.0,7274.0,151681.0
684,3948.0,-20744.0,3148.0,-2880.0,12648.0,1008.0,7780.0,151687.0
685,3356.0,-21816.0,4156.0,-2864.0,12798.0,977.0,8505.0,151693.0
686,4232.0,-23604.0,4244.0,-2880.0,12943.0,291.0,9000.0,151699.0
687,6460.0,-24332.0,2516.0,-2880.0,13284.0,154.0,9137.0,151704.0
688,8492.0,-23660.0,1336.0,-2864.0,13542.0,712.0,9022.0,151710.0
689,8424.0,-23316.0,1612.0,-2880.0,13985.0,1829.0,9204.0,151716.0
690,7044.0,-24384.0,2560.0,-2864.0,14408.0,3212.0,9646.0,151723.0
691,5852.0,-25400.0,2740.0,-2880.0,14926.0,4217.0,10074.0,151729.0
692,4584.0,-25924.0,2460.0,-2848.0,15476.0,4863.0,10522.0,151735.0
693,4472.0,-27176.0,4100.0,-2896.0,16253.0,4889.0,10762.0,151741.0
694,4608.0,-27672.0,2724.0,-2864.0,16702.0,4891.0,11072.0,151747.0
695,6844.0,-28660.0,1240.0,-2880.0,17316.0,4943.0,10680.0,151753.0
696,8832.0,-28352.0,124.0,-2880.0,17753.0,5246.0,10276.0,151759.0
697,11180.0,-28128.0,-1600.0,-2864.0,17859.0,6154.0,9692.0,151766.0
698,12884.0,-29344.0,-4540.0,-2864.0,17825.0,8296.0,9088.0,151772.0
699,13256.0,-31244.0,-8172.0,-2896.0,18015.0,10710.0,8846.0,151778.0
700,11836.0,-30892.0,-11532.0,-2864.0,18095.0,12373.0,9087.0,151784.0
701,9344.0,-28760.0,-12940.0,-2896.0,17942.0,13238.0,9597.0,151791.0
702,6816.0,-25700.0,-13908.0,-2880.0,17377.0,13098.0,9997.0,151797.0
703,4592.0,-23128.0,-13484.0,-2880.0,16808.0,12914.0,10304.0,151803.0
704,2992.0,-20772.0,-13156.0,-2864.0,15867.0,12024.0,10332.0,151810.0
705,1572.0,-18120.0,-12368.0,-2864.0,14739.0,10770.0,10360.0,151816.0
706,488.0,-15748.0,-9116.0,-2864.0,13654.0,8765.0,10213.0,151822.0
707,-160.0,-14612.0,-2580.0,-2864.0,12981.0,5674.0,10126.0,151828.0
708,-204.0,-15220.0,4344.0,-2896.0,12862.0,2276.0,10002.0,151834.0
709,100.0,-16820.0,8720.0,-2880.0,13023.0,-864.0,9407.0,151840.0
710,164.0,-18376.0,9440.0,-2896.0,12670.0,-3652.0,8209.0,151846.0
711,-168.0,-19772.0,9228.0,-2864.0,12322.0,-6088.0,6992.0,151853.0
712,440.0,-20816.0,8900.0,-2864.0,12467.0,-8388.0,5990.0,151859.0
713,1868.0,-20780.0,8216.0,-2864.0,12738.0,-9597.0,5318.0,151865.0
714,3960.0,-17940.0,4712.0,-2832.0,12644.0,-10532.0,4707.0,151871.0
715,6892.0,-15792.0,4276.0,-2864.0,12653.0,-10441.0,4101.0,151877.0
716,9364.0,-11964.0,612.0,-2864.0,12252.0,-7639.0,3950.0,151883.0
717,10668.0,-7216.0,-2668.0,-2912.0,9920.0,-2404.0,3899.0,151889.0
718,8908.0,-5744.0,-4412.0,-2864.0,7066.0,2667.0,3808.0,151896.0
719,6792.0,-5080.0,-6380.0,-2864.0,4579.0,5533.0,3713.0,151902.0
720,5044.0,-4360.0,-8420.0,-2880.0,2435.0,6697.0,3500.0,151908.0
721,3672.0,-3828.0,-8480.0,-2864.0,577.0,6820.0,3300.0,151914.0
722,2568.0,-3972.0,-7040.0,-2864.0,-814.0,6478.0,3261.0,151920.0
723,1184.0,-4956.0,-5668.0,-2896.0,-1763.0,6081.0,3134.0,151925.0
724,-600.0,-5552.0,-4688.0,-2880.0,-2639.0,5592.0,2978.0,151931.0
725,-1896.0,-5500.0,-3780.0,-2880.0,-3688.0,5080.0,2977.0,151938.0
726,-2040.0,-5120.0,-3624.0,-2864.0,-5043.0,4346.0,2517.0,151944.0
727,-1640.0,-4772.0,-3700.0,-2912.0,-6586.0,3014.0,1443.0,151950.0
728,-1320.0,-4816.0,-3496.0,-2880.0,-8085.0,1110.0,241.0,151956.0
729,-888.0,-4716.0,-3052.0,-2880.0,-9384.0,-808.0,-918.0,151962.0
730,-356.0,-4652.0,-2876.0,-2880.0,-10691.0,-2432.0,-1978.0,151967.0
731,284.0,-4532.0,-2476.0,-2864.0,-12050.0,-3598.0,-2859.0,151973.0
732,948.0,-4544.0,-1920.0,-2848.0,-13461.0,-4157.0,-3445.0,151980.0
733,1620.0,-4508.0,-2048.0,-2864.0,-14954.0,-4199.0,-3995.0,151986.0
734,2172.0,-4664.0,-2368.0,-2896.0,-16481.0,-4101.0,-4608.0,151992.0
735,2572.0,-5512.0,-2208.0,-2864.0,-17970.0,-3930.0,-5205.0,151998.0
736,2276.0,-6184.0,-2184.0,-2880.0,-19282.0,-3740.0,-5703.0,152004.0
737,1992.0,-6608.0,-1988.0,-2864.0,-20469.0,-3578.0,-6119.0,152010.0
738,1500.0,-6828.0,-2184.0,-2896.0,-21603.0,-3558.0,-6589.0,152016.0
739,980.0,-7384.0,-2008.0,-2880.0,-22639.0,-3741.0,-6999.0,152023.0
740,320.0,-7972.0,-1316.0,-2864.0,-23549.0,-4142.0,-7342.0,152029.0
741,348.0,-8728.0,-924.0,-2896.0,-24441.0,-4744.0,-7601.0,152035.0
742,796.0,-9608.0,-708.0,-2880.0,-25339.0,-5216.0,-7965.0,152041.0
743,1672.0,-10644.0,-48.0,-2880.0,-26175.0,-5399.0,-8319.0,152047.0
744,2496.0,-11780.0,204.0,-2896.0,-26924.0,-5268.0,-8616.0,152053.0
745,3196.0,-12776.0,596.0,-2848.0,-27576.0,-4901.0,-8896.0,152059.0
746,3472.0,-13564.0,796.0,-2864.0,-28160.0,-4307.0,-9077.0,152066.0
747,3168.0,-14188.0,1304.0,-2880.0,-28645.0,-3642.0,-9152.0,152072.0
748,2492.0,-14776.0,1500.0,-2912.0,-29081.0,-3097.0,-9311.0,152078.0
749,1520.0,-15184.0,1612.0,-2896.0,-29509.0,-2855.0,-9476.0,152084.0
750,528.0,-15696.0,1684.0,-2864.0,-29932.0,-2975.0,-9682.0,152090.0
751,24.0,-16208.0,1624.0,-2928.0,-30353.0,-3414.0,-9914.0,152096.0
752,100.0,-16604.0,1316.0,-2896.0,-30760.0,-3941.0,-10170.0,152101.0
753,232.0,-17256.0,1408.0,-2896.0,-31180.0,-4463.0,-10525.0,152109.0
754,756.0,-17768.0,1384.0,-2896.0,-31619.0,-4782.0,-10854.0,152115.0
755,1408.0,-18456.0,1392.0,-2880.0,-32089.0,-4900.0,-11281.0,152121.0
756,2320.0,-19076.0,968.0,-2912.0,-32640.0,-4889.0,-11756.0,152127.0
757,3020.0,-20352.0,832.0,-2880.0,-32768.0,-4705.0,-12098.0,152133.0
758,3508.0,-21116.0,992.0,-2896.0,-32768.0,-4461.0,-12388.0,152139.0
759,3520.0,-21788.0,1144.0,-2896.0,-32768.0,-4268.0,-12523.0,152145.0
760,3508.0,-22552.0,1724.0,-2896.0,-32768.0,-4074.0,-12883.0,152153.0
761,3020.0,-22996.0,2212.0,-2880.0,-32768.0,-4016.0,-12978.0,152159.0
762,2368.0,-23784.0,3012.0,-2864.0,-32768.0,-4136.0,-13148.0,152165.0
763,1572.0,-24816.0,3620.0,-2864.0,-32768.0,-4521.0,-13259.0,152171.0
764,1120.0,-25680.0,4328.0,-2880.0,-32768.0,-5034.0,-13313.0,152178.0
765,876.0,-26648.0,5016.0,-2864.0,-32768.0,-5390.0,-13323.0,152184.0
766,1396.0,-27640.0,5524.0,-2880.0,-32768.0,-5505.0,-13148.0,152190.0
767,1972.0,-28704.0,6308.0,-2864.0,-32768.0,-5325.0,-12777.0,152197.0
768,3000.0,-29840.0,7336.0,-2848.0,-32298.0,-4987.0,-12378.0,152203.0
769,3944.0,-30820.0,8512.0,-2880.0,-31370.0,-4501.0,-11887.0,152210.0
770,4784.0,-31832.0,10204.0,-2864.0,-30209.0,-4018.0,-11331.0,152216.0
771,5220.0,-32768.0,13120.0,-2896.0,-28256.0,-3358.0,-11239.0,152222.0
772,2452.0,-32768.0,12464.0,-2864.0,-26336.0,-3011.0,-13141.0,152228.0
773,3124.0,-32192.0,17192.0,-2896.0,-25181.0,-2910.0,-6196.0,152236.0
774,8372.0,-30832.0,18932.0,-2880.0,-22936.0,-1485.0,-8139.0,152242.0
775,3592.0,-29844.0,20952.0,-2864.0,-20841.0,191.0,-10736.0,152248.0
776,1064.0,-28496.0,23072.0,-2880.0,-19271.0,1718.0,-10739.0,152254.0
777,456.0,-28672.0,24552.0,-2864.0,-17227.0,2971.0,-10303.0,152261.0
778,456.0,-28284.0,27208.0,-2880.0,-15038.0,4721.0,-8838.0,152267.0
779,-1996.0,-27208.0,27192.0,-2880.0,-12101.0,6469.0,-8054.0,152273.0
780,-4520.0,-24804.0,27260.0,-2864.0,-9401.0,8052.0,-5771.0,152280.0
781,-7096.0,-22828.0,26768.0,-2848.0,-6684.0,8515.0,-3544.0,152286.0
782,-10068.0,-22060.0,26056.0,-2880.0,-3893.0,7861.0,-1427.0,152292.0
783,-11676.0,-22412.0,25244.0,-2848.0,-1005.0,6123.0,516.0,152299.0
784,-11624.0,-23172.0,24956.0,-2864.0,1830.0,3818.0,1774.0,152305.0
785,-10224.0,-23972.0,24696.0,-2864.0,4661.0,1250.0,2534.0,152311.0
786,-8456.0,-24112.0,24040.0,-2864.0,7351.0,-1247.0,2698.0,152317.0
787,-6768.0,-23792.0,21288.0,-2896.0,9598.0,-3374.0,3018.0,152324.0
788,-5460.0,-20380.0,16108.0,-2864.0,10751.0,-5377.0,3192.0,152330.0
789,-204.0,-11668.0,-8172.0,-2880.0,7156.0,-7764.0,1413.0,152336.0
790,19684.0,-5588.0,-32768.0,-2896.0,-2860.0,-7933.0,-5802.0,152342.0
791,29516.0,-30964.0,-32768.0,-2880.0,-4079.0,-7949.0,-12632.0,152348.0
792,15784.0,-32768.0,-17208.0,-2896.0,7701.0,-9822.0,-3595.0,152355.0
793,8416.0,-32768.0,7480.0,-2880.0,14497.0,-8200.0,3142.0,152361.0
794,-108.0,-30536.0,29324.0,-2880.0,15465.0,-2998.0,695.0,152368.0
795,-12576.0,-32768.0,32767.0,-2896.0,16853.0,-4460.0,2128.0,152374.0
796,-19220.0,-30492.0,14908.0,-2880.0,15994.0,-9079.0,4851.0,152380.0
797,-17660.0,-25900.0,-4640.0,-2896.0,13740.0,-11412.0,3985.0,152386.0
798,-7516.0,-21236.0,-11600.0,-2864.0,13745.0,-12477.0,1749.0,152393.0
799,8528.0,-14700.0,-8428.0,-2864.0,15015.0,-15017.0,-363.0,152399.0
800,15304.0,-10500.0,-1048.0,-2880.0,15047.0,-14074.0,-727.0,152406.0
801,11624.0,-11436.0,3392.0,-2864.0,13378.0,-7860.0,1214.0,152412.0
802,6244.0,-15160.0,892.0,-2864.0,11998.0,-2237.0,2325.0,152418.0
803,5284.0,-15000.0,-2056.0,-2880.0,11215.0,-487.0,1435.0,152424.0
804,6932.0,-14464.0,-2944.0,-2896.0,11284.0,-77.0,-366.0,152430.0
805,7812.0,-14832.0,-2504.0,-2864.0,11461.0,1346.0,-532.0,152436.0
806,7368.0,-15864.0,-2040.0,-2880.0,11395.0,4116.0,126.0,152442.0
807,3812.0,-16696.0,-948.0,-2896.0,10913.0,6574.0,645.0,152449.0
808,260.0,-15880.0,-264.0,-2896.0,9919.0,6855.0,606.0,152455.0
809,-680.0,-15168.0,-1052.0,-2864.0,8997.0,5232.0,-116.0,152461.0
810,652.0,-15228.0,-1828.0,-2864.0,8631.0,3028.0,-902.0,152466.0
811,2852.0,-14764.0,-1508.0,-2880.0,8251.0,1051.0,-1063.0,152472.0
812,4100.0,-13756.0,-1296.0,-2864.0,7463.0,660.0,-871.0,152478.0
813,3872.0,-13752.0,-2032.0,-2864.0,6755.0,1619.0,-981.0,152484.0
814,2940.0,-14216.0,-2536.0,-2880.0,6298.0,2301.0,-1536.0,152491.0
815,2112.0,-14896.0,-2232.0,-2896.0,5967.0,2264.0,-1873.0,152497.0
816,2252.0,-15604.0,-2304.0,-2848.0,5691.0,2019.0,-2098.0,152503.0
817,2316.0,-16096.0,-2876.0,-2896.0,5452.0,2136.0,-2330.0,152509.0
818,2344.0,-16452.0,-2336.0,-2880.0,5175.0,2102.0,-2636.0,152515.0
819,2904.0,-16712.0,-1596.0,-2896.0,5006.0,1599.0,-2719.0,152521.0
820,4056.0,-16424.0,-1572.0,-2896.0,4891.0,1249.0,-2644.0,152527.0
821,5600.0,-15556.0,-1620.0,-2896.0,4724.0,1312.0,-2470.0,152534.0
822,6272.0,-14868.0,-2112.0,-2880.0,4442.0,1534.0,-2262.0,152540.0
823,6240.0,-14792.0,-2104.0,-2896.0,4113.0,1767.0,-1971.0,152546.0
824,6060.0,-15248.0,-1476.0,-2880.0,3908.0,1895.0,-1724.0,152552.0
825,6084.0,-15296.0,-1208.0,-2864.0,3857.0,1928.0,-1557.0,152558.0
826,6152.0,-15064.0,-972.0,-2880.0,3783.0,2017.0,-1454.0,152564.0
827,6088.0,-15096.0,-1264.0,-2864.0,3682.0,2158.0,-1297.0,152569.0
828,5804.0,-15288.0,-1288.0,-2896.0,3629.0,2354.0,-1169.0,152576.0
829,5400.0,-15464.0,-1192.0,-2896.0,3532.0,2534.0,-1072.0,152582.0
830,4852.0,-15932.0,-988.0,-2912.0,3468.0,2793.0,-1015.0,152588.0
831,4820.0,-15868.0,-916.0,-2896.0,3385.0,2851.0,-914.0,152594.0
832,4784.0,-15820.0,-1008.0,-2896.0,3271.0,2760.0,-841.0,152600.0
833,4876.0,-15956.0,-828.0,-2864.0,3183.0,2683.0,-695.0,152606.0
834,5192.0,-15828.0,-1044.0,-2880.0,3060.0,2576.0,-529.0,152612.0
835,5348.0,-15760.0,-1072.0,-2880.0,2927.0,2546.0,-333.0,152619.0
836,5536.0,-15772.0,-996.0,-2896.0,2883.0,2623.0,-161.0,152625.0
837,5728.0,-15984.0,-1008.0,-2896.0,2879.0,2697.0,3.0,152631.0
838,6040.0,-15908.0,-1112.0,-2896.0,2909.0,2789.0,192.0,152636.0
839,6164.0,-15736.0,-1052.0,-2864.0,2931.0,2945.0,383.0,152642.0
840,6028.0,-15764.0,-1148.0,-2880.0,2937.0,3096.0,535.0,152648.0
841,5764.0,-15832.0,-728.0,-2864.0,2966.0,3210.0,730.0,152654.0
842,5648.0,-15992.0,-948.0,-2896.0,3020.0,3360.0,841.0,152660.0
843,5728.0,-15900.0,-1000.0,-2896.0,3113.0,3397.0,891.0,152667.0
844,5732.0,-15852.0,-1012.0,-2896.0,3188.0,3452.0,989.0,152673.0
845,5748.0,-15740.0,-1076.0,-2912.0,3285.0,3527.0,1066.0,152679.0
846,5644.0,-15716.0,-956.0,-2896.0,3355.0,3558.0,1132.0,152684.0
847,5476.0,-15840.0,-1012.0,-2880.0,3427.0,3620.0,1225.0,152690.0
848,5196.0,-15872.0,-908.0,-2864.0,3462.0,3764.0,1354.0,152696.0
849,5032.0,-15932.0,-816.0,-2896.0,3571.0,3758.0,1471.0,152702.0
850,4788.0,-15760.0,-828.0,-2880.0,3651.0,3575.0,1530.0,152709.0
851,4804.0,-15624.0,-888.0,-2864.0,3695.0,3361.0,1571.0,152715.0
852,4876.0,-15708.0,-972.0,-2864.0,3801.0,3190.0,1606.0,152721.0
853,4804.0,-15812.0,-876.0,-2880.0,3890.0,3070.0,1634.0,152727.0
854,4604.0,-15760.0,-700.0,-2880.0,3953.0,2944.0,1669.0,152733.0
855,4388.0,-15656.0,-524.0,-2864.0,3962.0,2797.0,1655.0,152739.0
856,4192.0,-15612.0,-132.0,-2864.0,3938.0,2657.0,1614.0,152745.0
857,4260.0,-15584.0,156.0,-2880.0,3866.0,2531.0,1560.0,152751.0
858,4368.0,-15816.0,172.0,-2848.0,3809.0,2456.0,1521.0,152757.0
859,4212.0,-15744.0,268.0,-2896.0,3743.0,2460.0,1487.0,152763.0
860,4084.0,-15760.0,556.0,-2848.0,3631.0,2393.0,1438.0,152769.0
861,3788.0,-15856.0,680.0,-2880.0,3506.0,2310.0,1396.0,152775.0
862,3804.0,-15948.0,856.0,-2864.0,3399.0,2222.0,1335.0,152781.0
863,3940.0,-15976.0,812.0,-2896.0,3280.0,2097.0,1294.0,152787.0
864,4156.0,-16164.0,780.0,-2848.0,3193.0,2061.0,1295.0,152794.0
865,4404.0,-16016.0,592.0,-2880.0,3106.0,2106.0,1259.0,152800.0
866,4460.0,-16080.0,528.0,-2864.0,3089.0,2182.0,1277.0,152806.0
867,4404.0,-16136.0,540.0,-2864.0,3095.0,2220.0,1244.0,152811.0
868,4100.0,-16028.0,552.0,-2896.0,3133.0,2233.0,1258.0,152817.0
869,3892.0,-15916.0,436.0,-2864.0,3184.0,2221.0,1236.0,152823.0
870,3424.0,-16124.0,464.0,-2848.0,3273.0,2067.0,1219.0,152829.0
871,3536.0,-16268.0,628.0,-2880.0,3354.0,1861.0,1116.0,152836.0
872,3904.0,-16236.0,540.0,-2880.0,3389.0,1609.0,1031.0,152842.0
873,4044.0,-16280.0,612.0,-2880.0,3447.0,1534.0,1051.0,152848.0
874,4296.0,-16512.0,788.0,-2896.0,3495.0,1511.0,1029.0,152853.0
875,4172.0,-16580.0,764.0,-2896.0,3562.0,1548.0,1071.0,152859.0
876,4272.0,-16620.0,828.0,-2864.0,3633.0,1535.0,1095.0,152865.0
877,4400.0,-16504.0,748.0,-2896.0,3713.0,1595.0,1124.0,152871.0
878,4528.0,-16336.0,732.0,-2848.0,3782.0,1660.0,1099.0,152878.0
879,4176.0,-16324.0,876.0,-2912.0,3854.0,1736.0,1181.0,152884.0
880,4028.0,-16328.0,940.0,-2880.0,3983.0,1874.0,1141.0,152890.0
881,3884.0,-16260.0,940.0,-2864.0,4088.0,1816.0,1104.0,152895.0
882,4616.0,-16380.0,1136.0,-2896.0,4178.0,1751.0,1012.0,152901.0
883,5588.0,-15784.0,700.0,-2880.0,4205.0,1704.0,787.0,152907.0
884,4796.0,-16032.0,876.0,-2880.0,4236.0,1891.0,1251.0,152913.0
885,4392.0,-16288.0,1532.0,-2880.0,4322.0,2250.0,1296.0,152920.0
886,4164.0,-16368.0,1552.0,-2896.0,4404.0,2218.0,1415.0,152926.0
887,5140.0,-16628.0,740.0,-2864.0,4520.0,2101.0,1376.0,152932.0
888,4316.0,-16772.0,1088.0,-2880.0,4617.0,1868.0,2057.0,152938.0
889,5868.0,-16108.0,1368.0,-2880.0,4660.0,2464.0,1534.0,152943.0
890,4880.0,-16308.0,1704.0,-2864.0,4659.0,2703.0,1864.0,152949.0
891,5260.0,-16724.0,1632.0,-2880.0,4762.0,2861.0,2034.0,152955.0
892,4640.0,-16460.0,1376.0,-2880.0,4818.0,2917.0,2120.0,152962.0
893,4328.0,-16588.0,1640.0,-2896.0,4904.0,2890.0,2180.0,152968.0
894,4368.0,-16660.0,1852.0,-2896.0,5009.0,2830.0,2258.0,152974.0
895,4284.0,-16728.0,1592.0,-2880.0,5116.0,2720.0,2401.0,152980.0
896,4176.0,-16532.0,1840.0,-2864.0,5228.0,2713.0,2408.0,152986.0
897,3916.0,-16664.0,1972.0,-2880.0,5314.0,2675.0,2454.0,152992.0
898,3616.0,-16708.0,2060.0,-2864.0,5421.0,2549.0,2566.0,152998.0
899,3476.0,-16668.0,2188.0,-2864.0,5515.0,2525.0,2648.0,153005.0
900,3332.0,-16600.0,2184.0,-2880.0,5588.0,2375.0,2677.0,153011.0
901,3496.0,-16692.0,2452.0,-2864.0,5700.0,2275.0,2760.0,153016.0
902,3636.0,-16656.0,2608.0,-2880.0,5785.0,2235.0,2802.0,153022.0
903,3656.0,-16600.0,2632.0,-2880.0,5837.0,2143.0,2829.0,153028.0
904,3556.0,-16620.0,2612.0,-2896.0,5933.0,2101.0,2947.0,153034.0
905,3624.0,-16852.0,2704.0,-2864.0,6042.0,2059.0,2978.0,153040.0
906,3676.0,-16972.0,2596.0,-2880.0,6120.0,2074.0,3085.0,153047.0
907,3624.0,-17192.0,2820.0,-2864.0,6206.0,2089.0,3236.0,153053.0
908,3176.0,-17568.0,3040.0,-2848.0,6275.0,2117.0,3483.0,153059.0
909,2612.0,-18216.0,3416.0,-2912.0,6313.0,1997.0,3782.0,153065.0
910,3156.0,-18912.0,3672.0,-2896.0,6342.0,1569.0,4050.0,153071.0
911,4160.0,-19080.0,3104.0,-2880.0,6422.0,1375.0,4018.0,153077.0
912,4960.0,-18984.0,2556.0,-2864.0,6535.0,1522.0,3995.0,153083.0
913,5260.0,-18964.0,2536.0,-2880.0,6667.0,1965.0,4014.0,153089.0
914,4336.0,-19320.0,2572.0,-2880.0,6811.0,2558.0,4168.0,153095.0
915,2740.0,-19508.0,2832.0,-2896.0,6950.0,2986.0,4403.0,153101.0
916,1196.0,-19788.0,3336.0,-2896.0,7097.0,3011.0,4763.0,153107.0
917,204.0,-20104.0,3248.0,-2880.0,7263.0,2684.0,5037.0,153113.0
918,36.0,-20232.0,3024.0,-2864.0,7482.0,2149.0,5234.0,153119.0
919,892.0,-20380.0,2992.0,-2864.0,7663.0,1606.0,5289.0,153125.0
920,1916.0,-20320.0,2536.0,-2864.0,7921.0,1282.0,5299.0,153132.0
921,2616.0,-19992.0,2516.0,-2848.0,8169.0,1289.0,5268.0,153138.0
922,2924.0,-19572.0,2288.0,-2880.0,8478.0,1493.0,5297.0,153143.0
923,2588.0,-19392.0,2464.0,-2864.0,8757.0,1723.0,5353.0,153149.0
924,2092.0,-19100.0,2432.0,-2880.0,9064.0,1846.0,5428.0,153155.0
925,1448.0,-18928.0,2344.0,-2896.0,9321.0,1913.0,5540.0,153161.0
926,1244.0,-18716.0,2320.0,-2896.0,9657.0,1762.0,5658.0,153167.0
927,1224.0,-18644.0,2424.0,-2880.0,9978.0,1591.0,5795.0,153174.0
928,1368.0,-18636.0,2448.0,-2864.0,10273.0,1383.0,5916.0,153180.0
929,1808.0,-18820.0,2312.0,-2864.0,10639.0,1297.0,5984.0,153186.0
930,2268.0,-19236.0,2216.0,-2864.0,11068.0,1090.0,6040.0,153192.0
931,3224.0,-19180.0,2316.0,-2880.0,11378.0,1008.0,6080.0,153198.0
932,4092.0,-19564.0,2292.0,-2896.0,11660.0,1145.0,6012.0,153204.0
933,5004.0,-19920.0,2224.0,-2880.0,11952.0,1432.0,5878.0,153210.0
934,5924.0,-20272.0,1964.0,-2896.0,12199.0,1935.0,5683.0,153217.0
935,6792.0,-20576.0,2392.0,-2896.0,12373.0,2587.0,5443.0,153223.0
936,7392.0,-20700.0,2024.0,-2864.0,12429.0,3545.0,5225.0,153229.0
937,7968.0,-21496.0,1252.0,-2896.0,12549.0,4671.0,5176.0,153235.0
938,8148.0,-21992.0,1580.0,-2880.0,12901.0,5739.0,5231.0,153241.0
939,7560.0,-21704.0,844.0,-2896.0,12897.0,6861.0,5496.0,153247.0
940,7208.0,-21412.0,252.0,-2880.0,12794.0,8123.0,5551.0,153252.0
941,6452.0,-21140.0,-292.0,-2848.0,12721.0,9073.0,5525.0,153259.0
942,5612.0,-20392.0,-772.0,-2896.0,12607.0,9716.0,5536.0,153265.0
943,5108.0,-19360.0,-1240.0,-2880.0,12338.0,10253.0,5529.0,153271.0
944,4224.0,-18596.0,-1632.0,-2896.0,11885.0,10776.0,5506.0,153277.0
945,3028.0,-17768.0,-1772.0,-2848.0,11329.0,11082.0,5413.0,153283.0
946,1824.0,-17052.0,-1488.0,-2896.0,10692.0,11036.0,5272.0,153289.0
947,640.0,-16300.0,-1224.0,-2896.0,9985.0,10273.0,5032.0,153295.0
948,-184.0,-15452.0,-200.0,-2848.0,9337.0,8904.0,4795.0,153302.0
949,-896.0,-14304.0,656.0,-2880.0,8796.0,7277.0,4548.0,153308.0
950,-1156.0,-13004.0,3076.0,-2848.0,8340.0,5645.0,4261.0,153314.0
951,-1360.0,-11980.0,6028.0,-2896.0,8161.0,3742.0,3864.0,153320.0
952,-1980.0,-11548.0,9652.0,-2880.0,8217.0,1852.0,3536.0,153326.0
953,-2916.0,-11684.0,13020.0,-2896.0,8228.0,156.0,3366.0,153332.0
954,-4660.0,-12696.0,15096.0,-2848.0,8615.0,-1211.0,3142.0,153338.0
955,-5192.0,-11808.0,14764.0,-2896.0,8390.0,-2096.0,2689.0,153345.0
956,-4652.0,-11076.0,13500.0,-2896.0,7769.0,-3043.0,1890.0,153351.0
957,-2404.0,-10112.0,12324.0,-2848.0,7044.0,-4044.0,1084.0,153357.0
958,260.0,-9152.0,10352.0,-2896.0,6340.0,-4618.0,410.0,153363.0
959,2412.0,-7544.0,7736.0,-2896.0,5474.0,-3957.0,26.0,153369.0
960,4264.0,-5760.0,5136.0,-2864.0,4429.0,-1746.0,-183.0,153374.0
961,6012.0,-3760.0,2888.0,-2896.0,3289.0,1644.0,-291.0,153380.0
962,5448.0,-1932.0,-536.0,-2896.0,1941.0,4681.0,-523.0,153387.0
963,4168.0,-752.0,-3484.0,-2864.0,261.0,6768.0,-486.0,153393.0
964,3144.0,-24.0,-5820.0,-2864.0,-1556.0,8095.0,-477.0,153399.0
965,2368.0,-416.0,-5480.0,-2912.0,-2822.0,8655.0,-547.0,153404.0
966,1148.0,-764.0,-5272.0,-2880.0,-3833.0,8373.0,-303.0,153410.0
967,-320.0,-868.0,-4760.0,-2896.0,-4854.0,7907.0,198.0,153416.0
968,-2308.0,-1588.0,-4340.0,-2864.0,-5997.0,7794.0,658.0,153422.0
969,-3692.0,-2208.0,-3236.0,-2864.0,-7158.0,7720.0,951.0,153428.0
970,-4312.0,-2896.0,-1864.0,-2848.0,-8247.0,7527.0,921.0,153434.0
971,-4248.0,-3456.0,-1236.0,-2848.0,-9352.0,7250.0,700.0,153440.0
972,-3868.0,-3560.0,-808.0,-2880.0,-10578.0,6627.0,171.0,153446.0
973,-3472.0,-3756.0,-564.0,-2864.0,-11807.0,5526.0,-422.0,153452.0
974,-2816.0,-3828.0,592.0,-2864.0,-13047.0,4421.0,-1066.0,153458.0
975,-3184.0,-4808.0,380.0,-2896.0,-13697.0,2720.0,-1615.0,153464.0
976,-3328.0,-5624.0,980.0,-2880.0,-14335.0,1378.0,-2070.0,153470.0
977,-3348.0,-6020.0,1048.0,-2864.0,-15216.0,513.0,-2496.0,153477.0
978,-3668.0,-6544.0,580.0,-2880.0,-16290.0,-199.0,-2902.0,153483.0
979,-3444.0,-6860.0,908.0,-2880.0,-17469.0,-1366.0,-3065.0,153488.0
980,-3348.0,-8732.0,904.0,-2864.0,-18131.0,-2570.0,-3504.0,153494.0
981,-3716.0,-9956.0,1396.0,-2880.0,-18749.0,-3924.0,-3751.0,153500.0
982,-4256.0,-11108.0,2196.0,-2896.0,-19193.0,-5366.0,-3859.0,153506.0
983,-4984.0,-12236.0,3032.0,-2896.0,-19556.0,-6834.0,-3840.0,153512.0
984,-5716.0,-13236.0,4632.0,-2880.0,-19736.0,-8199.0,-3900.0,153519.0
985,-6072.0,-13888.0,5348.0,-2880.0,-20052.0,-9557.0,-3982.0,153525.0
986,-5948.0,-14764.0,6004.0,-2864.0,-20341.0,-10876.0,-4136.0,153531.0
987,-5368.0,-15636.0,6552.0,-2864.0,-20473.0,-11933.0,-4161.0,153537.0
988,-4504.0,-16444.0,6900.0,-2864.0,-20405.0,-13001.0,-4148.0,153543.0
989,-3060.0,-17224.0,7324.0,-2896.0,-20231.0,-13807.0,-4089.0,153549.0
990,-964.0,-17216.0,6984.0,-2864.0,-20007.0,-14384.0,-3440.0,153556.0
991,920.0,-17208.0,6776.0,-2864.0,-19995.0,-14321.0,-3594.0,153563.0
992,1716.0,-17872.0,6880.0,-2896.0,-19847.0,-13896.0,-3340.0,153569.0
993,2760.0,-18488.0,7820.0,-2880.0,-19627.0,-13166.0,-2976.0,153575.0
994,3264.0,-18772.0,8568.0,-2864.0,-19331.0,-12136.0,-2815.0,153581.0
995,3280.0,-19148.0,9448.0,-2848.0,-18942.0,-11482.0,-2800.0,153587.0
996,2860.0,-19560.0,10020.0,-2880.0,-18514.0,-10805.0,-2935.0,153593.0
997,2316.0,-19716.0,10288.0,-2880.0,-18168.0,-10302.0,-3016.0,153601.0
998,1856.0,-20212.0,10504.0,-2880.0,-17756.0,-9949.0,-2926.0,153607.0
999,1632.0,-20580.0,10440.0,-2896.0,-17193.0,-9640.0,-2918.0,153613.0
1000,1424.0,-20748.0,10596.0,-2880.0,-16581.0,-9416.0,-2855.0,153619.0
1001,1640.0,-20700.0,10908.0,-2880.0,-15907.0,-9183.0,-2600.0,153626.0
1002,2176.0,-20588.0,10912.0,-2864.0,-15300.0,-8891.0,-2424.0,153632.0
1003,2764.0,-20440.0,10724.0,-2880.0,-14719.0,-8554.0,-2216.0,153638.0
1004,3044.0,-20524.0,10428.0,-2864.0,-14180.0,-8231.0,-2224.0,153645.0
1005,3144.0,-20356.0,10156.0,-2864.0,-13667.0,-8011.0,-2293.0,153651.0
1006,3468.0,-20392.0,10096.0,-2880.0,-13237.0,-7821.0,-2431.0,153658.0
1007,3692.0,-20468.0,10052.0,-2864.0,-12760.0,-7612.0,-2654.0,153664.0
1008,3860.0,-20760.0,10164.0,-2864.0,-12239.0,-7230.0,-2932.0,153670.0
1009,3672.0,-20940.0,10276.0,-2880.0,-11626.0,-6838.0,-3119.0,153676.0
1010,3632.0,-20944.0,10300.0,-2896.0,-10927.0,-6566.0,-3316.0,153683.0
1011,3672.0,-20924.0,10120.0,-2864.0,-10142.0,-6296.0,-3293.0,153690.0
1012,3984.0,-20952.0,9772.0,-2864.0,-9316.0,-5919.0,-3202.0,153696.0
1013,4308.0,-20752.0,9936.0,-2880.0,-8392.0,-5363.0,-3047.0,153702.0
1014,4652.0,-20424.0,10028.0,-2848.0,-7522.0,-4676.0,-2877.0,153708.0
1015,4908.0,-20096.0,10128.0,-2880.0,-6609.0,-4012.0,-2767.0,153714.0
1016,5108.0,-19568.0,10632.0,-2896.0,-5654.0,-3513.0,-2651.0,153720.0
1017,5156.0,-19668.0,11180.0,-2864.0,-4771.0,-2763.0,-2498.0,153728.0
1018,5240.0,-19788.0,11516.0,-2880.0,-3800.0,-1653.0,-2317.0,153734.0
1019,4908.0,-19864.0,11684.0,-2896.0,-2765.0,-408.0,-2194.0,153740.0
1020,4452.0,-19680.0,12192.0,-2864.0,-1705.0,759.0,-2026.0,153746.0
1021,3868.0,-19824.0,13548.0,-2848.0,-578.0,1861.0,-1735.0,153752.0
1022,2336.0,-19512.0,12752.0,-2896.0,266.0,2996.0,-1209.0,153758.0
1023,-500.0,-18948.0,9548.0,-2880.0,566.0,4636.0,-267.0,153764.0
1024,-3344.0,-18316.0,5788.0,-2880.0,656.0,6297.0,642.0,153771.0
1025,-5100.0,-17424.0,2696.0,-2880.0,672.0,7074.0,985.0,153776.0
1026,-5452.0,-16092.0,-116.0,-2880.0,472.0,6925.0,938.0,153782.0
1027,-5016.0,-15956.0,-2172.0,-2912.0,295.0,6107.0,692.0,153788.0
1028,-3580.0,-15956.0,-3308.0,-2896.0,311.0,4852.0,135.0,153794.0
1029,-1408.0,-15952.0,-2312.0,-2896.0,517.0,3238.0,-641.0,153800.0
1030,816.0,-16260.0,-1336.0,-2896.0,795.0,1687.0,-1373.0,153806.0
1031,1992.0,-17156.0,568.0,-2896.0,1201.0,262.0,-1884.0,153812.0
1032,2040.0,-18120.0,1596.0,-2896.0,1534.0,-621.0,-1911.0,153818.0
1033,1116.0,-18696.0,1812.0,-2848.0,1752.0,-919.0,-1892.0,153824.0
1034,32.0,-18424.0,1460.0,-2864.0,1691.0,-988.0,-1800.0,153830.0
1035,-352.0,-18052.0,960.0,-2880.0,1395.0,-983.0,-1779.0,153836.0
1036,76.0,-17624.0,552.0,-2848.0,1133.0,-946.0,-1674.0,153842.0
1037,1392.0,-17332.0,20.0,-2864.0,971.0,-838.0,-1592.0,153848.0
1038,3032.0,-16780.0,-276.0,-2896.0,864.0,-531.0,-1430.0,153853.0
1039,4564.0,-16208.0,-364.0,-2864.0,713.0,-52.0,-1150.0,153860.0
1040,5784.0,-15624.0,-216.0,-2896.0,557.0,662.0,-910.0,153866.0
1041,6072.0,-15260.0,-288.0,-2848.0,379.0,1539.0,-791.0,153872.0
1042,5280.0,-15220.0,-32.0,-2880.0,198.0,2310.0,-713.0,153878.0
1043,3812.0,-15496.0,68.0,-2864.0,98.0,2676.0,-668.0,153883.0
1044,2276.0,-15808.0,348.0,-2912.0,13.0,2687.0,-621.0,153889.0
1045,852.0,-16348.0,432.0,-2880.0,-2.0,2384.0,-651.0,153895.0
1046,-240.0,-16532.0,528.0,-2864.0,1.0,1843.0,-742.0,153901.0
1047,-864.0,-16632.0,756.0,-2864.0,-5.0,1269.0,-818.0,153907.0
1048,-684.0,-16652.0,876.0,-2880.0,6.0,715.0,-986.0,153913.0
1049,-300.0,-16644.0,652.0,-2848.0,30.0,253.0,-1115.0,153918.0
1050,236.0,-16572.0,228.0,-2896.0,38.0,-33.0,-1271.0,153924.0
1051,928.0,-16288.0,276.0,-2880.0,46.0,-320.0,-1405.0,153930.0
1052,1376.0,-16296.0,120.0,-2896.0,12.0,-563.0,-1513.0,153935.0
1053,1768.0,-16396.0,20.0,-2880.0,58.0,-791.0,-1585.0,153942.0
1054,1948.0,-16204.0,124.0,-2896.0,38.0,-950.0,-1669.0,153948.0
1055,2028.0,-16216.0,380.0,-2896.0,12.0,-1094.0,-1697.0,153954.0
1056,1964.0,-16236.0,116.0,-2880.0,-22.0,-1137.0,-1744.0,153959.0
1057,2068.0,-16236.0,336.0,-2880.0,-7.0,-1249.0,-1764.0,153965.0
1058,2140.0,-16044.0,352.0,-2896.0,-67.0,-1180.0,-1768.0,153971.0
1059,2212.0,-16072.0,424.0,-2896.0,-133.0,-1037.0,-1739.0,153977.0
1060,2156.0,-16272.0,740.0,-2864.0,-232.0,-884.0,-1649.0,153984.0
1061,2240.0,-16328.0,812.0,-2896.0,-285.0,-704.0,-1601.0,153989.0
1062,2540.0,-16416.0,776.0,-2896.0,-368.0,-679.0,-1598.0,153995.0
1063,2740.0,-16316.0,172.0,-2896.0,-425.0,-778.0,-1584.0,154001.0
1064,2860.0,-16300.0,180.0,-2896.0,-452.0,-898.0,-1496.0,154007.0
1065,2400.0,-16172.0,324.0,-2864.0,-564.0,-967.0,-1302.0,154013.0
1066,4028.0,-16608.0,304.0,-2880.0,-423.0,-881.0,-1260.0,154018.0
1067,2276.0,-16132.0,484.0,-2880.0,-539.0,-677.0,-1471.0,154024.0
1068,2060.0,-16440.0,628.0,-2880.0,-629.0,-712.0,-1318.0,154031.0
1069,1876.0,-16652.0,344.0,-2880.0,-685.0,-860.0,-1540.0,154037.0
1070,2012.0,-16636.0,136.0,-2880.0,-673.0,-1071.0,-1517.0,154043.0
1071,2300.0,-16516.0,28.0,-2912.0,-670.0,-1182.0,-1564.0,154049.0
1072,2456.0,-16408.0,116.0,-2912.0,-642.0,-1224.0,-1596.0,154054.0
1073,2476.0,-16316.0,192.0,-2864.0,-617.0,-1165.0,-1518.0,154060.0
1074,2660.0,-16336.0,284.0,-2896.0,-650.0,-1070.0,-1467.0,154066.0
1075,2624.0,-16216.0,40.0,-2896.0,-672.0,-928.0,-1459.0,154073.0
1076,2752.0,-16272.0,68.0,-2896.0,-667.0,-864.0,-1499.0,154079.0
1077,2900.0,-16080.0,48.0,-2880.0,-714.0,-877.0,-1469.0,154084.0
1078,2780.0,-16440.0,-48.0,-2880.0,-738.0,-938.0,-1594.0,154090.0
1079,2760.0,-16420.0,264.0,-2896.0,-723.0,-1026.0,-1492.0,154096.0
1080,2916.0,-16592.0,112.0,-2896.0,-721.0,-1078.0,-1460.0,154102.0
1081,3200.0,-16312.0,96.0,-2880.0,-663.0,-984.0,-1404.0,154108.0
1082,3208.0,-16136.0,-72.0,-2896.0,-663.0,-895.0,-1366.0,154114.0
1083,3072.0,-16088.0,-24.0,-2864.0,-684.0,-776.0,-1346.0,154120.0
1084,2984.0,-16168.0,132.0,-2880.0,-701.0,-650.0,-1296.0,154126.0
1085,2864.0,-16236.0,100.0,-2848.0,-702.0,-672.0,-1303.0,154132.0
1086,2732.0,-16268.0,140.0,-2848.0,-761.0,-689.0,-1266.0,154138.0
1087,2716.0,-16228.0,116.0,-2880.0,-775.0,-680.0,-1289.0,154143.0
1088,2820.0,-16428.0,96.0,-2880.0,-751.0,-781.0,-1268.0,154149.0
1089,2788.0,-16404.0,116.0,-2864.0,-740.0,-799.0,-1237.0,154156.0
1090,2920.0,-16368.0,36.0,-2896.0,-698.0,-825.0,-1245.0,154162.0
1091,2976.0,-16324.0,-24.0,-2928.0,-696.0,-775.0,-1202.0,154168.0
1092,3264.0,-16200.0,-80.0,-2912.0,-691.0,-721.0,-1224.0,154173.0
1093,3120.0,-16208.0,-128.0,-2880.0,-677.0,-671.0,-1200.0,154179.0
1094,3168.0,-16304.0,-48.0,-2880.0,-679.0,-623.0,-1154.0,154185.0
1095,3172.0,-16328.0,-20.0,-2864.0,-678.0,-566.0,-1078.0,154191.0
1096,3328.0,-16284.0,-100.0,-2864.0,-680.0,-499.0,-1100.0,154196.0
1097,3364.0,-16360.0,8.0,-2864.0,-686.0,-408.0,-1031.0,154203.0
1098,3460.0,-16524.0,-140.0,-2864.0,-654.0,-310.0,-977.0,154209.0
1099,3488.0,-16544.0,-316.0,-2896.0,-563.0,-246.0,-939.0,154215.0
1100,3624.0,-16328.0,-216.0,-2896.0,-463.0,-264.0,-843.0,154221.0
1101,3756.0,-16140.0,-232.0,-2880.0,-465.0,-253.0,-792.0,154226.0
1102,3736.0,-16112.0,-336.0,-2880.0,-454.0,-185.0,-730.0,154232.0
1103,3576.0,-16244.0,-96.0,-2864.0,-444.0,-38.0,-632.0,154238.0
1104,3356.0,-16260.0,-28.0,-2912.0,-428.0,92.0,-594.0,154245.0
1105,3196.0,-16300.0,-92.0,-2896.0,-405.0,177.0,-584.0,154250.0
1106,3064.0,-16188.0,-104.0,-2912.0,-410.0,192.0,-582.0,154256.0
1107,2996.0,-16248.0,-132.0,-2928.0,-377.0,195.0,-592.0,154262.0
1108,2980.0,-16260.0,-160.0,-2896.0,-358.0,145.0,-598.0,154267.0
1109,2884.0,-16424.0,-100.0,-2880.0,-349.0,64.0,-633.0,154273.0
1110,2972.0,-16356.0,-128.0,-2896.0,-315.0,-18.0,-607.0,154279.0
1111,3008.0,-16312.0,-292.0,-2880.0,-290.0,-68.0,-586.0,154286.0
1112,3256.0,-16188.0,-172.0,-2896.0,-264.0,-149.0,-603.0,154291.0
1113,3356.0,-16164.0,-216.0,-2864.0,-267.0,-184.0,-596.0,154297.0
1114,3560.0,-16176.0,-312.0,-2864.0,-234.0,-135.0,-504.0,154303.0
1115,3576.0,-16176.0,-300.0,-2880.0,-233.0,-58.0,-503.0,154309.0
1116,3588.0,-16000.0,-136.0,-2896.0,-233.0,82.0,-471.0,154314.0
1117,3452.0,-16064.0,-28.0,-2848.0,-237.0,167.0,-433.0,154320.0
1118,3408.0,-16180.0,-80.0,-2864.0,-251.0,294.0,-417.0,154327.0
1119,3204.0,-16248.0,-32.0,-2880.0,-264.0,355.0,-387.0,154332.0
1120,3156.0,-16244.0,72.0,-2896.0,-281.0,354.0,-383.0,154338.0
1121,2916.0,-16152.0,-8.0,-2880.0,-313.0,333.0,-368.0,154344.0
1122,3012.0,-16128.0,-276.0,-2896.0,-322.0,273.0,-367.0,154350.0
1123,3216.0,-16136.0,-68.0,-2880.0,-349.0,176.0,-430.0,154355.0
1124,3164.0,-16140.0,40.0,-2864.0,-376.0,128.0,-411.0,154361.0
1125,2924.0,-16180.0,-24.0,-2880.0,-407.0,66.0,-407.0,154368.0
1126,2932.0,-16168.0,-76.0,-2880.0,-446.0,83.0,-367.0,154373.0
1127,2972.0,-16184.0,-112.0,-2896.0,-475.0,17.0,-418.0,154379.0
1128,2892.0,-16316.0,-96.0,-2880.0,-480.0,-87.0,-412.0,154385.0
1129,2932.0,-16280.0,-112.0,-2848.0,-497.0,-196.0,-443.0,154390.0
1130,3064.0,-16316.0,-136.0,-2880.0,-473.0,-292.0,-423.0,154396.0
1131,3136.0,-16420.0,-224.0,-2896.0,-428.0,-347.0,-433.0,154402.0
1132,3296.0,-16476.0,-440.0,-2864.0,-275.0,-476.0,-416.0,154408.0
1133,3420.0,-16304.0,-412.0,-2912.0,-196.0,-537.0,-453.0,154414.0
1134,3700.0,-16400.0,-444.0,-2880.0,-86.0,-552.0,-462.0,154420.0
1135,3636.0,-16212.0,-144.0,-2896.0,-43.0,-497.0,-431.0,154426.0
1136,3616.0,-16208.0,-172.0,-2880.0,-10.0,-510.0,-373.0,154432.0
1137,3680.0,-16176.0,-68.0,-2896.0,-34.0,-398.0,-312.0,154437.0
1138,3512.0,-16248.0,-60.0,-2880.0,-26.0,-359.0,-271.0,154443.0
1139,3516.0,-16084.0,-120.0,-2864.0,-39.0,-361.0,-265.0,154449.0
1140,3444.0,-16096.0,-76.0,-2880.0,-63.0,-356.0,-272.0,154455.0
1141,3276.0,-16236.0,28.0,-2880.0,-54.0,-395.0,-267.0,154461.0
1142,3276.0,-16260.0,-108.0,-2896.0,-62.0,-408.0,-255.0,154467.0
1143,3156.0,-16260.0,4.0,-2880.0,-77.0,-415.0,-267.0,154472.0
1144,3028.0,-16304.0,-60.0,-2880.0,-76.0,-449.0,-292.0,154478.0
1145,3192.0,-16404.0,-96.0,-2896.0,-35.0,-412.0,-319.0,154484.0
1146,3004.0,-16420.0,-120.0,-2896.0,34.0,-313.0,-362.0,154489.0
1147,3108.0,-16404.0,-216.0,-2848.0,109.0,-358.0,-349.0,154496.0
1148,3296.0,-16272.0,-160.0,-2880.0,155.0,-435.0,-377.0,154502.0
1149,3272.0,-16200.0,-76.0,-2864.0,150.0,-494.0,-358.0,154507.0
1150,3296.0,-16176.0,-8.0,-2896.0,127.0,-497.0,-326.0,154513.0
1151,3472.0,-16092.0,172.0,-2880.0,90.0,-474.0,-347.0,154519.0
1152,3376.0,-16136.0,-52.0,-2864.0,37.0,-462.0,-324.0,154524.0
1153,3396.0,-16192.0,116.0,-2864.0,48.0,-422.0,-337.0,154530.0
1154,3360.0,-16200.0,-72.0,-2912.0,37.0,-375.0,-310.0,154536.0
1155,3376.0,-16192.0,28.0,-2896.0,12.0,-347.0,-316.0,154542.0
1156,3396.0,-16368.0,-180.0,-2864.0,28.0,-340.0,-322.0,154548.0
1157,3428.0,-16264.0,100.0,-2880.0,24.0,-337.0,-288.0,154554.0
1158,3316.0,-16224.0,-40.0,-2896.0,-8.0,-378.0,-295.0,154559.0
1159,3348.0,-16244.0,-148.0,-2864.0,-19.0,-409.0,-281.0,154565.0
1160,3264.0,-16192.0,-8.0,-2880.0,-32.0,-446.0,-265.0,154571.0
1161,3368.0,-16148.0,68.0,-2880.0,-36.0,-466.0,-271.0,154576.0
1162,3420.0,-16244.0,8.0,-2896.0,-49.0,-427.0,-268.0,154583.0
1163,3380.0,-16312.0,48.0,-2864.0,8.0,-435.0,-288.0,154589.0
1164,3432.0,-16136.0,-144.0,-2928.0,0.0,-370.0,-276.0,154594.0
1165,3444.0,-16200.0,-200.0,-2864.0,10.0,-383.0,-291.0,154600.0
1166,3480.0,-15908.0,48.0,-2896.0,-60.0,-368.0,-370.0,154605.0
1167,3804.0,-16300.0,-252.0,-2880.0,48.0,-334.0,-205.0,154611.0
1168,3528.0,-16276.0,-180.0,-2896.0,54.0,-298.0,-295.0,154617.0
1169,3492.0,-16220.0,-32.0,-2912.0,83.0,-299.0,-219.0,154622.0
1170,3600.0,-16204.0,-232.0,-2880.0,76.0,-293.0,-234.0,154629.0
1171,3604.0,-16136.0,-188.0,-2864.0,84.0,-283.0,-217.0,154635.0
1172,3636.0,-16164.0,12.0,-2880.0,84.0,-288.0,-171.0,154640.0
1173,3752.0,-16116.0,-32.0,-2864.0,62.0,-246.0,-166.0,154646.0
1174,3660.0,-16176.0,284.0,-2896.0,36.0,-150.0,-137.0,154652.0
1175,3620.0,-16228.0,64.0,-2896.0,-1.0,-61.0,-120.0,154657.0
1176,3572.0,-16272.0,116.0,-2896.0,-23.0,-13.0,-106.0,154663.0
1177,3456.0,-16124.0,116.0,-2864.0,-26.0,12.0,-112.0,154669.0
1178,3392.0,-16204.0,0.0,-2848.0,-18.0,25.0,-123.0,154675.0
1179,3436.0,-16184.0,-72.0,-2864.0,11.0,68.0,-125.0,154681.0
1180,3600.0,-16032.0,-140.0,-2896.0,14.0,76.0,-128.0,154686.0
1181,3672.0,-16160.0,0.0,-2864.0,23.0,78.0,-129.0,154692.0
1182,3524.0,-16156.0,-8.0,-2912.0,-10.0,131.0,-102.0,154697.0
1183,3504.0,-16200.0,-40.0,-2880.0,0.0,213.0,-102.0,154703.0
1184,3552.0,-16204.0,80.0,-2880.0,-50.0,236.0,-110.0,154708.0
1185,3412.0,-16208.0,8.0,-2848.0,-45.0,231.0,-95.0,154715.0
1186,3392.0,-16284.0,124.0,-2880.0,-82.0,225.0,-112.0,154721.0
1187,3400.0,-16048.0,60.0,-2880.0,-76.0,171.0,-106.0,154726.0
1188,3376.0,-16076.0,-88.0,-2864.0,-109.0,177.0,-123.0,154732.0
1189,3376.0,-16088.0,212.0,-2896.0,-111.0,194.0,-101.0,154737.0
1190,3440.0,-16156.0,88.0,-2880.0,-125.0,228.0,-114.0,154743.0
1191,3432.0,-16120.0,-36.0,-2896.0,-134.0,236.0,-121.0,154749.0
1192,3344.0,-16248.0,56.0,-2880.0,-122.0,218.0,-138.0,154756.0
1193,3480.0,-16196.0,-84.0,-2864.0,-105.0,212.0,-135.0,154761.0
1194,3440.0,-16240.0,-76.0,-2832.0,-111.0,217.0,-127.0,154767.0
1195,3520.0,-16204.0,-16.0,-2880.0,-105.0,171.0,-127.0,154773.0
1196,3540.0,-16224.0,-24.0,-2864.0,-102.0,127.0,-124.0,154778.0
1197,3624.0,-16212.0,-32.0,-2880.0,-88.0,59.0,-93.0,154784.0
1198,3504.0,-16120.0,-112.0,-2880.0,-75.0,65.0,-70.0,154790.0
1199,3688.0,-16240.0,-96.0,-2880.0,-57.0,92.0,-35.0,154796.0
1200,3644.0,-16164.0,-132.0,-2864.0,-55.0,166.0,-27.0,154802.0
1201,3544.0,-16128.0,-72.0,-2864.0,-54.0,202.0,-25.0,154807.0
1202,3512.0,-16144.0,-48.0,-2896.0,-29.0,174.0,-49.0,154813.0
1203,3344.0,-16296.0,20.0,-2864.0,-18.0,151.0,-30.0,154818.0
1204,3332.0,-16356.0,-44.0,-2832.0,6.0,141.0,-30.0,154824.0
1205,3432.0,-16116.0,-84.0,-2864.0,25.0,106.0,-58.0,154829.0
1206,3388.0,-16176.0,-164.0,-2848.0,46.0,69.0,-66.0,154835.0
1207,3392.0,-16188.0,180.0,-2880.0,43.0,29.0,-75.0,154842.0
1208,3452.0,-16324.0,0.0,-2880.0,63.0,20.0,-89.0,154847.0
1209,3576.0,-16136.0,72.0,-2896.0,73.0,-30.0,-47.0,154853.0
1210,3768.0,-16124.0,-88.0,-2848.0,91.0,-101.0,-26.0,154858.0
1211,3780.0,-16016.0,60.0,-2848.0,78.0,-107.0,12.0,154864.0
1212,3728.0,-16032.0,272.0,-2880.0,23.0,-12.0,2.0,154869.0
1213,3716.0,-15980.0,116.0,-2864.0,-15.0,65.0,-5.0,154875.0
1214,3428.0,-16024.0,36.0,-2864.0,-27.0,128.0,-18.0,154881.0
1215,3616.0,-16488.0,284.0,-2880.0,-101.0,378.0,65.0,154887.0
1216,3472.0,-16216.0,304.0,-2896.0,-55.0,397.0,10.0,154892.0
1217,2992.0,-16084.0,84.0,-2896.0,-115.0,350.0,-96.0,154898.0
1218,3064.0,-16272.0,224.0,-2864.0,-112.0,294.0,-88.0,154904.0
1219,3300.0,-16216.0,160.0,-2880.0,-158.0,248.0,-170.0,154909.0
1220,3232.0,-16252.0,216.0,-2864.0,-167.0,174.0,-163.0,154915.0
1221,3488.0,-16308.0,-28.0,-2880.0,-196.0,135.0,-161.0,154921.0
1222,3540.0,-16156.0,60.0,-2896.0,-210.0,128.0,-161.0,154927.0
1223,3660.0,-16096.0,124.0,-2880.0,-202.0,107.0,-156.0,154933.0
1224,3772.0,-16024.0,100.0,-2864.0,-231.0,84.0,-126.0,154939.0
1225,3724.0,-16032.0,112.0,-2896.0,-234.0,121.0,-101.0,154944.0
1226,3800.0,-16252.0,36.0,-2896.0,-235.0,214.0,-75.0,154950.0
1227,3712.0,-16320.0,-8.0,-2864.0,-216.0,410.0,-69.0,154956.0
1228,3596.0,-16408.0,-160.0,-2864.0,-167.0,604.0,-85.0,154961.0
1229,3604.0,-16208.0,76.0,-2880.0,-105.0,652.0,-81.0,154968.0
1230,3560.0,-16176.0,36.0,-2880.0,-66.0,585.0,-72.0,154974.0
1231,3496.0,-16136.0,-8.0,-2880.0,-104.0,509.0,-51.0,154979.0
1232,3376.0,-16128.0,100.0,-2880.0,-126.0,504.0,-55.0,154985.0
1233,3336.0,-16052.0,136.0,-2896.0,-154.0,436.0,-54.0,154990.0
1234,3420.0,-16064.0,156.0,-2864.0,-129.0,362.0,-105.0,154996.0
1235,3564.0,-16172.0,56.0,-2880.0,-175.0,291.0,-109.0,155002.0
1236,3628.0,-16272.0,132.0,-2864.0,-151.0,317.0,-100.0,155009.0
1237,3648.0,-16324.0,-88.0,-2880.0,-126.0,397.0,-66.0,155014.0
1238,3684.0,-16140.0,156.0,-2896.0,-110.0,423.0,-78.0,155020.0
1239,3680.0,-16220.0,88.0,-2896.0,-141.0,468.0,-28.0,155026.0
1240,3564.0,-16112.0,0.0,-2912.0,-133.0,482.0,-35.0,155031.0
1241,3532.0,-16152.0,-28.0,-2864.0,-175.0,487.0,-36.0,155037.0
1242,3500.0,-16176.0,96.0,-2880.0,-174.0,457.0,-21.0,155042.0
1243,3412.0,-16220.0,152.0,-2880.0,-183.0,407.0,-44.0,155048.0
1244,3404.0,-16156.0,104.0,-2832.0,-200.0,416.0,-52.0,155055.0
1245,3324.0,-16140.0,0.0,-2864.0,-195.0,384.0,-101.0,155060.0
1246,3404.0,-16132.0,160.0,-2864.0,-224.0,400.0,-86.0,155066.0
1247,3416.0,-16060.0,0.0,-2880.0,-201.0,371.0,-89.0,155072.0
1248,3464.0,-16260.0,60.0,-2848.0,-196.0,329.0,-104.0,155077.0
1249,3404.0,-16180.0,12.0,-2864.0,-196.0,298.0,-93.0,155083.0
1250,3488.0,-16216.0,-132.0,-2864.0,-152.0,251.0,-125.0,155088.0
1251,3528.0,-16196.0,-44.0,-2880.0,-147.0,213.0,-79.0,155095.0
1252,3476.0,-16144.0,116.0,-2880.0,-134.0,176.0,-101.0,155101.0
1253,3528.0,-16116.0,28.0,-2864.0,-116.0,191.0,-97.0,155106.0
1254,3600.0,-16112.0,148.0,-2880.0,-124.0,218.0,-105.0,155112.0
1255,3624.0,-16080.0,80.0,-2864.0,-124.0,234.0,-104.0,155118.0
1256,3576.0,-16280.0,28.0,-2880.0,-91.0,268.0,-95.0,155123.0
1257,3504.0,-16156.0,148.0,-2864.0,-78.0,276.0,-98.0,155129.0
1258,3588.0,-16312.0,-12.0,-2848.0,-52.0,219.0,-83.0,155136.0
1259,3608.0,-16220.0,140.0,-2848.0,-50.0,194.0,-94.0,155141.0
1260,3468.0,-16140.0,136.0,-2880.0,-43.0,182.0,-82.0,155147.0
1261,3676.0,-16208.0,-16.0,-2848.0,-18.0,145.0,-94.0,155152.0
1262,3548.0,-16124.0,84.0,-2880.0,10.0,93.0,-86.0,155158.0
1263,3552.0,-16212.0,68.0,-2880.0,10.0,67.0,-70.0,155164.0
1264,3668.0,-16084.0,28.0,-2864.0,-10.0,132.0,-72.0,155169.0
1265,3576.0,-16156.0,116.0,-2896.0,-29.0,157.0,-57.0,155175.0
1266,3576.0,-16044.0,176.0,-2896.0,-46.0,156.0,-68.0,155181.0
1267,3512.0,-16112.0,204.0,-2864.0,-62.0,118.0,-84.0,155187.0
1268,3528.0,-16080.0,228.0,-2880.0,-81.0,70.0,-98.0,155192.0
1269,3548.0,-16140.0,180.0,-2896.0,-88.0,88.0,-111.0,155198.0
1270,3484.0,-16320.0,236.0,-2880.0,-91.0,77.0,-131.0,155204.0
1271,3484.0,-16212.0,100.0,-2880.0,-45.0,79.0,-147.0,155209.0
1272,3524.0,-16092.0,220.0,-2880.0,-65.0,64.0,-140.0,155215.0
1273,3524.0,-16096.0,164.0,-2880.0,-90.0,74.0,-130.0,155220.0
1274,3500.0,-16112.0,96.0,-2864.0,-110.0,88.0,-125.0,155227.0
1275,3584.0,-16132.0,172.0,-2864.0,-123.0,145.0,-124.0,155233.0
1276,3736.0,-16088.0,112.0,-2880.0,-162.0,130.0,-108.0,155238.0
1277,3660.0,-16168.0,100.0,-2896.0,-157.0,95.0,-141.0,155244.0
1278,3576.0,-16136.0,108.0,-2848.0,-155.0,96.0,-123.0,155250.0
1279,3480.0,-16156.0,188.0,-2880.0,-161.0,86.0,-127.0,155255.0
1280,3520.0,-16112.0,224.0,-2896.0,-118.0,51.0,-132.0,155261.0
1281,3616.0,-16116.0,52.0,-2848.0,-101.0,91.0,-130.0,155268.0
1282,3604.0,-16164.0,156.0,-2848.0,-106.0,94.0,-108.0,155273.0
1283,3740.0,-16104.0,224.0,-2864.0,-116.0,73.0,-95.0,155279.0
1284,3672.0,-16044.0,184.0,-2864.0,-141.0,114.0,-97.0,155285.0
1285,3632.0,-15960.0,32.0,-2864.0,-125.0,105.0,-107.0,155290.0
1286,3632.0,-16104.0,128.0,-2848.0,-162.0,96.0,-60.0,155296.0
1287,3572.0,-16176.0,284.0,-2896.0,-173.0,109.0,-69.0,155302.0
1288,3496.0,-16084.0,0.0,-2864.0,-183.0,127.0,-66.0,155308.0
1289,3588.0,-16216.0,-52.0,-2896.0,-203.0,145.0,-91.0,155314.0
1290,3444.0,-16160.0,172.0,-2864.0,-210.0,84.0,-122.0,155319.0
1291,3536.0,-16156.0,132.0,-2848.0,-201.0,101.0,-111.0,155325.0
1292,3492.0,-16084.0,136.0,-2864.0,-189.0,49.0,-129.0,155331.0
1293,3640.0,-16144.0,28.0,-2880.0,-180.0,-21.0,-140.0,155337.0
1294,3512.0,-16120.0,176.0,-2880.0,-189.0,-70.0,-132.0,155342.0
1295,3540.0,-16132.0,136.0,-2832.0,-196.0,-101.0,-147.0,155348.0
1296,3612.0,-16112.0,172.0,-2880.0,-220.0,-96.0,-136.0,155355.0
1297,3700.0,-16108.0,40.0,-2832.0,-235.0,-101.0,-166.0,155360.0
1298,3868.0,-16204.0,188.0,-2880.0,-238.0,-67.0,-130.0,155366.0
1299,3736.0,-16184.0,160.0,-2864.0,-249.0,-51.0,-85.0,155372.0
1300,3676.0,-16144.0,124.0,-2864.0,-246.0,-22.0,-78.0,155377.0
1301,3756.0,-16164.0,180.0,-2864.0,-246.0,-18.0,-65.0,155383.0
1302,3696.0,-16160.0,156.0,-2896.0,-237.0,17.0,-38.0,155388.0
1303,3728.0,-16188.0,180.0,-2880.0,-227.0,-4.0,-19.0,155395.0
1304,3680.0,-16040.0,52.0,-2880.0,-208.0,-29.0,-44.0,155401.0
