id,AcX,AcY,AcZ,Tmp,GyX,GyY,GyZ,Timer
0,15832.0,-14160.0,-5692.0,-2704.0,9897.0,-3290.0,1097.0,36030.0
1,13504.0,-13520.0,-3272.0,-2720.0,9549.0,1286.0,2473.0,36036.0
2,8284.0,-13040.0,-2416.0,-2704.0,8616.0,5974.0,2974.0,36042.0
3,2480.0,-13992.0,-2284.0,-2752.0,7685.0,8858.0,2742.0,36048.0
4,-856.0,-15728.0,-2820.0,-2736.0,7388.0,9034.0,2135.0,36055.0
5,-2080.0,-17252.0,-3512.0,-2736.0,7506.0,7517.0,1557.0,36061.0
6,-1892.0,-17416.0,-3592.0,-2720.0,7703.0,5965.0,930.0,36067.0
7,-1796.0,-16988.0,-3192.0,-2752.0,7731.0,4771.0,300.0,36073.0
8,-1620.0,-16520.0,-2940.0,-2768.0,7631.0,3434.0,-384.0,36079.0
9,-1532.0,-16260.0,-3036.0,-2720.0,7556.0,1708.0,-1146.0,36084.0
10,-660.0,-15808.0,-3448.0,-2736.0,7467.0,52.0,-1641.0,36090.0
11,1124.0,-15384.0,-3796.0,-2752.0,7349.0,-1426.0,-2070.0,36097.0
12,3432.0,-15240.0,-3684.0,-2768.0,7287.0,-2676.0,-2185.0,36103.0
13,5460.0,-15324.0,-3408.0,-2752.0,7293.0,-3303.0,-1956.0,36109.0
14,6956.0,-15840.0,-2976.0,-2704.0,7390.0,-3052.0,-1593.0,36115.0
15,7532.0,-16076.0,-2852.0,-2720.0,7401.0,-1938.0,-1043.0,36121.0
16,7368.0,-15600.0,-2928.0,-2736.0,7354.0,-668.0,-628.0,36127.0
17,6880.0,-15628.0,-2912.0,-2768.0,7278.0,311.0,-457.0,36133.0
18,6232.0,-15356.0,-2636.0,-2736.0,7217.0,887.0,-215.0,36140.0
19,5700.0,-14988.0,-2396.0,-2768.0,7091.0,1313.0,-48.0,36145.0
20,4956.0,-15080.0,-2276.0,-2736.0,6974.0,1485.0,-62.0,36151.0
21,4436.0,-15068.0,-2472.0,-2736.0,6829.0,1283.0,-37.0,36157.0
22,4188.0,-15204.0,-2624.0,-2768.0,6760.0,867.0,-67.0,36163.0
23,4184.0,-15672.0,-2560.0,-2736.0,6768.0,399.0,-21.0,36169.0
24,4240.0,-15912.0,-2936.0,-2752.0,6840.0,103.0,39.0,36174.0
25,4300.0,-16024.0,-2604.0,-2688.0,6942.0,-100.0,-19.0,36180.0
26,4120.0,-16116.0,-2396.0,-2704.0,6990.0,-66.0,139.0,36187.0
27,4148.0,-16384.0,-1972.0,-2704.0,7022.0,212.0,141.0,36193.0
28,3908.0,-16320.0,-1832.0,-2704.0,7018.0,686.0,121.0,36199.0
29,3936.0,-16140.0,-1672.0,-2704.0,7012.0,1056.0,17.0,36204.0
30,4004.0,-15852.0,-1520.0,-2736.0,6941.0,1171.0,-15.0,36210.0
31,4316.0,-15676.0,-1636.0,-2736.0,6874.0,1194.0,-86.0,36216.0
32,4552.0,-15536.0,-1556.0,-2736.0,6806.0,1073.0,-115.0,36222.0
33,4440.0,-15376.0,-1532.0,-2736.0,6764.0,945.0,-123.0,36229.0
34,4516.0,-15236.0,-1296.0,-2736.0,6649.0,792.0,-10.0,36235.0
35,4548.0,-15716.0,-1180.0,-2736.0,6614.0,618.0,-62.0,36240.0
36,4496.0,-15788.0,-960.0,-2720.0,6592.0,446.0,20.0,36246.0
37,4592.0,-15872.0,-976.0,-2736.0,6554.0,406.0,54.0,36252.0
38,4732.0,-15760.0,-740.0,-2720.0,6483.0,427.0,171.0,36257.0
39,4852.0,-15864.0,-720.0,-2736.0,6488.0,580.0,178.0,36263.0
40,4960.0,-15952.0,-936.0,-2688.0,6537.0,726.0,238.0,36270.0
41,5036.0,-15936.0,-944.0,-2736.0,6591.0,832.0,294.0,36276.0
42,4784.0,-16012.0,-732.0,-2704.0,6628.0,954.0,380.0,36281.0
43,4624.0,-16184.0,-360.0,-2720.0,6776.0,1101.0,452.0,36287.0
44,4212.0,-16472.0,-436.0,-2752.0,6907.0,1302.0,504.0,36293.0
45,4576.0,-16264.0,-628.0,-2720.0,7066.0,1250.0,542.0,36299.0
46,5048.0,-15892.0,-320.0,-2736.0,7106.0,1104.0,625.0,36304.0
47,5460.0,-16104.0,224.0,-2672.0,7169.0,1286.0,807.0,36311.0
48,5372.0,-16812.0,-92.0,-2736.0,7345.0,1966.0,958.0,36317.0
49,5440.0,-16716.0,-856.0,-2688.0,7686.0,2531.0,1079.0,36323.0
50,5928.0,-15728.0,-804.0,-2720.0,7803.0,2724.0,1133.0,36329.0
51,5760.0,-14948.0,72.0,-2720.0,7654.0,2737.0,1216.0,36334.0
52,5112.0,-15120.0,600.0,-2720.0,7371.0,3192.0,1312.0,36340.0
53,4204.0,-15536.0,924.0,-2720.0,7100.0,3699.0,1376.0,36346.0
54,4160.0,-15948.0,940.0,-2720.0,6988.0,3966.0,1252.0,36353.0
55,4292.0,-16500.0,336.0,-2752.0,6976.0,4043.0,1104.0,36359.0
56,4824.0,-16096.0,12.0,-2688.0,7007.0,3864.0,1079.0,36365.0
57,5052.0,-15796.0,176.0,-2720.0,6927.0,3933.0,1136.0,36370.0
58,4996.0,-15684.0,800.0,-2688.0,6813.0,4266.0,1198.0,36376.0
59,4568.0,-16192.0,1084.0,-2720.0,6742.0,4578.0,1279.0,36382.0
60,4292.0,-16780.0,432.0,-2720.0,6767.0,4618.0,1250.0,36388.0
61,4444.0,-16608.0,-136.0,-2704.0,6749.0,4487.0,1129.0,36395.0
62,5020.0,-16036.0,76.0,-2704.0,6685.0,4416.0,1222.0,36401.0
63,5260.0,-16044.0,376.0,-2720.0,6608.0,4499.0,1392.0,36406.0
64,4904.0,-16152.0,788.0,-2720.0,6535.0,4730.0,1550.0,36412.0
65,4404.0,-16416.0,912.0,-2736.0,6527.0,4950.0,1599.0,36418.0
66,4128.0,-16556.0,908.0,-2736.0,6537.0,4990.0,1506.0,36424.0
67,3872.0,-16388.0,1008.0,-2768.0,6516.0,4773.0,1485.0,36430.0
68,3496.0,-16964.0,1608.0,-2704.0,6521.0,4593.0,1431.0,36436.0
69,3980.0,-17208.0,1628.0,-2720.0,6608.0,4551.0,1356.0,36442.0
70,4596.0,-16864.0,1580.0,-2752.0,6658.0,4497.0,1312.0,36448.0
71,4916.0,-16788.0,1692.0,-2736.0,6772.0,4736.0,1272.0,36454.0
72,5796.0,-17036.0,1584.0,-2704.0,6946.0,5221.0,1061.0,36460.0
73,5676.0,-16824.0,1816.0,-2736.0,6953.0,5962.0,1108.0,36466.0
74,5760.0,-17404.0,2144.0,-2704.0,7132.0,6630.0,1235.0,36472.0
75,5232.0,-18288.0,1812.0,-2752.0,7262.0,7326.0,1225.0,36478.0
76,5908.0,-15848.0,1168.0,-2736.0,7458.0,7589.0,535.0,36485.0
77,3296.0,-17372.0,1700.0,-2704.0,7734.0,7649.0,1510.0,36490.0
78,4604.0,-17512.0,3060.0,-2736.0,8121.0,7883.0,1118.0,36496.0
79,3092.0,-17476.0,2116.0,-2720.0,8339.0,7726.0,1308.0,36502.0
80,3536.0,-17608.0,2076.0,-2752.0,8557.0,7217.0,1601.0,36508.0
81,3308.0,-17852.0,2256.0,-2720.0,8761.0,7075.0,1790.0,36514.0
82,3216.0,-18312.0,2360.0,-2736.0,9009.0,6779.0,2056.0,36520.0
83,3152.0,-18668.0,2452.0,-2736.0,9287.0,6549.0,2308.0,36527.0
84,2932.0,-18732.0,2448.0,-2720.0,9541.0,6318.0,2545.0,36533.0
85,2404.0,-18936.0,2536.0,-2752.0,9873.0,6001.0,2884.0,36538.0
86,1628.0,-19412.0,2988.0,-2736.0,10156.0,5711.0,3275.0,36544.0
87,588.0,-20048.0,3116.0,-2736.0,10531.0,5418.0,3702.0,36550.0
88,32.0,-20392.0,3400.0,-2720.0,10913.0,4927.0,4022.0,36556.0
89,-256.0,-20904.0,3556.0,-2752.0,11270.0,4302.0,4381.0,36562.0
90,-200.0,-21384.0,3632.0,-2768.0,11658.0,3793.0,4767.0,36569.0
91,-220.0,-21416.0,3476.0,-2736.0,12011.0,3273.0,5074.0,36575.0
92,104.0,-21428.0,3248.0,-2736.0,12407.0,2804.0,5385.0,36581.0
93,968.0,-21652.0,3524.0,-2720.0,12755.0,2417.0,5680.0,36586.0
94,1800.0,-21648.0,3372.0,-2736.0,13088.0,2147.0,5925.0,36592.0
95,2828.0,-21480.0,3160.0,-2688.0,13537.0,2053.0,6170.0,36598.0
96,3844.0,-21740.0,3348.0,-2784.0,13733.0,2141.0,6445.0,36604.0
97,4924.0,-21856.0,3208.0,-2736.0,14109.0,2375.0,6642.0,36611.0
98,5704.0,-21844.0,3052.0,-2720.0,14466.0,2767.0,6860.0,36617.0
99,5536.0,-22000.0,2980.0,-2736.0,14748.0,3409.0,7238.0,36623.0
100,4072.0,-22528.0,4028.0,-2720.0,14933.0,3982.0,7992.0,36629.0
101,3356.0,-24116.0,4356.0,-2736.0,15001.0,3762.0,8823.0,36635.0
102,4876.0,-25228.0,3596.0,-2720.0,15165.0,3296.0,9226.0,36641.0
103,7204.0,-25212.0,4028.0,-2736.0,15636.0,3232.0,9112.0,36647.0
104,8104.0,-24896.0,4008.0,-2720.0,16057.0,3740.0,9204.0,36654.0
105,8348.0,-25764.0,3160.0,-2768.0,16376.0,5063.0,9191.0,36660.0
106,8412.0,-26956.0,2048.0,-2752.0,16733.0,6310.0,9462.0,36666.0
107,8672.0,-27644.0,460.0,-2736.0,17025.0,7585.0,9649.0,36671.0
108,8824.0,-27928.0,-1708.0,-2736.0,17153.0,8755.0,9598.0,36677.0
109,9352.0,-27984.0,-3860.0,-2720.0,17080.0,9701.0,9438.0,36683.0
110,10132.0,-27876.0,-5848.0,-2704.0,16818.0,10581.0,9060.0,36689.0
111,10640.0,-29204.0,-8528.0,-2704.0,16730.0,11772.0,8684.0,36696.0
112,10000.0,-29748.0,-9820.0,-2736.0,16777.0,12532.0,8736.0,36702.0
113,8892.0,-28776.0,-11256.0,-2768.0,16521.0,12660.0,9083.0,36708.0
114,8292.0,-27180.0,-12608.0,-2704.0,15872.0,12876.0,9452.0,36714.0
115,8056.0,-25660.0,-13460.0,-2736.0,15043.0,13418.0,9735.0,36721.0
116,6756.0,-24472.0,-12560.0,-2736.0,14343.0,13938.0,10017.0,36727.0
117,3748.0,-22664.0,-9276.0,-2736.0,13894.0,13214.0,10228.0,36733.0
118,0.0,-22044.0,-1408.0,-2736.0,14103.0,10626.0,10358.0,36740.0
119,-3128.0,-21804.0,6564.0,-2736.0,14672.0,7122.0,10631.0,36746.0
120,-5576.0,-21436.0,9712.0,-2704.0,14702.0,3051.0,10508.0,36752.0
121,-5600.0,-20732.0,6828.0,-2736.0,13902.0,-2214.0,9108.0,36758.0
122,-3464.0,-19896.0,3196.0,-2720.0,12580.0,-7542.0,7416.0,36764.0
123,-200.0,-19028.0,568.0,-2736.0,11342.0,-12045.0,5674.0,36770.0
124,2208.0,-19424.0,-492.0,-2720.0,10756.0,-14604.0,4239.0,36776.0
125,3964.0,-19040.0,-240.0,-2768.0,10868.0,-14889.0,3591.0,36783.0
126,4624.0,-17668.0,-672.0,-2752.0,11399.0,-12989.0,3591.0,36788.0
127,4660.0,-15464.0,-1712.0,-2736.0,11579.0,-10737.0,3936.0,36794.0
128,5748.0,-12904.0,-2032.0,-2736.0,11374.0,-8946.0,4296.0,36800.0
129,6920.0,-11188.0,-1844.0,-2720.0,10862.0,-7617.0,4263.0,36806.0
130,7864.0,-8892.0,-1188.0,-2736.0,9812.0,-6292.0,3967.0,36812.0
131,6372.0,-10252.0,4.0,-2720.0,8954.0,-4065.0,3728.0,36818.0
132,5388.0,-10300.0,992.0,-2736.0,8058.0,-2077.0,3525.0,36825.0
133,4816.0,-9956.0,1852.0,-2704.0,7028.0,-284.0,3108.0,36831.0
134,4480.0,-9100.0,1832.0,-2768.0,6174.0,1045.0,3171.0,36837.0
135,4160.0,-7412.0,1244.0,-2736.0,4819.0,2402.0,3152.0,36843.0
136,3688.0,-6432.0,388.0,-2720.0,3343.0,3430.0,2971.0,36848.0
137,3256.0,-6160.0,-508.0,-2736.0,2287.0,3876.0,2697.0,36854.0
138,2332.0,-5812.0,-1020.0,-2736.0,1378.0,3690.0,2497.0,36860.0
139,812.0,-5220.0,-1532.0,-2736.0,383.0,3327.0,2546.0,36867.0
140,-888.0,-4580.0,-1808.0,-2752.0,-645.0,3069.0,2757.0,36873.0
141,-2316.0,-4036.0,-2800.0,-2752.0,-1892.0,2882.0,2885.0,36878.0
142,-2724.0,-3360.0,-3076.0,-2720.0,-3085.0,1912.0,2327.0,36884.0
143,-2608.0,-2268.0,-2308.0,-2736.0,-4511.0,259.0,1727.0,36890.0
144,-1364.0,-724.0,-2008.0,-2736.0,-6719.0,-755.0,890.0,36896.0
145,-2656.0,-820.0,-2244.0,-2784.0,-8837.0,-2036.0,563.0,36902.0
146,444.0,-788.0,-3520.0,-2752.0,-10238.0,-2971.0,736.0,36908.0
147,1240.0,-308.0,-4792.0,-2768.0,-11769.0,-4377.0,-1770.0,36914.0
148,16.0,136.0,-5184.0,-2736.0,-13570.0,-6307.0,-2362.0,36920.0
149,560.0,-300.0,-5332.0,-2704.0,-15161.0,-8006.0,-2051.0,36926.0
150,1664.0,-1040.0,-4876.0,-2736.0,-16776.0,-8791.0,-1903.0,36932.0
151,1948.0,-1996.0,-5196.0,-2720.0,-18415.0,-9379.0,-1840.0,36938.0
152,2472.0,-3032.0,-5580.0,-2704.0,-19971.0,-9101.0,-1812.0,36943.0
153,2816.0,-5148.0,-4576.0,-2752.0,-20987.0,-9004.0,-1953.0,36950.0
154,3388.0,-5952.0,-3864.0,-2736.0,-22113.0,-8597.0,-2326.0,36956.0
155,3384.0,-6396.0,-3060.0,-2752.0,-23281.0,-8426.0,-2749.0,36962.0
156,3152.0,-6564.0,-2988.0,-2736.0,-24514.0,-8470.0,-3126.0,36968.0
157,2572.0,-7100.0,-3316.0,-2752.0,-25766.0,-8877.0,-3354.0,36974.0
158,2556.0,-8136.0,-3220.0,-2768.0,-26969.0,-9103.0,-3385.0,36980.0
159,2596.0,-9428.0,-3352.0,-2752.0,-28138.0,-9106.0,-3370.0,36986.0
160,3004.0,-10588.0,-3492.0,-2704.0,-29287.0,-8924.0,-3348.0,36993.0
161,3244.0,-11916.0,-2576.0,-2752.0,-30327.0,-8495.0,-3272.0,36999.0
162,3224.0,-13556.0,-1916.0,-2768.0,-31115.0,-8202.0,-3326.0,37005.0
163,2788.0,-14812.0,-1208.0,-2736.0,-31866.0,-8154.0,-3331.0,37011.0
164,2724.0,-15852.0,-492.0,-2752.0,-32550.0,-8332.0,-3247.0,37017.0
165,3464.0,-16376.0,-200.0,-2736.0,-32768.0,-8215.0,-3375.0,37023.0
166,3164.0,-17524.0,304.0,-2720.0,-32768.0,-8398.0,-3457.0,37029.0
167,3108.0,-18764.0,904.0,-2768.0,-32768.0,-8727.0,-3646.0,37036.0
168,3224.0,-19808.0,1396.0,-2752.0,-32768.0,-9001.0,-3948.0,37042.0
169,4000.0,-20536.0,2280.0,-2736.0,-32768.0,-9247.0,-4289.0,37048.0
170,5248.0,-21344.0,2456.0,-2768.0,-32768.0,-9458.0,-4735.0,37054.0
171,6660.0,-22228.0,2236.0,-2720.0,-32768.0,-9460.0,-5147.0,37060.0
172,8164.0,-23064.0,2300.0,-2752.0,-32768.0,-9178.0,-5563.0,37066.0
173,9356.0,-24140.0,2212.0,-2736.0,-32768.0,-8597.0,-5923.0,37072.0
174,10436.0,-25220.0,2572.0,-2768.0,-32768.0,-7726.0,-6279.0,37079.0
175,11236.0,-26276.0,3424.0,-2720.0,-32768.0,-6599.0,-6599.0,37085.0
176,11560.0,-26692.0,3844.0,-2752.0,-32768.0,-5231.0,-6951.0,37091.0
177,11648.0,-27280.0,4252.0,-2720.0,-32768.0,-3881.0,-7330.0,37097.0
178,11628.0,-27608.0,4264.0,-2720.0,-32768.0,-2519.0,-7710.0,37103.0
179,11324.0,-27916.0,4464.0,-2736.0,-32768.0,-1392.0,-8120.0,37109.0
180,10976.0,-27928.0,4648.0,-2736.0,-32768.0,-396.0,-8628.0,37115.0
181,10744.0,-28136.0,4932.0,-2752.0,-32768.0,528.0,-9139.0,37122.0
182,10680.0,-28144.0,5252.0,-2720.0,-32768.0,1617.0,-9679.0,37128.0
183,10520.0,-28188.0,5308.0,-2752.0,-32768.0,2921.0,-10299.0,37134.0
184,10396.0,-28088.0,5996.0,-2752.0,-32524.0,4396.0,-10866.0,37140.0
185,10328.0,-27800.0,6196.0,-2736.0,-32031.0,6195.0,-11357.0,37146.0
186,9748.0,-27816.0,6124.0,-2736.0,-31544.0,8201.0,-11803.0,37152.0
187,8440.0,-27848.0,6220.0,-2768.0,-30976.0,10025.0,-12166.0,37158.0
188,6116.0,-29236.0,5476.0,-2752.0,-29600.0,11281.0,-13443.0,37166.0
189,5748.0,-27444.0,7256.0,-2736.0,-29056.0,12047.0,-10460.0,37172.0
190,6008.0,-28064.0,7916.0,-2736.0,-27542.0,13282.0,-12245.0,37178.0
191,308.0,-27404.0,9532.0,-2720.0,-26258.0,13739.0,-12695.0,37184.0
192,-1596.0,-27312.0,10320.0,-2720.0,-25108.0,13335.0,-12407.0,37190.0
193,-2796.0,-27732.0,11040.0,-2720.0,-23743.0,12589.0,-12161.0,37196.0
194,-3896.0,-28212.0,12220.0,-2752.0,-22164.0,11933.0,-11768.0,37203.0
195,-5680.0,-28164.0,14060.0,-2752.0,-20287.0,11437.0,-10976.0,37210.0
196,-7448.0,-27652.0,16208.0,-2752.0,-18206.0,10763.0,-10300.0,37216.0
197,-10084.0,-26304.0,17748.0,-2720.0,-16099.0,9692.0,-9450.0,37223.0
198,-11400.0,-25360.0,19284.0,-2768.0,-13945.0,8355.0,-8328.0,37229.0
199,-12052.0,-24728.0,20564.0,-2736.0,-11581.0,6712.0,-7217.0,37235.0
200,-11852.0,-24300.0,21948.0,-2752.0,-9039.0,4691.0,-5879.0,37241.0
201,-10912.0,-23992.0,23016.0,-2752.0,-6347.0,2922.0,-4418.0,37248.0
202,-9336.0,-23568.0,23436.0,-2768.0,-3544.0,1718.0,-3114.0,37255.0
203,-8104.0,-23088.0,23564.0,-2736.0,-741.0,1135.0,-1825.0,37261.0
204,-7672.0,-22676.0,23484.0,-2752.0,1999.0,716.0,-632.0,37267.0
205,-7872.0,-21964.0,23068.0,-2768.0,4559.0,102.0,376.0,37272.0
206,-8432.0,-21028.0,22088.0,-2736.0,6781.0,-940.0,1364.0,37278.0
207,-8952.0,-20284.0,21040.0,-2752.0,8768.0,-2179.0,2255.0,37284.0
208,-9184.0,-19332.0,19404.0,-2768.0,10393.0,-3490.0,2883.0,37291.0
209,-9060.0,-18608.0,17468.0,-2736.0,11726.0,-4995.0,3318.0,37297.0
210,-7756.0,-18144.0,11784.0,-2736.0,12366.0,-6988.0,3589.0,37303.0
211,-1052.0,-8560.0,-1988.0,-2752.0,10686.0,-9788.0,2691.0,37309.0
212,32767.0,5252.0,-32768.0,-2768.0,-3496.0,-11458.0,-8011.0,37315.0
213,32767.0,-30944.0,-32768.0,-2736.0,-5886.0,-20459.0,-24433.0,37321.0
214,10336.0,-32768.0,-14488.0,-2752.0,10110.0,-24659.0,-891.0,37328.0
215,-13336.0,-32768.0,14604.0,-2736.0,19339.0,2596.0,21185.0,37335.0
216,-32768.0,-32768.0,32767.0,-2736.0,21819.0,30626.0,21277.0,37341.0
217,-29568.0,-32768.0,30300.0,-2736.0,21020.0,21576.0,7319.0,37347.0
218,-15620.0,-28308.0,7160.0,-2752.0,19659.0,-5477.0,-4274.0,37353.0
219,3088.0,-19092.0,-8220.0,-2720.0,18672.0,-19224.0,-4720.0,37360.0
220,18896.0,-13732.0,-5428.0,-2768.0,20508.0,-21406.0,-772.0,37366.0
221,25424.0,-6488.0,492.0,-2784.0,20465.0,-16748.0,-172.0,37372.0
222,13504.0,-1424.0,4468.0,-2768.0,17008.0,-9679.0,591.0,37379.0
223,5692.0,-3024.0,3804.0,-2736.0,13723.0,-5472.0,2395.0,37385.0
224,7864.0,-7716.0,1048.0,-2720.0,11950.0,-6291.0,677.0,37391.0
225,9504.0,-12824.0,1284.0,-2736.0,11444.0,-9283.0,-775.0,37396.0
226,9164.0,-17224.0,2176.0,-2720.0,11275.0,-8357.0,712.0,37402.0
227,8344.0,-20288.0,1052.0,-2752.0,11053.0,-4132.0,2898.0,37408.0
228,7312.0,-21200.0,80.0,-2768.0,11033.0,-517.0,3949.0,37414.0
229,5648.0,-20552.0,-324.0,-2736.0,11193.0,1577.0,3851.0,37421.0
230,4036.0,-19068.0,-1136.0,-2752.0,11281.0,3134.0,3352.0,37427.0
231,2492.0,-17768.0,-1260.0,-2752.0,11222.0,4388.0,2655.0,37433.0
232,944.0,-16948.0,-1012.0,-2768.0,10976.0,4971.0,2092.0,37439.0
233,-76.0,-15660.0,-588.0,-2768.0,10356.0,4970.0,1942.0,37445.0
234,-232.0,-14908.0,-52.0,-2736.0,9634.0,4517.0,1546.0,37451.0
235,456.0,-14164.0,456.0,-2736.0,8768.0,3955.0,1102.0,37456.0
236,1140.0,-14548.0,416.0,-2768.0,8075.0,3637.0,564.0,37463.0
237,1164.0,-15224.0,-88.0,-2768.0,7538.0,3228.0,17.0,37469.0
238,1012.0,-16564.0,92.0,-2752.0,7591.0,2608.0,-459.0,37475.0
239,940.0,-18024.0,-784.0,-2752.0,7853.0,1921.0,-928.0,37481.0
240,1640.0,-18516.0,-1152.0,-2736.0,8361.0,1272.0,-1360.0,37486.0
241,2916.0,-17620.0,-1596.0,-2752.0,8659.0,625.0,-1745.0,37492.0
242,4004.0,-15884.0,-1404.0,-2768.0,8455.0,104.0,-1853.0,37498.0
243,5280.0,-14404.0,-872.0,-2736.0,7907.0,-320.0,-1731.0,37505.0
244,7092.0,-13776.0,-848.0,-2736.0,7362.0,-408.0,-1433.0,37511.0
245,9152.0,-13536.0,-1376.0,-2768.0,6917.0,-71.0,-969.0,37517.0
246,10724.0,-13316.0,-1128.0,-2736.0,6568.0,723.0,-293.0,37523.0
247,10956.0,-13608.0,-896.0,-2768.0,6249.0,2057.0,612.0,37528.0
248,9608.0,-14432.0,-768.0,-2752.0,5997.0,3752.0,1429.0,37534.0
249,7392.0,-15008.0,-524.0,-2752.0,5835.0,5087.0,1948.0,37540.0
250,5180.0,-15488.0,-432.0,-2736.0,5788.0,5944.0,2084.0,37547.0
251,2884.0,-16256.0,-856.0,-2736.0,5888.0,6078.0,1842.0,37553.0
252,1844.0,-16612.0,-1152.0,-2720.0,6047.0,5809.0,1443.0,37559.0
253,1512.0,-16720.0,-1132.0,-2752.0,6195.0,5184.0,1027.0,37565.0
254,1524.0,-16664.0,-944.0,-2768.0,6317.0,4621.0,614.0,37571.0
255,1932.0,-16692.0,-848.0,-2736.0,6372.0,4165.0,322.0,37576.0
256,2616.0,-16892.0,-992.0,-2752.0,6554.0,3678.0,-3.0,37582.0
257,3664.0,-16408.0,-1228.0,-2768.0,6657.0,3190.0,-151.0,37588.0
258,4852.0,-15640.0,-996.0,-2768.0,6619.0,2671.0,-162.0,37595.0
259,5624.0,-15080.0,-584.0,-2768.0,6561.0,2331.0,-63.0,37600.0
260,6076.0,-15332.0,-352.0,-2768.0,6458.0,2235.0,105.0,37606.0
261,6216.0,-15884.0,-240.0,-2752.0,6398.0,2237.0,318.0,37612.0
262,6448.0,-16000.0,-368.0,-2752.0,6378.0,2381.0,591.0,37618.0
263,6672.0,-15648.0,-264.0,-2768.0,6353.0,2629.0,926.0,37624.0
264,6804.0,-15300.0,100.0,-2768.0,6349.0,3184.0,1257.0,37629.0
265,6252.0,-15424.0,216.0,-2768.0,6310.0,4012.0,1512.0,37636.0
266,5396.0,-15784.0,204.0,-2736.0,6358.0,4497.0,1642.0,37642.0
267,4472.0,-16016.0,252.0,-2768.0,6365.0,4456.0,1662.0,37648.0
268,3692.0,-15916.0,460.0,-2736.0,6393.0,3903.0,1578.0,37654.0
269,3124.0,-16012.0,592.0,-2720.0,6363.0,3188.0,1503.0,37660.0
270,3136.0,-16084.0,716.0,-2752.0,6403.0,2633.0,1379.0,37665.0
271,3480.0,-16096.0,1040.0,-2720.0,6401.0,2277.0,1280.0,37671.0
272,4072.0,-16132.0,1140.0,-2736.0,6346.0,2102.0,1236.0,37678.0
273,4444.0,-15944.0,1236.0,-2768.0,6344.0,2134.0,1251.0,37684.0
274,4688.0,-15820.0,1368.0,-2736.0,6224.0,2300.0,1347.0,37690.0
275,4444.0,-15892.0,1752.0,-2752.0,6146.0,2553.0,1408.0,37696.0
276,4324.0,-15820.0,1844.0,-2752.0,6034.0,2707.0,1417.0,37702.0
277,4028.0,-16032.0,2240.0,-2736.0,5927.0,2714.0,1456.0,37707.0
278,4072.0,-16260.0,2128.0,-2704.0,5808.0,2675.0,1419.0,37713.0
279,4076.0,-16164.0,2036.0,-2720.0,5736.0,2628.0,1406.0,37720.0
280,4068.0,-16040.0,2056.0,-2784.0,5673.0,2655.0,1354.0,37726.0
281,3860.0,-16052.0,2388.0,-2752.0,5579.0,2777.0,1252.0,37732.0
282,4036.0,-16252.0,2260.0,-2736.0,5506.0,2845.0,1068.0,37738.0
283,4072.0,-16396.0,2396.0,-2736.0,5459.0,2936.0,970.0,37744.0
284,4216.0,-16388.0,2452.0,-2768.0,5396.0,3109.0,875.0,37750.0
285,4212.0,-16432.0,2156.0,-2768.0,5392.0,3376.0,753.0,37755.0
286,4356.0,-16644.0,2556.0,-2720.0,5343.0,3549.0,739.0,37762.0
287,5440.0,-17192.0,2860.0,-2752.0,5212.0,3824.0,441.0,37768.0
288,8236.0,-15324.0,1656.0,-2752.0,5135.0,3978.0,-368.0,37774.0
289,5788.0,-16748.0,2152.0,-2752.0,5153.0,4574.0,850.0,37780.0
290,4524.0,-17060.0,2924.0,-2752.0,5135.0,5615.0,627.0,37786.0
291,3576.0,-17392.0,3060.0,-2752.0,5130.0,5838.0,633.0,37791.0
292,4284.0,-17464.0,2736.0,-2752.0,5291.0,5613.0,526.0,37797.0
293,5260.0,-17044.0,1564.0,-2736.0,5399.0,5639.0,125.0,37804.0
294,6060.0,-17804.0,776.0,-2768.0,5755.0,5675.0,1122.0,37810.0
295,4688.0,-17104.0,2232.0,-2736.0,5836.0,6716.0,-73.0,37816.0
296,4020.0,-17792.0,2180.0,-2752.0,6147.0,6380.0,792.0,37822.0
297,2888.0,-17780.0,2496.0,-2736.0,6416.0,6161.0,856.0,37827.0
298,2536.0,-18060.0,2504.0,-2768.0,6805.0,5905.0,1106.0,37833.0
299,1784.0,-18404.0,2696.0,-2736.0,7211.0,5623.0,1391.0,37839.0
300,1200.0,-18696.0,2756.0,-2704.0,7638.0,5050.0,1915.0,37846.0
301,1188.0,-18932.0,2676.0,-2768.0,8089.0,4630.0,2387.0,37852.0
302,2148.0,-19088.0,2560.0,-2752.0,8597.0,4200.0,2791.0,37858.0
303,2912.0,-19480.0,2368.0,-2768.0,9131.0,3926.0,3223.0,37864.0
304,3344.0,-19704.0,2544.0,-2736.0,9601.0,3776.0,3542.0,37869.0
305,3600.0,-20104.0,2504.0,-2720.0,10032.0,3574.0,3822.0,37875.0
306,3908.0,-20392.0,2720.0,-2752.0,10456.0,3467.0,4122.0,37881.0
307,3944.0,-20460.0,2744.0,-2736.0,10889.0,3462.0,4395.0,37888.0
308,3896.0,-20664.0,2652.0,-2784.0,11336.0,3597.0,4691.0,37894.0
309,3620.0,-20592.0,2640.0,-2736.0,11793.0,3656.0,5028.0,37900.0
310,3084.0,-20568.0,2812.0,-2784.0,12264.0,3780.0,5434.0,37906.0
311,2384.0,-20884.0,3256.0,-2768.0,12716.0,3769.0,5795.0,37912.0
312,1848.0,-21260.0,3064.0,-2736.0,13181.0,3564.0,6235.0,37918.0
313,1628.0,-21568.0,3224.0,-2736.0,13682.0,3191.0,6608.0,37924.0
314,1964.0,-21932.0,3020.0,-2784.0,14133.0,2809.0,6918.0,37931.0
315,2956.0,-21872.0,2956.0,-2768.0,14656.0,2506.0,7210.0,37937.0
316,4036.0,-22072.0,2908.0,-2736.0,15117.0,2505.0,7414.0,37943.0
317,5152.0,-22524.0,2584.0,-2752.0,15662.0,2757.0,7697.0,37949.0
318,5456.0,-23136.0,2672.0,-2768.0,16238.0,3308.0,8021.0,37955.0
319,3344.0,-23636.0,4060.0,-2752.0,16799.0,4047.0,8853.0,37960.0
320,980.0,-25592.0,4700.0,-2768.0,17060.0,3731.0,10019.0,37966.0
321,1708.0,-28584.0,4200.0,-2752.0,17414.0,2433.0,10846.0,37972.0
322,4752.0,-29132.0,2864.0,-2768.0,17973.0,1783.0,11247.0,37979.0
323,7832.0,-28864.0,1056.0,-2736.0,18476.0,1873.0,11168.0,37985.0
324,10444.0,-29484.0,-388.0,-2784.0,18864.0,2677.0,11001.0,37991.0
325,12980.0,-30800.0,-2636.0,-2768.0,19135.0,4119.0,10769.0,37997.0
326,15108.0,-32088.0,-5272.0,-2768.0,19407.0,6026.0,10470.0,38003.0
327,17200.0,-31812.0,-8432.0,-2768.0,19350.0,8550.0,9973.0,38009.0
328,17584.0,-31996.0,-10624.0,-2736.0,19329.0,11137.0,9166.0,38016.0
329,16036.0,-32616.0,-13120.0,-2768.0,19402.0,13502.0,8636.0,38022.0
330,13804.0,-31880.0,-14564.0,-2768.0,19074.0,15699.0,8691.0,38029.0
331,11148.0,-29952.0,-16000.0,-2752.0,18184.0,18384.0,9050.0,38035.0
332,8112.0,-28396.0,-17092.0,-2752.0,17324.0,20246.0,9230.0,38041.0
333,3720.0,-25624.0,-16000.0,-2720.0,16483.0,20244.0,9702.0,38047.0
334,-380.0,-22616.0,-9128.0,-2752.0,15863.0,18284.0,10007.0,38053.0
335,-2860.0,-21244.0,1380.0,-2752.0,15944.0,14927.0,10501.0,38060.0
336,-3504.0,-20748.0,9564.0,-2720.0,16290.0,11267.0,10881.0,38066.0
337,-3012.0,-20056.0,9144.0,-2752.0,15459.0,6538.0,9960.0,38072.0
338,-1944.0,-19916.0,5912.0,-2736.0,13716.0,1480.0,8613.0,38078.0
339,1008.0,-21096.0,4812.0,-2720.0,12589.0,-2709.0,7046.0,38084.0
340,2032.0,-23312.0,6536.0,-2736.0,13430.0,-6128.0,5716.0,38090.0
341,1052.0,-24352.0,6756.0,-2752.0,15123.0,-7877.0,5387.0,38096.0
342,2216.0,-21772.0,6268.0,-2768.0,16461.0,-8376.0,5642.0,38103.0
343,4512.0,-16472.0,2152.0,-2720.0,16758.0,-8334.0,5463.0,38109.0
344,8896.0,-8296.0,-3932.0,-2768.0,14026.0,-6831.0,4504.0,38115.0
345,11572.0,-5380.0,-4208.0,-2752.0,10740.0,-3125.0,3256.0,38121.0
346,9932.0,-6916.0,-4916.0,-2736.0,8369.0,1375.0,2840.0,38127.0
347,7680.0,-7120.0,-7632.0,-2768.0,6571.0,3783.0,2673.0,38132.0
348,5616.0,-5112.0,-9952.0,-2752.0,4549.0,4809.0,2543.0,38138.0
349,3948.0,-4068.0,-9936.0,-2752.0,2588.0,5404.0,2696.0,38145.0
350,2356.0,-4616.0,-8436.0,-2752.0,1225.0,5567.0,2766.0,38151.0
351,1408.0,-5124.0,-7136.0,-2768.0,181.0,5421.0,2899.0,38157.0
352,748.0,-4800.0,-6512.0,-2784.0,-983.0,5475.0,3017.0,38163.0
353,320.0,-4404.0,-6000.0,-2800.0,-2455.0,5810.0,2897.0,38168.0
354,-36.0,-4036.0,-5236.0,-2736.0,-4012.0,6134.0,2331.0,38174.0
355,-372.0,-3340.0,-4776.0,-2736.0,-5529.0,5942.0,1419.0,38180.0
356,-780.0,-2676.0,-4656.0,-2736.0,-7076.0,4912.0,321.0,38187.0
357,-1168.0,-1836.0,-4692.0,-2736.0,-8643.0,3362.0,-733.0,38193.0
358,-1556.0,-1776.0,-4624.0,-2768.0,-10185.0,1696.0,-1476.0,38198.0
359,-1948.0,-2136.0,-3972.0,-2736.0,-11571.0,319.0,-1903.0,38204.0
360,-2476.0,-2744.0,-3068.0,-2752.0,-12925.0,-964.0,-2173.0,38210.0
361,-2492.0,-3488.0,-2664.0,-2768.0,-14273.0,-2078.0,-2428.0,38216.0
362,-2364.0,-3828.0,-2860.0,-2752.0,-15660.0,-3368.0,-2831.0,38222.0
363,-1680.0,-3908.0,-3976.0,-2768.0,-17171.0,-4708.0,-3403.0,38228.0
364,-1012.0,-4200.0,-4824.0,-2720.0,-18712.0,-6125.0,-3973.0,38235.0
365,-728.0,-4764.0,-5272.0,-2736.0,-20077.0,-7490.0,-4211.0,38241.0
366,-436.0,-5588.0,-5016.0,-2784.0,-21303.0,-8763.0,-4401.0,38247.0
367,-656.0,-6340.0,-4792.0,-2720.0,-22488.0,-9928.0,-4563.0,38253.0
368,-696.0,-7036.0,-4004.0,-2736.0,-23679.0,-11008.0,-4634.0,38259.0
369,-208.0,-7824.0,-3080.0,-2720.0,-24836.0,-11851.0,-4720.0,38265.0
370,516.0,-8560.0,-2412.0,-2768.0,-26051.0,-12179.0,-4830.0,38272.0
371,1348.0,-9416.0,-1744.0,-2720.0,-27219.0,-12522.0,-4950.0,38278.0
372,1900.0,-10204.0,-1244.0,-2752.0,-28326.0,-12550.0,-4995.0,38283.0
373,2396.0,-11204.0,-848.0,-2736.0,-29322.0,-12540.0,-5039.0,38290.0
374,2936.0,-12184.0,-112.0,-2768.0,-30176.0,-12426.0,-5030.0,38296.0
375,4060.0,-13252.0,-4.0,-2720.0,-30940.0,-12242.0,-5110.0,38302.0
376,5232.0,-14148.0,-260.0,-2736.0,-31754.0,-11771.0,-5251.0,38307.0
377,6060.0,-15128.0,-88.0,-2784.0,-32515.0,-11003.0,-5374.0,38313.0
378,6472.0,-16220.0,108.0,-2768.0,-32768.0,-10183.0,-5433.0,38320.0
379,6748.0,-17252.0,608.0,-2752.0,-32768.0,-9491.0,-5493.0,38326.0
380,6644.0,-18292.0,1496.0,-2736.0,-32768.0,-8797.0,-5467.0,38332.0
381,6644.0,-18832.0,2004.0,-2784.0,-32768.0,-8044.0,-5523.0,38338.0
382,6792.0,-19360.0,2132.0,-2736.0,-32768.0,-7179.0,-5688.0,38344.0
383,6772.0,-20132.0,2144.0,-2720.0,-32768.0,-6294.0,-5962.0,38350.0
384,6724.0,-20820.0,1940.0,-2752.0,-32768.0,-5509.0,-6302.0,38356.0
385,6780.0,-21568.0,1880.0,-2752.0,-32768.0,-4769.0,-6679.0,38363.0
386,6672.0,-22344.0,2076.0,-2768.0,-32768.0,-4027.0,-7068.0,38369.0
387,6704.0,-23048.0,2116.0,-2752.0,-32768.0,-3369.0,-7605.0,38376.0
388,6516.0,-23924.0,2448.0,-2768.0,-32768.0,-2929.0,-8189.0,38382.0
389,6568.0,-24804.0,2912.0,-2768.0,-32768.0,-2566.0,-8796.0,38388.0
390,6632.0,-25432.0,3036.0,-2736.0,-32768.0,-2327.0,-9520.0,38394.0
391,6672.0,-26192.0,3152.0,-2768.0,-32768.0,-2177.0,-10235.0,38401.0
392,6520.0,-27052.0,3384.0,-2752.0,-32768.0,-1956.0,-10929.0,38407.0
393,6160.0,-27696.0,3480.0,-2768.0,-32768.0,-1714.0,-11564.0,38413.0
394,5616.0,-28600.0,3676.0,-2736.0,-32768.0,-1505.0,-12189.0,38419.0
395,5416.0,-29208.0,3652.0,-2752.0,-32768.0,-1230.0,-12550.0,38425.0
396,5880.0,-29912.0,3816.0,-2752.0,-32768.0,-688.0,-12685.0,38431.0
397,6628.0,-30668.0,4464.0,-2752.0,-32768.0,216.0,-12775.0,38438.0
398,7652.0,-31324.0,5152.0,-2752.0,-32768.0,1590.0,-12912.0,38444.0
399,8284.0,-31836.0,5944.0,-2752.0,-32768.0,3339.0,-12874.0,38451.0
400,8212.0,-32212.0,6952.0,-2752.0,-32768.0,5039.0,-12995.0,38457.0
401,7304.0,-32632.0,8244.0,-2736.0,-32594.0,6427.0,-13052.0,38463.0
402,5996.0,-32768.0,10196.0,-2768.0,-31097.0,7439.0,-13014.0,38469.0
403,4972.0,-32400.0,12004.0,-2752.0,-29324.0,8103.0,-12731.0,38475.0
404,4348.0,-31816.0,13440.0,-2768.0,-27512.0,8753.0,-12454.0,38481.0
405,3184.0,-31816.0,15548.0,-2768.0,-25546.0,9526.0,-12186.0,38488.0
406,1452.0,-31172.0,17604.0,-2752.0,-23399.0,10348.0,-11720.0,38494.0
407,-500.0,-30412.0,19032.0,-2768.0,-21261.0,11155.0,-11324.0,38501.0
408,-3412.0,-29412.0,21048.0,-2768.0,-18978.0,12072.0,-10670.0,38507.0
409,-5964.0,-28708.0,22268.0,-2768.0,-16491.0,12886.0,-9595.0,38513.0
410,-9720.0,-29716.0,24604.0,-2784.0,-13611.0,13104.0,-8391.0,38519.0
411,-15400.0,-27280.0,23616.0,-2768.0,-10839.0,12052.0,-7577.0,38526.0
412,-9380.0,-25060.0,25964.0,-2768.0,-8033.0,10777.0,-473.0,38533.0
413,-11988.0,-24312.0,27432.0,-2736.0,-4787.0,10273.0,-2355.0,38539.0
414,-16280.0,-24148.0,27836.0,-2768.0,-1615.0,8019.0,-1281.0,38545.0
415,-13300.0,-24380.0,28324.0,-2736.0,1426.0,5027.0,90.0,38551.0
416,-15012.0,-24984.0,26040.0,-2752.0,4702.0,1733.0,254.0,38557.0
417,-12224.0,-23608.0,24724.0,-2768.0,7460.0,-1098.0,2450.0,38563.0
418,-11728.0,-22396.0,23460.0,-2768.0,9820.0,-3061.0,2730.0,38569.0
419,-12512.0,-20940.0,21648.0,-2736.0,11688.0,-4981.0,3262.0,38576.0
420,-12784.0,-19888.0,19932.0,-2736.0,13240.0,-7035.0,3531.0,38582.0
421,-11992.0,-19372.0,18112.0,-2768.0,14679.0,-9334.0,3924.0,38588.0
422,-10160.0,-19212.0,16576.0,-2752.0,15930.0,-11329.0,4544.0,38595.0
423,-7348.0,-18784.0,13604.0,-2736.0,17001.0,-12359.0,5259.0,38601.0
424,-3152.0,-13952.0,6196.0,-2752.0,16725.0,-12927.0,5095.0,38607.0
425,13256.0,3736.0,-32768.0,-2752.0,6789.0,-11230.0,885.0,38614.0
426,32767.0,5020.0,-32768.0,-2736.0,-12568.0,-10169.0,-21415.0,38620.0
427,32767.0,-32768.0,-32768.0,-2752.0,1956.0,-26994.0,-26087.0,38626.0
428,12328.0,-32768.0,-6564.0,-2752.0,18546.0,-16392.0,13801.0,38632.0
429,-26852.0,-32768.0,30480.0,-2784.0,20423.0,25419.0,27874.0,38639.0
430,-32768.0,-32768.0,32767.0,-2768.0,20820.0,32767.0,20463.0,38645.0
431,-32768.0,-32768.0,32767.0,-2784.0,19809.0,16525.0,4167.0,38651.0
432,-30304.0,-24056.0,-4540.0,-2800.0,15206.0,-6244.0,-3876.0,38658.0
433,-6016.0,-16148.0,-13732.0,-2752.0,14565.0,-15611.0,-2777.0,38664.0
434,27944.0,-10388.0,-2012.0,-2784.0,17599.0,-22357.0,-2487.0,38671.0
435,32767.0,-7764.0,9304.0,-2752.0,17404.0,-19319.0,-2614.0,38677.0
436,12492.0,-16108.0,11576.0,-2768.0,15610.0,-6594.0,649.0,38683.0
437,252.0,-18796.0,1764.0,-2736.0,14413.0,1186.0,4096.0,38689.0
438,4316.0,-16224.0,-960.0,-2752.0,13880.0,-1983.0,1202.0,38695.0
439,5420.0,-16696.0,296.0,-2768.0,13908.0,-5532.0,-108.0,38702.0
440,7008.0,-18384.0,268.0,-2768.0,13994.0,-3878.0,2358.0,38708.0
441,8664.0,-18132.0,-180.0,-2752.0,13782.0,-420.0,3346.0,38714.0
442,7020.0,-16544.0,-776.0,-2768.0,13392.0,1213.0,3141.0,38720.0
443,3032.0,-14388.0,-404.0,-2736.0,12971.0,2407.0,2687.0,38726.0
444,-564.0,-12708.0,192.0,-2784.0,11868.0,2727.0,1461.0,38731.0
445,-668.0,-12940.0,588.0,-2752.0,10711.0,1595.0,855.0,38737.0
446,1772.0,-15120.0,572.0,-2752.0,10103.0,857.0,1037.0,38744.0
447,3840.0,-16176.0,92.0,-2800.0,9657.0,874.0,1210.0,38750.0
448,4544.0,-15868.0,12.0,-2752.0,9159.0,1399.0,1227.0,38756.0
449,4344.0,-15800.0,508.0,-2784.0,8742.0,2710.0,940.0,38762.0
450,3200.0,-16084.0,352.0,-2720.0,8334.0,4216.0,319.0,38767.0
451,1696.0,-15972.0,80.0,-2784.0,7922.0,4714.0,-225.0,38773.0
452,748.0,-15864.0,-220.0,-2768.0,7573.0,4156.0,-583.0,38779.0
453,336.0,-15804.0,-464.0,-2768.0,7259.0,3276.0,-915.0,38786.0
454,636.0,-15384.0,-288.0,-2768.0,6917.0,2380.0,-1367.0,38792.0
455,1544.0,-15232.0,-400.0,-2768.0,6561.0,1453.0,-1955.0,38797.0
456,3324.0,-15188.0,-284.0,-2736.0,6222.0,578.0,-2231.0,38803.0
457,5716.0,-14864.0,-136.0,-2768.0,5903.0,313.0,-2041.0,38809.0
458,7672.0,-14784.0,-280.0,-2768.0,5605.0,1120.0,-1700.0,38815.0
459,8428.0,-14632.0,-540.0,-2752.0,5363.0,2457.0,-1264.0,38821.0
460,7988.0,-14920.0,-124.0,-2752.0,5150.0,3845.0,-785.0,38828.0
461,6804.0,-15136.0,152.0,-2784.0,4894.0,5079.0,-392.0,38833.0
462,5320.0,-15556.0,8.0,-2752.0,4627.0,5960.0,-137.0,38839.0
463,4376.0,-15636.0,-68.0,-2768.0,4392.0,6190.0,-93.0,38845.0
464,3740.0,-15720.0,-284.0,-2784.0,4174.0,5934.0,-186.0,38851.0
465,3600.0,-15896.0,-112.0,-2768.0,4011.0,5534.0,-243.0,38856.0
466,3512.0,-16060.0,-416.0,-2768.0,3921.0,5216.0,-327.0,38862.0
467,3512.0,-15996.0,-452.0,-2768.0,3811.0,5002.0,-396.0,38868.0
468,3544.0,-16072.0,-388.0,-2768.0,3773.0,4751.0,-505.0,38875.0
469,3680.0,-16120.0,-576.0,-2736.0,3714.0,4463.0,-492.0,38881.0
470,3708.0,-15904.0,-556.0,-2768.0,3641.0,4215.0,-488.0,38886.0
471,3856.0,-15756.0,-384.0,-2784.0,3621.0,3923.0,-546.0,38892.0
472,4016.0,-15860.0,-188.0,-2752.0,3568.0,3575.0,-521.0,38898.0
473,4464.0,-15888.0,44.0,-2784.0,3523.0,3277.0,-496.0,38904.0
474,4996.0,-15872.0,-52.0,-2768.0,3481.0,3064.0,-412.0,38910.0
475,5428.0,-16028.0,-336.0,-2768.0,3494.0,3113.0,-230.0,38916.0
476,5600.0,-16000.0,-284.0,-2784.0,3521.0,3427.0,-21.0,38922.0
477,5112.0,-16104.0,-392.0,-2736.0,3592.0,3749.0,198.0,38928.0
478,4800.0,-15924.0,-192.0,-2768.0,3680.0,3862.0,371.0,38934.0
479,4852.0,-16024.0,-304.0,-2768.0,3809.0,3800.0,459.0,38939.0
480,4724.0,-15908.0,-308.0,-2768.0,3967.0,3468.0,559.0,38945.0
481,4724.0,-15848.0,-404.0,-2752.0,4111.0,3085.0,666.0,38951.0
482,4580.0,-15780.0,12.0,-2752.0,4252.0,2698.0,731.0,38958.0
483,4628.0,-15676.0,140.0,-2800.0,4376.0,2392.0,815.0,38964.0
484,4684.0,-15964.0,360.0,-2768.0,4525.0,2272.0,896.0,38969.0
485,4596.0,-16032.0,452.0,-2768.0,4643.0,2258.0,970.0,38975.0
486,4504.0,-16212.0,328.0,-2784.0,4762.0,2207.0,1071.0,38981.0
487,4384.0,-16228.0,300.0,-2752.0,4943.0,2137.0,1131.0,38987.0
488,4340.0,-16176.0,360.0,-2752.0,5088.0,2040.0,1167.0,38993.0
489,4108.0,-16288.0,420.0,-2784.0,5249.0,1873.0,1205.0,38999.0
490,4120.0,-16408.0,596.0,-2784.0,5416.0,1683.0,1238.0,39005.0
491,4184.0,-16156.0,692.0,-2784.0,5562.0,1456.0,1313.0,39011.0
492,4552.0,-16352.0,744.0,-2784.0,5659.0,1314.0,1334.0,39017.0
493,4680.0,-16500.0,688.0,-2784.0,5796.0,1268.0,1330.0,39023.0
494,4576.0,-16552.0,936.0,-2768.0,5938.0,1237.0,1439.0,39028.0
495,4716.0,-16508.0,1124.0,-2768.0,6011.0,1389.0,1485.0,39034.0
496,4540.0,-16612.0,1556.0,-2800.0,6098.0,1629.0,1569.0,39041.0
497,4424.0,-16716.0,1236.0,-2768.0,6198.0,1925.0,1675.0,39047.0
498,4592.0,-16340.0,1496.0,-2784.0,6270.0,2046.0,1636.0,39053.0
499,4688.0,-16364.0,1500.0,-2752.0,6370.0,2162.0,1681.0,39059.0
500,4796.0,-16468.0,1452.0,-2768.0,6486.0,2393.0,1672.0,39065.0
501,4840.0,-16484.0,1572.0,-2800.0,6581.0,2603.0,1642.0,39071.0
502,5140.0,-16892.0,1792.0,-2768.0,6659.0,2913.0,1522.0,39076.0
503,5236.0,-16348.0,1472.0,-2784.0,6720.0,3082.0,1393.0,39083.0
504,4532.0,-16956.0,1908.0,-2784.0,6870.0,3326.0,1810.0,39089.0
505,4204.0,-16892.0,1556.0,-2768.0,7014.0,3684.0,1590.0,39095.0
506,3164.0,-18480.0,1704.0,-2768.0,7311.0,3580.0,2560.0,39101.0
507,3908.0,-16724.0,2460.0,-2784.0,7328.0,4114.0,1823.0,39107.0
508,2580.0,-17644.0,2080.0,-2784.0,7492.0,4033.0,1969.0,39113.0
509,2972.0,-18260.0,2316.0,-2768.0,7780.0,3660.0,2128.0,39119.0
510,3584.0,-18008.0,2308.0,-2768.0,7930.0,3543.0,2102.0,39124.0
511,3324.0,-18200.0,2104.0,-2784.0,8220.0,3444.0,2104.0,39131.0
512,2724.0,-18512.0,2420.0,-2752.0,8516.0,3300.0,2227.0,39137.0
513,2480.0,-18396.0,2528.0,-2752.0,8779.0,3058.0,2448.0,39143.0
514,3088.0,-18616.0,2684.0,-2768.0,9116.0,2865.0,2801.0,39149.0
515,3620.0,-18772.0,2580.0,-2800.0,9455.0,2839.0,3029.0,39155.0
516,3436.0,-18672.0,2180.0,-2752.0,9786.0,2841.0,3337.0,39161.0
517,2684.0,-18772.0,2736.0,-2784.0,10123.0,2818.0,3762.0,39168.0
518,1780.0,-19232.0,2964.0,-2768.0,10492.0,2558.0,4058.0,39174.0
519,1300.0,-19612.0,3056.0,-2768.0,10823.0,2174.0,4430.0,39179.0
520,1396.0,-20164.0,3080.0,-2800.0,11180.0,1718.0,4816.0,39185.0
521,1688.0,-20428.0,3268.0,-2752.0,11526.0,1417.0,5126.0,39191.0
522,1968.0,-20888.0,3364.0,-2784.0,11838.0,1207.0,5389.0,39197.0
523,2244.0,-21092.0,3388.0,-2768.0,12206.0,1119.0,5600.0,39203.0
524,2484.0,-21296.0,3224.0,-2752.0,12586.0,1111.0,5784.0,39209.0
525,2552.0,-21556.0,3240.0,-2768.0,12961.0,1255.0,6064.0,39216.0
526,2796.0,-21744.0,3208.0,-2784.0,13265.0,1456.0,6326.0,39222.0
527,3020.0,-21864.0,2900.0,-2768.0,13812.0,1646.0,6625.0,39228.0
528,3444.0,-21980.0,2940.0,-2832.0,14315.0,1840.0,6881.0,39234.0
529,4144.0,-22192.0,2724.0,-2768.0,14802.0,2079.0,7096.0,39240.0
530,4852.0,-22192.0,2456.0,-2752.0,15264.0,2348.0,7325.0,39246.0
531,5592.0,-22484.0,2456.0,-2768.0,15756.0,2859.0,7609.0,39252.0
532,6332.0,-22820.0,2340.0,-2752.0,16261.0,3487.0,7846.0,39259.0
533,6416.0,-23232.0,2420.0,-2768.0,16818.0,4293.0,8124.0,39265.0
534,4548.0,-23264.0,3960.0,-2768.0,17318.0,5480.0,9079.0,39270.0
535,2980.0,-26172.0,5300.0,-2752.0,17496.0,5506.0,10109.0,39276.0
536,3056.0,-29492.0,4176.0,-2800.0,17795.0,5254.0,11054.0,39282.0
537,4984.0,-29884.0,2848.0,-2800.0,18366.0,5209.0,11427.0,39288.0
538,7104.0,-28824.0,1224.0,-2784.0,18833.0,5356.0,11585.0,39294.0
539,9016.0,-29128.0,-520.0,-2800.0,19119.0,6239.0,11633.0,39301.0
540,11072.0,-30852.0,-2380.0,-2784.0,19126.0,7731.0,11501.0,39307.0
541,13348.0,-32768.0,-5608.0,-2784.0,19102.0,9409.0,10918.0,39313.0
542,13284.0,-32768.0,-10512.0,-2784.0,19469.0,11493.0,10516.0,39319.0
543,11640.0,-32768.0,-12756.0,-2736.0,19906.0,12447.0,10522.0,39326.0
544,8928.0,-32736.0,-14144.0,-2784.0,19675.0,12436.0,10861.0,39332.0
545,7264.0,-29792.0,-15340.0,-2784.0,18989.0,12803.0,11249.0,39339.0
546,6244.0,-28584.0,-16424.0,-2752.0,18088.0,13581.0,11427.0,39345.0
547,4700.0,-26508.0,-15960.0,-2736.0,16965.0,13912.0,11542.0,39351.0
548,2408.0,-24228.0,-12344.0,-2768.0,15955.0,13147.0,11951.0,39357.0
549,-1028.0,-21700.0,-5056.0,-2800.0,15188.0,11091.0,12315.0,39363.0
550,-3084.0,-21868.0,6260.0,-2768.0,15455.0,7655.0,13036.0,39369.0
551,-4288.0,-22180.0,12700.0,-2800.0,15625.0,3758.0,13268.0,39375.0
552,-4784.0,-21872.0,10860.0,-2768.0,14974.0,-1846.0,11859.0,39382.0
553,-3068.0,-20864.0,5768.0,-2800.0,13519.0,-7715.0,10005.0,39388.0
554,-332.0,-19796.0,3480.0,-2768.0,12647.0,-13122.0,7992.0,39394.0
555,1436.0,-18944.0,3004.0,-2752.0,12840.0,-16946.0,6504.0,39400.0
556,2916.0,-18240.0,4256.0,-2736.0,13718.0,-17773.0,5897.0,39406.0
557,4032.0,-15976.0,3340.0,-2800.0,14271.0,-16478.0,5991.0,39412.0
558,6468.0,-12868.0,1200.0,-2768.0,14116.0,-13824.0,6269.0,39418.0
559,9420.0,-9416.0,-1200.0,-2752.0,12402.0,-10066.0,6063.0,39425.0
560,11284.0,-8564.0,-760.0,-2784.0,10195.0,-5059.0,5402.0,39431.0
561,10920.0,-8328.0,-648.0,-2784.0,8509.0,-636.0,4817.0,39437.0
562,9576.0,-7244.0,-2968.0,-2752.0,6903.0,2236.0,4653.0,39443.0
563,7936.0,-5728.0,-5756.0,-2768.0,5149.0,3794.0,4547.0,39449.0
564,6488.0,-4108.0,-6904.0,-2800.0,3177.0,4634.0,4682.0,39455.0
565,5484.0,-3452.0,-6704.0,-2784.0,1435.0,5231.0,4866.0,39461.0
566,4460.0,-3920.0,-6392.0,-2784.0,283.0,5660.0,4470.0,39468.0
567,2932.0,-3616.0,-5444.0,-2752.0,-912.0,6034.0,4314.0,39473.0
568,1716.0,-2552.0,-5260.0,-2768.0,-2400.0,6432.0,4384.0,39479.0
569,856.0,-1776.0,-5060.0,-2784.0,-4254.0,6746.0,4084.0,39485.0
570,340.0,-1340.0,-5072.0,-2784.0,-6045.0,6551.0,3502.0,39491.0
571,148.0,-1160.0,-4980.0,-2768.0,-7698.0,5997.0,2771.0,39497.0
572,112.0,-1192.0,-4904.0,-2800.0,-9224.0,5023.0,1908.0,39503.0
573,100.0,-1216.0,-4536.0,-2768.0,-10733.0,3964.0,1079.0,39508.0
574,184.0,-1500.0,-3956.0,-2800.0,-12185.0,3026.0,404.0,39515.0
575,92.0,-2084.0,-2992.0,-2736.0,-13480.0,2249.0,-175.0,39521.0
576,36.0,-2832.0,-1748.0,-2768.0,-14501.0,1640.0,-721.0,39527.0
577,-308.0,-3708.0,-760.0,-2752.0,-15434.0,1327.0,-1159.0,39533.0
578,-748.0,-4072.0,404.0,-2784.0,-16266.0,943.0,-1567.0,39538.0
579,-1380.0,-4580.0,1048.0,-2752.0,-17200.0,350.0,-2002.0,39544.0
580,-2224.0,-4980.0,1480.0,-2768.0,-18147.0,-668.0,-2515.0,39550.0
581,-2748.0,-5008.0,1036.0,-2768.0,-19212.0,-1883.0,-3104.0,39557.0
582,-3188.0,-4928.0,-36.0,-2784.0,-20563.0,-3535.0,-3855.0,39563.0
583,-2848.0,-4744.0,-1384.0,-2752.0,-22073.0,-5447.0,-4467.0,39569.0
584,-2052.0,-5160.0,-2480.0,-2768.0,-23523.0,-7315.0,-5063.0,39575.0
585,-996.0,-6308.0,-3248.0,-2784.0,-24767.0,-8717.0,-5498.0,39581.0
586,180.0,-7216.0,-3288.0,-2800.0,-25974.0,-9556.0,-5794.0,39587.0
587,872.0,-8340.0,-3304.0,-2784.0,-26968.0,-10446.0,-5962.0,39592.0
588,1908.0,-9484.0,-2960.0,-2768.0,-27954.0,-10986.0,-5999.0,39599.0
589,3088.0,-10816.0,-2216.0,-2784.0,-28891.0,-11070.0,-6122.0,39605.0
590,4200.0,-11916.0,-1116.0,-2752.0,-29738.0,-10726.0,-6236.0,39611.0
591,4812.0,-12952.0,-184.0,-2736.0,-30528.0,-10038.0,-6322.0,39617.0
592,5040.0,-14220.0,260.0,-2800.0,-31161.0,-9076.0,-6494.0,39623.0
593,4756.0,-15004.0,864.0,-2816.0,-31664.0,-8287.0,-6579.0,39629.0
594,4216.0,-16132.0,1436.0,-2768.0,-31971.0,-7710.0,-6553.0,39635.0
595,3332.0,-16828.0,2224.0,-2784.0,-32213.0,-7305.0,-6458.0,39642.0
596,2428.0,-17324.0,2504.0,-2768.0,-32487.0,-7011.0,-6388.0,39648.0
597,1908.0,-17536.0,2664.0,-2768.0,-32768.0,-6773.0,-6401.0,39654.0
598,1908.0,-18100.0,2392.0,-2784.0,-32768.0,-6699.0,-6516.0,39660.0
599,2224.0,-18828.0,2400.0,-2768.0,-32768.0,-6566.0,-6790.0,39666.0
600,3112.0,-19784.0,2128.0,-2768.0,-32768.0,-6220.0,-7114.0,39672.0
601,3760.0,-20868.0,2012.0,-2784.0,-32768.0,-5765.0,-7476.0,39678.0
602,4256.0,-22024.0,2324.0,-2768.0,-32768.0,-5273.0,-7735.0,39685.0
603,4520.0,-22704.0,2468.0,-2784.0,-32768.0,-4887.0,-8026.0,39691.0
604,4668.0,-23268.0,2560.0,-2768.0,-32768.0,-4678.0,-8405.0,39697.0
605,4532.0,-24216.0,2936.0,-2800.0,-32768.0,-4504.0,-8832.0,39703.0
606,4588.0,-24860.0,3184.0,-2784.0,-32768.0,-4291.0,-9206.0,39709.0
607,4884.0,-25656.0,3228.0,-2784.0,-32768.0,-4079.0,-9736.0,39715.0
608,5276.0,-26420.0,3912.0,-2768.0,-32768.0,-3768.0,-10213.0,39721.0
609,5660.0,-26896.0,4348.0,-2784.0,-32768.0,-3467.0,-10698.0,39728.0
610,6036.0,-27304.0,4844.0,-2784.0,-32768.0,-3089.0,-11119.0,39734.0
611,6584.0,-27404.0,5264.0,-2752.0,-32768.0,-2621.0,-11490.0,39740.0
612,6892.0,-27424.0,5380.0,-2784.0,-32768.0,-1879.0,-11819.0,39746.0
613,7016.0,-27720.0,5412.0,-2784.0,-32768.0,-1039.0,-12215.0,39752.0
614,6916.0,-28120.0,5444.0,-2768.0,-32768.0,-244.0,-12426.0,39758.0
615,6688.0,-28792.0,5588.0,-2768.0,-32579.0,485.0,-12425.0,39764.0
616,6652.0,-29404.0,6264.0,-2784.0,-31974.0,1208.0,-12416.0,39771.0
617,6652.0,-29980.0,7140.0,-2752.0,-31223.0,2347.0,-12400.0,39778.0
618,6788.0,-30228.0,7904.0,-2784.0,-30483.0,3819.0,-12257.0,39784.0
619,7072.0,-30312.0,8924.0,-2784.0,-29586.0,5481.0,-12235.0,39790.0
620,7004.0,-30324.0,9816.0,-2816.0,-28542.0,7088.0,-12543.0,39796.0
621,6320.0,-30636.0,11388.0,-2784.0,-27160.0,8490.0,-12592.0,39802.0
622,4872.0,-32340.0,14176.0,-2784.0,-25468.0,9604.0,-13042.0,39809.0
623,1024.0,-31968.0,13440.0,-2768.0,-23138.0,9912.0,-13936.0,39815.0
624,4428.0,-29752.0,16660.0,-2784.0,-21594.0,10468.0,-8638.0,39821.0
625,3620.0,-29620.0,16532.0,-2752.0,-19262.0,12391.0,-11712.0,39827.0
626,-5468.0,-27436.0,18604.0,-2784.0,-17517.0,13709.0,-10791.0,39834.0
627,-8412.0,-27036.0,19816.0,-2768.0,-15367.0,14334.0,-8665.0,39840.0
628,-12720.0,-25660.0,22312.0,-2768.0,-12873.0,13894.0,-6847.0,39846.0
629,-15260.0,-24296.0,24716.0,-2768.0,-10072.0,12028.0,-4862.0,39853.0
630,-15244.0,-23716.0,27140.0,-2768.0,-6871.0,9323.0,-3118.0,39860.0
631,-15612.0,-24624.0,28600.0,-2784.0,-3454.0,6234.0,-2273.0,39866.0
632,-13552.0,-25784.0,28260.0,-2784.0,38.0,3098.0,-715.0,39872.0
633,-11592.0,-25716.0,27540.0,-2800.0,3344.0,579.0,116.0,39878.0
634,-10796.0,-24464.0,26080.0,-2800.0,6376.0,-1651.0,784.0,39884.0
635,-10664.0,-22944.0,24968.0,-2800.0,9081.0,-3765.0,1612.0,39890.0
636,-10560.0,-21212.0,23360.0,-2768.0,11227.0,-5843.0,2336.0,39897.0
637,-10528.0,-19756.0,21448.0,-2800.0,12781.0,-7870.0,2942.0,39903.0
638,-9496.0,-18536.0,18948.0,-2736.0,13988.0,-9656.0,3731.0,39909.0
639,-7712.0,-18340.0,17680.0,-2784.0,14937.0,-10830.0,4356.0,39915.0
640,-5308.0,-16968.0,14220.0,-2768.0,15478.0,-11662.0,4565.0,39921.0
641,968.0,-8824.0,-3100.0,-2768.0,12816.0,-12010.0,3078.0,39927.0
642,32767.0,18760.0,-32768.0,-2768.0,-8523.0,-9495.0,-7967.0,39933.0
643,32767.0,-25500.0,-32768.0,-2768.0,-13554.0,-19769.0,-31570.0,39940.0
644,28176.0,-32768.0,-13560.0,-2784.0,12071.0,-26350.0,-1739.0,39947.0
645,-4348.0,-32768.0,13280.0,-2784.0,16938.0,8989.0,23750.0,39953.0
646,-32768.0,-32768.0,32767.0,-2752.0,16838.0,32767.0,20155.0,39959.0
647,-32768.0,-32768.0,32767.0,-2784.0,17924.0,25613.0,7869.0,39965.0
648,-32768.0,-32072.0,8428.0,-2784.0,15370.0,-1182.0,-4123.0,39972.0
649,-15912.0,-18576.0,-22780.0,-2768.0,11470.0,-14724.0,-4942.0,39979.0
650,14608.0,-6856.0,-19360.0,-2800.0,12052.0,-11483.0,-1464.0,39985.0
651,31100.0,-1316.0,708.0,-2736.0,13426.0,-6535.0,-4699.0,39991.0
652,25144.0,-10136.0,12932.0,-2800.0,13530.0,-1909.0,-5913.0,39997.0
653,6612.0,-22052.0,13524.0,-2784.0,12779.0,581.0,-3325.0,40003.0
654,624.0,-23564.0,3980.0,-2768.0,12147.0,-880.0,-1095.0,40009.0
655,2452.0,-20576.0,-2332.0,-2784.0,11852.0,-6167.0,-1908.0,40015.0
656,5356.0,-17768.0,-2560.0,-2800.0,12160.0,-9069.0,-1312.0,40022.0
657,10052.0,-16012.0,-2648.0,-2784.0,12494.0,-8419.0,-149.0,40028.0
658,10816.0,-18288.0,-1624.0,-2784.0,13115.0,-4675.0,1286.0,40034.0
659,8016.0,-20696.0,-860.0,-2784.0,14171.0,-215.0,2282.0,40040.0
660,6276.0,-17368.0,-1552.0,-2784.0,14122.0,1498.0,1974.0,40046.0
661,5944.0,-13648.0,-1052.0,-2784.0,12973.0,1763.0,1087.0,40052.0
662,5640.0,-13188.0,-40.0,-2800.0,11833.0,3056.0,1294.0,40058.0
663,5612.0,-14528.0,896.0,-2800.0,10990.0,5251.0,1832.0,40065.0
664,4904.0,-15240.0,168.0,-2752.0,10308.0,7023.0,1885.0,40071.0
665,3044.0,-14844.0,-996.0,-2768.0,9692.0,7561.0,1821.0,40077.0
666,1988.0,-13984.0,-1448.0,-2800.0,9145.0,7167.0,1342.0,40083.0
667,988.0,-13892.0,-1140.0,-2800.0,8533.0,6402.0,380.0,40089.0
668,-212.0,-14928.0,-248.0,-2784.0,7952.0,5362.0,-241.0,40094.0
669,-420.0,-16096.0,48.0,-2800.0,7492.0,4218.0,-393.0,40100.0
670,-188.0,-16964.0,-812.0,-2768.0,7248.0,3097.0,-730.0,40107.0
671,524.0,-16564.0,-1320.0,-2784.0,7071.0,1606.0,-1326.0,40113.0
672,2040.0,-15660.0,-932.0,-2800.0,6770.0,-16.0,-1742.0,40119.0
673,4844.0,-15024.0,-736.0,-2784.0,6398.0,-656.0,-1650.0,40124.0
674,7184.0,-14708.0,-960.0,-2784.0,6002.0,108.0,-1208.0,40130.0
675,7912.0,-14672.0,-1216.0,-2784.0,5667.0,1577.0,-780.0,40136.0
676,7648.0,-14656.0,-720.0,-2800.0,5394.0,2914.0,-244.0,40142.0
677,6560.0,-15220.0,-660.0,-2800.0,5221.0,3644.0,-82.0,40148.0
678,5884.0,-14808.0,-552.0,-2768.0,4923.0,4035.0,177.0,40154.0
679,5500.0,-14928.0,-520.0,-2768.0,4675.0,4229.0,239.0,40160.0
680,4748.0,-15356.0,-352.0,-2800.0,4457.0,4193.0,227.0,40166.0
681,4280.0,-15768.0,-488.0,-2768.0,4354.0,3801.0,192.0,40172.0
682,4140.0,-15960.0,-648.0,-2784.0,4304.0,3421.0,188.0,40178.0
683,4268.0,-16276.0,-724.0,-2784.0,4355.0,3261.0,223.0,40184.0
684,4844.0,-16064.0,-696.0,-2816.0,4395.0,3501.0,228.0,40189.0
685,4908.0,-15788.0,-612.0,-2816.0,4422.0,3650.0,234.0,40196.0
686,5072.0,-15920.0,-844.0,-2784.0,4514.0,3828.0,264.0,40202.0
687,5292.0,-16048.0,-920.0,-2784.0,4620.0,4112.0,304.0,40208.0
688,5536.0,-16172.0,-1168.0,-2752.0,4804.0,4430.0,414.0,40214.0
689,5680.0,-16080.0,-1376.0,-2784.0,5001.0,4628.0,569.0,40219.0
690,5616.0,-15844.0,-1396.0,-2752.0,5160.0,4712.0,715.0,40225.0
691,5636.0,-15788.0,-1320.0,-2784.0,5294.0,4597.0,874.0,40231.0
692,5628.0,-15884.0,-1136.0,-2816.0,5463.0,4429.0,1055.0,40238.0
693,5588.0,-15684.0,-916.0,-2768.0,5579.0,4278.0,1228.0,40244.0
694,5308.0,-15672.0,-632.0,-2768.0,5660.0,4214.0,1419.0,40250.0
695,4932.0,-15780.0,-784.0,-2768.0,5782.0,4056.0,1502.0,40256.0
696,4816.0,-15812.0,-544.0,-2736.0,5862.0,3866.0,1572.0,40261.0
697,4556.0,-16108.0,-296.0,-2784.0,5929.0,3663.0,1618.0,40267.0
698,4224.0,-16176.0,-120.0,-2816.0,6033.0,3491.0,1697.0,40273.0
699,4184.0,-16240.0,-228.0,-2784.0,6063.0,3296.0,1722.0,40280.0
700,4116.0,-16148.0,128.0,-2752.0,6136.0,3153.0,1760.0,40286.0
701,3848.0,-16064.0,468.0,-2784.0,6167.0,3014.0,1682.0,40292.0
702,3732.0,-15988.0,436.0,-2784.0,6200.0,2824.0,1665.0,40297.0
703,3636.0,-16044.0,616.0,-2800.0,6177.0,2551.0,1676.0,40303.0
704,3812.0,-16008.0,880.0,-2768.0,6167.0,2254.0,1661.0,40309.0
705,3912.0,-16076.0,1120.0,-2768.0,6132.0,2006.0,1624.0,40315.0
706,4244.0,-16304.0,928.0,-2768.0,6139.0,1866.0,1690.0,40322.0
707,4424.0,-16356.0,956.0,-2768.0,6170.0,1890.0,1689.0,40328.0
708,4400.0,-16096.0,1000.0,-2768.0,6186.0,1942.0,1667.0,40334.0
709,4460.0,-16188.0,1220.0,-2784.0,6204.0,2015.0,1647.0,40339.0
710,4376.0,-16320.0,1504.0,-2784.0,6138.0,2219.0,1650.0,40345.0
711,4292.0,-16588.0,1508.0,-2784.0,6126.0,2381.0,1702.0,40351.0
712,4240.0,-16624.0,1688.0,-2768.0,6141.0,2550.0,1694.0,40357.0
713,4472.0,-16672.0,1556.0,-2800.0,6124.0,2632.0,1736.0,40364.0
714,4528.0,-16592.0,1536.0,-2784.0,6131.0,2764.0,1691.0,40370.0
715,4552.0,-16560.0,1700.0,-2752.0,6188.0,2901.0,1715.0,40376.0
716,4452.0,-16640.0,1748.0,-2800.0,6270.0,3182.0,1715.0,40382.0
717,5772.0,-16756.0,1204.0,-2768.0,6340.0,3388.0,1082.0,40387.0
718,5532.0,-17028.0,672.0,-2800.0,6554.0,3195.0,2032.0,40393.0
719,5332.0,-16080.0,1984.0,-2784.0,6531.0,4163.0,1753.0,40399.0
720,3432.0,-16520.0,2104.0,-2784.0,6634.0,4435.0,1787.0,40406.0
721,3236.0,-16872.0,2004.0,-2816.0,6850.0,3997.0,1845.0,40412.0
722,3152.0,-17024.0,2056.0,-2768.0,7012.0,3712.0,1863.0,40418.0
723,3744.0,-17248.0,2048.0,-2800.0,7246.0,3512.0,1786.0,40424.0
724,3684.0,-17476.0,1968.0,-2800.0,7477.0,3512.0,1838.0,40429.0
725,3768.0,-17604.0,1976.0,-2816.0,7751.0,3455.0,1869.0,40435.0
726,3560.0,-17836.0,2136.0,-2768.0,7992.0,3361.0,2078.0,40441.0
727,3716.0,-17904.0,2444.0,-2768.0,8189.0,3352.0,2309.0,40448.0
728,3052.0,-18444.0,2416.0,-2768.0,8448.0,3341.0,2433.0,40454.0
729,2572.0,-18764.0,2720.0,-2784.0,8761.0,3196.0,2645.0,40460.0
730,2520.0,-18760.0,2568.0,-2784.0,9061.0,3024.0,2815.0,40466.0
731,2388.0,-18892.0,2532.0,-2768.0,9411.0,2774.0,2995.0,40472.0
732,1940.0,-19220.0,2788.0,-2768.0,9733.0,2557.0,3239.0,40478.0
733,1336.0,-19636.0,2932.0,-2800.0,10102.0,2352.0,3648.0,40483.0
734,516.0,-20016.0,2884.0,-2784.0,10489.0,2134.0,3977.0,40489.0
735,268.0,-20404.0,2752.0,-2800.0,10927.0,1688.0,4266.0,40496.0
736,400.0,-20712.0,2836.0,-2768.0,11379.0,1210.0,4645.0,40502.0
737,492.0,-21116.0,2872.0,-2784.0,11886.0,811.0,4933.0,40508.0
738,624.0,-21324.0,2932.0,-2752.0,12364.0,454.0,5219.0,40514.0
739,620.0,-21500.0,2808.0,-2784.0,12844.0,169.0,5621.0,40520.0
740,768.0,-21380.0,2832.0,-2784.0,13321.0,-42.0,5923.0,40525.0
741,984.0,-21324.0,2904.0,-2816.0,13669.0,-179.0,6240.0,40531.0
742,1588.0,-21340.0,2832.0,-2816.0,14225.0,-256.0,6543.0,40538.0
743,2120.0,-21664.0,2856.0,-2784.0,14721.0,-267.0,6869.0,40544.0
744,2828.0,-21692.0,2828.0,-2800.0,15212.0,-263.0,7242.0,40550.0
745,3564.0,-22380.0,2712.0,-2768.0,15689.0,-16.0,7620.0,40556.0
746,4420.0,-22620.0,2524.0,-2800.0,16186.0,209.0,7975.0,40562.0
747,5260.0,-23132.0,2664.0,-2752.0,16734.0,637.0,8328.0,40567.0
748,6052.0,-23864.0,3000.0,-2752.0,17316.0,1206.0,8649.0,40573.0
749,6076.0,-24448.0,2800.0,-2768.0,17961.0,1871.0,9054.0,40580.0
750,3440.0,-24928.0,3264.0,-2752.0,18435.0,3334.0,10163.0,40586.0
751,2400.0,-27948.0,4348.0,-2800.0,18653.0,3195.0,11206.0,40592.0
752,3132.0,-30740.0,3844.0,-2800.0,19137.0,2367.0,12215.0,40598.0
753,5632.0,-30640.0,1992.0,-2784.0,19797.0,2312.0,12178.0,40604.0
754,7200.0,-29836.0,468.0,-2768.0,20353.0,2837.0,12036.0,40610.0
755,8744.0,-31108.0,-1336.0,-2784.0,20601.0,4181.0,12391.0,40616.0
756,9928.0,-32768.0,-4120.0,-2768.0,20637.0,6262.0,12607.0,40623.0
757,11376.0,-32768.0,-6628.0,-2800.0,20545.0,8489.0,12667.0,40629.0
758,12564.0,-32768.0,-10132.0,-2768.0,20620.0,10426.0,12000.0,40635.0
759,10168.0,-32768.0,-13464.0,-2736.0,21144.0,11724.0,11833.0,40641.0
760,7272.0,-32768.0,-15864.0,-2752.0,21088.0,11381.0,11878.0,40647.0
761,6396.0,-32428.0,-17128.0,-2816.0,20355.0,10864.0,12093.0,40653.0
762,5592.0,-30064.0,-17924.0,-2768.0,19317.0,10999.0,12335.0,40660.0
763,3716.0,-27484.0,-14932.0,-2768.0,18430.0,10413.0,12370.0,40667.0
764,360.0,-25140.0,-9560.0,-2784.0,17645.0,8666.0,12587.0,40673.0
765,-2612.0,-24384.0,888.0,-2768.0,17691.0,5583.0,12843.0,40679.0
766,-3840.0,-24348.0,11172.0,-2752.0,18351.0,1312.0,12901.0,40685.0
767,-3412.0,-22980.0,10884.0,-2784.0,17842.0,-3485.0,12059.0,40691.0
768,-1720.0,-21940.0,6144.0,-2784.0,16076.0,-8283.0,10492.0,40697.0
769,1464.0,-21460.0,3044.0,-2784.0,14806.0,-12675.0,8573.0,40704.0
770,3740.0,-21576.0,3544.0,-2752.0,14990.0,-16173.0,6804.0,40710.0
771,4872.0,-22248.0,7728.0,-2768.0,16740.0,-17136.0,6484.0,40716.0
772,6180.0,-19864.0,5792.0,-2800.0,17947.0,-14459.0,7361.0,40722.0
773,10032.0,-12884.0,-56.0,-2784.0,16976.0,-10342.0,7414.0,40728.0
774,15320.0,-5336.0,-6868.0,-2800.0,12909.0,-5620.0,6075.0,40734.0
775,16288.0,-4196.0,-6152.0,-2768.0,9556.0,289.0,4826.0,40740.0
776,14396.0,-4972.0,-6832.0,-2768.0,7495.0,5066.0,4352.0,40747.0
777,11252.0,-4172.0,-9280.0,-2784.0,5328.0,7909.0,4266.0,40753.0
778,7296.0,-3036.0,-10116.0,-2784.0,3208.0,9137.0,4407.0,40759.0
779,3696.0,-3120.0,-8848.0,-2800.0,1508.0,9523.0,4994.0,40765.0
780,1384.0,-3828.0,-6660.0,-2768.0,396.0,9417.0,5381.0,40770.0
781,-176.0,-4332.0,-5260.0,-2768.0,-545.0,9343.0,5267.0,40776.0
782,-1232.0,-3924.0,-4684.0,-2784.0,-1845.0,9345.0,4929.0,40782.0
783,-1772.0,-2976.0,-4504.0,-2800.0,-3509.0,8780.0,4201.0,40788.0
784,-1692.0,-2172.0,-4672.0,-2800.0,-5184.0,7443.0,3159.0,40795.0
785,-1508.0,-1420.0,-4784.0,-2800.0,-6875.0,5271.0,1974.0,40801.0
786,-1016.0,-884.0,-4656.0,-2784.0,-8510.0,2838.0,868.0,40806.0
787,-560.0,-852.0,-4468.0,-2784.0,-9999.0,792.0,75.0,40812.0
788,-12.0,-964.0,-3680.0,-2784.0,-11325.0,-558.0,-481.0,40818.0
789,808.0,-1096.0,-3420.0,-2768.0,-12738.0,-1338.0,-1011.0,40824.0
790,1516.0,-1244.0,-3364.0,-2768.0,-14253.0,-1781.0,-1599.0,40829.0
791,2012.0,-1456.0,-3300.0,-2784.0,-15763.0,-2127.0,-2174.0,40836.0
792,2512.0,-1992.0,-3644.0,-2800.0,-17205.0,-2499.0,-2746.0,40842.0
793,2656.0,-2872.0,-3176.0,-2784.0,-18448.0,-2987.0,-3261.0,40848.0
794,2384.0,-3376.0,-2868.0,-2800.0,-19610.0,-3405.0,-3623.0,40854.0
795,2016.0,-3900.0,-2744.0,-2784.0,-20780.0,-3770.0,-4005.0,40860.0
796,1560.0,-4496.0,-2808.0,-2768.0,-21982.0,-4151.0,-4392.0,40866.0
797,1144.0,-4864.0,-3072.0,-2784.0,-23266.0,-4639.0,-4758.0,40872.0
798,796.0,-5332.0,-3128.0,-2736.0,-24626.0,-5367.0,-5190.0,40879.0
799,524.0,-6388.0,-2628.0,-2800.0,-25841.0,-6260.0,-5617.0,40885.0
800,752.0,-7664.0,-2052.0,-2816.0,-26952.0,-6996.0,-5995.0,40891.0
801,1352.0,-8696.0,-1756.0,-2784.0,-27928.0,-7411.0,-6302.0,40897.0
802,2348.0,-9708.0,-1316.0,-2800.0,-28910.0,-7485.0,-6595.0,40903.0
803,3432.0,-10768.0,-704.0,-2784.0,-29849.0,-7190.0,-6854.0,40908.0
804,4272.0,-11820.0,-460.0,-2800.0,-30667.0,-6566.0,-6966.0,40914.0
805,4568.0,-12864.0,36.0,-2816.0,-31374.0,-5731.0,-7023.0,40921.0
806,4684.0,-13840.0,816.0,-2784.0,-31916.0,-4988.0,-7049.0,40927.0
807,4412.0,-14796.0,1212.0,-2800.0,-32346.0,-4378.0,-7113.0,40933.0
808,3884.0,-15316.0,1412.0,-2800.0,-32768.0,-4071.0,-7200.0,40939.0
809,3688.0,-15992.0,1640.0,-2816.0,-32768.0,-3918.0,-7294.0,40945.0
810,3676.0,-16888.0,1700.0,-2768.0,-32768.0,-3910.0,-7483.0,40951.0
811,3884.0,-18080.0,1740.0,-2816.0,-32768.0,-3706.0,-7689.0,40957.0
812,4196.0,-19140.0,2252.0,-2816.0,-32768.0,-3268.0,-7858.0,40964.0
813,4276.0,-19904.0,2548.0,-2800.0,-32768.0,-2556.0,-7981.0,40970.0
814,4360.0,-20524.0,2452.0,-2784.0,-32768.0,-1895.0,-8180.0,40976.0
815,4232.0,-21236.0,2228.0,-2800.0,-32768.0,-1350.0,-8532.0,40982.0
816,4104.0,-22360.0,2112.0,-2784.0,-32768.0,-1086.0,-8948.0,40988.0
817,3968.0,-23164.0,2072.0,-2800.0,-32768.0,-930.0,-9442.0,40994.0
818,4000.0,-24100.0,2168.0,-2800.0,-32768.0,-844.0,-10016.0,41000.0
819,4272.0,-24880.0,2664.0,-2784.0,-32768.0,-647.0,-10543.0,41007.0
820,4544.0,-25716.0,2620.0,-2800.0,-32768.0,-371.0,-11102.0,41013.0
821,5040.0,-26540.0,2896.0,-2752.0,-32768.0,4.0,-11668.0,41019.0
822,5048.0,-27264.0,2916.0,-2800.0,-32768.0,540.0,-12191.0,41025.0
823,5220.0,-28064.0,3416.0,-2784.0,-32768.0,1160.0,-12628.0,41031.0
824,5072.0,-28744.0,3612.0,-2768.0,-32768.0,1826.0,-12993.0,41037.0
825,3924.0,-29552.0,4208.0,-2800.0,-32768.0,2330.0,-13290.0,41043.0
826,2524.0,-30348.0,5592.0,-2768.0,-32768.0,2472.0,-13516.0,41050.0
827,1324.0,-30992.0,6724.0,-2800.0,-32768.0,2262.0,-13612.0,41056.0
828,692.0,-31228.0,7356.0,-2784.0,-32768.0,1924.0,-13644.0,41062.0
829,704.0,-31504.0,7624.0,-2800.0,-32768.0,1745.0,-13611.0,41068.0
830,920.0,-32296.0,8220.0,-2768.0,-32768.0,1901.0,-13491.0,41074.0
831,1300.0,-32676.0,9396.0,-2752.0,-32077.0,2172.0,-13362.0,41080.0
832,1756.0,-32748.0,10732.0,-2784.0,-30728.0,2402.0,-13203.0,41086.0
833,2196.0,-32740.0,12708.0,-2784.0,-29102.0,2607.0,-13030.0,41093.0
834,2356.0,-32576.0,15168.0,-2752.0,-27253.0,2934.0,-12663.0,41099.0
835,2336.0,-31876.0,16752.0,-2752.0,-25360.0,3528.0,-12276.0,41105.0
836,4388.0,-29112.0,19048.0,-2784.0,-23639.0,4168.0,-11744.0,41111.0
837,-4196.0,-28948.0,20628.0,-2784.0,-21537.0,4386.0,-8417.0,41117.0
838,6236.0,-29584.0,21432.0,-2816.0,-18733.0,6789.0,-6965.0,41123.0
839,-644.0,-28124.0,22728.0,-2752.0,-16221.0,10246.0,-9572.0,41129.0
840,-6600.0,-26576.0,24600.0,-2800.0,-13910.0,12316.0,-8090.0,41136.0
841,-8380.0,-25788.0,26644.0,-2784.0,-11285.0,12925.0,-6373.0,41143.0
842,-9080.0,-24920.0,27204.0,-2768.0,-8366.0,12663.0,-4422.0,41149.0
843,-9352.0,-24256.0,27288.0,-2784.0,-5276.0,12122.0,-2121.0,41155.0
844,-9332.0,-24028.0,27436.0,-2800.0,-2088.0,11647.0,-254.0,41161.0
845,-11372.0,-24556.0,27212.0,-2800.0,1356.0,10407.0,1359.0,41167.0
846,-14160.0,-24572.0,26920.0,-2768.0,4649.0,8020.0,2045.0,41174.0
847,-15752.0,-23608.0,26532.0,-2784.0,7492.0,4670.0,3284.0,41180.0
848,-15660.0,-22384.0,25360.0,-2800.0,9845.0,1318.0,3827.0,41186.0
849,-15276.0,-20864.0,23540.0,-2768.0,11771.0,-1786.0,4096.0,41192.0
850,-14784.0,-20560.0,20720.0,-2800.0,13338.0,-4857.0,4279.0,41198.0
851,-12088.0,-19360.0,15760.0,-2784.0,14126.0,-7862.0,4098.0,41205.0
852,3800.0,-6284.0,-17204.0,-2784.0,9982.0,-10133.0,1293.0,41211.0
853,32767.0,156.0,-32768.0,-2768.0,-4894.0,-12191.0,-13437.0,41218.0
854,32767.0,-32768.0,-32768.0,-2784.0,-3635.0,-24180.0,-24045.0,41224.0
855,19184.0,-32768.0,-9076.0,-2800.0,14002.0,-24722.0,3056.0,41230.0
856,-4652.0,-32768.0,16328.0,-2800.0,17969.0,5566.0,18583.0,41236.0
857,-31056.0,-32768.0,32767.0,-2768.0,18470.0,25541.0,19432.0,41242.0
858,-27212.0,-32768.0,32128.0,-2768.0,18471.0,14756.0,6061.0,41249.0
859,-23680.0,-30040.0,7980.0,-2768.0,17670.0,-6738.0,-2218.0,41255.0
860,-9192.0,-20816.0,-10940.0,-2784.0,16373.0,-16890.0,-626.0,41262.0
861,16248.0,-9012.0,-12544.0,-2800.0,16385.0,-19269.0,738.0,41268.0
862,27536.0,-2024.0,-1684.0,-2768.0,15435.0,-17021.0,-600.0,41274.0
863,16204.0,-6504.0,9156.0,-2800.0,14068.0,-7943.0,-198.0,41280.0
864,4088.0,-12520.0,8128.0,-2784.0,12424.0,-864.0,1538.0,41286.0
865,2456.0,-13416.0,1412.0,-2768.0,10789.0,-2256.0,-215.0,41292.0
866,5136.0,-14564.0,-1592.0,-2768.0,9996.0,-6962.0,-1772.0,41298.0
867,7412.0,-17852.0,-416.0,-2784.0,9982.0,-7535.0,-342.0,41305.0
868,8312.0,-19184.0,-208.0,-2784.0,10287.0,-3894.0,1461.0,41311.0
869,7532.0,-18780.0,-1112.0,-2768.0,10391.0,-191.0,2045.0,41317.0
870,5732.0,-19160.0,-1900.0,-2752.0,10808.0,1681.0,2102.0,41323.0
871,3748.0,-18536.0,-2420.0,-2800.0,11274.0,2406.0,1882.0,41329.0
872,2808.0,-16676.0,-1960.0,-2800.0,11139.0,2325.0,1550.0,41335.0
873,3064.0,-15284.0,-1208.0,-2816.0,10635.0,2135.0,1509.0,41341.0
874,2836.0,-15780.0,-764.0,-2800.0,10288.0,2644.0,1511.0,41348.0
875,1976.0,-15748.0,-132.0,-2800.0,9815.0,3963.0,1462.0,41353.0
876,416.0,-16000.0,608.0,-2752.0,9351.0,5229.0,910.0,41359.0
877,-592.0,-16508.0,448.0,-2800.0,8966.0,5616.0,92.0,41365.0
878,-912.0,-16620.0,-352.0,-2768.0,8793.0,4988.0,-645.0,41371.0
879,-220.0,-16552.0,-832.0,-2800.0,8676.0,3590.0,-1301.0,41377.0
880,892.0,-16436.0,-992.0,-2800.0,8572.0,2108.0,-1680.0,41382.0
881,2156.0,-16308.0,-1276.0,-2800.0,8466.0,937.0,-1802.0,41389.0
882,3712.0,-15628.0,-804.0,-2800.0,8245.0,34.0,-1764.0,41395.0
883,4972.0,-15276.0,-788.0,-2800.0,7953.0,-549.0,-1566.0,41401.0
884,6076.0,-15516.0,-1160.0,-2800.0,7812.0,-538.0,-1332.0,41407.0
885,7408.0,-15064.0,-1468.0,-2832.0,7764.0,-231.0,-1101.0,41413.0
886,8408.0,-14412.0,-1060.0,-2784.0,7515.0,384.0,-601.0,41419.0
887,8484.0,-14132.0,-552.0,-2784.0,7157.0,1446.0,-44.0,41424.0
888,7956.0,-14280.0,-280.0,-2768.0,6792.0,2662.0,478.0,41431.0
889,6944.0,-14604.0,-256.0,-2800.0,6493.0,3869.0,909.0,41437.0
890,5060.0,-15564.0,-704.0,-2800.0,6418.0,4569.0,912.0,41443.0
891,3804.0,-15352.0,-316.0,-2800.0,6215.0,4862.0,1038.0,41449.0
892,2508.0,-16232.0,-384.0,-2784.0,6234.0,4863.0,878.0,41454.0
893,1776.0,-16656.0,-568.0,-2784.0,6252.0,4673.0,621.0,41460.0
894,1528.0,-16556.0,-648.0,-2800.0,6233.0,4170.0,351.0,41466.0
895,1752.0,-16556.0,-760.0,-2768.0,6194.0,3482.0,118.0,41473.0
896,2352.0,-16644.0,-1084.0,-2768.0,6194.0,2693.0,-109.0,41479.0
897,3284.0,-16088.0,-648.0,-2816.0,6103.0,1737.0,-236.0,41485.0
898,3956.0,-15800.0,-324.0,-2784.0,5885.0,1077.0,-231.0,41490.0
899,4588.0,-15620.0,-336.0,-2768.0,5685.0,783.0,-119.0,41496.0
900,4992.0,-15652.0,-224.0,-2800.0,5511.0,870.0,29.0,41502.0
901,5624.0,-15576.0,128.0,-2816.0,5372.0,1190.0,180.0,41508.0
902,5756.0,-15660.0,188.0,-2800.0,5218.0,1483.0,300.0,41513.0
903,5764.0,-15960.0,116.0,-2800.0,5031.0,1740.0,507.0,41520.0
904,5568.0,-16024.0,72.0,-2768.0,4975.0,2109.0,719.0,41526.0
905,5240.0,-15976.0,120.0,-2816.0,4925.0,2502.0,835.0,41532.0
906,4812.0,-16028.0,256.0,-2768.0,4908.0,2701.0,864.0,41537.0
907,4392.0,-16168.0,164.0,-2800.0,4922.0,2763.0,908.0,41543.0
908,4228.0,-16092.0,192.0,-2752.0,4936.0,2767.0,901.0,41549.0
909,4120.0,-16024.0,320.0,-2816.0,5006.0,2731.0,941.0,41555.0
910,4128.0,-16124.0,200.0,-2816.0,5024.0,2558.0,928.0,41562.0
911,4092.0,-16236.0,128.0,-2800.0,5120.0,2419.0,936.0,41567.0
912,4228.0,-16364.0,404.0,-2800.0,5222.0,2354.0,915.0,41573.0
913,4308.0,-16340.0,432.0,-2816.0,5288.0,2298.0,906.0,41579.0
914,4380.0,-16504.0,504.0,-2800.0,5370.0,2289.0,924.0,41585.0
915,4632.0,-16720.0,424.0,-2768.0,5497.0,2379.0,957.0,41590.0
916,4796.0,-16588.0,524.0,-2768.0,5616.0,2547.0,1022.0,41596.0
917,4960.0,-16588.0,484.0,-2800.0,5744.0,2819.0,1117.0,41603.0
918,4972.0,-16468.0,516.0,-2800.0,5918.0,3024.0,1241.0,41609.0
919,4648.0,-16500.0,732.0,-2800.0,6014.0,3263.0,1279.0,41615.0
920,4204.0,-16632.0,664.0,-2800.0,6135.0,3334.0,1373.0,41620.0
921,3804.0,-16620.0,548.0,-2832.0,6322.0,3262.0,1449.0,41626.0
922,3372.0,-16660.0,712.0,-2800.0,6444.0,3031.0,1436.0,41632.0
923,3524.0,-16856.0,1232.0,-2800.0,6594.0,2668.0,1431.0,41638.0
924,4100.0,-17216.0,1212.0,-2768.0,6736.0,2427.0,1561.0,41645.0
925,4080.0,-16880.0,1488.0,-2816.0,6867.0,2281.0,1535.0,41651.0
926,4244.0,-16768.0,1304.0,-2800.0,7036.0,2257.0,1555.0,41657.0
927,4720.0,-17088.0,1656.0,-2800.0,7143.0,2458.0,1510.0,41662.0
928,7304.0,-15764.0,1088.0,-2800.0,7268.0,2747.0,775.0,41668.0
929,4716.0,-16516.0,1320.0,-2832.0,7403.0,3104.0,1763.0,41674.0
930,4320.0,-16880.0,2092.0,-2816.0,7523.0,3637.0,1787.0,41680.0
931,3096.0,-17036.0,2380.0,-2816.0,7654.0,4071.0,1797.0,41687.0
932,3424.0,-17276.0,2248.0,-2800.0,7846.0,3891.0,1860.0,41693.0
933,3952.0,-17224.0,2000.0,-2800.0,8025.0,3784.0,1963.0,41699.0
934,4284.0,-17424.0,1720.0,-2832.0,8232.0,3873.0,2000.0,41705.0
935,4388.0,-17708.0,1888.0,-2816.0,8498.0,3920.0,2170.0,41710.0
936,4168.0,-17648.0,1976.0,-2784.0,8746.0,4063.0,2368.0,41716.0
937,3424.0,-18028.0,2424.0,-2800.0,8999.0,4106.0,2603.0,41722.0
938,3132.0,-18356.0,2728.0,-2800.0,9248.0,4109.0,2794.0,41729.0
939,2760.0,-18388.0,2824.0,-2800.0,9525.0,4236.0,3210.0,41735.0
940,2020.0,-18752.0,3564.0,-2816.0,9774.0,4360.0,3572.0,41741.0
941,2676.0,-19104.0,2768.0,-2784.0,10151.0,4071.0,4019.0,41747.0
942,1604.0,-19304.0,2976.0,-2768.0,10397.0,4038.0,4124.0,41753.0
943,2340.0,-20044.0,2924.0,-2816.0,10737.0,3677.0,4766.0,41759.0
944,2184.0,-20184.0,3000.0,-2800.0,11023.0,3709.0,4907.0,41764.0
945,1704.0,-20172.0,3088.0,-2784.0,11392.0,3341.0,5146.0,41771.0
946,2024.0,-20400.0,3112.0,-2800.0,11776.0,2861.0,5443.0,41777.0
947,2296.0,-20584.0,3120.0,-2800.0,12122.0,2837.0,5793.0,41783.0
948,2208.0,-20876.0,3128.0,-2816.0,12510.0,2950.0,6176.0,41789.0
949,2044.0,-21108.0,2988.0,-2800.0,12977.0,2964.0,6697.0,41795.0
950,2184.0,-21272.0,3012.0,-2784.0,13437.0,2918.0,7094.0,41801.0
951,2748.0,-21684.0,2744.0,-2800.0,13726.0,2867.0,7483.0,41807.0
952,3544.0,-22004.0,2624.0,-2832.0,14323.0,2842.0,7820.0,41814.0
953,4864.0,-22336.0,2516.0,-2800.0,14788.0,2945.0,8077.0,41820.0
954,5880.0,-22968.0,2264.0,-2816.0,15323.0,3286.0,8363.0,41826.0
955,6528.0,-23568.0,2148.0,-2768.0,15859.0,3857.0,8683.0,41832.0
956,5948.0,-24188.0,2872.0,-2800.0,16446.0,4513.0,9154.0,41838.0
957,3308.0,-24560.0,4568.0,-2816.0,16836.0,5264.0,10375.0,41844.0
958,2368.0,-27016.0,4576.0,-2784.0,17031.0,4782.0,11307.0,41850.0
959,3688.0,-29232.0,3640.0,-2832.0,17562.0,4009.0,11869.0,41857.0
960,5800.0,-29192.0,2096.0,-2816.0,18160.0,3880.0,11888.0,41863.0
961,7124.0,-29116.0,1076.0,-2816.0,18758.0,4311.0,11988.0,41869.0
962,8360.0,-30360.0,-224.0,-2800.0,19186.0,5406.0,12260.0,41875.0
963,9424.0,-31912.0,-3036.0,-2816.0,19528.0,6754.0,12535.0,41880.0
964,10868.0,-32768.0,-6236.0,-2800.0,19720.0,8201.0,12521.0,41886.0
965,12884.0,-32768.0,-9252.0,-2800.0,19748.0,9071.0,11804.0,41893.0
966,13308.0,-32768.0,-11748.0,-2800.0,19559.0,10675.0,11070.0,41900.0
967,13348.0,-32768.0,-14644.0,-2816.0,19439.0,12709.0,10805.0,41906.0
968,12108.0,-32768.0,-16280.0,-2832.0,19253.0,14525.0,11592.0,41912.0
969,9932.0,-31968.0,-17832.0,-2800.0,18523.0,16607.0,12458.0,41918.0
970,7416.0,-29664.0,-17480.0,-2816.0,17634.0,17707.0,12806.0,41924.0
971,3924.0,-26984.0,-14464.0,-2784.0,16857.0,16716.0,13223.0,41930.0
972,-488.0,-25316.0,-3748.0,-2800.0,16580.0,13927.0,13628.0,41936.0
973,-3072.0,-25308.0,7584.0,-2784.0,17107.0,10072.0,13785.0,41943.0
974,-5816.0,-25700.0,10912.0,-2816.0,17147.0,5229.0,13716.0,41949.0
975,-6604.0,-26200.0,11048.0,-2816.0,17037.0,-921.0,12743.0,41956.0
976,-5160.0,-25016.0,7828.0,-2864.0,16921.0,-6821.0,11284.0,41962.0
977,-1500.0,-22820.0,5224.0,-2800.0,16660.0,-11950.0,9457.0,41968.0
978,1248.0,-22484.0,6108.0,-2832.0,17166.0,-15287.0,8293.0,41974.0
979,3512.0,-22076.0,5196.0,-2800.0,17767.0,-15922.0,8385.0,41980.0
980,6284.0,-20784.0,2116.0,-2816.0,17864.0,-14072.0,8373.0,41987.0
981,9240.0,-15152.0,-3424.0,-2816.0,16882.0,-11330.0,7223.0,41993.0
982,12704.0,-8324.0,-5536.0,-2784.0,14131.0,-9551.0,5619.0,41999.0
983,14448.0,-5528.0,-6320.0,-2800.0,11259.0,-5870.0,4563.0,42005.0
984,12572.0,-5436.0,-8028.0,-2816.0,8321.0,-735.0,4428.0,42011.0
985,8952.0,-5932.0,-8880.0,-2800.0,6083.0,2861.0,4731.0,42017.0
986,5612.0,-6272.0,-8116.0,-2832.0,4678.0,4582.0,5150.0,42022.0
987,3684.0,-5544.0,-6496.0,-2816.0,3494.0,5442.0,5509.0,42029.0
988,2696.0,-5232.0,-4856.0,-2784.0,2313.0,6061.0,5518.0,42035.0
989,1680.0,-4768.0,-4376.0,-2784.0,1016.0,6763.0,5154.0,42041.0
990,572.0,-3596.0,-4620.0,-2816.0,-543.0,7265.0,4486.0,42047.0
991,-48.0,-2052.0,-5304.0,-2816.0,-2422.0,6992.0,3466.0,42053.0
992,88.0,-1016.0,-5796.0,-2832.0,-4214.0,5957.0,2123.0,42058.0
993,292.0,-40.0,-5824.0,-2800.0,-6058.0,4287.0,931.0,42064.0
994,612.0,524.0,-5748.0,-2768.0,-7690.0,3006.0,115.0,42071.0
995,996.0,616.0,-5416.0,-2816.0,-9268.0,2214.0,-579.0,42076.0
996,1224.0,560.0,-5324.0,-2800.0,-10850.0,1566.0,-1301.0,42082.0
997,1428.0,556.0,-5568.0,-2832.0,-12542.0,937.0,-2039.0,42088.0
998,1660.0,432.0,-5792.0,-2832.0,-14297.0,400.0,-2796.0,42094.0
999,2140.0,64.0,-5816.0,-2800.0,-16040.0,-70.0,-3595.0,42100.0
1000,2280.0,-756.0,-6000.0,-2784.0,-17612.0,-564.0,-4409.0,42105.0
1001,2148.0,-1272.0,-5836.0,-2816.0,-19104.0,-1075.0,-5169.0,42112.0
1002,1892.0,-1752.0,-5480.0,-2800.0,-20568.0,-1521.0,-5794.0,42118.0
1003,1508.0,-2528.0,-5224.0,-2816.0,-21974.0,-1962.0,-6413.0,42124.0
1004,1260.0,-3252.0,-4596.0,-2800.0,-23350.0,-2449.0,-6875.0,42130.0
1005,1172.0,-3904.0,-4372.0,-2816.0,-24721.0,-2989.0,-7359.0,42136.0
1006,1144.0,-4504.0,-4148.0,-2800.0,-26104.0,-3627.0,-7872.0,42142.0
1007,1336.0,-5316.0,-4300.0,-2816.0,-27495.0,-4219.0,-8446.0,42148.0
1008,1408.0,-6296.0,-4148.0,-2800.0,-28800.0,-4722.0,-8982.0,42155.0
1009,1776.0,-7432.0,-3932.0,-2832.0,-29980.0,-4994.0,-9380.0,42161.0
1010,2132.0,-8740.0,-3512.0,-2832.0,-31077.0,-5095.0,-9778.0,42167.0
1011,2176.0,-9712.0,-2844.0,-2848.0,-32085.0,-5017.0,-10084.0,42173.0
1012,2352.0,-10532.0,-2436.0,-2800.0,-32768.0,-4829.0,-10419.0,42179.0
1013,2288.0,-11476.0,-1868.0,-2800.0,-32768.0,-4687.0,-10743.0,42185.0
1014,2596.0,-12620.0,-1216.0,-2800.0,-32768.0,-4627.0,-11040.0,42191.0
1015,3016.0,-13804.0,-608.0,-2800.0,-32768.0,-4544.0,-11305.0,42198.0
1016,3628.0,-14960.0,-96.0,-2816.0,-32768.0,-4379.0,-11585.0,42204.0
1017,4104.0,-16216.0,-28.0,-2832.0,-32768.0,-3969.0,-11857.0,42210.0
1018,4604.0,-17444.0,416.0,-2784.0,-32768.0,-3455.0,-12087.0,42216.0
1019,5040.0,-18568.0,888.0,-2800.0,-32768.0,-2820.0,-12300.0,42222.0
1020,5372.0,-19864.0,1188.0,-2832.0,-32768.0,-2126.0,-12538.0,42228.0
1021,5552.0,-21548.0,1708.0,-2816.0,-32768.0,-1462.0,-12777.0,42234.0
1022,5568.0,-22684.0,2020.0,-2784.0,-32768.0,-824.0,-13047.0,42241.0
1023,5744.0,-23884.0,2372.0,-2816.0,-32768.0,-338.0,-13334.0,42247.0
1024,5716.0,-25032.0,2584.0,-2800.0,-32768.0,104.0,-13700.0,42253.0
1025,5668.0,-26188.0,3020.0,-2784.0,-32768.0,515.0,-14131.0,42259.0
1026,5440.0,-27292.0,3608.0,-2832.0,-32768.0,890.0,-14669.0,42265.0
1027,4604.0,-28788.0,4292.0,-2800.0,-32768.0,988.0,-15262.0,42271.0
1028,2804.0,-30132.0,5084.0,-2816.0,-32768.0,599.0,-15753.0,42277.0
1029,800.0,-30888.0,6168.0,-2832.0,-32768.0,-484.0,-16264.0,42284.0
1030,-960.0,-31564.0,7020.0,-2816.0,-32768.0,-2145.0,-16807.0,42289.0
1031,-1884.0,-32184.0,7876.0,-2816.0,-32768.0,-4031.0,-17324.0,42295.0
1032,-1896.0,-32768.0,8516.0,-2864.0,-32768.0,-5819.0,-17836.0,42302.0
1033,72.0,-32768.0,9000.0,-2800.0,-32768.0,-6968.0,-18129.0,42308.0
1034,2560.0,-32768.0,9548.0,-2784.0,-32768.0,-6926.0,-18138.0,42313.0
1035,4896.0,-32768.0,10456.0,-2832.0,-32768.0,-5778.0,-17638.0,42320.0
1036,6336.0,-32768.0,11388.0,-2816.0,-32768.0,-3833.0,-16907.0,42327.0
1037,6516.0,-32768.0,12512.0,-2832.0,-32507.0,-1727.0,-16045.0,42333.0
1038,5980.0,-32768.0,14064.0,-2832.0,-30890.0,329.0,-15008.0,42339.0
1039,5440.0,-32768.0,16296.0,-2816.0,-29056.0,1948.0,-14098.0,42345.0
1040,5864.0,-32768.0,18496.0,-2832.0,-26960.0,3495.0,-13201.0,42352.0
1041,6824.0,-32768.0,20468.0,-2816.0,-24767.0,5402.0,-12623.0,42358.0
1042,6932.0,-32276.0,22396.0,-2816.0,-22614.0,7885.0,-11872.0,42364.0
1043,7916.0,-30500.0,24940.0,-2800.0,-20508.0,10797.0,-11741.0,42371.0
1044,-392.0,-30864.0,25932.0,-2816.0,-17895.0,13211.0,-7947.0,42377.0
1045,1188.0,-30608.0,25636.0,-2800.0,-14652.0,16537.0,-8096.0,42383.0
1046,-9428.0,-29104.0,27708.0,-2800.0,-11605.0,18286.0,-8469.0,42389.0
1047,-15456.0,-27776.0,29384.0,-2832.0,-8252.0,16904.0,-6010.0,42396.0
1048,-18276.0,-26548.0,30060.0,-2816.0,-4784.0,14116.0,-3391.0,42402.0
1049,-18324.0,-26024.0,29684.0,-2832.0,-1305.0,11056.0,-1028.0,42408.0
1050,-17880.0,-26768.0,28624.0,-2832.0,2409.0,7914.0,543.0,42415.0
1051,-15736.0,-25812.0,27480.0,-2816.0,5642.0,4961.0,1094.0,42421.0
1052,-16964.0,-25228.0,26284.0,-2800.0,8590.0,1610.0,1668.0,42427.0
1053,-15224.0,-24124.0,24380.0,-2832.0,11171.0,-1831.0,2927.0,42433.0
1054,-13992.0,-23084.0,22440.0,-2800.0,13230.0,-4618.0,3079.0,42439.0
1055,-13532.0,-22284.0,19600.0,-2832.0,14841.0,-7163.0,3397.0,42445.0
1056,-12528.0,-21696.0,17272.0,-2816.0,16249.0,-9520.0,3971.0,42452.0
1057,-11908.0,-18100.0,12252.0,-2816.0,17040.0,-11944.0,4574.0,42459.0
1058,-7444.0,-5272.0,-21252.0,-2816.0,12648.0,-14946.0,4055.0,42465.0
1059,31456.0,15936.0,-32768.0,-2816.0,-10149.0,-14205.0,-8074.0,42471.0
1060,32767.0,-32768.0,-32768.0,-2816.0,-8784.0,-22508.0,-29860.0,42477.0
1061,26384.0,-32768.0,-15968.0,-2832.0,14774.0,-31458.0,214.0,42484.0
1062,12452.0,-25676.0,4104.0,-2800.0,13802.0,-4863.0,16419.0,42490.0
1063,-23136.0,-30828.0,32767.0,-2832.0,14963.0,17530.0,14772.0,42497.0
1064,-32180.0,-32768.0,32767.0,-2832.0,17100.0,15172.0,10068.0,42503.0
1065,-32768.0,-32768.0,22616.0,-2816.0,16918.0,3764.0,2099.0,42509.0
1066,-21636.0,-27488.0,-7232.0,-2816.0,14102.0,-6869.0,-1921.0,42516.0
1067,6152.0,-16944.0,-14412.0,-2832.0,13927.0,-16179.0,-3780.0,42522.0
1068,27360.0,-8064.0,-256.0,-2816.0,14583.0,-20004.0,-4863.0,42528.0
1069,19608.0,-10164.0,9332.0,-2816.0,14176.0,-10890.0,-1866.0,42534.0
1070,5040.0,-15352.0,4492.0,-2832.0,12607.0,-1292.0,750.0,42541.0
1071,1272.0,-13892.0,-2116.0,-2816.0,11014.0,-2035.0,330.0,42547.0
1072,7612.0,-13660.0,-2856.0,-2832.0,10746.0,-6888.0,-1322.0,42553.0
1073,11276.0,-15796.0,-1244.0,-2832.0,11327.0,-7734.0,-563.0,42559.0
1074,10404.0,-18872.0,-1916.0,-2800.0,12264.0,-4281.0,1181.0,42565.0
1075,7972.0,-19232.0,-3100.0,-2832.0,13130.0,-1052.0,2355.0,42571.0
1076,6184.0,-18912.0,-2580.0,-2816.0,13556.0,281.0,2460.0,42577.0
1077,3996.0,-16412.0,-1148.0,-2800.0,13156.0,2108.0,1921.0,42584.0
1078,3024.0,-14080.0,-584.0,-2848.0,11761.0,3853.0,1128.0,42590.0
1079,3352.0,-14248.0,-372.0,-2832.0,10602.0,4400.0,689.0,42596.0
1080,3840.0,-15192.0,-616.0,-2800.0,10114.0,4638.0,732.0,42602.0
1081,3332.0,-15204.0,-1076.0,-2848.0,9827.0,4696.0,741.0,42608.0
1082,2560.0,-14496.0,-1320.0,-2816.0,9397.0,4525.0,586.0,42613.0
1083,1936.0,-14548.0,-572.0,-2800.0,8945.0,4452.0,-28.0,42619.0
1084,992.0,-15508.0,100.0,-2848.0,8524.0,4293.0,-703.0,42626.0
1085,788.0,-16024.0,20.0,-2816.0,8067.0,3510.0,-1092.0,42632.0
1086,1332.0,-16600.0,-392.0,-2800.0,7735.0,2370.0,-1245.0,42638.0
1087,2732.0,-16420.0,-1216.0,-2848.0,7529.0,1353.0,-1406.0,42644.0
1088,4520.0,-15416.0,-816.0,-2832.0,7227.0,556.0,-1595.0,42650.0
1089,6728.0,-14468.0,-740.0,-2832.0,6692.0,508.0,-1527.0,42655.0
1090,8544.0,-14444.0,-768.0,-2768.0,6176.0,1623.0,-1127.0,42661.0
1091,9172.0,-14460.0,-812.0,-2832.0,5807.0,3439.0,-656.0,42668.0
1092,8200.0,-14460.0,-728.0,-2832.0,5502.0,5064.0,-178.0,42674.0
1093,6920.0,-14556.0,-612.0,-2864.0,5143.0,5928.0,216.0,42680.0
1094,5844.0,-14728.0,-636.0,-2832.0,4834.0,6153.0,452.0,42686.0
1095,5048.0,-14824.0,-456.0,-2800.0,4567.0,5794.0,553.0,42691.0
1096,4632.0,-15212.0,-728.0,-2832.0,4382.0,5221.0,555.0,42697.0
1097,4360.0,-15596.0,-824.0,-2800.0,4292.0,4507.0,495.0,42703.0
1098,4448.0,-15912.0,-964.0,-2800.0,4219.0,3828.0,458.0,42710.0
1099,4296.0,-16040.0,-956.0,-2800.0,4190.0,3589.0,418.0,42716.0
1100,4356.0,-16176.0,-984.0,-2832.0,4171.0,3758.0,357.0,42721.0
1101,4268.0,-16356.0,-1012.0,-2800.0,4197.0,4012.0,330.0,42727.0
1102,4260.0,-16300.0,-1196.0,-2848.0,4274.0,4175.0,361.0,42733.0
1103,4628.0,-16360.0,-1188.0,-2784.0,4373.0,4270.0,345.0,42739.0
1104,5040.0,-16212.0,-1460.0,-2848.0,4485.0,4197.0,381.0,42745.0
1105,5380.0,-16020.0,-1192.0,-2848.0,4648.0,4125.0,565.0,42752.0
1106,5872.0,-15768.0,-1620.0,-2832.0,4777.0,4066.0,736.0,42758.0
1107,6392.0,-15684.0,-1532.0,-2832.0,4985.0,4012.0,990.0,42763.0
1108,6568.0,-15540.0,-1592.0,-2832.0,5170.0,3963.0,1183.0,42769.0
1109,6732.0,-15448.0,-1320.0,-2784.0,5318.0,3981.0,1425.0,42775.0
1110,6600.0,-15776.0,-1420.0,-2848.0,5517.0,4031.0,1638.0,42781.0
1111,6068.0,-15888.0,-1040.0,-2832.0,5724.0,4091.0,1854.0,42787.0
1112,5400.0,-15948.0,-808.0,-2832.0,5898.0,4037.0,1933.0,42793.0
1113,5072.0,-16008.0,-608.0,-2832.0,6052.0,3782.0,2002.0,42800.0
1114,4908.0,-16156.0,-480.0,-2816.0,6192.0,3382.0,2084.0,42806.0
1115,4932.0,-16052.0,-184.0,-2848.0,6295.0,3040.0,2147.0,42811.0
1116,4604.0,-16000.0,52.0,-2848.0,6341.0,2845.0,2198.0,42817.0
1117,4484.0,-16084.0,444.0,-2816.0,6392.0,2717.0,2242.0,42823.0
1118,4312.0,-15956.0,412.0,-2816.0,6364.0,2594.0,2258.0,42829.0
1119,4108.0,-16028.0,776.0,-2848.0,6359.0,2492.0,2269.0,42835.0
1120,4224.0,-16392.0,992.0,-2880.0,6307.0,2409.0,2226.0,42842.0
1121,4296.0,-16372.0,1068.0,-2848.0,6261.0,2316.0,2200.0,42847.0
1122,4280.0,-16524.0,1104.0,-2816.0,6209.0,2335.0,2240.0,42853.0
1123,4140.0,-16428.0,1436.0,-2832.0,6141.0,2418.0,2210.0,42859.0
1124,4228.0,-16204.0,1420.0,-2832.0,6056.0,2427.0,2180.0,42865.0
1125,4124.0,-16276.0,1472.0,-2832.0,5986.0,2464.0,2148.0,42871.0
1126,4116.0,-16264.0,1844.0,-2848.0,5890.0,2550.0,2136.0,42877.0
1127,4172.0,-16308.0,1812.0,-2800.0,5775.0,2536.0,2066.0,42884.0
1128,4256.0,-16276.0,1796.0,-2832.0,5717.0,2599.0,2110.0,42889.0
1129,4356.0,-16192.0,1832.0,-2864.0,5674.0,2607.0,2057.0,42895.0
1130,4376.0,-16312.0,1744.0,-2784.0,5623.0,2669.0,2049.0,42901.0
1131,4532.0,-16620.0,1700.0,-2816.0,5593.0,2756.0,1995.0,42907.0
1132,6040.0,-16036.0,1288.0,-2832.0,5573.0,2925.0,1517.0,42913.0
1133,5140.0,-16308.0,1456.0,-2832.0,5559.0,3052.0,1971.0,42919.0
1134,4460.0,-16772.0,2064.0,-2832.0,5582.0,3597.0,1980.0,42926.0
1135,3896.0,-16768.0,2132.0,-2816.0,5579.0,3754.0,1944.0,42932.0
1136,3968.0,-16944.0,2068.0,-2848.0,5673.0,3857.0,1991.0,42937.0
1137,4492.0,-16804.0,1984.0,-2800.0,5746.0,3875.0,1867.0,42943.0
1138,4964.0,-16748.0,1752.0,-2800.0,5821.0,3968.0,1813.0,42949.0
1139,4656.0,-16804.0,1972.0,-2848.0,5902.0,4178.0,1864.0,42955.0
1140,4248.0,-16872.0,1876.0,-2816.0,6019.0,4311.0,1915.0,42961.0
1141,3856.0,-16960.0,2024.0,-2848.0,6173.0,4392.0,1964.0,42968.0
1142,3500.0,-17096.0,2108.0,-2800.0,6340.0,4282.0,2027.0,42974.0
1143,3136.0,-17004.0,2088.0,-2832.0,6544.0,4325.0,2190.0,42980.0
1144,2592.0,-16920.0,1812.0,-2832.0,6687.0,4307.0,2080.0,42985.0
1145,3804.0,-16360.0,2528.0,-2816.0,7077.0,3947.0,3005.0,42991.0
1146,1060.0,-17176.0,2436.0,-2816.0,7283.0,4189.0,2612.0,42997.0
1147,1612.0,-17332.0,2280.0,-2832.0,7732.0,3458.0,3310.0,43003.0
1148,832.0,-17032.0,2376.0,-2800.0,8055.0,2842.0,3141.0,43010.0
1149,1612.0,-17300.0,2400.0,-2832.0,8368.0,1940.0,3322.0,43016.0
1150,2368.0,-17452.0,2484.0,-2816.0,8701.0,1356.0,3462.0,43022.0
1151,3124.0,-17844.0,2792.0,-2816.0,9026.0,975.0,3682.0,43028.0
1152,3672.0,-18040.0,2716.0,-2784.0,9328.0,816.0,3884.0,43033.0
1153,4020.0,-18212.0,2588.0,-2816.0,9623.0,789.0,4135.0,43039.0
1154,4176.0,-18296.0,2852.0,-2816.0,9890.0,997.0,4405.0,43045.0
1155,4096.0,-18276.0,2992.0,-2832.0,10175.0,1256.0,4744.0,43052.0
1156,3584.0,-18428.0,3132.0,-2848.0,10488.0,1495.0,4976.0,43058.0
1157,3020.0,-18760.0,3104.0,-2816.0,10779.0,1585.0,5266.0,43064.0
1158,2536.0,-18728.0,3268.0,-2864.0,11131.0,1551.0,5519.0,43070.0
1159,1832.0,-18788.0,3292.0,-2816.0,11484.0,1483.0,5750.0,43076.0
1160,1332.0,-19068.0,3360.0,-2832.0,11857.0,1324.0,6001.0,43082.0
1161,1272.0,-19388.0,3592.0,-2816.0,12203.0,1051.0,6269.0,43088.0
1162,1508.0,-19708.0,3416.0,-2832.0,12611.0,722.0,6494.0,43094.0
1163,1976.0,-19984.0,3404.0,-2848.0,13051.0,495.0,6652.0,43100.0
1164,2900.0,-20328.0,3240.0,-2816.0,13433.0,333.0,6875.0,43106.0
1165,3900.0,-20684.0,2868.0,-2816.0,14002.0,403.0,7015.0,43112.0
1166,4928.0,-21212.0,2824.0,-2832.0,14422.0,725.0,7244.0,43118.0
1167,5700.0,-21572.0,2744.0,-2832.0,14886.0,1193.0,7459.0,43124.0
1168,6020.0,-22252.0,2848.0,-2848.0,15373.0,1866.0,7706.0,43130.0
1169,4588.0,-22860.0,3504.0,-2800.0,15739.0,2978.0,8446.0,43137.0
1170,3332.0,-25348.0,4780.0,-2816.0,15820.0,3081.0,9362.0,43143.0
1171,3516.0,-28200.0,4524.0,-2832.0,16033.0,2900.0,10208.0,43149.0
1172,5768.0,-28512.0,3092.0,-2784.0,16498.0,3144.0,10400.0,43155.0
1173,7492.0,-27484.0,2140.0,-2816.0,17032.0,3634.0,10323.0,43161.0
1174,9308.0,-27980.0,1932.0,-2832.0,17526.0,4890.0,10219.0,43167.0
1175,10888.0,-30020.0,1528.0,-2848.0,17931.0,6868.0,10116.0,43173.0
1176,12428.0,-32376.0,824.0,-2848.0,18382.0,9130.0,9783.0,43180.0
1177,12620.0,-32768.0,-1648.0,-2800.0,19012.0,12033.0,9534.0,43186.0
1178,11432.0,-32768.0,-5204.0,-2800.0,19844.0,14426.0,9461.0,43192.0
1179,8816.0,-32768.0,-8148.0,-2832.0,20396.0,15821.0,9864.0,43198.0
1180,5436.0,-32768.0,-11980.0,-2816.0,20454.0,16237.0,10400.0,43204.0
1181,3344.0,-32768.0,-15576.0,-2832.0,20097.0,16008.0,10777.0,43210.0
1182,2276.0,-31512.0,-18532.0,-2832.0,19456.0,15438.0,10821.0,43216.0
1183,848.0,-28688.0,-18940.0,-2832.0,18514.0,14630.0,11085.0,43223.0
1184,-1480.0,-25508.0,-17076.0,-2800.0,17299.0,13252.0,11410.0,43229.0
1185,-3680.0,-22392.0,-12736.0,-2800.0,16179.0,11149.0,11773.0,43235.0
1186,-5392.0,-20684.0,-1304.0,-2784.0,15776.0,7720.0,12095.0,43241.0
1187,-6592.0,-20504.0,9076.0,-2816.0,16003.0,3114.0,12488.0,43247.0
1188,-6356.0,-19716.0,12620.0,-2864.0,15585.0,-1820.0,12169.0,43253.0
1189,-5052.0,-18692.0,8980.0,-2832.0,13699.0,-7965.0,10574.0,43259.0
1190,-1316.0,-18112.0,2572.0,-2832.0,11318.0,-13335.0,8905.0,43266.0
1191,3000.0,-17416.0,-692.0,-2832.0,9565.0,-16403.0,7060.0,43272.0
1192,5580.0,-19280.0,2820.0,-2800.0,9579.0,-17158.0,5854.0,43278.0
1193,6832.0,-21852.0,7652.0,-2800.0,11577.0,-15906.0,6084.0,43284.0
1194,7236.0,-21156.0,6352.0,-2816.0,13341.0,-12193.0,7065.0,43290.0
1195,7500.0,-16572.0,3780.0,-2832.0,13725.0,-7492.0,8108.0,43296.0
1196,7004.0,-9168.0,1960.0,-2800.0,12342.0,-4115.0,8180.0,43302.0
1197,7188.0,-4156.0,-860.0,-2848.0,9835.0,-2455.0,7807.0,43309.0
1198,9852.0,-1468.0,-3132.0,-2816.0,6432.0,-820.0,6869.0,43315.0
1199,12216.0,-2668.0,-3760.0,-2816.0,3702.0,2043.0,5098.0,43321.0
1200,11728.0,-4620.0,-4976.0,-2816.0,1982.0,4826.0,3776.0,43327.0
1201,10480.0,-3736.0,-7508.0,-2832.0,275.0,6505.0,3170.0,43333.0
1202,9816.0,-2864.0,-8312.0,-2832.0,-1490.0,7590.0,2716.0,43339.0
1203,8296.0,-3296.0,-7924.0,-2832.0,-2960.0,8317.0,2381.0,43344.0
1204,5936.0,-3300.0,-6344.0,-2816.0,-4055.0,8403.0,2505.0,43351.0
1205,4276.0,-3088.0,-4200.0,-2848.0,-5184.0,8728.0,3037.0,43357.0
1206,2912.0,-2516.0,-3248.0,-2816.0,-6516.0,9525.0,3154.0,43363.0
1207,1448.0,-2556.0,-2668.0,-2800.0,-8114.0,10128.0,2700.0,43369.0
1208,48.0,-2288.0,-2124.0,-2800.0,-9767.0,10056.0,2059.0,43375.0
1209,-712.0,-1732.0,-1840.0,-2832.0,-11453.0,9166.0,1192.0,43381.0
1210,-1456.0,-1192.0,-1960.0,-2816.0,-13157.0,7504.0,205.0,43386.0
1211,-2244.0,-1472.0,-2156.0,-2848.0,-14713.0,5509.0,-565.0,43393.0
1212,-2696.0,-2320.0,-2068.0,-2816.0,-16025.0,3498.0,-1072.0,43399.0
1213,-2804.0,-3088.0,-1824.0,-2832.0,-17170.0,1708.0,-1494.0,43405.0
1214,-2432.0,-3812.0,-2112.0,-2848.0,-18282.0,306.0,-1999.0,43411.0
1215,-1764.0,-4288.0,-2160.0,-2864.0,-19438.0,-971.0,-2734.0,43417.0
1216,-1116.0,-4732.0,-2180.0,-2800.0,-20464.0,-2155.0,-3515.0,43423.0
1217,-624.0,-5048.0,-2144.0,-2800.0,-21488.0,-3448.0,-4236.0,43429.0
1218,-152.0,-5168.0,-1904.0,-2832.0,-22497.0,-4714.0,-4890.0,43436.0
1219,24.0,-5312.0,-1580.0,-2816.0,-23440.0,-5980.0,-5366.0,43442.0
1220,480.0,-5644.0,-1160.0,-2816.0,-24404.0,-6997.0,-5798.0,43447.0
1221,1028.0,-6072.0,-668.0,-2848.0,-25423.0,-7793.0,-6258.0,43453.0
1222,1868.0,-6764.0,-144.0,-2864.0,-26412.0,-8360.0,-6709.0,43459.0
1223,3016.0,-7252.0,124.0,-2832.0,-27412.0,-8448.0,-7192.0,43465.0
1224,3948.0,-8104.0,112.0,-2848.0,-28430.0,-8348.0,-7723.0,43471.0
1225,4732.0,-9176.0,308.0,-2816.0,-29305.0,-8100.0,-8192.0,43478.0
1226,5156.0,-10200.0,652.0,-2832.0,-29984.0,-7702.0,-8512.0,43484.0
1227,5256.0,-11532.0,912.0,-2816.0,-30501.0,-7264.0,-8747.0,43490.0
1228,5112.0,-12404.0,1144.0,-2800.0,-30968.0,-6846.0,-8976.0,43496.0
1229,4860.0,-13172.0,1360.0,-2816.0,-31420.0,-6411.0,-9090.0,43502.0
1230,4660.0,-14004.0,1732.0,-2784.0,-31887.0,-6027.0,-9293.0,43508.0
1231,4368.0,-14936.0,1860.0,-2800.0,-32274.0,-5525.0,-9562.0,43514.0
1232,4276.0,-15772.0,1912.0,-2816.0,-32642.0,-5026.0,-9789.0,43521.0
1233,4244.0,-16600.0,2048.0,-2832.0,-32768.0,-4532.0,-10002.0,43527.0
1234,4564.0,-17556.0,2212.0,-2800.0,-32768.0,-3961.0,-10213.0,43533.0
1235,4756.0,-18368.0,2448.0,-2832.0,-32768.0,-3243.0,-10450.0,43539.0
1236,4728.0,-19428.0,2620.0,-2800.0,-32768.0,-2438.0,-10707.0,43545.0
1237,4520.0,-20252.0,2880.0,-2816.0,-32768.0,-1681.0,-10975.0,43551.0
1238,4120.0,-21044.0,2988.0,-2816.0,-32768.0,-1125.0,-11324.0,43557.0
1239,4376.0,-21848.0,3460.0,-2816.0,-32768.0,-688.0,-11710.0,43564.0
1240,4608.0,-22748.0,3796.0,-2800.0,-32768.0,-263.0,-12118.0,43570.0
1241,4688.0,-23760.0,3904.0,-2832.0,-32768.0,187.0,-12661.0,43576.0
1242,4832.0,-24564.0,4136.0,-2848.0,-32768.0,578.0,-13071.0,43582.0
1243,4520.0,-25416.0,4532.0,-2800.0,-32768.0,709.0,-13524.0,43588.0
1244,3360.0,-26288.0,5356.0,-2816.0,-32768.0,410.0,-13893.0,43594.0
1245,2292.0,-26764.0,6156.0,-2816.0,-32768.0,-161.0,-14229.0,43600.0
1246,1064.0,-27108.0,6852.0,-2800.0,-32768.0,-896.0,-14582.0,43607.0
1247,544.0,-27464.0,7488.0,-2816.0,-32768.0,-1536.0,-14910.0,43613.0
1248,604.0,-27960.0,7908.0,-2832.0,-32619.0,-2045.0,-15197.0,43619.0
1249,1300.0,-28660.0,8488.0,-2832.0,-32085.0,-2324.0,-15402.0,43625.0
1250,2364.0,-29524.0,8876.0,-2816.0,-31380.0,-2280.0,-15369.0,43631.0
1251,3400.0,-29784.0,9168.0,-2848.0,-30560.0,-1870.0,-15115.0,43637.0
1252,4340.0,-30124.0,9800.0,-2816.0,-29588.0,-1012.0,-14636.0,43643.0
1253,4612.0,-30416.0,10636.0,-2864.0,-28471.0,244.0,-13909.0,43650.0
1254,4364.0,-30904.0,11656.0,-2832.0,-27375.0,1706.0,-13075.0,43656.0
1255,2796.0,-32240.0,11676.0,-2816.0,-25421.0,2988.0,-13733.0,43662.0
1256,4204.0,-30468.0,14160.0,-2816.0,-24620.0,4032.0,-8987.0,43668.0
1257,6600.0,-30064.0,14628.0,-2848.0,-22827.0,5816.0,-11514.0,43674.0
1258,1296.0,-29836.0,17236.0,-2864.0,-20961.0,7138.0,-12648.0,43680.0
1259,392.0,-29388.0,18460.0,-2864.0,-19296.0,7996.0,-12196.0,43686.0
1260,76.0,-29028.0,18836.0,-2832.0,-17421.0,9206.0,-11426.0,43693.0
1261,-1344.0,-27968.0,19832.0,-2864.0,-15440.0,10960.0,-10085.0,43699.0
1262,-6204.0,-27004.0,20704.0,-2800.0,-13050.0,12517.0,-9596.0,43706.0
1263,-9840.0,-26116.0,22004.0,-2816.0,-10416.0,12626.0,-7054.0,43712.0
1264,-12816.0,-25428.0,23492.0,-2832.0,-7588.0,11919.0,-5258.0,43718.0
1265,-15428.0,-25112.0,24812.0,-2816.0,-4546.0,10194.0,-3303.0,43724.0
1266,-16460.0,-24936.0,25812.0,-2832.0,-1383.0,7814.0,-1264.0,43731.0
1267,-15752.0,-24980.0,26192.0,-2816.0,1786.0,5268.0,330.0,43738.0
1268,-14428.0,-24976.0,25816.0,-2848.0,4779.0,2870.0,1289.0,43744.0
1269,-13232.0,-24412.0,24860.0,-2832.0,7498.0,612.0,2036.0,43750.0
1270,-12396.0,-23828.0,23304.0,-2784.0,9874.0,-1537.0,2625.0,43756.0
1271,-11840.0,-23000.0,21256.0,-2848.0,11974.0,-3782.0,3331.0,43762.0
1272,-10848.0,-22048.0,19168.0,-2848.0,13507.0,-5829.0,3873.0,43768.0
1273,-10336.0,-18176.0,13344.0,-2848.0,14443.0,-8062.0,4237.0,43774.0
1274,-4992.0,-6848.0,-17164.0,-2816.0,9614.0,-9537.0,3049.0,43781.0
1275,32767.0,16444.0,-32768.0,-2832.0,-12880.0,-7547.0,-10186.0,43787.0
1276,32767.0,-32768.0,-32768.0,-2816.0,-11492.0,-19120.0,-32031.0,43793.0
1277,22252.0,-32768.0,-10916.0,-2832.0,13216.0,-28396.0,1943.0,43800.0
1278,6972.0,-24592.0,5532.0,-2816.0,11792.0,2790.0,17569.0,43806.0
1279,-28724.0,-28268.0,29712.0,-2816.0,10846.0,27933.0,14252.0,43812.0
1280,-32236.0,-32768.0,32767.0,-2816.0,12853.0,22788.0,8098.0,43819.0
1281,-28232.0,-32768.0,25024.0,-2832.0,14987.0,4562.0,-1306.0,43825.0
1282,-16228.0,-29784.0,-3764.0,-2832.0,13687.0,-7408.0,-3217.0,43831.0
1283,11144.0,-16084.0,-14068.0,-2832.0,12993.0,-13391.0,-2988.0,43838.0
1284,26652.0,-10456.0,-4892.0,-2800.0,13804.0,-16225.0,-2544.0,43844.0
1285,18112.0,-12412.0,10292.0,-2848.0,13238.0,-7442.0,-996.0,43850.0
1286,-932.0,-19768.0,8792.0,-2816.0,12449.0,2556.0,1657.0,43856.0
1287,-4836.0,-18344.0,-1372.0,-2832.0,11100.0,3279.0,2432.0,43863.0
1288,5776.0,-14220.0,-6088.0,-2816.0,10618.0,-4771.0,-737.0,43869.0
1289,12076.0,-13928.0,-6048.0,-2832.0,11369.0,-10481.0,-689.0,43875.0
1290,13776.0,-13164.0,-4400.0,-2832.0,12104.0,-8630.0,1704.0,43881.0
1291,12476.0,-13196.0,-3592.0,-2832.0,11920.0,-3674.0,2668.0,43887.0
1292,8380.0,-14816.0,-1392.0,-2832.0,11423.0,1779.0,2658.0,43893.0
1293,4004.0,-15092.0,-160.0,-2848.0,10537.0,5138.0,2042.0,43899.0
1294,2492.0,-16096.0,-696.0,-2864.0,9697.0,5356.0,1623.0,43906.0
1295,3808.0,-17740.0,-2284.0,-2832.0,9628.0,5347.0,1884.0,43912.0
1296,5488.0,-17624.0,-3128.0,-2816.0,9969.0,5273.0,1676.0,43918.0
1297,4876.0,-15960.0,-3404.0,-2832.0,10006.0,5466.0,1603.0,43924.0
1298,2948.0,-14016.0,-2936.0,-2864.0,9733.0,5515.0,1330.0,43930.0
1299,592.0,-13252.0,-2144.0,-2864.0,9133.0,5221.0,497.0,43936.0
1300,-1864.0,-14176.0,-1240.0,-2832.0,8642.0,4522.0,-314.0,43942.0
1301,-3168.0,-15848.0,-768.0,-2800.0,8331.0,2968.0,-936.0,43948.0
1302,-2476.0,-16568.0,-1012.0,-2832.0,8159.0,718.0,-1585.0,43954.0
1303,748.0,-16692.0,-1176.0,-2816.0,8047.0,-1756.0,-2095.0,43960.0
1304,4988.0,-15892.0,-1408.0,-2848.0,7858.0,-3082.0,-2229.0,43966.0
1305,8344.0,-14908.0,-1452.0,-2832.0,7474.0,-2696.0,-1917.0,43972.0
1306,9544.0,-14416.0,-1400.0,-2816.0,7086.0,-1088.0,-1308.0,43978.0
1307,9040.0,-14612.0,-1460.0,-2832.0,6744.0,932.0,-742.0,43984.0
1308,7828.0,-14884.0,-1132.0,-2832.0,6486.0,2651.0,-353.0,43991.0
1309,6628.0,-14836.0,-1012.0,-2832.0,6203.0,3885.0,-135.0,43997.0
1310,5708.0,-14796.0,-1200.0,-2816.0,5871.0,4517.0,-60.0,44002.0
1311,4892.0,-15052.0,-1220.0,-2848.0,5590.0,4575.0,-106.0,44008.0
1312,4384.0,-15604.0,-1216.0,-2816.0,5423.0,4161.0,-60.0,44014.0
1313,4020.0,-15848.0,-1208.0,-2848.0,5269.0,3504.0,-30.0,44020.0
1314,4188.0,-15760.0,-1000.0,-2816.0,5103.0,2908.0,-37.0,44026.0
1315,4308.0,-15532.0,-932.0,-2848.0,4889.0,2410.0,-18.0,44033.0
1316,4484.0,-15492.0,-840.0,-2832.0,4646.0,2155.0,11.0,44038.0
1317,4656.0,-15680.0,-584.0,-2832.0,4447.0,2013.0,36.0,44044.0
1318,4808.0,-15848.0,-752.0,-2832.0,4288.0,2066.0,42.0,44050.0
1319,5220.0,-15832.0,-636.0,-2816.0,4136.0,2097.0,114.0,44056.0
1320,5616.0,-15968.0,-888.0,-2848.0,4009.0,2282.0,220.0,44062.0
1321,5388.0,-15868.0,-940.0,-2816.0,3927.0,2570.0,347.0,44067.0
1322,5244.0,-16116.0,-824.0,-2848.0,3902.0,2803.0,444.0,44073.0
1323,5316.0,-15896.0,-892.0,-2816.0,3861.0,3042.0,621.0,44080.0
1324,4968.0,-16180.0,-996.0,-2848.0,3950.0,3090.0,539.0,44086.0
1325,5048.0,-16028.0,-1100.0,-2816.0,3982.0,2988.0,621.0,44092.0
1326,5144.0,-16096.0,-1108.0,-2832.0,4078.0,2849.0,718.0,44098.0
1327,5084.0,-15844.0,-1156.0,-2832.0,4185.0,2702.0,840.0,44103.0
1328,5324.0,-15932.0,-1108.0,-2832.0,4322.0,2596.0,917.0,44109.0
1329,5028.0,-15768.0,-872.0,-2832.0,4392.0,2384.0,1025.0,44115.0
1330,5264.0,-15756.0,-648.0,-2864.0,4446.0,2217.0,1073.0,44122.0
1331,5328.0,-15840.0,-512.0,-2864.0,4501.0,2154.0,1197.0,44128.0
1332,5492.0,-15876.0,-404.0,-2816.0,4559.0,2230.0,1331.0,44134.0
1333,5276.0,-15776.0,-468.0,-2816.0,4606.0,2334.0,1464.0,44139.0
1334,5112.0,-15896.0,-272.0,-2848.0,4708.0,2404.0,1509.0,44145.0
1335,5044.0,-15888.0,-64.0,-2848.0,4758.0,2404.0,1535.0,44151.0
1336,4920.0,-15828.0,264.0,-2848.0,4789.0,2326.0,1611.0,44157.0
1337,4672.0,-15712.0,64.0,-2848.0,4772.0,2233.0,1643.0,44164.0
1338,4752.0,-15588.0,204.0,-2816.0,4772.0,2103.0,1631.0,44170.0
1339,4568.0,-15504.0,668.0,-2848.0,4763.0,1921.0,1654.0,44175.0
1340,4744.0,-15452.0,648.0,-2816.0,4630.0,1832.0,1639.0,44181.0
1341,4616.0,-15672.0,760.0,-2848.0,4575.0,1832.0,1617.0,44187.0
1342,4524.0,-15716.0,1088.0,-2848.0,4524.0,1887.0,1643.0,44193.0
1343,4236.0,-15880.0,984.0,-2848.0,4441.0,1960.0,1630.0,44199.0
1344,4048.0,-15808.0,1112.0,-2816.0,4381.0,2025.0,1550.0,44206.0
1345,3988.0,-15804.0,1152.0,-2832.0,4299.0,1936.0,1478.0,44211.0
1346,4236.0,-15844.0,1096.0,-2832.0,4211.0,1857.0,1386.0,44217.0
1347,3696.0,-16200.0,916.0,-2864.0,4231.0,1521.0,1899.0,44223.0
1348,4828.0,-15408.0,1332.0,-2832.0,4009.0,2247.0,1243.0,44229.0
1349,3860.0,-16180.0,1240.0,-2848.0,4037.0,1943.0,1475.0,44235.0
1350,3472.0,-15956.0,1260.0,-2848.0,3993.0,1637.0,1400.0,44241.0
1351,3780.0,-15888.0,1376.0,-2832.0,3992.0,1520.0,1223.0,44248.0
1352,3888.0,-15888.0,1444.0,-2832.0,3996.0,1463.0,1170.0,44254.0
1353,3824.0,-15920.0,1348.0,-2848.0,3993.0,1384.0,1204.0,44259.0
1354,3844.0,-15656.0,1396.0,-2816.0,3991.0,1399.0,1308.0,44265.0
1355,3728.0,-16176.0,1424.0,-2848.0,4036.0,1416.0,1245.0,44271.0
1356,3868.0,-16168.0,1468.0,-2864.0,4067.0,1353.0,1279.0,44277.0
1357,4068.0,-16272.0,1312.0,-2832.0,4102.0,1286.0,1250.0,44283.0
1358,4248.0,-16208.0,1168.0,-2848.0,4172.0,1246.0,1251.0,44290.0
1359,4576.0,-16104.0,1392.0,-2816.0,4190.0,1260.0,1176.0,44296.0
1360,4668.0,-16040.0,1484.0,-2832.0,4231.0,1329.0,1191.0,44302.0
1361,4784.0,-16172.0,1648.0,-2832.0,4299.0,1515.0,1196.0,44307.0
1362,4808.0,-16128.0,1372.0,-2864.0,4426.0,1666.0,1222.0,44313.0
1363,4820.0,-15872.0,1156.0,-2848.0,4545.0,1783.0,1301.0,44319.0
1364,4980.0,-15952.0,1212.0,-2848.0,4729.0,1921.0,1364.0,44325.0
1365,5064.0,-16060.0,1308.0,-2864.0,4882.0,2002.0,1432.0,44332.0
1366,5120.0,-16368.0,1196.0,-2800.0,5109.0,2116.0,1539.0,44338.0
1367,5096.0,-16452.0,888.0,-2832.0,5233.0,2105.0,1624.0,44344.0
1368,4752.0,-16328.0,1328.0,-2832.0,5408.0,1989.0,1766.0,44350.0
1369,5272.0,-16420.0,1512.0,-2848.0,5621.0,2038.0,1795.0,44355.0
1370,5000.0,-16420.0,1608.0,-2816.0,5821.0,2097.0,2150.0,44361.0
1371,4812.0,-16400.0,1748.0,-2832.0,5984.0,2306.0,2319.0,44367.0
1372,4364.0,-16424.0,2004.0,-2832.0,6161.0,2374.0,2492.0,44374.0
1373,4100.0,-16388.0,2028.0,-2848.0,6330.0,2221.0,2659.0,44380.0
1374,3820.0,-16508.0,2160.0,-2848.0,6493.0,2004.0,2785.0,44386.0
1375,3816.0,-16528.0,2528.0,-2832.0,6654.0,1817.0,2930.0,44392.0
1376,3784.0,-16704.0,2480.0,-2864.0,6820.0,1662.0,3094.0,44398.0
1377,3788.0,-16608.0,2792.0,-2864.0,6920.0,1598.0,3274.0,44403.0
1378,3644.0,-16796.0,2992.0,-2816.0,7006.0,1464.0,3454.0,44409.0
1379,3720.0,-16916.0,2984.0,-2848.0,7081.0,1329.0,3594.0,44416.0
1380,3984.0,-17044.0,2840.0,-2832.0,7182.0,1230.0,3726.0,44422.0
1381,4416.0,-17020.0,2964.0,-2832.0,7266.0,1220.0,3835.0,44428.0
1382,4684.0,-16912.0,3068.0,-2848.0,7339.0,1326.0,3914.0,44434.0
1383,4936.0,-17004.0,3216.0,-2848.0,7437.0,1516.0,4021.0,44440.0
1384,5016.0,-16976.0,3256.0,-2832.0,7496.0,1751.0,4094.0,44446.0
1385,5012.0,-17364.0,3256.0,-2832.0,7600.0,2044.0,4267.0,44451.0
1386,4748.0,-17892.0,3296.0,-2832.0,7711.0,2427.0,4477.0,44457.0
1387,4380.0,-18624.0,3472.0,-2832.0,7821.0,2749.0,4695.0,44464.0
1388,3428.0,-19488.0,4312.0,-2816.0,7919.0,2875.0,5188.0,44470.0
1389,3688.0,-20632.0,4808.0,-2832.0,7960.0,2582.0,5581.0,44476.0
1390,4636.0,-21060.0,3872.0,-2864.0,8061.0,2194.0,5735.0,44482.0
1391,5884.0,-20620.0,2648.0,-2864.0,8241.0,2358.0,5627.0,44488.0
1392,6348.0,-20580.0,2420.0,-2816.0,8519.0,2895.0,5551.0,44494.0
1393,5444.0,-20884.0,2976.0,-2880.0,8748.0,3701.0,5652.0,44499.0
1394,3944.0,-21428.0,3508.0,-2832.0,8996.0,4383.0,5824.0,44506.0
1395,2088.0,-21656.0,3660.0,-2832.0,9245.0,4748.0,6132.0,44512.0
1396,508.0,-21904.0,3676.0,-2864.0,9513.0,4708.0,6494.0,44518.0
1397,-312.0,-22280.0,3780.0,-2832.0,9842.0,4396.0,6815.0,44524.0
1398,-684.0,-22820.0,3272.0,-2848.0,10188.0,3794.0,7168.0,44530.0
1399,-24.0,-23244.0,2944.0,-2848.0,10547.0,3234.0,7429.0,44536.0
1400,1188.0,-23348.0,2460.0,-2848.0,10918.0,2905.0,7574.0,44541.0
1401,2448.0,-23224.0,1888.0,-2800.0,11352.0,2845.0,7663.0,44548.0
1402,3440.0,-23164.0,1468.0,-2816.0,11817.0,3003.0,7647.0,44554.0
1403,4008.0,-23024.0,1468.0,-2832.0,12267.0,3177.0,7564.0,44560.0
1404,4396.0,-22928.0,1380.0,-2832.0,12681.0,3458.0,7402.0,44566.0
1405,4892.0,-22580.0,1220.0,-2832.0,13053.0,3681.0,7254.0,44572.0
1406,5516.0,-22412.0,1484.0,-2864.0,13442.0,3953.0,7050.0,44578.0
1407,6272.0,-22432.0,1860.0,-2848.0,13697.0,4332.0,6697.0,44584.0
1408,7220.0,-22612.0,1400.0,-2864.0,13908.0,4802.0,6336.0,44591.0
1409,8336.0,-23408.0,2568.0,-2816.0,14411.0,5470.0,6085.0,44597.0
1410,8328.0,-22940.0,472.0,-2832.0,14445.0,6780.0,6265.0,44603.0
1411,8916.0,-22256.0,-1368.0,-2832.0,14398.0,8072.0,6158.0,44609.0
1412,9000.0,-21368.0,-3048.0,-2816.0,14230.0,9240.0,6337.0,44615.0
1413,8192.0,-20416.0,-4188.0,-2864.0,13933.0,10105.0,6164.0,44621.0
1414,7404.0,-20020.0,-5172.0,-2864.0,13561.0,10571.0,6272.0,44627.0
1415,6428.0,-19416.0,-5040.0,-2848.0,13000.0,10664.0,6178.0,44634.0
1416,5396.0,-18140.0,-4996.0,-2848.0,12492.0,10199.0,5852.0,44640.0
1417,4944.0,-16632.0,-4800.0,-2864.0,11836.0,9253.0,5382.0,44646.0
1418,4644.0,-15256.0,-3576.0,-2832.0,11259.0,8276.0,4843.0,44651.0
1419,5156.0,-13300.0,-1844.0,-2832.0,10767.0,7531.0,4143.0,44657.0
1420,5748.0,-11980.0,2016.0,-2848.0,10477.0,6643.0,3418.0,44663.0
1421,5760.0,-11796.0,6000.0,-2832.0,10726.0,6218.0,3127.0,44669.0
1422,4980.0,-11508.0,9420.0,-2848.0,11165.0,6426.0,2812.0,44676.0
1423,4020.0,-12540.0,12416.0,-2864.0,11566.0,7156.0,2581.0,44682.0
1424,1796.0,-12980.0,12020.0,-2848.0,11524.0,8130.0,2054.0,44688.0
1425,148.0,-10832.0,6100.0,-2816.0,10051.0,7963.0,1108.0,44694.0
1426,4056.0,-9628.0,3204.0,-2816.0,8610.0,7075.0,-611.0,44700.0
1427,11692.0,-6824.0,-4516.0,-2848.0,6645.0,8176.0,-2352.0,44706.0
1428,15184.0,-3708.0,-9108.0,-2816.0,4074.0,11144.0,-3329.0,44712.0
1429,10544.0,-4116.0,-9184.0,-2832.0,2186.0,14883.0,-2269.0,44719.0
1430,6868.0,-4876.0,-7504.0,-2832.0,1043.0,16929.0,-1054.0,44725.0
1431,2548.0,-4740.0,-5656.0,-2848.0,28.0,17621.0,-681.0,44731.0
1432,-960.0,-4884.0,-4808.0,-2832.0,-1224.0,17972.0,-106.0,44736.0
1433,-2188.0,-4652.0,-4540.0,-2832.0,-2827.0,18521.0,-418.0,44742.0
1434,-2464.0,-4592.0,-4824.0,-2848.0,-4570.0,18599.0,-1405.0,44748.0
1435,-2800.0,-4764.0,-4492.0,-2832.0,-6092.0,17319.0,-2559.0,44754.0
1436,-3492.0,-5480.0,-4220.0,-2848.0,-7238.0,14767.0,-3408.0,44761.0
1437,-4228.0,-6348.0,-2964.0,-2832.0,-8133.0,11990.0,-4060.0,44767.0
1438,-4520.0,-7036.0,-2304.0,-2848.0,-9050.0,9597.0,-4599.0,44773.0
