id,AcX,AcY,AcZ,Tmp,GyX,GyY,GyZ,Timer
0,4712.0,-15412.0,-192.0,-3056.0,5478.0,3507.0,-381.0,138223.0
1,4696.0,-15360.0,-32.0,-3024.0,5362.0,3395.0,-270.0,138229.0
2,4352.0,-15564.0,360.0,-3056.0,5182.0,3368.0,-155.0,138235.0
3,4108.0,-16000.0,280.0,-3056.0,5106.0,3352.0,-30.0,138242.0
4,4060.0,-16032.0,136.0,-3056.0,5006.0,3206.0,-33.0,138247.0
5,3864.0,-15604.0,544.0,-3056.0,4826.0,3115.0,-27.0,138253.0
6,4988.0,-15904.0,448.0,-3088.0,4793.0,3158.0,94.0,138259.0
7,4092.0,-15384.0,720.0,-3072.0,4634.0,3331.0,85.0,138265.0
8,4528.0,-15684.0,1260.0,-3040.0,4307.0,3481.0,493.0,138271.0
9,3480.0,-15596.0,1060.0,-3056.0,4307.0,3313.0,43.0,138277.0
10,3360.0,-15476.0,1112.0,-3024.0,4125.0,2972.0,105.0,138283.0
11,4048.0,-15844.0,1304.0,-3024.0,4044.0,2783.0,50.0,138289.0
12,4664.0,-15664.0,1132.0,-3056.0,3897.0,2858.0,137.0,138295.0
13,4840.0,-15540.0,804.0,-3040.0,3835.0,3114.0,215.0,138301.0
14,4956.0,-15516.0,1048.0,-3040.0,3767.0,3305.0,346.0,138307.0
15,4844.0,-15744.0,1240.0,-3040.0,3697.0,3611.0,408.0,138313.0
16,4960.0,-15896.0,852.0,-3056.0,3656.0,3752.0,413.0,138319.0
17,4900.0,-15808.0,856.0,-3024.0,3640.0,3747.0,473.0,138324.0
18,4928.0,-15908.0,880.0,-3024.0,3576.0,3845.0,542.0,138331.0
19,4896.0,-15980.0,1080.0,-3024.0,3555.0,3873.0,603.0,138337.0
20,4748.0,-16040.0,1100.0,-3056.0,3519.0,3962.0,702.0,138343.0
21,4720.0,-16176.0,1120.0,-3024.0,3527.0,4104.0,756.0,138349.0
22,5032.0,-16264.0,864.0,-3040.0,3579.0,4205.0,792.0,138355.0
23,5200.0,-16284.0,948.0,-3040.0,3574.0,4299.0,829.0,138360.0
24,5088.0,-16108.0,984.0,-3056.0,3592.0,4446.0,898.0,138366.0
25,4988.0,-16224.0,880.0,-3056.0,3668.0,4595.0,923.0,138373.0
26,4516.0,-16440.0,908.0,-3056.0,3764.0,4738.0,959.0,138379.0
27,3884.0,-16644.0,876.0,-3056.0,3847.0,4843.0,946.0,138385.0
28,3924.0,-16784.0,1092.0,-3056.0,3982.0,4853.0,794.0,138390.0
29,4944.0,-17452.0,1264.0,-3056.0,4076.0,4746.0,545.0,138396.0
30,8596.0,-14492.0,-288.0,-3072.0,4152.0,4431.0,-630.0,138402.0
31,4840.0,-16104.0,272.0,-3072.0,4215.0,4873.0,1143.0,138408.0
32,4500.0,-16080.0,1388.0,-3040.0,4369.0,5763.0,416.0,138415.0
33,2160.0,-16012.0,2100.0,-3072.0,4528.0,5227.0,782.0,138421.0
34,2300.0,-16332.0,2068.0,-3040.0,4677.0,4996.0,774.0,138427.0
35,2524.0,-16276.0,1920.0,-3056.0,4839.0,4416.0,690.0,138432.0
36,3336.0,-16360.0,1668.0,-3024.0,4955.0,4204.0,665.0,138438.0
37,3536.0,-16544.0,1704.0,-3088.0,5100.0,3991.0,591.0,138444.0
38,3640.0,-16516.0,1988.0,-3040.0,5180.0,4051.0,590.0,138450.0
39,3508.0,-17140.0,2152.0,-3072.0,5308.0,4103.0,612.0,138457.0
40,3052.0,-17464.0,2300.0,-3072.0,5508.0,4163.0,763.0,138463.0
41,2876.0,-17592.0,2200.0,-3040.0,5716.0,4077.0,864.0,138469.0
42,2744.0,-17736.0,2032.0,-3024.0,5950.0,3972.0,1079.0,138474.0
43,2868.0,-17796.0,2080.0,-3024.0,6214.0,3832.0,1227.0,138480.0
44,2896.0,-17820.0,2288.0,-3072.0,6486.0,3594.0,1413.0,138486.0
45,3088.0,-17636.0,2152.0,-3024.0,6784.0,3389.0,1566.0,138492.0
46,2920.0,-17788.0,2152.0,-3056.0,7054.0,3153.0,1752.0,138499.0
47,2868.0,-17624.0,2308.0,-3040.0,7303.0,2870.0,1879.0,138505.0
48,2788.0,-17792.0,2400.0,-3056.0,7611.0,2534.0,2121.0,138511.0
49,2448.0,-17932.0,2536.0,-3040.0,7873.0,2323.0,2392.0,138517.0
50,2576.0,-17828.0,2680.0,-3072.0,8117.0,2095.0,2641.0,138523.0
51,2572.0,-18092.0,2912.0,-3056.0,8353.0,1792.0,2900.0,138529.0
52,2684.0,-18276.0,3084.0,-3008.0,8605.0,1571.0,3176.0,138535.0
53,2968.0,-18488.0,3288.0,-3024.0,8856.0,1381.0,3411.0,138542.0
54,3392.0,-18816.0,3132.0,-3056.0,9049.0,1326.0,3669.0,138547.0
55,3888.0,-19040.0,3324.0,-3040.0,9268.0,1329.0,3908.0,138553.0
56,4196.0,-19448.0,3272.0,-3056.0,9490.0,1473.0,4140.0,138559.0
57,4232.0,-19756.0,3288.0,-3056.0,9693.0,1648.0,4412.0,138565.0
58,4312.0,-20060.0,3424.0,-3040.0,9952.0,1873.0,4653.0,138571.0
59,4212.0,-20288.0,3276.0,-3024.0,10226.0,2239.0,4871.0,138577.0
60,4012.0,-20412.0,3240.0,-3040.0,10537.0,2573.0,5099.0,138584.0
61,3728.0,-20716.0,3468.0,-3024.0,10804.0,2903.0,5407.0,138590.0
62,3372.0,-21064.0,3244.0,-3072.0,11163.0,3247.0,5682.0,138596.0
63,3096.0,-21180.0,3028.0,-3024.0,11551.0,3506.0,5930.0,138602.0
64,2928.0,-21376.0,2864.0,-3040.0,11970.0,3625.0,6238.0,138608.0
65,2676.0,-21792.0,2752.0,-3072.0,12405.0,3744.0,6605.0,138614.0
66,1372.0,-22236.0,2800.0,-3056.0,12790.0,3881.0,7113.0,138620.0
67,-744.0,-22940.0,3456.0,-3040.0,13027.0,3526.0,8006.0,138627.0
68,-676.0,-24896.0,3620.0,-3024.0,13270.0,2277.0,8690.0,138633.0
69,1584.0,-25576.0,2580.0,-3040.0,13646.0,1306.0,8932.0,138639.0
70,4184.0,-24844.0,1336.0,-3024.0,14247.0,1023.0,8742.0,138645.0
71,6288.0,-24740.0,1828.0,-3104.0,14804.0,1470.0,8678.0,138651.0
72,6604.0,-26096.0,2612.0,-3056.0,15447.0,2565.0,8867.0,138656.0
73,6272.0,-27224.0,1420.0,-3040.0,15927.0,4206.0,9025.0,138662.0
74,6100.0,-27920.0,496.0,-3088.0,16514.0,5558.0,9077.0,138669.0
75,5720.0,-27916.0,-396.0,-3072.0,17028.0,6706.0,9414.0,138675.0
76,5832.0,-28332.0,-1636.0,-3056.0,17413.0,7842.0,9462.0,138681.0
77,6292.0,-28824.0,-3444.0,-3040.0,17711.0,8811.0,9540.0,138687.0
78,6972.0,-29188.0,-5180.0,-3056.0,17944.0,9652.0,9625.0,138693.0
79,7536.0,-29152.0,-7564.0,-3072.0,18051.0,10338.0,9648.0,138699.0
80,7680.0,-28520.0,-8904.0,-3040.0,18007.0,10753.0,9568.0,138705.0
81,7520.0,-27712.0,-10284.0,-3072.0,17395.0,11170.0,9400.0,138712.0
82,7820.0,-27520.0,-12184.0,-3072.0,16551.0,12337.0,9536.0,138718.0
83,7860.0,-27424.0,-13960.0,-3072.0,15827.0,13164.0,9866.0,138724.0
84,6732.0,-25680.0,-13720.0,-3072.0,15143.0,13456.0,10495.0,138730.0
85,4980.0,-22996.0,-10452.0,-3056.0,14692.0,12918.0,11024.0,138737.0
86,2388.0,-20620.0,-4152.0,-3056.0,14519.0,10862.0,11301.0,138743.0
87,-1948.0,-20744.0,6200.0,-3040.0,15020.0,7038.0,11471.0,138749.0
88,-4220.0,-22004.0,12116.0,-3072.0,15625.0,3024.0,11309.0,138756.0
89,-4648.0,-22140.0,10644.0,-3072.0,15226.0,-1550.0,10133.0,138762.0
90,-2240.0,-22372.0,7784.0,-3072.0,14576.0,-6529.0,8483.0,138768.0
91,1824.0,-21816.0,5308.0,-3056.0,14638.0,-10499.0,6986.0,138774.0
92,4680.0,-20728.0,4140.0,-3056.0,15141.0,-12883.0,5681.0,138780.0
93,6536.0,-19904.0,4360.0,-3056.0,15846.0,-13332.0,5544.0,138786.0
94,8248.0,-18740.0,3824.0,-3056.0,16236.0,-10940.0,5930.0,138792.0
95,9272.0,-14760.0,-1060.0,-3040.0,15060.0,-7682.0,5855.0,138799.0
96,11108.0,-10688.0,-2752.0,-3040.0,13033.0,-5192.0,5500.0,138805.0
97,12724.0,-8976.0,-4268.0,-3072.0,11274.0,-2637.0,5071.0,138811.0
98,13844.0,-7340.0,-5256.0,-3056.0,9492.0,40.0,4479.0,138817.0
99,13992.0,-6260.0,-5568.0,-3088.0,7849.0,2590.0,3732.0,138823.0
100,13052.0,-6100.0,-5636.0,-3040.0,6253.0,5718.0,3157.0,138829.0
101,11584.0,-6056.0,-5912.0,-3056.0,4702.0,9080.0,2812.0,138835.0
102,9512.0,-5300.0,-6888.0,-3040.0,3056.0,11592.0,2704.0,138842.0
103,7700.0,-4432.0,-8192.0,-3088.0,1203.0,13312.0,2678.0,138848.0
104,5436.0,-3952.0,-8400.0,-3072.0,-669.0,14591.0,2555.0,138854.0
105,2860.0,-3584.0,-7708.0,-3056.0,-2398.0,15109.0,2327.0,138860.0
106,624.0,-3596.0,-6624.0,-3040.0,-3914.0,14554.0,1963.0,138866.0
107,-1136.0,-3636.0,-5488.0,-3088.0,-5286.0,13061.0,1526.0,138872.0
108,-2640.0,-4084.0,-4348.0,-3072.0,-6619.0,11010.0,874.0,138878.0
109,-4068.0,-4368.0,-3256.0,-3056.0,-7884.0,8818.0,236.0,138885.0
110,-4884.0,-4476.0,-2928.0,-3056.0,-9192.0,6718.0,-417.0,138890.0
111,-5340.0,-4200.0,-2704.0,-3088.0,-10569.0,4575.0,-1080.0,138896.0
112,-4900.0,-3940.0,-3060.0,-3024.0,-12091.0,2223.0,-1869.0,138902.0
113,-4344.0,-3900.0,-3012.0,-3072.0,-13628.0,22.0,-2609.0,138908.0
114,-3616.0,-4020.0,-3244.0,-3008.0,-15116.0,-1902.0,-3263.0,138914.0
115,-2760.0,-4024.0,-3712.0,-3056.0,-16625.0,-3547.0,-3900.0,138920.0
116,-1816.0,-4408.0,-3832.0,-3088.0,-18053.0,-4941.0,-4503.0,138927.0
117,-1068.0,-4816.0,-3720.0,-3072.0,-19336.0,-6038.0,-5009.0,138933.0
118,-336.0,-5248.0,-3932.0,-3024.0,-20658.0,-7027.0,-5557.0,138939.0
119,400.0,-5896.0,-3832.0,-3040.0,-21848.0,-7963.0,-6031.0,138945.0
120,1012.0,-6084.0,-3892.0,-3024.0,-22975.0,-8909.0,-6513.0,138951.0
121,1496.0,-6408.0,-3828.0,-3040.0,-24188.0,-9730.0,-7031.0,138957.0
122,1984.0,-6760.0,-3688.0,-3088.0,-25392.0,-10426.0,-7513.0,138963.0
123,2604.0,-7396.0,-3392.0,-3072.0,-26632.0,-10722.0,-7994.0,138970.0
124,3596.0,-8144.0,-3248.0,-3040.0,-27925.0,-10713.0,-8500.0,138976.0
125,4824.0,-9480.0,-3168.0,-3088.0,-29203.0,-10354.0,-8957.0,138982.0
126,5752.0,-10868.0,-3104.0,-3072.0,-30318.0,-9623.0,-9346.0,138988.0
127,6528.0,-12192.0,-2700.0,-3056.0,-31269.0,-8598.0,-9660.0,138995.0
128,7200.0,-13640.0,-2368.0,-3024.0,-32190.0,-7354.0,-9935.0,139001.0
129,7440.0,-14900.0,-1844.0,-3040.0,-32768.0,-5840.0,-10144.0,139008.0
130,7016.0,-15984.0,-1328.0,-3008.0,-32768.0,-4107.0,-10373.0,139014.0
131,6496.0,-16912.0,-632.0,-3040.0,-32768.0,-2348.0,-10693.0,139021.0
132,5936.0,-18128.0,-216.0,-3056.0,-32768.0,-936.0,-11092.0,139027.0
133,5440.0,-19420.0,208.0,-3040.0,-32768.0,91.0,-11417.0,139033.0
134,5004.0,-20764.0,592.0,-3040.0,-32768.0,790.0,-11766.0,139039.0
135,4440.0,-21900.0,548.0,-3072.0,-32768.0,1388.0,-12081.0,139045.0
136,4028.0,-22824.0,704.0,-3056.0,-32768.0,1863.0,-12340.0,139052.0
137,3788.0,-24088.0,684.0,-3056.0,-32768.0,2290.0,-12763.0,139058.0
138,3644.0,-25156.0,720.0,-3056.0,-32768.0,2535.0,-13267.0,139064.0
139,3532.0,-25956.0,840.0,-3056.0,-32768.0,2583.0,-13728.0,139070.0
140,3244.0,-26460.0,1204.0,-3056.0,-32768.0,2550.0,-14134.0,139076.0
141,2956.0,-26656.0,1612.0,-3040.0,-32768.0,2437.0,-14610.0,139082.0
142,2892.0,-27136.0,1604.0,-3072.0,-32768.0,2324.0,-15121.0,139088.0
143,2852.0,-27744.0,1700.0,-3056.0,-32768.0,2123.0,-15669.0,139096.0
144,3232.0,-28788.0,1900.0,-3088.0,-32768.0,1760.0,-16152.0,139102.0
145,3552.0,-29552.0,1864.0,-3040.0,-32768.0,1314.0,-16572.0,139108.0
146,3564.0,-30216.0,1928.0,-3056.0,-32768.0,824.0,-16837.0,139114.0
147,3384.0,-31164.0,2516.0,-3024.0,-32768.0,468.0,-16945.0,139120.0
148,3156.0,-31628.0,3208.0,-3088.0,-32768.0,198.0,-16943.0,139126.0
149,2792.0,-31936.0,4348.0,-3040.0,-32768.0,189.0,-16791.0,139132.0
150,2628.0,-31968.0,5548.0,-3072.0,-32768.0,669.0,-16496.0,139139.0
151,3080.0,-31956.0,6676.0,-3072.0,-32768.0,1592.0,-16316.0,139145.0
152,3320.0,-31976.0,7656.0,-3056.0,-32269.0,2722.0,-16135.0,139151.0
153,1712.0,-31948.0,7136.0,-3072.0,-31224.0,3598.0,-15372.0,139158.0
154,-1804.0,-32584.0,11060.0,-3104.0,-30071.0,3707.0,-14868.0,139164.0
155,6420.0,-31676.0,11204.0,-3040.0,-28468.0,5204.0,-11431.0,139170.0
156,2576.0,-31184.0,13016.0,-3024.0,-26785.0,7805.0,-13770.0,139176.0
157,-3912.0,-30808.0,15716.0,-3056.0,-24991.0,9167.0,-13207.0,139184.0
158,-5392.0,-29448.0,18348.0,-3056.0,-22855.0,9417.0,-12147.0,139190.0
159,-7488.0,-29956.0,21084.0,-3056.0,-20544.0,9361.0,-11149.0,139196.0
160,-7796.0,-30080.0,25672.0,-3056.0,-17459.0,10065.0,-8970.0,139202.0
161,-8476.0,-29696.0,29900.0,-3056.0,-13936.0,11770.0,-7031.0,139209.0
162,-10452.0,-29752.0,32036.0,-3024.0,-9854.0,13442.0,-4826.0,139215.0
163,-14216.0,-29448.0,31936.0,-3056.0,-5394.0,13531.0,-2376.0,139222.0
164,-16584.0,-28548.0,30584.0,-3024.0,-945.0,11152.0,41.0,139229.0
165,-17868.0,-27896.0,28884.0,-3024.0,2932.0,7102.0,2145.0,139235.0
166,-17188.0,-26636.0,26728.0,-3040.0,6598.0,2101.0,3806.0,139241.0
167,-15588.0,-25048.0,25308.0,-3072.0,9529.0,-2187.0,4614.0,139247.0
168,-14180.0,-23236.0,23184.0,-3040.0,11614.0,-5581.0,4913.0,139253.0
169,-12656.0,-21448.0,20548.0,-3024.0,13186.0,-8103.0,4655.0,139259.0
170,-11684.0,-20764.0,18360.0,-3056.0,14393.0,-10041.0,4459.0,139266.0
171,-10596.0,-20448.0,15940.0,-3024.0,15574.0,-11996.0,4425.0,139273.0
172,-10176.0,-19396.0,12380.0,-3056.0,16402.0,-14110.0,4722.0,139279.0
173,-8208.0,-12696.0,-372.0,-3088.0,15682.0,-16967.0,4787.0,139285.0
174,15012.0,8512.0,-32768.0,-3056.0,3320.0,-18094.0,-661.0,139291.0
175,32767.0,-5720.0,-32768.0,-3024.0,-9739.0,-23077.0,-24774.0,139297.0
176,32767.0,-32768.0,-31512.0,-3040.0,6712.0,-32768.0,-18211.0,139304.0
177,13348.0,-32768.0,340.0,-3088.0,16835.0,-17625.0,13929.0,139311.0
178,-16716.0,-31176.0,32767.0,-3056.0,18521.0,10844.0,16826.0,139317.0
179,-32724.0,-32768.0,32767.0,-3056.0,18220.0,16148.0,11749.0,139324.0
180,-30448.0,-32768.0,26012.0,-3056.0,17263.0,2311.0,1584.0,139330.0
181,-21740.0,-32768.0,-6432.0,-3072.0,15152.0,-14720.0,-4355.0,139336.0
182,3180.0,-23252.0,-15792.0,-3040.0,16612.0,-23220.0,-606.0,139343.0
183,22900.0,-13792.0,-3820.0,-3072.0,19366.0,-23094.0,1962.0,139350.0
184,23352.0,-4916.0,6836.0,-3056.0,17482.0,-13072.0,509.0,139356.0
185,4500.0,-8272.0,4096.0,-3040.0,13981.0,-4362.0,738.0,139362.0
186,1816.0,-10236.0,-2000.0,-3056.0,11844.0,-3680.0,1345.0,139368.0
187,7144.0,-10780.0,-3608.0,-3040.0,11059.0,-8188.0,-848.0,139374.0
188,10428.0,-12820.0,-1796.0,-3072.0,10856.0,-10108.0,-1115.0,139380.0
189,10464.0,-16428.0,-288.0,-3072.0,10844.0,-6029.0,1136.0,139386.0
190,8088.0,-18832.0,-1064.0,-3072.0,11080.0,-1244.0,2372.0,139393.0
191,5012.0,-19976.0,-2260.0,-3072.0,11618.0,1009.0,2497.0,139399.0
192,2976.0,-19500.0,-2716.0,-3056.0,12119.0,1123.0,2102.0,139405.0
193,2852.0,-17136.0,-2036.0,-3056.0,11932.0,729.0,1897.0,139411.0
194,4016.0,-15612.0,-1164.0,-3056.0,11282.0,714.0,1884.0,139417.0
195,3984.0,-15188.0,-92.0,-3056.0,10638.0,1145.0,1793.0,139423.0
196,2840.0,-15284.0,484.0,-3024.0,10023.0,2183.0,1796.0,139429.0
197,1260.0,-15480.0,592.0,-3072.0,9450.0,3391.0,1432.0,139436.0
198,-56.0,-15336.0,-92.0,-3056.0,8881.0,3654.0,564.0,139442.0
199,-640.0,-15860.0,-512.0,-3040.0,8462.0,3213.0,-272.0,139448.0
200,-828.0,-16864.0,-480.0,-3040.0,8302.0,2629.0,-946.0,139454.0
201,-400.0,-17724.0,-340.0,-3056.0,8380.0,1771.0,-1535.0,139459.0
202,932.0,-18032.0,-1008.0,-3008.0,8567.0,722.0,-1929.0,139465.0
203,3332.0,-16892.0,-1480.0,-3072.0,8651.0,-507.0,-2098.0,139471.0
204,5836.0,-15248.0,-1176.0,-3088.0,8397.0,-1498.0,-1986.0,139478.0
205,7692.0,-14464.0,-1336.0,-3072.0,7995.0,-1478.0,-1658.0,139484.0
206,8860.0,-14060.0,-1492.0,-3056.0,7704.0,-534.0,-1349.0,139490.0
207,9504.0,-13932.0,-1200.0,-3040.0,7397.0,924.0,-964.0,139496.0
208,9404.0,-14360.0,-984.0,-3072.0,7103.0,2539.0,-421.0,139502.0
209,8616.0,-14728.0,-512.0,-3040.0,6918.0,3947.0,247.0,139508.0
210,7876.0,-14896.0,-344.0,-3072.0,6652.0,5393.0,806.0,139513.0
211,6384.0,-15600.0,-180.0,-3056.0,6535.0,6663.0,968.0,139520.0
212,5004.0,-16228.0,-364.0,-3056.0,6610.0,7537.0,925.0,139526.0
213,4048.0,-15984.0,-972.0,-3056.0,6655.0,7641.0,772.0,139532.0
214,3116.0,-15728.0,-1244.0,-3056.0,6606.0,7318.0,724.0,139538.0
215,2520.0,-16056.0,-1396.0,-3040.0,6543.0,6911.0,604.0,139544.0
216,2432.0,-16184.0,-1488.0,-3056.0,6492.0,6248.0,440.0,139550.0
217,2960.0,-16008.0,-1304.0,-3088.0,6334.0,5353.0,391.0,139555.0
218,3672.0,-15732.0,-1244.0,-3008.0,6163.0,4488.0,458.0,139561.0
219,4204.0,-15600.0,-1028.0,-3040.0,5993.0,3927.0,506.0,139568.0
220,4812.0,-15560.0,-808.0,-3024.0,5798.0,3646.0,624.0,139574.0
221,5116.0,-15516.0,-608.0,-3088.0,5651.0,3519.0,692.0,139580.0
222,5432.0,-15392.0,-616.0,-3072.0,5496.0,3484.0,807.0,139586.0
223,5476.0,-15568.0,-540.0,-3072.0,5419.0,3595.0,963.0,139592.0
224,5512.0,-15736.0,-268.0,-3072.0,5373.0,3936.0,1167.0,139598.0
225,5124.0,-15940.0,-272.0,-3056.0,5354.0,4209.0,1253.0,139604.0
226,4904.0,-15812.0,-20.0,-3056.0,5367.0,4155.0,1244.0,139610.0
227,4540.0,-15760.0,56.0,-3024.0,5313.0,3978.0,1245.0,139616.0
228,4132.0,-15704.0,432.0,-3040.0,5230.0,3808.0,1285.0,139622.0
229,3816.0,-15740.0,652.0,-3040.0,5149.0,3515.0,1227.0,139628.0
230,3620.0,-15720.0,904.0,-3056.0,5040.0,3054.0,1127.0,139634.0
231,3548.0,-16032.0,1024.0,-3056.0,4935.0,2665.0,1060.0,139640.0
232,3772.0,-15996.0,1052.0,-3072.0,4851.0,2364.0,1015.0,139646.0
233,4080.0,-15844.0,964.0,-3056.0,4815.0,2271.0,966.0,139653.0
234,4460.0,-16012.0,848.0,-3024.0,4801.0,2320.0,935.0,139658.0
235,4568.0,-15972.0,1080.0,-3056.0,4789.0,2452.0,951.0,139664.0
236,4524.0,-16256.0,992.0,-3056.0,4774.0,2630.0,949.0,139670.0
237,4496.0,-16332.0,1076.0,-3024.0,4787.0,2804.0,984.0,139676.0
238,4404.0,-16344.0,1056.0,-3088.0,4825.0,2907.0,1039.0,139682.0
239,4524.0,-16356.0,1016.0,-3072.0,4836.0,3018.0,1119.0,139688.0
240,4492.0,-16416.0,1104.0,-3056.0,4867.0,3045.0,1195.0,139695.0
241,4644.0,-16396.0,1332.0,-3056.0,4905.0,3085.0,1253.0,139701.0
242,4776.0,-16496.0,1028.0,-3040.0,5007.0,3142.0,1297.0,139706.0
243,4920.0,-16616.0,1112.0,-3088.0,5121.0,3198.0,1440.0,139712.0
244,5088.0,-16516.0,1096.0,-3056.0,5230.0,3257.0,1539.0,139718.0
245,5104.0,-16472.0,992.0,-3040.0,5359.0,3363.0,1574.0,139724.0
246,4904.0,-16864.0,948.0,-3008.0,5480.0,3524.0,1647.0,139730.0
247,4576.0,-16780.0,1180.0,-3056.0,5621.0,3638.0,1652.0,139737.0
248,4312.0,-16760.0,1352.0,-3056.0,5712.0,3613.0,1692.0,139743.0
249,4028.0,-17108.0,1612.0,-3040.0,5827.0,3694.0,1719.0,139749.0
250,7100.0,-19856.0,2896.0,-3088.0,6119.0,4159.0,1223.0,139755.0
251,7216.0,-15648.0,268.0,-3040.0,6011.0,4045.0,880.0,139761.0
252,6132.0,-17488.0,1228.0,-3072.0,6218.0,4579.0,1919.0,139766.0
253,5540.0,-17088.0,1680.0,-3040.0,6357.0,5553.0,1376.0,139772.0
254,5248.0,-16992.0,1464.0,-3024.0,6551.0,5596.0,1599.0,139779.0
255,4812.0,-16948.0,1404.0,-3072.0,6770.0,5823.0,1802.0,139785.0
256,4104.0,-16964.0,1192.0,-3040.0,6997.0,6071.0,1931.0,139791.0
257,2880.0,-17340.0,1700.0,-3056.0,7343.0,6038.0,2223.0,139797.0
258,2440.0,-17248.0,1720.0,-3072.0,7614.0,5831.0,2080.0,139803.0
259,1716.0,-18652.0,1680.0,-3072.0,8124.0,5208.0,3311.0,139809.0
260,1988.0,-17284.0,2448.0,-3056.0,8374.0,5091.0,2767.0,139815.0
261,1176.0,-18096.0,2544.0,-3040.0,8672.0,4127.0,3496.0,139822.0
262,1496.0,-18316.0,2560.0,-3056.0,9004.0,3362.0,3636.0,139828.0
263,2320.0,-18404.0,2652.0,-3056.0,9245.0,2790.0,3966.0,139834.0
264,3232.0,-18568.0,2560.0,-3040.0,9572.0,2394.0,4137.0,139839.0
265,3636.0,-18696.0,2716.0,-3056.0,9851.0,2191.0,4249.0,139845.0
266,4076.0,-18904.0,2944.0,-3024.0,10074.0,2197.0,4407.0,139851.0
267,4408.0,-19252.0,2816.0,-3056.0,10405.0,2461.0,4718.0,139857.0
268,4216.0,-19460.0,2832.0,-3040.0,10697.0,2929.0,5036.0,139864.0
269,3524.0,-19672.0,3032.0,-3056.0,10981.0,3333.0,5345.0,139870.0
270,2820.0,-20060.0,3336.0,-3056.0,11263.0,3532.0,5672.0,139876.0
271,2124.0,-20236.0,3536.0,-3056.0,11635.0,3550.0,5990.0,139882.0
272,1928.0,-20504.0,3112.0,-3072.0,11983.0,3458.0,6278.0,139888.0
273,1932.0,-20792.0,3264.0,-3056.0,12350.0,3199.0,6570.0,139894.0
274,2600.0,-21004.0,3052.0,-3040.0,12776.0,3101.0,6836.0,139900.0
275,3336.0,-21144.0,3024.0,-3056.0,13200.0,3122.0,7034.0,139907.0
276,4100.0,-21568.0,2856.0,-3040.0,13643.0,3307.0,7332.0,139913.0
277,4800.0,-21924.0,2696.0,-3056.0,14075.0,3672.0,7537.0,139919.0
278,5176.0,-22496.0,2420.0,-3056.0,14501.0,4145.0,7800.0,139925.0
279,4336.0,-23328.0,2532.0,-3072.0,14921.0,4786.0,8284.0,139931.0
280,2216.0,-24612.0,3800.0,-3056.0,15192.0,5299.0,9297.0,139937.0
281,2084.0,-27568.0,4068.0,-3072.0,15377.0,4418.0,10232.0,139943.0
282,4008.0,-28552.0,3168.0,-3040.0,15888.0,3757.0,10765.0,139950.0
283,6924.0,-27684.0,3084.0,-3024.0,16700.0,3632.0,10500.0,139956.0
284,8960.0,-27320.0,2044.0,-3024.0,17410.0,4008.0,10591.0,139962.0
285,10356.0,-29128.0,948.0,-3040.0,18009.0,5504.0,10498.0,139968.0
286,11224.0,-30448.0,-864.0,-3040.0,18611.0,7232.0,10477.0,139974.0
287,11296.0,-30792.0,-3280.0,-3072.0,19071.0,8988.0,10565.0,139980.0
288,11420.0,-30780.0,-5760.0,-3024.0,19262.0,10687.0,10424.0,139986.0
289,11864.0,-31044.0,-8216.0,-3040.0,19231.0,11759.0,9938.0,139993.0
290,11892.0,-31844.0,-9732.0,-3056.0,18973.0,13138.0,9556.0,139999.0
291,11432.0,-32768.0,-11872.0,-3088.0,18911.0,14726.0,9650.0,140005.0
292,9476.0,-32016.0,-14200.0,-3056.0,18650.0,15645.0,10233.0,140011.0
293,7184.0,-29076.0,-16108.0,-3040.0,17840.0,16716.0,11189.0,140018.0
294,5044.0,-26432.0,-17948.0,-3024.0,16661.0,17009.0,11784.0,140024.0
295,1764.0,-23164.0,-16112.0,-3056.0,15434.0,15532.0,12251.0,140030.0
296,220.0,-20844.0,-10192.0,-3040.0,14386.0,13075.0,12353.0,140037.0
297,-1364.0,-20144.0,180.0,-3040.0,14569.0,9854.0,12489.0,140043.0
298,-2796.0,-20160.0,8760.0,-3024.0,15197.0,5980.0,12667.0,140049.0
299,-4484.0,-20768.0,10804.0,-3056.0,15095.0,935.0,12105.0,140055.0
300,-4916.0,-21492.0,9320.0,-3024.0,14781.0,-4688.0,10769.0,140061.0
301,-2612.0,-21820.0,7240.0,-3024.0,14219.0,-9819.0,9248.0,140067.0
302,144.0,-22804.0,6716.0,-3072.0,14434.0,-13644.0,8164.0,140073.0
303,3400.0,-23572.0,6956.0,-3056.0,15347.0,-15337.0,7538.0,140080.0
304,6524.0,-21652.0,2844.0,-3056.0,15514.0,-14435.0,7018.0,140086.0
305,8756.0,-18220.0,40.0,-3056.0,14663.0,-11745.0,6486.0,140092.0
306,10768.0,-14312.0,-1464.0,-3072.0,13496.0,-7772.0,6272.0,140098.0
307,11356.0,-8392.0,-4660.0,-3040.0,11286.0,-4247.0,5725.0,140104.0
308,12056.0,-5472.0,-5324.0,-3056.0,8814.0,-1627.0,4771.0,140110.0
309,12400.0,-5304.0,-6376.0,-3072.0,6395.0,1527.0,3826.0,140116.0
310,10996.0,-5808.0,-7888.0,-3056.0,4266.0,4905.0,3356.0,140123.0
311,8136.0,-5536.0,-9024.0,-3008.0,2460.0,7343.0,3346.0,140129.0
312,5404.0,-4408.0,-8872.0,-3024.0,869.0,8544.0,3789.0,140135.0
313,2912.0,-3384.0,-8080.0,-3056.0,-570.0,8800.0,3715.0,140141.0
314,2440.0,-3768.0,-6632.0,-3024.0,-1770.0,8809.0,4393.0,140147.0
315,1292.0,-3880.0,-5756.0,-3040.0,-2948.0,8695.0,2874.0,140153.0
316,-616.0,-3272.0,-4912.0,-3056.0,-4474.0,7974.0,2217.0,140160.0
317,-1384.0,-2712.0,-4792.0,-3056.0,-6213.0,6998.0,1689.0,140165.0
318,-1772.0,-2372.0,-4820.0,-3072.0,-8107.0,5800.0,700.0,140171.0
319,-2148.0,-2308.0,-4512.0,-3072.0,-9787.0,4180.0,-356.0,140177.0
320,-2492.0,-2336.0,-4380.0,-3072.0,-11328.0,2340.0,-1253.0,140183.0
321,-2544.0,-2300.0,-4284.0,-3056.0,-12930.0,554.0,-2043.0,140189.0
322,-2452.0,-2516.0,-4212.0,-3040.0,-14518.0,-1016.0,-2784.0,140195.0
323,-1904.0,-2668.0,-4300.0,-3056.0,-16163.0,-2245.0,-3494.0,140201.0
324,-1216.0,-2948.0,-4884.0,-3056.0,-17825.0,-3250.0,-4137.0,140208.0
325,-244.0,-3188.0,-5436.0,-3072.0,-19452.0,-4094.0,-4786.0,140214.0
326,832.0,-3520.0,-5808.0,-3024.0,-21042.0,-4688.0,-5412.0,140220.0
327,1560.0,-3868.0,-5524.0,-3040.0,-22496.0,-5035.0,-5895.0,140226.0
328,2032.0,-4804.0,-5104.0,-3056.0,-23736.0,-5201.0,-6371.0,140232.0
329,1528.0,-5776.0,-4452.0,-3072.0,-24941.0,-5257.0,-6830.0,140238.0
330,1368.0,-6688.0,-4000.0,-3056.0,-26134.0,-5461.0,-7198.0,140244.0
331,1160.0,-7712.0,-3440.0,-3056.0,-27280.0,-5742.0,-7611.0,140251.0
332,1156.0,-8752.0,-2908.0,-3040.0,-28346.0,-6034.0,-7993.0,140257.0
333,1380.0,-9680.0,-2300.0,-3056.0,-29373.0,-6351.0,-8400.0,140263.0
334,2064.0,-10616.0,-1944.0,-3024.0,-30432.0,-6512.0,-8853.0,140269.0
335,2820.0,-11660.0,-1508.0,-3040.0,-31515.0,-6378.0,-9302.0,140275.0
336,3240.0,-12824.0,-1280.0,-3024.0,-32425.0,-5869.0,-9600.0,140281.0
337,3408.0,-14268.0,-788.0,-3040.0,-32768.0,-5084.0,-9895.0,140288.0
338,3276.0,-15464.0,-324.0,-3024.0,-32768.0,-4374.0,-10155.0,140294.0
339,3036.0,-16824.0,500.0,-3040.0,-32768.0,-3790.0,-10352.0,140301.0
340,2416.0,-18360.0,1300.0,-3056.0,-32768.0,-3531.0,-10483.0,140307.0
341,1876.0,-19356.0,2184.0,-3040.0,-32768.0,-3532.0,-10536.0,140313.0
342,1500.0,-19844.0,2508.0,-3056.0,-32768.0,-3697.0,-10676.0,140319.0
343,1364.0,-20460.0,2812.0,-3088.0,-32768.0,-3923.0,-10897.0,140326.0
344,1436.0,-21120.0,2696.0,-3040.0,-32768.0,-4105.0,-11276.0,140333.0
345,1524.0,-22000.0,2656.0,-3056.0,-32768.0,-4385.0,-11680.0,140339.0
346,1652.0,-22916.0,2840.0,-3056.0,-32768.0,-4801.0,-12130.0,140345.0
347,2056.0,-23720.0,3212.0,-3024.0,-32768.0,-5276.0,-12595.0,140351.0
348,2788.0,-24324.0,3712.0,-3088.0,-32768.0,-5573.0,-13022.0,140358.0
349,3588.0,-24832.0,3776.0,-3072.0,-32768.0,-5616.0,-13422.0,140364.0
350,4280.0,-25332.0,3928.0,-3040.0,-32768.0,-5522.0,-13821.0,140370.0
351,4312.0,-26112.0,4168.0,-3056.0,-32768.0,-5585.0,-14139.0,140377.0
352,3576.0,-26888.0,4888.0,-3040.0,-32768.0,-5907.0,-14371.0,140384.0
353,2388.0,-27672.0,5748.0,-3024.0,-32768.0,-6623.0,-14674.0,140390.0
354,1248.0,-28116.0,6492.0,-3056.0,-32768.0,-7759.0,-14959.0,140396.0
355,440.0,-28516.0,7476.0,-3040.0,-32768.0,-9030.0,-15275.0,140402.0
356,596.0,-28864.0,8552.0,-3056.0,-32768.0,-9928.0,-15507.0,140408.0
357,2020.0,-28784.0,8968.0,-3056.0,-32707.0,-9940.0,-15539.0,140416.0
358,4268.0,-29228.0,9304.0,-3040.0,-32180.0,-8907.0,-15249.0,140422.0
359,5320.0,-30236.0,9856.0,-3072.0,-31233.0,-7181.0,-14477.0,140428.0
360,5508.0,-30616.0,11356.0,-3056.0,-30010.0,-5357.0,-13579.0,140434.0
361,4996.0,-30804.0,13108.0,-3056.0,-28590.0,-3826.0,-12497.0,140441.0
362,4292.0,-31120.0,14900.0,-3056.0,-26935.0,-2562.0,-11613.0,140447.0
363,3488.0,-30912.0,16500.0,-3088.0,-24996.0,-1591.0,-10723.0,140453.0
364,3120.0,-30668.0,19024.0,-3056.0,-22856.0,-819.0,-10107.0,140460.0
365,2220.0,-30492.0,22224.0,-3072.0,-20525.0,112.0,-9603.0,140467.0
366,1456.0,-29464.0,24208.0,-3040.0,-18410.0,1477.0,-9261.0,140473.0
367,1568.0,-25880.0,24088.0,-3024.0,-16619.0,3253.0,-8760.0,140479.0
368,-4760.0,-27512.0,25616.0,-3056.0,-14563.0,4441.0,-7350.0,140485.0
369,-872.0,-27168.0,24592.0,-3056.0,-11627.0,6234.0,-5571.0,140491.0
370,-8244.0,-25920.0,26292.0,-3056.0,-8718.0,7699.0,-5872.0,140497.0
371,-13124.0,-25416.0,27868.0,-3040.0,-5538.0,7376.0,-3444.0,140505.0
372,-13900.0,-24612.0,29032.0,-3088.0,-2328.0,5982.0,-1020.0,140511.0
373,-13260.0,-24112.0,28792.0,-3008.0,848.0,4349.0,683.0,140517.0
374,-12260.0,-23756.0,27524.0,-3024.0,3791.0,2881.0,1973.0,140523.0
375,-11492.0,-23592.0,26600.0,-3056.0,6644.0,1424.0,2859.0,140529.0
376,-10860.0,-22780.0,25560.0,-3088.0,9142.0,20.0,3345.0,140535.0
377,-10104.0,-22312.0,24220.0,-3056.0,11298.0,-1391.0,3851.0,140541.0
378,-9080.0,-21492.0,22152.0,-3024.0,13309.0,-3022.0,4302.0,140548.0
379,-8036.0,-21064.0,20028.0,-3056.0,14906.0,-4658.0,4725.0,140554.0
380,-7068.0,-20728.0,17584.0,-3056.0,16204.0,-6054.0,5191.0,140560.0
381,-4296.0,-16192.0,9648.0,-3008.0,16441.0,-6647.0,4984.0,140567.0
382,10936.0,-400.0,-30232.0,-3040.0,9347.0,-4982.0,1614.0,140573.0
383,32767.0,12948.0,-32768.0,-3056.0,-13794.0,-1597.0,-17595.0,140579.0
384,32767.0,-32768.0,-32768.0,-3040.0,-5175.0,-19248.0,-31816.0,140585.0
385,20648.0,-32768.0,-10000.0,-3056.0,15601.0,-10746.0,12623.0,140592.0
386,-17980.0,-32768.0,26932.0,-3072.0,17254.0,31632.0,26360.0,140599.0
387,-32768.0,-32768.0,32767.0,-3072.0,17466.0,32767.0,19318.0,140605.0
388,-32768.0,-32768.0,32767.0,-3072.0,16976.0,22583.0,6552.0,140611.0
389,-32768.0,-30128.0,7828.0,-3056.0,15436.0,-3833.0,-3028.0,140618.0
390,-6416.0,-16660.0,-9904.0,-3056.0,14606.0,-20652.0,-5923.0,140624.0
391,22696.0,-6560.0,-6908.0,-3056.0,15052.0,-30172.0,-3916.0,140631.0
392,32767.0,-7604.0,9688.0,-3072.0,14983.0,-24741.0,-2611.0,140637.0
393,13120.0,-15424.0,11156.0,-3056.0,12841.0,-8807.0,-176.0,140644.0
394,-1352.0,-20008.0,4972.0,-3056.0,11196.0,413.0,3040.0,140650.0
395,460.0,-19992.0,-1820.0,-3040.0,11035.0,-2298.0,756.0,140656.0
396,4644.0,-17820.0,-1272.0,-3056.0,11311.0,-8096.0,-1704.0,140662.0
397,8428.0,-16480.0,-1500.0,-3024.0,11154.0,-8348.0,-195.0,140668.0
398,11220.0,-15608.0,-1320.0,-3056.0,11027.0,-4300.0,1432.0,140675.0
399,10352.0,-17028.0,-1516.0,-3056.0,11515.0,91.0,2160.0,140681.0
400,6032.0,-18672.0,-2628.0,-3040.0,12611.0,2634.0,2050.0,140687.0
401,3692.0,-16440.0,-1984.0,-3040.0,12797.0,3638.0,1723.0,140693.0
402,2804.0,-13960.0,-544.0,-3056.0,11742.0,4133.0,1285.0,140699.0
403,2192.0,-13912.0,1420.0,-3040.0,10349.0,4775.0,1536.0,140705.0
404,1552.0,-15028.0,1880.0,-3072.0,9297.0,5787.0,1709.0,140711.0
405,1012.0,-15708.0,580.0,-3056.0,8537.0,6140.0,1086.0,140718.0
406,996.0,-15660.0,-540.0,-3024.0,8096.0,5376.0,342.0,140724.0
407,1664.0,-15660.0,-1280.0,-3024.0,7999.0,4415.0,-157.0,140729.0
408,1824.0,-15444.0,-924.0,-3056.0,7799.0,3779.0,-481.0,140735.0
409,668.0,-15620.0,100.0,-3040.0,7329.0,3802.0,-791.0,140741.0
410,-344.0,-16080.0,296.0,-3072.0,6929.0,3516.0,-1224.0,140747.0
411,160.0,-16196.0,224.0,-3040.0,6569.0,2373.0,-1696.0,140753.0
412,1824.0,-15836.0,-512.0,-3040.0,6372.0,862.0,-2056.0,140760.0
413,4276.0,-15160.0,-460.0,-3056.0,6132.0,-368.0,-2203.0,140766.0
414,6820.0,-14868.0,-220.0,-3024.0,5801.0,-616.0,-1999.0,140771.0
415,8688.0,-14892.0,-348.0,-3056.0,5529.0,145.0,-1519.0,140777.0
416,9456.0,-14812.0,-584.0,-3056.0,5335.0,1768.0,-861.0,140783.0
417,8784.0,-14580.0,-700.0,-3072.0,5136.0,3506.0,-210.0,140789.0
418,7104.0,-14620.0,-268.0,-3040.0,4959.0,4836.0,236.0,140795.0
419,5340.0,-15272.0,-516.0,-3040.0,4848.0,5540.0,418.0,140802.0
420,3792.0,-15928.0,-744.0,-3024.0,4907.0,5754.0,329.0,140808.0
421,3072.0,-15964.0,-1076.0,-3024.0,4840.0,5676.0,196.0,140813.0
422,2740.0,-16348.0,-1228.0,-3088.0,4813.0,5377.0,-15.0,140819.0
423,2408.0,-16756.0,-1648.0,-3056.0,4889.0,4990.0,-172.0,140825.0
424,2300.0,-16904.0,-1548.0,-3040.0,4960.0,4467.0,-280.0,140831.0
425,2320.0,-16700.0,-1200.0,-3056.0,5002.0,3966.0,-412.0,140837.0
426,2416.0,-16512.0,-1096.0,-3056.0,4969.0,3387.0,-539.0,140844.0
427,2804.0,-16168.0,-776.0,-3040.0,4970.0,2644.0,-604.0,140850.0
428,3612.0,-15840.0,-664.0,-3072.0,4922.0,1899.0,-587.0,140856.0
429,4824.0,-15760.0,-244.0,-3040.0,4896.0,1319.0,-487.0,140861.0
430,5728.0,-15732.0,-312.0,-3056.0,4836.0,1206.0,-254.0,140867.0
431,6324.0,-15936.0,-508.0,-3088.0,4839.0,1617.0,34.0,140873.0
432,6704.0,-15920.0,-444.0,-3056.0,4895.0,2204.0,301.0,140879.0
433,6416.0,-15936.0,-68.0,-3056.0,4877.0,2750.0,571.0,140886.0
434,5788.0,-16264.0,-136.0,-3056.0,4901.0,3183.0,784.0,140892.0
435,5440.0,-16328.0,-220.0,-3056.0,5042.0,3576.0,991.0,140898.0
436,5144.0,-16276.0,-436.0,-3056.0,5136.0,3824.0,1026.0,140903.0
437,4740.0,-16260.0,-536.0,-3088.0,5320.0,3825.0,1092.0,140909.0
438,4372.0,-15944.0,-176.0,-3040.0,5453.0,3657.0,1188.0,140915.0
439,4004.0,-16376.0,-8.0,-3056.0,5567.0,3470.0,1234.0,140921.0
440,3884.0,-16500.0,104.0,-3072.0,5706.0,3282.0,1270.0,140928.0
441,3984.0,-16556.0,252.0,-3056.0,5857.0,3029.0,1222.0,140934.0
442,4128.0,-16616.0,56.0,-3056.0,6033.0,2791.0,1213.0,140940.0
443,4092.0,-16440.0,476.0,-3056.0,6125.0,2635.0,1299.0,140945.0
444,4380.0,-16492.0,720.0,-3040.0,6199.0,2722.0,1324.0,140951.0
445,5340.0,-16204.0,732.0,-3040.0,6214.0,2867.0,1183.0,140957.0
446,4624.0,-16580.0,792.0,-3040.0,6253.0,3097.0,1539.0,140963.0
447,4624.0,-16632.0,1008.0,-3104.0,6334.0,3249.0,1642.0,140969.0
448,4256.0,-16436.0,1196.0,-3056.0,6347.0,3332.0,1661.0,140976.0
449,3896.0,-16192.0,1316.0,-3040.0,6358.0,3367.0,1707.0,140982.0
450,3528.0,-16548.0,1436.0,-3056.0,6440.0,3341.0,1682.0,140988.0
451,3356.0,-16620.0,1616.0,-3088.0,6481.0,3139.0,1701.0,140994.0
452,3080.0,-16856.0,1740.0,-3040.0,6585.0,2924.0,1718.0,140999.0
453,3204.0,-16904.0,1868.0,-3056.0,6636.0,2660.0,1689.0,141005.0
454,3248.0,-16792.0,2008.0,-3056.0,6637.0,2495.0,1685.0,141011.0
455,3688.0,-17124.0,2048.0,-3072.0,6691.0,2401.0,1644.0,141018.0
456,4560.0,-17216.0,2076.0,-3056.0,6800.0,2550.0,1494.0,141024.0
457,4284.0,-16948.0,1948.0,-3056.0,6842.0,2757.0,1576.0,141030.0
458,4340.0,-17276.0,2088.0,-3040.0,6940.0,3151.0,1705.0,141036.0
459,3768.0,-17256.0,2288.0,-3056.0,7015.0,3741.0,1783.0,141042.0
460,3180.0,-17468.0,2288.0,-3040.0,7145.0,4109.0,1870.0,141048.0
461,2736.0,-17568.0,2048.0,-3072.0,7359.0,4179.0,2033.0,141054.0
462,2500.0,-17676.0,2268.0,-3056.0,7630.0,4093.0,2178.0,141061.0
463,2580.0,-18764.0,1348.0,-3072.0,8002.0,3905.0,3003.0,141067.0
464,3592.0,-17132.0,2168.0,-3040.0,8106.0,4169.0,2148.0,141072.0
465,2224.0,-17984.0,2124.0,-3056.0,8431.0,3500.0,2838.0,141078.0
466,2236.0,-18144.0,2540.0,-3040.0,8705.0,2720.0,2947.0,141084.0
467,2712.0,-18256.0,2636.0,-3088.0,8968.0,2200.0,3315.0,141090.0
468,3620.0,-18564.0,2888.0,-3088.0,9275.0,2096.0,3588.0,141096.0
469,3724.0,-18556.0,2896.0,-3040.0,9553.0,2068.0,3759.0,141103.0
470,3944.0,-18728.0,2584.0,-3056.0,9824.0,2038.0,4101.0,141109.0
471,4168.0,-18972.0,2732.0,-3056.0,10083.0,2230.0,4405.0,141115.0
472,4080.0,-19096.0,2956.0,-3040.0,10374.0,2573.0,4774.0,141121.0
473,3840.0,-19304.0,2720.0,-3040.0,10622.0,2884.0,5171.0,141127.0
474,3068.0,-19612.0,2920.0,-3088.0,10922.0,3275.0,5413.0,141133.0
475,2088.0,-20028.0,3052.0,-3024.0,11278.0,3264.0,5714.0,141139.0
476,1712.0,-20392.0,3044.0,-3088.0,11644.0,3108.0,6075.0,141146.0
477,1752.0,-20620.0,3360.0,-3040.0,11997.0,2924.0,6414.0,141152.0
478,2140.0,-20948.0,3064.0,-3088.0,12389.0,2726.0,6714.0,141158.0
479,2724.0,-21232.0,2996.0,-3040.0,12782.0,2619.0,7062.0,141164.0
480,3596.0,-21360.0,2976.0,-3024.0,13162.0,2743.0,7262.0,141169.0
481,4216.0,-21752.0,2892.0,-3072.0,13592.0,2919.0,7614.0,141175.0
482,5040.0,-21420.0,2744.0,-3056.0,13947.0,3336.0,7865.0,141181.0
483,5984.0,-22576.0,2260.0,-3056.0,14392.0,3831.0,8300.0,141188.0
484,4596.0,-23144.0,2640.0,-3008.0,14874.0,4258.0,8092.0,141194.0
485,2488.0,-23652.0,3716.0,-3056.0,15057.0,4529.0,9240.0,141200.0
486,2768.0,-27340.0,4480.0,-3072.0,15285.0,4046.0,10056.0,141206.0
487,4160.0,-28712.0,4992.0,-3088.0,15850.0,3406.0,10756.0,141212.0
488,6152.0,-27092.0,2792.0,-3088.0,16412.0,3976.0,10923.0,141218.0
489,6844.0,-26708.0,1776.0,-3056.0,17086.0,4778.0,10945.0,141224.0
490,6736.0,-27900.0,1284.0,-3072.0,17598.0,5765.0,11384.0,141231.0
491,6916.0,-29652.0,-516.0,-3040.0,18078.0,6894.0,11624.0,141237.0
492,7388.0,-30720.0,-2980.0,-3056.0,18546.0,7833.0,11804.0,141243.0
493,8384.0,-30680.0,-5896.0,-3088.0,18820.0,8469.0,11697.0,141249.0
494,10768.0,-31012.0,-8964.0,-3072.0,18882.0,8754.0,11164.0,141255.0
495,11688.0,-31620.0,-10996.0,-3040.0,18746.0,9538.0,10439.0,141261.0
496,12292.0,-32768.0,-12808.0,-3024.0,18651.0,10977.0,10203.0,141268.0
497,11808.0,-32768.0,-14456.0,-3072.0,18466.0,12280.0,10804.0,141275.0
498,9964.0,-30400.0,-15440.0,-3056.0,17774.0,14056.0,11220.0,141281.0
499,7040.0,-28124.0,-16736.0,-3040.0,16734.0,15502.0,11809.0,141287.0
500,4340.0,-24724.0,-16048.0,-3040.0,15713.0,15425.0,12069.0,141293.0
501,1828.0,-21928.0,-10332.0,-3024.0,14787.0,13998.0,12409.0,141299.0
502,-536.0,-20708.0,256.0,-3056.0,14702.0,11409.0,12829.0,141306.0
503,-2216.0,-20304.0,9256.0,-3056.0,15049.0,7925.0,13110.0,141313.0
504,-2324.0,-19664.0,9800.0,-3024.0,14394.0,3773.0,12691.0,141319.0
505,-1352.0,-19380.0,5760.0,-3072.0,12685.0,-677.0,11243.0,141325.0
506,236.0,-19940.0,3064.0,-3072.0,11007.0,-4917.0,9622.0,141331.0
507,1260.0,-22356.0,5848.0,-3056.0,11176.0,-9012.0,8472.0,141337.0
508,2368.0,-23712.0,6144.0,-3072.0,12302.0,-11683.0,8229.0,141343.0
509,3792.0,-24264.0,5576.0,-3072.0,14021.0,-12144.0,8001.0,141349.0
510,5640.0,-20028.0,1544.0,-3040.0,14647.0,-11214.0,7447.0,141356.0
511,7052.0,-14128.0,208.0,-3072.0,13872.0,-8922.0,6798.0,141362.0
512,8592.0,-7768.0,-3152.0,-3056.0,11372.0,-6462.0,6302.0,141368.0
513,10864.0,-4852.0,-3856.0,-3040.0,8505.0,-4114.0,5306.0,141374.0
514,11876.0,-5524.0,-4392.0,-3056.0,6172.0,-1190.0,4189.0,141380.0
515,10888.0,-7180.0,-4644.0,-3072.0,4484.0,1831.0,3538.0,141386.0
516,9740.0,-6648.0,-6384.0,-3056.0,3034.0,4304.0,3202.0,141392.0
517,8880.0,-4736.0,-7704.0,-3040.0,1254.0,6034.0,2938.0,141398.0
518,7456.0,-4324.0,-8452.0,-3056.0,-311.0,7019.0,2288.0,141404.0
519,5156.0,-3784.0,-8156.0,-3024.0,-1686.0,7417.0,1901.0,141410.0
520,3272.0,-3228.0,-7404.0,-3040.0,-2960.0,7315.0,1599.0,141416.0
521,1364.0,-2684.0,-6020.0,-3072.0,-4573.0,6926.0,2024.0,141422.0
522,2624.0,-2604.0,-5148.0,-3088.0,-5772.0,6810.0,1041.0,141428.0
523,860.0,-1832.0,-4352.0,-3056.0,-7362.0,6470.0,-594.0,141434.0
524,-176.0,-1360.0,-3812.0,-3056.0,-9072.0,5651.0,-1055.0,141441.0
525,-192.0,-1496.0,-3436.0,-3040.0,-10713.0,4551.0,-1787.0,141447.0
526,-8.0,-1184.0,-3068.0,-3056.0,-12318.0,3279.0,-2635.0,141452.0
527,-92.0,-1388.0,-2784.0,-3056.0,-13764.0,1853.0,-3434.0,141458.0
528,-332.0,-1732.0,-2876.0,-3056.0,-15137.0,393.0,-4056.0,141464.0
529,-248.0,-1972.0,-2380.0,-3056.0,-16463.0,-927.0,-4752.0,141470.0
530,-788.0,-2124.0,-2884.0,-3056.0,-18112.0,-2078.0,-5065.0,141476.0
531,-232.0,-3016.0,-3508.0,-3056.0,-19548.0,-3006.0,-6027.0,141483.0
532,-552.0,-3384.0,-3984.0,-3056.0,-20957.0,-4097.0,-7280.0,141489.0
533,-700.0,-4248.0,-3944.0,-3072.0,-22441.0,-5177.0,-7916.0,141495.0
534,56.0,-5000.0,-3588.0,-3056.0,-23732.0,-6149.0,-8185.0,141501.0
535,1116.0,-5716.0,-3344.0,-3040.0,-24909.0,-6716.0,-8644.0,141507.0
536,1716.0,-6692.0,-3728.0,-3056.0,-26136.0,-6975.0,-9110.0,141512.0
537,2156.0,-7576.0,-3908.0,-3072.0,-27225.0,-7361.0,-9470.0,141518.0
538,2288.0,-8680.0,-3392.0,-3056.0,-28125.0,-7704.0,-9887.0,141524.0
539,2408.0,-9896.0,-2140.0,-3072.0,-29000.0,-7915.0,-10236.0,141531.0
540,2632.0,-10968.0,-1484.0,-3072.0,-29933.0,-7992.0,-10494.0,141537.0
541,3044.0,-12140.0,-112.0,-3040.0,-30689.0,-8042.0,-10825.0,141544.0
542,3464.0,-12920.0,380.0,-3072.0,-31379.0,-8010.0,-11170.0,141550.0
543,3564.0,-13344.0,424.0,-3072.0,-32151.0,-7922.0,-11566.0,141556.0
544,3280.0,-13892.0,20.0,-3056.0,-32768.0,-7861.0,-11855.0,141562.0
545,3000.0,-14804.0,-372.0,-3056.0,-32768.0,-7774.0,-12077.0,141569.0
546,2836.0,-16040.0,-608.0,-3088.0,-32768.0,-7608.0,-12108.0,141575.0
547,2772.0,-17700.0,-424.0,-3056.0,-32768.0,-7242.0,-12178.0,141581.0
548,3120.0,-19060.0,336.0,-3072.0,-32768.0,-6634.0,-12367.0,141588.0
549,3844.0,-20300.0,980.0,-3056.0,-32768.0,-5929.0,-12442.0,141594.0
550,4492.0,-21200.0,1668.0,-3072.0,-32768.0,-5133.0,-12489.0,141600.0
551,4804.0,-22008.0,1612.0,-3056.0,-32768.0,-4255.0,-12512.0,141606.0
552,4772.0,-23228.0,1704.0,-3040.0,-32768.0,-3380.0,-12540.0,141613.0
553,4552.0,-24372.0,1816.0,-3024.0,-32768.0,-2717.0,-12825.0,141619.0
554,4196.0,-25776.0,2116.0,-3056.0,-32768.0,-2171.0,-13036.0,141626.0
555,4100.0,-26668.0,2696.0,-3072.0,-32768.0,-1753.0,-13463.0,141632.0
556,4016.0,-27636.0,3200.0,-3056.0,-32768.0,-1570.0,-13894.0,141638.0
557,3304.0,-28672.0,4164.0,-3072.0,-32768.0,-1709.0,-14277.0,141644.0
558,1944.0,-29512.0,5568.0,-3040.0,-32768.0,-2506.0,-14711.0,141651.0
559,444.0,-30408.0,7132.0,-3056.0,-32768.0,-3870.0,-15266.0,141658.0
560,-472.0,-31312.0,7904.0,-3040.0,-32768.0,-5396.0,-15745.0,141664.0
561,-600.0,-31808.0,8524.0,-3056.0,-32768.0,-6638.0,-16140.0,141670.0
562,712.0,-31644.0,8412.0,-3072.0,-32768.0,-7262.0,-16254.0,141676.0
563,1096.0,-32768.0,7800.0,-3056.0,-32768.0,-7542.0,-15735.0,141683.0
564,-328.0,-32768.0,10296.0,-3040.0,-32022.0,-7796.0,-15680.0,141689.0
565,6660.0,-32768.0,10540.0,-3040.0,-30362.0,-7116.0,-12702.0,141696.0
566,6384.0,-32708.0,12764.0,-3040.0,-29300.0,-4738.0,-12827.0,141702.0
567,3368.0,-32768.0,14360.0,-3072.0,-27413.0,-3217.0,-13656.0,141709.0
568,3376.0,-32452.0,16556.0,-3056.0,-25442.0,-2612.0,-12553.0,141715.0
569,5592.0,-31848.0,19264.0,-3072.0,-23285.0,-1656.0,-12057.0,141721.0
570,6652.0,-31220.0,21020.0,-3056.0,-21150.0,224.0,-11232.0,141728.0
571,7636.0,-29792.0,22260.0,-3072.0,-19022.0,3533.0,-10748.0,141734.0
572,4792.0,-29300.0,23076.0,-3040.0,-16660.0,7344.0,-10308.0,141741.0
573,-336.0,-28500.0,24608.0,-3056.0,-14138.0,10424.0,-9107.0,141747.0
574,-5080.0,-27596.0,25628.0,-3072.0,-11327.0,12109.0,-7339.0,141753.0
575,-9016.0,-26360.0,27016.0,-3040.0,-8205.0,12422.0,-5014.0,141760.0
576,-11948.0,-25612.0,27960.0,-3056.0,-4923.0,11823.0,-2848.0,141766.0
577,-14012.0,-25124.0,28236.0,-3056.0,-1542.0,10307.0,-796.0,141772.0
578,-14912.0,-25032.0,27872.0,-3056.0,1830.0,8017.0,772.0,141779.0
579,-14552.0,-24684.0,26828.0,-3072.0,4846.0,5483.0,1997.0,141786.0
580,-13984.0,-23944.0,25732.0,-3072.0,7666.0,2829.0,2805.0,141792.0
581,-13796.0,-23392.0,24248.0,-3056.0,10102.0,271.0,3289.0,141798.0
582,-13552.0,-22640.0,22640.0,-3040.0,12236.0,-2425.0,3685.0,141804.0
583,-13248.0,-22284.0,21024.0,-3088.0,14053.0,-5221.0,4114.0,141810.0
584,-12288.0,-21636.0,18616.0,-3072.0,15702.0,-7964.0,4522.0,141816.0
585,-11100.0,-21256.0,16792.0,-3056.0,17087.0,-10579.0,4972.0,141822.0
586,-9144.0,-18944.0,12712.0,-3088.0,17903.0,-12974.0,5290.0,141830.0
587,-992.0,-7556.0,-14264.0,-3088.0,14367.0,-14407.0,4013.0,141836.0
588,32767.0,15088.0,-32768.0,-3056.0,-6272.0,-12128.0,-7634.0,141842.0
589,32767.0,-31636.0,-32768.0,-3056.0,-9704.0,-22362.0,-31775.0,141848.0
590,32767.0,-32768.0,-17740.0,-3056.0,15466.0,-28442.0,381.0,141855.0
591,5024.0,-30984.0,12136.0,-3072.0,16814.0,3956.0,21532.0,141861.0
592,-32128.0,-32768.0,32767.0,-3072.0,17805.0,26916.0,18572.0,141868.0
593,-32768.0,-32768.0,32767.0,-3056.0,20219.0,18852.0,12016.0,141874.0
594,-32768.0,-32768.0,20960.0,-3040.0,19092.0,-926.0,2262.0,141881.0
595,-26416.0,-20512.0,-13404.0,-3072.0,14318.0,-14237.0,-1047.0,141887.0
596,5992.0,-6708.0,-21492.0,-3072.0,12977.0,-17474.0,-1409.0,141893.0
597,26524.0,-552.0,-8672.0,-3088.0,13717.0,-19164.0,-3919.0,141900.0
598,25508.0,-5572.0,8088.0,-3056.0,14180.0,-15016.0,-3765.0,141906.0
599,12728.0,-15244.0,9068.0,-3040.0,13552.0,-6675.0,-1698.0,141913.0
600,4092.0,-14916.0,2968.0,-3056.0,11558.0,-1925.0,-125.0,141919.0
601,5380.0,-14844.0,-1004.0,-3072.0,10419.0,-3898.0,-1140.0,141925.0
602,7872.0,-18228.0,-188.0,-3040.0,10671.0,-7380.0,-1221.0,141931.0
603,8624.0,-20932.0,1444.0,-3072.0,11319.0,-6050.0,574.0,141937.0
604,6764.0,-20204.0,484.0,-3056.0,11645.0,-2336.0,1796.0,141943.0
605,4084.0,-19592.0,-732.0,-3040.0,11816.0,-384.0,2138.0,141949.0
606,2892.0,-18840.0,-1432.0,-3056.0,12228.0,-704.0,1757.0,141956.0
607,4636.0,-15748.0,-1236.0,-3072.0,12101.0,-1423.0,1387.0,141962.0
608,6100.0,-14304.0,-484.0,-3024.0,11491.0,-1386.0,1015.0,141968.0
609,6420.0,-13768.0,160.0,-3072.0,10727.0,-579.0,1456.0,141974.0
610,5788.0,-14608.0,636.0,-3056.0,9918.0,1527.0,2237.0,141980.0
611,3628.0,-16460.0,536.0,-3072.0,9674.0,4305.0,2080.0,141986.0
612,1384.0,-16308.0,1232.0,-3040.0,9253.0,6296.0,1840.0,141992.0
613,-40.0,-17740.0,1152.0,-3024.0,9179.0,7101.0,1206.0,141999.0
614,-932.0,-18868.0,-492.0,-3056.0,9439.0,6547.0,267.0,142004.0
615,-524.0,-18440.0,-1312.0,-3056.0,9923.0,5122.0,-634.0,142010.0
616,228.0,-16976.0,-940.0,-3056.0,10073.0,3660.0,-1254.0,142016.0
617,1084.0,-15472.0,276.0,-3072.0,9590.0,2376.0,-1542.0,142022.0
618,2168.0,-15288.0,1128.0,-3056.0,8935.0,1345.0,-1547.0,142028.0
619,3916.0,-15880.0,160.0,-3024.0,8602.0,766.0,-1621.0,142034.0
620,6512.0,-15576.0,-1072.0,-3040.0,8640.0,597.0,-1640.0,142041.0
621,8168.0,-14248.0,-632.0,-3056.0,8460.0,859.0,-1335.0,142047.0
622,8820.0,-13828.0,268.0,-3056.0,7947.0,1868.0,-836.0,142052.0
623,8164.0,-14400.0,544.0,-3056.0,7385.0,3712.0,-204.0,142058.0
624,7384.0,-14652.0,560.0,-3088.0,6893.0,5370.0,245.0,142064.0
625,6388.0,-14624.0,720.0,-3024.0,6500.0,6531.0,597.0,142070.0
626,5216.0,-14792.0,876.0,-3072.0,6159.0,7239.0,782.0,142076.0
627,4080.0,-15396.0,484.0,-3072.0,5903.0,7474.0,863.0,142083.0
628,3640.0,-15820.0,576.0,-3040.0,5747.0,7517.0,848.0,142089.0
629,3576.0,-15772.0,564.0,-3072.0,5692.0,7325.0,715.0,142094.0
630,3524.0,-15668.0,96.0,-3040.0,5560.0,6901.0,662.0,142100.0
631,3468.0,-15452.0,-156.0,-3072.0,5395.0,6461.0,653.0,142106.0
632,2948.0,-15456.0,44.0,-3072.0,5200.0,5822.0,559.0,142112.0
633,2604.0,-15608.0,252.0,-3040.0,4958.0,4990.0,481.0,142118.0
634,2648.0,-15804.0,596.0,-3040.0,4712.0,3998.0,431.0,142125.0
635,3308.0,-16140.0,384.0,-3072.0,4517.0,3131.0,382.0,142130.0
636,4140.0,-15932.0,464.0,-3040.0,4389.0,2637.0,417.0,142136.0
637,4880.0,-15744.0,644.0,-3072.0,4231.0,2562.0,465.0,142142.0
638,4908.0,-15800.0,564.0,-3072.0,4061.0,2865.0,534.0,142148.0
639,4812.0,-15720.0,856.0,-3072.0,3962.0,3359.0,575.0,142154.0
640,4332.0,-15940.0,980.0,-3040.0,3890.0,3781.0,586.0,142159.0
641,3920.0,-16016.0,1044.0,-3040.0,3842.0,3925.0,548.0,142166.0
642,3520.0,-15820.0,1272.0,-3040.0,3755.0,3846.0,447.0,142172.0
643,3276.0,-15912.0,1320.0,-3072.0,3659.0,3585.0,333.0,142178.0
644,3316.0,-16036.0,1528.0,-3056.0,3596.0,3200.0,273.0,142184.0
645,3376.0,-16060.0,1340.0,-3088.0,3525.0,2835.0,173.0,142190.0
646,3960.0,-15920.0,1300.0,-3024.0,3472.0,2551.0,22.0,142196.0
647,3576.0,-16176.0,1340.0,-3024.0,3473.0,2389.0,149.0,142201.0
648,3792.0,-16324.0,1384.0,-3088.0,3493.0,2358.0,104.0,142208.0
649,3952.0,-16136.0,1504.0,-3056.0,3512.0,2424.0,108.0,142214.0
650,4384.0,-16236.0,1464.0,-3072.0,3543.0,2508.0,122.0,142220.0
651,4356.0,-16212.0,1248.0,-3072.0,3618.0,2659.0,143.0,142226.0
652,4616.0,-16176.0,1340.0,-3040.0,3688.0,2789.0,225.0,142232.0
653,4940.0,-16112.0,1280.0,-3072.0,3783.0,2930.0,277.0,142237.0
654,4948.0,-16364.0,1364.0,-3056.0,3881.0,3209.0,367.0,142243.0
655,5056.0,-16500.0,1488.0,-3024.0,3961.0,3524.0,416.0,142249.0
656,4788.0,-16944.0,1524.0,-3056.0,4095.0,3895.0,480.0,142256.0
657,4496.0,-17060.0,1612.0,-3056.0,4276.0,4047.0,655.0,142262.0
658,4628.0,-16916.0,1220.0,-3040.0,4435.0,4226.0,722.0,142268.0
659,4804.0,-17000.0,1040.0,-3072.0,4645.0,4366.0,791.0,142274.0
660,5252.0,-17524.0,1296.0,-3072.0,4912.0,4402.0,801.0,142280.0
661,5176.0,-16620.0,1060.0,-3040.0,5094.0,4369.0,908.0,142285.0
662,4624.0,-16968.0,1016.0,-3056.0,5388.0,4508.0,1260.0,142291.0
663,4180.0,-16888.0,1468.0,-3024.0,5656.0,4615.0,1325.0,142298.0
664,4200.0,-16840.0,1464.0,-3040.0,5949.0,4393.0,1394.0,142304.0
665,3992.0,-16964.0,1224.0,-3056.0,6217.0,4216.0,1578.0,142310.0
666,4140.0,-17176.0,1984.0,-3056.0,6566.0,4122.0,1745.0,142316.0
667,2436.0,-18752.0,880.0,-3072.0,7092.0,4147.0,2544.0,142322.0
668,5356.0,-16060.0,1696.0,-3040.0,7193.0,4518.0,1488.0,142328.0
669,2688.0,-17360.0,1852.0,-3024.0,7516.0,4129.0,2190.0,142334.0
670,3832.0,-17648.0,1952.0,-3072.0,7848.0,3556.0,2528.0,142340.0
671,3560.0,-17472.0,2220.0,-3040.0,8083.0,3348.0,2469.0,142346.0
672,4604.0,-17656.0,2332.0,-3056.0,8320.0,3182.0,2676.0,142352.0
673,4888.0,-18236.0,2456.0,-3072.0,8624.0,3241.0,2899.0,142358.0
674,4800.0,-18184.0,2680.0,-3024.0,8840.0,3303.0,3130.0,142364.0
675,4640.0,-18460.0,2752.0,-3056.0,9132.0,3390.0,3440.0,142370.0
676,4000.0,-19016.0,3076.0,-3040.0,9388.0,3864.0,3900.0,142376.0
677,3092.0,-19356.0,3040.0,-3088.0,9666.0,4304.0,4344.0,142383.0
678,1968.0,-19856.0,3248.0,-3056.0,9954.0,4415.0,4770.0,142389.0
679,1128.0,-20220.0,3212.0,-3072.0,10284.0,4273.0,5127.0,142395.0
680,980.0,-20656.0,2924.0,-3056.0,10701.0,3902.0,5461.0,142401.0
681,780.0,-21136.0,3060.0,-3072.0,11106.0,3530.0,5796.0,142407.0
682,996.0,-21308.0,2912.0,-3056.0,11562.0,3166.0,6079.0,142412.0
683,1280.0,-21524.0,2848.0,-3056.0,12021.0,2879.0,6368.0,142418.0
684,1708.0,-21744.0,2712.0,-3072.0,12507.0,2645.0,6666.0,142425.0
685,2080.0,-22064.0,3032.0,-3056.0,13019.0,2461.0,6867.0,142431.0
686,2636.0,-22128.0,2936.0,-3088.0,13518.0,2274.0,7131.0,142437.0
687,3744.0,-22504.0,2916.0,-3072.0,13959.0,2313.0,7416.0,142443.0
688,4820.0,-22732.0,2620.0,-3056.0,14402.0,2675.0,7694.0,142449.0
689,5984.0,-22888.0,2580.0,-3040.0,14875.0,3239.0,7987.0,142455.0
690,6732.0,-23408.0,2240.0,-3056.0,15333.0,4105.0,8288.0,142461.0
691,7176.0,-24136.0,1944.0,-3072.0,15847.0,5230.0,8733.0,142468.0
692,5304.0,-24300.0,2544.0,-3088.0,16212.0,6544.0,9631.0,142474.0
693,4152.0,-27480.0,3456.0,-3040.0,16455.0,6603.0,10524.0,142480.0
694,4856.0,-30508.0,4812.0,-3040.0,17027.0,6387.0,11230.0,142486.0
695,6092.0,-30396.0,2804.0,-3056.0,17588.0,6852.0,11557.0,142492.0
696,7992.0,-29660.0,1556.0,-3056.0,18340.0,7585.0,11398.0,142498.0
697,9352.0,-29736.0,484.0,-3056.0,18920.0,8897.0,11488.0,142504.0
698,11112.0,-31448.0,-984.0,-3056.0,19260.0,10761.0,11277.0,142511.0
699,13092.0,-32768.0,-4748.0,-3072.0,19448.0,12639.0,10615.0,142517.0
700,13436.0,-32768.0,-9472.0,-3040.0,19418.0,15472.0,9983.0,142523.0
701,13028.0,-32768.0,-13868.0,-3056.0,19593.0,18028.0,9934.0,142529.0
702,10344.0,-32768.0,-16392.0,-3056.0,19479.0,19326.0,10546.0,142535.0
703,7264.0,-32260.0,-17792.0,-3072.0,18915.0,19803.0,11539.0,142542.0
704,5484.0,-29644.0,-19624.0,-3024.0,17946.0,20432.0,12151.0,142548.0
705,3328.0,-26528.0,-19284.0,-3024.0,16729.0,20560.0,12642.0,142555.0
706,948.0,-22392.0,-18268.0,-3040.0,14958.0,20377.0,13317.0,142561.0
707,-1304.0,-17988.0,-13612.0,-3040.0,13324.0,19287.0,13957.0,142567.0
708,-3804.0,-15752.0,-1352.0,-3024.0,12519.0,16130.0,14800.0,142573.0
709,-4100.0,-17156.0,9084.0,-3056.0,12924.0,11261.0,15043.0,142579.0
710,-4644.0,-19860.0,10704.0,-3088.0,12628.0,4474.0,13902.0,142586.0
711,-5820.0,-22240.0,7760.0,-3024.0,11628.0,-3931.0,11924.0,142593.0
712,-4744.0,-22912.0,2796.0,-3056.0,10355.0,-12677.0,9687.0,142599.0
713,-1592.0,-23088.0,1208.0,-3024.0,9774.0,-19727.0,7367.0,142605.0
714,1708.0,-22528.0,1168.0,-3056.0,10017.0,-23778.0,5564.0,142611.0
715,4372.0,-20968.0,1392.0,-3088.0,10942.0,-24718.0,4422.0,142617.0
716,7336.0,-17684.0,3016.0,-3072.0,12176.0,-23759.0,4000.0,142623.0
717,9376.0,-13500.0,3004.0,-3040.0,12208.0,-20154.0,4035.0,142629.0
718,10848.0,-9260.0,2636.0,-3072.0,10982.0,-14993.0,4360.0,142636.0
719,11448.0,-6628.0,2264.0,-3040.0,8823.0,-9040.0,4717.0,142642.0
720,11172.0,-5776.0,1988.0,-3056.0,6679.0,-3980.0,4775.0,142648.0
721,10232.0,-6068.0,1008.0,-3088.0,4945.0,-391.0,4326.0,142654.0
722,8948.0,-6844.0,172.0,-3040.0,3695.0,2264.0,3652.0,142660.0
723,8028.0,-5380.0,-1200.0,-3056.0,2455.0,4475.0,3350.0,142666.0
724,7824.0,-3708.0,-3188.0,-3056.0,843.0,6316.0,3140.0,142672.0
725,6912.0,-3064.0,-5168.0,-3056.0,-675.0,7461.0,2471.0,142678.0
726,5760.0,-2192.0,-6104.0,-3040.0,-2249.0,7767.0,2000.0,142684.0
727,5064.0,-1028.0,-6624.0,-3072.0,-3845.0,7223.0,1531.0,142690.0
728,4736.0,244.0,-7104.0,-3056.0,-5708.0,6233.0,635.0,142696.0
729,4632.0,1072.0,-7564.0,-3056.0,-7527.0,5109.0,-456.0,142702.0
730,4756.0,1148.0,-7636.0,-3056.0,-9234.0,4211.0,-1471.0,142708.0
731,4668.0,1108.0,-7360.0,-3072.0,-10857.0,3564.0,-2336.0,142714.0
732,4584.0,684.0,-6672.0,-3056.0,-12415.0,3118.0,-2929.0,142721.0
733,4216.0,-36.0,-5972.0,-3072.0,-13883.0,2934.0,-3422.0,142727.0
734,3540.0,-1088.0,-4936.0,-3072.0,-15269.0,2845.0,-3906.0,142732.0
735,3072.0,-1720.0,-3756.0,-3056.0,-16741.0,2837.0,-4246.0,142738.0
736,3120.0,-2504.0,-3100.0,-3040.0,-18268.0,3044.0,-4614.0,142744.0
737,3056.0,-3184.0,-3040.0,-3056.0,-19773.0,3153.0,-5303.0,142750.0
738,2516.0,-3956.0,-2600.0,-3104.0,-21089.0,3112.0,-6052.0,142756.0
739,2084.0,-4744.0,-2608.0,-3040.0,-22330.0,2990.0,-6789.0,142763.0
740,1332.0,-5232.0,-2796.0,-3024.0,-23552.0,2688.0,-7457.0,142769.0
741,1068.0,-5936.0,-2844.0,-3072.0,-24714.0,2181.0,-8185.0,142775.0
742,768.0,-6720.0,-2828.0,-3056.0,-25810.0,1639.0,-8814.0,142781.0
743,464.0,-7452.0,-3000.0,-3056.0,-26835.0,953.0,-9450.0,142787.0
744,372.0,-8224.0,-2660.0,-3040.0,-27854.0,148.0,-10123.0,142793.0
745,488.0,-9108.0,-2276.0,-3088.0,-28763.0,-688.0,-10696.0,142799.0
746,944.0,-10292.0,-1524.0,-3056.0,-30071.0,-823.0,-11194.0,142806.0
747,1060.0,-11456.0,-2004.0,-3056.0,-30522.0,-2187.0,-11719.0,142812.0
748,1204.0,-12616.0,-1524.0,-3056.0,-31281.0,-2810.0,-12213.0,142818.0
749,1304.0,-13648.0,-892.0,-3072.0,-32024.0,-3198.0,-12619.0,142824.0
750,1420.0,-15204.0,-316.0,-3072.0,-32734.0,-3476.0,-12986.0,142830.0
751,1384.0,-16476.0,184.0,-3072.0,-32768.0,-3739.0,-13379.0,142836.0
752,1204.0,-17740.0,884.0,-3088.0,-32768.0,-3997.0,-13627.0,142842.0
753,996.0,-18784.0,1788.0,-3056.0,-32768.0,-4447.0,-13832.0,142849.0
754,920.0,-19428.0,2348.0,-3072.0,-32768.0,-4880.0,-14005.0,142855.0
755,876.0,-20256.0,2544.0,-3088.0,-32768.0,-5311.0,-14198.0,142861.0
756,1024.0,-20696.0,2672.0,-3056.0,-32768.0,-5592.0,-14400.0,142867.0
757,1424.0,-21484.0,2860.0,-3056.0,-32768.0,-5786.0,-14658.0,142873.0
758,1700.0,-22368.0,2768.0,-3088.0,-32768.0,-5967.0,-14831.0,142879.0
759,1964.0,-23320.0,2844.0,-3040.0,-32768.0,-6078.0,-15025.0,142886.0
760,2328.0,-24080.0,2832.0,-3056.0,-32768.0,-6162.0,-15171.0,142893.0
761,2700.0,-25060.0,3020.0,-3056.0,-32768.0,-6155.0,-15381.0,142899.0
762,2928.0,-25992.0,3148.0,-3040.0,-32768.0,-6130.0,-15612.0,142905.0
763,3060.0,-27120.0,3748.0,-3088.0,-32768.0,-6121.0,-15758.0,142911.0
764,2632.0,-28164.0,4544.0,-3040.0,-32768.0,-6252.0,-15841.0,142918.0
765,1940.0,-28864.0,5016.0,-3072.0,-32768.0,-6744.0,-15951.0,142924.0
766,1428.0,-29900.0,6180.0,-3056.0,-32768.0,-7433.0,-16086.0,142930.0
767,1204.0,-30596.0,7232.0,-3072.0,-32768.0,-7913.0,-16070.0,142937.0
768,1672.0,-30796.0,7936.0,-3088.0,-32768.0,-8005.0,-15981.0,142944.0
769,2872.0,-31248.0,8992.0,-3056.0,-32768.0,-7703.0,-15831.0,142950.0
770,3344.0,-32004.0,10328.0,-3040.0,-32090.0,-7116.0,-15584.0,142956.0
771,3728.0,-32620.0,11448.0,-3072.0,-30890.0,-6269.0,-15302.0,142962.0
772,4080.0,-32768.0,12612.0,-3072.0,-29562.0,-5471.0,-14820.0,142969.0
773,4300.0,-32768.0,14020.0,-3040.0,-27943.0,-4742.0,-14033.0,142976.0
774,4444.0,-32768.0,15392.0,-3040.0,-26025.0,-3918.0,-13076.0,142982.0
775,4660.0,-32524.0,17192.0,-3040.0,-23917.0,-3038.0,-12291.0,142989.0
776,4340.0,-31504.0,18792.0,-3040.0,-21711.0,-1972.0,-11654.0,142995.0
777,3860.0,-30192.0,20132.0,-3072.0,-19585.0,-474.0,-11482.0,143001.0
778,2408.0,-29288.0,21048.0,-3088.0,-17423.0,1318.0,-11299.0,143007.0
779,-792.0,-28908.0,22640.0,-3072.0,-14994.0,3111.0,-10554.0,143014.0
780,-4584.0,-28352.0,23872.0,-3072.0,-12235.0,4465.0,-9215.0,143021.0
781,-8568.0,-28784.0,26508.0,-3056.0,-8796.0,4879.0,-7055.0,143027.0
782,-16308.0,-26732.0,26568.0,-3072.0,-5955.0,3599.0,-4765.0,143033.0
783,-9216.0,-24856.0,26884.0,-3056.0,-2812.0,2891.0,-9.0,143039.0
784,-12652.0,-24672.0,27036.0,-3056.0,265.0,2377.0,-1455.0,143045.0
785,-15716.0,-23640.0,26348.0,-3088.0,3250.0,375.0,-329.0,143051.0
786,-13392.0,-23852.0,25972.0,-3056.0,6287.0,-2132.0,611.0,143057.0
787,-13304.0,-24044.0,25076.0,-3056.0,9241.0,-4776.0,1592.0,143064.0
788,-9724.0,-23348.0,24532.0,-3056.0,11875.0,-6572.0,3248.0,143071.0
789,-8232.0,-22480.0,22832.0,-3056.0,14138.0,-7634.0,3331.0,143077.0
790,-9248.0,-21756.0,20436.0,-3072.0,15946.0,-8745.0,3579.0,143083.0
791,-9348.0,-20000.0,15640.0,-3056.0,16998.0,-10198.0,4226.0,143089.0
792,-3832.0,-10444.0,-7456.0,-3072.0,14908.0,-11602.0,3928.0,143095.0
793,29740.0,11020.0,-32768.0,-3040.0,-3832.0,-9926.0,-6095.0,143101.0
794,32767.0,-25780.0,-32768.0,-3056.0,-8097.0,-17630.0,-25346.0,143109.0
795,28732.0,-32768.0,-20384.0,-3072.0,14173.0,-25982.0,-2024.0,143115.0
796,920.0,-32768.0,13960.0,-3056.0,20266.0,2130.0,19774.0,143122.0
797,-31204.0,-31404.0,32767.0,-3056.0,20080.0,26647.0,20572.0,143128.0
798,-32768.0,-32768.0,32767.0,-3072.0,19793.0,21013.0,11069.0,143134.0
799,-30444.0,-32768.0,19084.0,-3072.0,19504.0,-1539.0,185.0,143140.0
800,-16732.0,-22536.0,-9656.0,-3088.0,17690.0,-17103.0,-905.0,143147.0
801,10504.0,-6776.0,-16516.0,-3088.0,16427.0,-19780.0,783.0,143154.0
802,27684.0,2400.0,-5988.0,-3056.0,14471.0,-16637.0,-2146.0,143160.0
803,22092.0,-5852.0,7516.0,-3040.0,14078.0,-10368.0,-1572.0,143166.0
804,8684.0,-16572.0,10592.0,-3104.0,13803.0,-3517.0,807.0,143172.0
805,3784.0,-16924.0,5928.0,-3072.0,12953.0,-1369.0,808.0,143178.0
806,3780.0,-16892.0,1900.0,-3056.0,11840.0,-3842.0,-657.0,143184.0
807,5300.0,-19344.0,356.0,-3072.0,11666.0,-5274.0,47.0,143191.0
808,7152.0,-22260.0,856.0,-3104.0,12403.0,-2775.0,1638.0,143197.0
809,6064.0,-22048.0,604.0,-3088.0,13168.0,1456.0,2238.0,143203.0
810,4260.0,-20572.0,-728.0,-3040.0,13772.0,3595.0,2184.0,143209.0
811,3112.0,-18548.0,-1116.0,-3056.0,14007.0,3819.0,1633.0,143215.0
812,2484.0,-15156.0,-460.0,-3072.0,13320.0,3522.0,886.0,143221.0
813,3072.0,-13256.0,220.0,-3056.0,11980.0,3280.0,621.0,143226.0
814,3840.0,-13332.0,260.0,-3088.0,10938.0,4010.0,818.0,143233.0
815,3344.0,-14004.0,232.0,-3072.0,10212.0,5792.0,795.0,143239.0
816,1852.0,-14752.0,-128.0,-3072.0,9604.0,7000.0,477.0,143245.0
817,852.0,-14916.0,-428.0,-3072.0,9005.0,7183.0,-165.0,143251.0
818,-24.0,-15232.0,-384.0,-3040.0,8416.0,6466.0,-937.0,143257.0
819,-232.0,-15680.0,-40.0,-3072.0,7961.0,5191.0,-1302.0,143263.0
820,816.0,-15880.0,-260.0,-3072.0,7587.0,3973.0,-1477.0,143268.0
821,1676.0,-15848.0,-536.0,-3040.0,7308.0,3024.0,-1865.0,143275.0
822,2620.0,-15420.0,-460.0,-3072.0,7123.0,1853.0,-2231.0,143281.0
823,4760.0,-14984.0,-176.0,-3088.0,6808.0,956.0,-2290.0,143287.0
824,7060.0,-14688.0,-180.0,-3056.0,6457.0,1191.0,-2106.0,143293.0
825,8408.0,-14704.0,-508.0,-3072.0,6102.0,2225.0,-1686.0,143299.0
826,8552.0,-14252.0,-328.0,-3088.0,5804.0,3454.0,-1116.0,143305.0
827,7716.0,-14388.0,-168.0,-3056.0,5501.0,4577.0,-595.0,143311.0
828,6688.0,-14748.0,80.0,-3088.0,5226.0,5289.0,-163.0,143318.0
829,5852.0,-15076.0,400.0,-3056.0,5019.0,5764.0,125.0,143323.0
830,4948.0,-15376.0,424.0,-3056.0,4826.0,5953.0,283.0,143329.0
831,4244.0,-15472.0,228.0,-3072.0,4660.0,5808.0,346.0,143335.0
832,3756.0,-15472.0,48.0,-3040.0,4510.0,5438.0,326.0,143341.0
833,3512.0,-15864.0,-296.0,-3056.0,4388.0,4977.0,320.0,143347.0
834,3344.0,-16116.0,-300.0,-3104.0,4314.0,4622.0,300.0,143353.0
835,3452.0,-16264.0,-360.0,-3072.0,4221.0,4302.0,248.0,143358.0
836,3416.0,-16284.0,-384.0,-3072.0,4137.0,4018.0,214.0,143365.0
837,3304.0,-16056.0,-444.0,-3072.0,4014.0,3707.0,183.0,143371.0
838,3640.0,-16028.0,-156.0,-3072.0,3875.0,3425.0,141.0,143377.0
839,3860.0,-15976.0,136.0,-3040.0,3753.0,3173.0,116.0,143383.0
840,4456.0,-15820.0,180.0,-3072.0,3618.0,2962.0,109.0,143389.0
841,4988.0,-15820.0,108.0,-3072.0,3512.0,2960.0,164.0,143394.0
842,5136.0,-16060.0,492.0,-3104.0,3407.0,3284.0,298.0,143400.0
843,5440.0,-16348.0,68.0,-3040.0,3417.0,3687.0,340.0,143407.0
844,5028.0,-16316.0,12.0,-3088.0,3489.0,3995.0,486.0,143413.0
845,4580.0,-16472.0,12.0,-3072.0,3580.0,4118.0,591.0,143419.0
846,4220.0,-16552.0,-144.0,-3072.0,3758.0,3901.0,666.0,143424.0
847,4112.0,-16464.0,-4.0,-3072.0,3910.0,3604.0,739.0,143430.0
848,4040.0,-16440.0,-16.0,-3056.0,4087.0,3234.0,738.0,143436.0
849,4092.0,-16264.0,236.0,-3072.0,4191.0,2938.0,816.0,143442.0
850,4176.0,-16268.0,592.0,-3072.0,4321.0,2693.0,849.0,143448.0
851,4632.0,-16040.0,436.0,-3104.0,4404.0,2480.0,908.0,143454.0
852,4888.0,-15996.0,408.0,-3104.0,4502.0,2391.0,958.0,143460.0
853,5044.0,-16180.0,516.0,-3072.0,4599.0,2372.0,1032.0,143466.0
854,4988.0,-16208.0,576.0,-3104.0,4703.0,2465.0,1154.0,143472.0
855,5020.0,-16196.0,680.0,-3072.0,4827.0,2641.0,1243.0,143478.0
856,4728.0,-16096.0,820.0,-3072.0,4939.0,2763.0,1369.0,143483.0
857,4692.0,-16044.0,952.0,-3056.0,5042.0,2920.0,1417.0,143490.0
858,4472.0,-16064.0,1000.0,-3056.0,5170.0,2962.0,1462.0,143496.0
859,4016.0,-16104.0,1140.0,-3056.0,5239.0,2895.0,1571.0,143502.0
860,3876.0,-16160.0,1416.0,-3040.0,5312.0,2788.0,1615.0,143508.0
861,3832.0,-16372.0,1468.0,-3088.0,5355.0,2618.0,1721.0,143514.0
862,3936.0,-16388.0,1604.0,-3088.0,5430.0,2481.0,1743.0,143520.0
863,4172.0,-16416.0,1756.0,-3040.0,5443.0,2338.0,1729.0,143526.0
864,4328.0,-16520.0,1780.0,-3056.0,5465.0,2307.0,1703.0,143533.0
865,4336.0,-16508.0,1956.0,-3088.0,5426.0,2460.0,1663.0,143539.0
866,4292.0,-16684.0,2148.0,-3072.0,5409.0,2617.0,1617.0,143544.0
867,5676.0,-16756.0,2208.0,-3056.0,5433.0,3016.0,1219.0,143550.0
868,4268.0,-16296.0,1668.0,-3040.0,5372.0,3197.0,1459.0,143556.0
869,3240.0,-17020.0,2304.0,-3072.0,5451.0,3687.0,1657.0,143562.0
870,2492.0,-16832.0,2388.0,-3088.0,5495.0,3730.0,1440.0,143568.0
871,2444.0,-17304.0,2312.0,-3104.0,5622.0,3602.0,1539.0,143575.0
872,3356.0,-17196.0,1884.0,-3072.0,5785.0,3432.0,1322.0,143581.0
873,3928.0,-17068.0,1536.0,-3056.0,5909.0,3368.0,1308.0,143587.0
874,4168.0,-17068.0,1728.0,-3072.0,6075.0,3460.0,1283.0,143593.0
875,4000.0,-17104.0,1952.0,-3072.0,6286.0,3578.0,1327.0,143599.0
876,3668.0,-17020.0,1904.0,-3056.0,6480.0,3628.0,1454.0,143605.0
877,3232.0,-16888.0,2080.0,-3088.0,6720.0,3621.0,1616.0,143611.0
878,2784.0,-16972.0,2416.0,-3072.0,6946.0,3470.0,1772.0,143617.0
879,2620.0,-16964.0,2592.0,-3056.0,7201.0,3238.0,2025.0,143623.0
880,2660.0,-17184.0,2692.0,-3040.0,7448.0,2912.0,2266.0,143629.0
881,2984.0,-17368.0,2840.0,-3056.0,7722.0,2588.0,2529.0,143635.0
882,2364.0,-18436.0,2296.0,-3056.0,8010.0,2377.0,3159.0,143641.0
883,4772.0,-17596.0,2424.0,-3072.0,8232.0,2375.0,2310.0,143647.0
884,4604.0,-17824.0,3020.0,-3056.0,8269.0,2368.0,2929.0,143653.0
885,5084.0,-18356.0,2968.0,-3056.0,8513.0,2353.0,3432.0,143660.0
886,4696.0,-18056.0,3112.0,-3072.0,8700.0,2777.0,3189.0,143666.0
887,4176.0,-18488.0,2932.0,-3088.0,8903.0,2829.0,3414.0,143672.0
888,4228.0,-19024.0,2804.0,-3088.0,9184.0,3096.0,3794.0,143678.0
889,3656.0,-19408.0,3196.0,-3072.0,9431.0,3443.0,4169.0,143684.0
890,2848.0,-19812.0,3056.0,-3056.0,9718.0,3670.0,4461.0,143689.0
891,2268.0,-20096.0,3260.0,-3072.0,10086.0,3630.0,4784.0,143695.0
892,1796.0,-19980.0,3212.0,-3088.0,10390.0,3444.0,5068.0,143702.0
893,1968.0,-20256.0,3160.0,-3072.0,10776.0,3331.0,5296.0,143708.0
894,2192.0,-20344.0,3244.0,-3056.0,11186.0,3120.0,5485.0,143714.0
895,2536.0,-20364.0,3216.0,-3072.0,11535.0,3012.0,5627.0,143720.0
896,3172.0,-20424.0,3376.0,-3088.0,11907.0,2996.0,5808.0,143726.0
897,3828.0,-20668.0,3216.0,-3072.0,12278.0,3227.0,6046.0,143732.0
898,4400.0,-20956.0,3176.0,-3024.0,12644.0,3716.0,6293.0,143738.0
899,4756.0,-21312.0,2964.0,-3072.0,13064.0,4229.0,6599.0,143745.0
900,5116.0,-21536.0,2912.0,-3056.0,13472.0,4874.0,6914.0,143751.0
901,5240.0,-22124.0,2652.0,-3072.0,13701.0,5654.0,7216.0,143757.0
902,4588.0,-23160.0,2516.0,-3056.0,14175.0,6557.0,7712.0,143763.0
903,2060.0,-24016.0,3332.0,-3040.0,14443.0,7515.0,8740.0,143769.0
904,1136.0,-27496.0,3760.0,-3056.0,14613.0,7105.0,9784.0,143775.0
905,2272.0,-30076.0,3368.0,-3104.0,15184.0,6623.0,10514.0,143781.0
906,4248.0,-29176.0,1332.0,-3072.0,15833.0,6891.0,10597.0,143788.0
907,6676.0,-28932.0,48.0,-3088.0,16636.0,7067.0,10319.0,143794.0
908,8140.0,-29736.0,-588.0,-3072.0,17384.0,8242.0,10332.0,143800.0
909,9360.0,-31816.0,-2436.0,-3088.0,18009.0,10256.0,10071.0,143806.0
910,9676.0,-32768.0,-4312.0,-3056.0,18690.0,12523.0,9988.0,143812.0
911,9380.0,-32768.0,-7408.0,-3056.0,19209.0,14588.0,9878.0,143818.0
912,8060.0,-32768.0,-9244.0,-3056.0,19448.0,16186.0,9693.0,143824.0
913,6656.0,-32172.0,-11612.0,-3088.0,19156.0,17226.0,9486.0,143831.0
914,5852.0,-32192.0,-14780.0,-3056.0,18542.0,18628.0,9520.0,143837.0
915,4268.0,-31888.0,-17896.0,-3056.0,17877.0,20096.0,10124.0,143843.0
916,1900.0,-28816.0,-19384.0,-3056.0,16780.0,20416.0,11096.0,143849.0
917,-552.0,-24440.0,-20200.0,-3072.0,15208.0,20146.0,12256.0,143855.0
918,-2364.0,-18804.0,-16436.0,-3040.0,13602.0,19102.0,13418.0,143862.0
919,-3660.0,-15076.0,-7504.0,-3088.0,12529.0,16229.0,14526.0,143868.0
920,-5052.0,-14792.0,3192.0,-3088.0,12272.0,10972.0,15171.0,143875.0
921,-5704.0,-17984.0,10368.0,-3056.0,12211.0,3790.0,14484.0,143881.0
922,-5864.0,-22964.0,10012.0,-3072.0,11760.0,-5064.0,12887.0,143887.0
923,-4532.0,-24620.0,6756.0,-3072.0,10723.0,-13252.0,10786.0,143893.0
924,-1268.0,-24596.0,5240.0,-3040.0,10334.0,-19806.0,8371.0,143899.0
925,3764.0,-23668.0,4524.0,-3072.0,10581.0,-24161.0,6401.0,143905.0
926,7576.0,-22768.0,3472.0,-3040.0,11438.0,-25793.0,5113.0,143911.0
927,10472.0,-21852.0,4488.0,-3040.0,12987.0,-25188.0,4972.0,143918.0
928,12068.0,-17948.0,3892.0,-3072.0,13641.0,-20908.0,5222.0,143924.0
929,12544.0,-12452.0,2784.0,-3072.0,13002.0,-14697.0,5554.0,143931.0
930,12132.0,-8536.0,556.0,-3104.0,10790.0,-8200.0,5875.0,143937.0
931,11432.0,-6404.0,-244.0,-3056.0,8255.0,-2723.0,6104.0,143943.0
932,11404.0,-5704.0,-272.0,-3072.0,5975.0,1538.0,5961.0,143949.0
933,11840.0,-6364.0,300.0,-3104.0,4390.0,4605.0,5090.0,143954.0
934,11924.0,-6620.0,248.0,-3088.0,3124.0,7381.0,4369.0,143961.0
935,11328.0,-6056.0,-724.0,-3056.0,1863.0,9707.0,3957.0,143967.0
936,10060.0,-5312.0,-2416.0,-3040.0,554.0,11269.0,3591.0,143973.0
937,8380.0,-4584.0,-4024.0,-3088.0,-755.0,11934.0,3154.0,143979.0
938,6448.0,-3920.0,-4728.0,-3056.0,-2124.0,11733.0,2812.0,143985.0
939,4948.0,-3020.0,-4884.0,-3056.0,-3657.0,11205.0,2188.0,143991.0
940,3880.0,-2612.0,-5236.0,-3072.0,-5217.0,10821.0,1262.0,143997.0
941,3512.0,-1976.0,-5104.0,-3056.0,-6775.0,10222.0,282.0,144004.0
942,3404.0,-1528.0,-5288.0,-3040.0,-8303.0,9497.0,-732.0,144010.0
943,3332.0,-1056.0,-5336.0,-3104.0,-9899.0,8576.0,-1635.0,144016.0
944,2708.0,-816.0,-5684.0,-3056.0,-11642.0,7379.0,-2352.0,144022.0
945,1816.0,-1172.0,-5204.0,-3056.0,-13180.0,6071.0,-2805.0,144027.0
946,1072.0,-1760.0,-4288.0,-3072.0,-14667.0,5027.0,-2776.0,144033.0
947,424.0,-2568.0,-3956.0,-3056.0,-16045.0,4142.0,-3131.0,144039.0
948,-316.0,-3324.0,-3824.0,-3072.0,-17444.0,3382.0,-3813.0,144046.0
949,-1000.0,-3952.0,-3816.0,-3056.0,-18764.0,2682.0,-4571.0,144052.0
950,-1264.0,-4612.0,-3448.0,-3072.0,-19984.0,1890.0,-5434.0,144058.0
951,-1412.0,-5096.0,-2916.0,-3088.0,-21214.0,929.0,-6212.0,144064.0
952,-1004.0,-5120.0,-1820.0,-3072.0,-22594.0,213.0,-6843.0,144070.0
953,-2220.0,-5972.0,-2308.0,-3056.0,-23524.0,-1086.0,-7461.0,144076.0
954,-2328.0,-6880.0,-1312.0,-3072.0,-24290.0,-2191.0,-8000.0,144082.0
955,-2176.0,-6868.0,-1032.0,-3088.0,-25268.0,-3243.0,-8588.0,144089.0
956,-1292.0,-6932.0,-1284.0,-3072.0,-26429.0,-4226.0,-9275.0,144095.0
957,-132.0,-7308.0,-1424.0,-3088.0,-27624.0,-5049.0,-10003.0,144101.0
958,1060.0,-8088.0,-1508.0,-3056.0,-28828.0,-5755.0,-10706.0,144107.0
959,2456.0,-9228.0,-1344.0,-3072.0,-29809.0,-6179.0,-11289.0,144113.0
960,3512.0,-10588.0,-1024.0,-3056.0,-30640.0,-6189.0,-11783.0,144119.0
961,4476.0,-11928.0,-916.0,-3056.0,-31343.0,-5878.0,-12253.0,144125.0
962,4664.0,-13040.0,-792.0,-3072.0,-31929.0,-5243.0,-12551.0,144133.0
963,4928.0,-13956.0,-512.0,-3072.0,-32490.0,-4518.0,-12996.0,144139.0
964,4672.0,-15048.0,56.0,-3120.0,-32768.0,-3926.0,-13255.0,144145.0
965,4312.0,-16052.0,348.0,-3088.0,-32768.0,-3589.0,-13547.0,144151.0
966,3720.0,-17192.0,980.0,-3056.0,-32768.0,-3345.0,-13818.0,144157.0
967,3252.0,-18272.0,1152.0,-3072.0,-32768.0,-3129.0,-14059.0,144163.0
968,2864.0,-19216.0,1680.0,-3088.0,-32768.0,-2818.0,-14361.0,144171.0
969,2388.0,-20260.0,1920.0,-3072.0,-32768.0,-2492.0,-14684.0,144177.0
970,1752.0,-21164.0,1956.0,-3072.0,-32768.0,-2276.0,-15107.0,144183.0
971,1452.0,-22080.0,2104.0,-3088.0,-32768.0,-2341.0,-15527.0,144189.0
972,1452.0,-23124.0,2472.0,-3072.0,-32768.0,-2469.0,-15930.0,144196.0
973,1912.0,-24324.0,2744.0,-3056.0,-32768.0,-2481.0,-16343.0,144202.0
974,2264.0,-25948.0,3492.0,-3056.0,-32768.0,-2549.0,-16651.0,144208.0
975,1968.0,-26932.0,4532.0,-3104.0,-32768.0,-2800.0,-16852.0,144215.0
976,1160.0,-27608.0,5088.0,-3088.0,-32768.0,-3403.0,-16987.0,144221.0
977,56.0,-28084.0,5796.0,-3104.0,-32768.0,-4488.0,-17158.0,144228.0
978,-880.0,-28840.0,6324.0,-3104.0,-32768.0,-6006.0,-17392.0,144234.0
979,-1184.0,-29784.0,7288.0,-3072.0,-32768.0,-7744.0,-17637.0,144240.0
980,-824.0,-30432.0,8132.0,-3072.0,-32768.0,-9009.0,-17656.0,144246.0
981,484.0,-30952.0,9048.0,-3088.0,-32691.0,-9455.0,-17372.0,144252.0
982,1392.0,-31660.0,10248.0,-3088.0,-31780.0,-9285.0,-16940.0,144260.0
983,1704.0,-32276.0,11556.0,-3056.0,-30575.0,-8704.0,-16308.0,144266.0
984,2012.0,-32516.0,13176.0,-3056.0,-29222.0,-8309.0,-15542.0,144272.0
985,2208.0,-32768.0,14884.0,-3024.0,-27596.0,-8252.0,-14607.0,144279.0
986,2928.0,-32768.0,16796.0,-3120.0,-25774.0,-7892.0,-13481.0,144285.0
987,4300.0,-32640.0,18328.0,-3056.0,-23872.0,-6805.0,-12348.0,144291.0
988,5652.0,-32028.0,20276.0,-3056.0,-21894.0,-4787.0,-11672.0,144297.0
989,6188.0,-30928.0,21820.0,-3056.0,-19875.0,-1995.0,-11245.0,144305.0
990,5540.0,-29604.0,23616.0,-3056.0,-17866.0,1152.0,-11042.0,144311.0
991,4312.0,-28780.0,24880.0,-3072.0,-15775.0,4184.0,-10731.0,144317.0
992,2544.0,-27916.0,26272.0,-3056.0,-13473.0,7063.0,-9875.0,144324.0
993,-2492.0,-31036.0,26152.0,-3072.0,-9608.0,8952.0,-10654.0,144330.0
994,-3880.0,-26532.0,28972.0,-3056.0,-7472.0,10431.0,-1274.0,144336.0
995,-5188.0,-25844.0,27724.0,-3104.0,-3868.0,12265.0,-3469.0,144343.0
996,-15716.0,-23344.0,28556.0,-3040.0,-912.0,11928.0,-2929.0,144349.0
997,-18312.0,-24540.0,28324.0,-3088.0,2371.0,8827.0,-313.0,144356.0
998,-17276.0,-24644.0,27824.0,-3056.0,5590.0,5232.0,1201.0,144362.0
999,-14980.0,-24384.0,27124.0,-3088.0,8484.0,2069.0,2266.0,144368.0
1000,-12812.0,-24416.0,25940.0,-3088.0,11261.0,-609.0,2654.0,144374.0
1001,-11848.0,-24008.0,23992.0,-3088.0,13596.0,-2868.0,2787.0,144380.0
1002,-11828.0,-22416.0,19736.0,-3072.0,15356.0,-5407.0,4317.0,144387.0
1003,-11680.0,-15028.0,4220.0,-3056.0,14643.0,-8124.0,2882.0,144393.0
1004,11732.0,9712.0,-32768.0,-3072.0,-1425.0,-9704.0,-2681.0,144399.0
1005,32767.0,-24764.0,-32768.0,-3056.0,-9582.0,-14006.0,-22835.0,144406.0
1006,25384.0,-32768.0,-26100.0,-3104.0,11189.0,-26416.0,-6610.0,144412.0
1007,9388.0,-32768.0,3148.0,-3056.0,17561.0,-11010.0,16649.0,144419.0
1008,-20276.0,-31500.0,31960.0,-3088.0,18067.0,15192.0,16702.0,144425.0
1009,-31496.0,-32768.0,32767.0,-3088.0,18942.0,16751.0,11690.0,144432.0
1010,-30180.0,-32768.0,22356.0,-3056.0,18895.0,1593.0,2594.0,144438.0
1011,-20184.0,-23600.0,-6544.0,-3072.0,16749.0,-11544.0,-882.0,144444.0
1012,2580.0,-10920.0,-15112.0,-3088.0,15553.0,-15341.0,-1269.0,144451.0
1013,26040.0,-1620.0,-4056.0,-3072.0,14419.0,-16460.0,-3992.0,144457.0
1014,25028.0,-7260.0,8616.0,-3056.0,14089.0,-12319.0,-2297.0,144463.0
1015,11008.0,-17568.0,10296.0,-3088.0,13721.0,-4756.0,654.0,144470.0
1016,4184.0,-16644.0,3752.0,-3056.0,12440.0,-948.0,2020.0,144476.0
1017,5608.0,-15464.0,-184.0,-3072.0,11450.0,-3027.0,506.0,144482.0
1018,7096.0,-17296.0,-808.0,-3056.0,11368.0,-4975.0,1037.0,144488.0
1019,8800.0,-20128.0,-524.0,-3104.0,11980.0,-2783.0,2751.0,144494.0
1020,7488.0,-19072.0,-740.0,-3056.0,12215.0,851.0,3338.0,144500.0
1021,4876.0,-17596.0,-764.0,-3088.0,12195.0,3004.0,3408.0,144506.0
1022,2248.0,-16128.0,-256.0,-3040.0,11878.0,3809.0,2807.0,144513.0
1023,1116.0,-15088.0,-332.0,-3088.0,11144.0,3231.0,1926.0,144519.0
1024,1540.0,-14572.0,-332.0,-3072.0,10289.0,2317.0,1561.0,144525.0
1025,2360.0,-14240.0,56.0,-3088.0,9564.0,2327.0,1595.0,144531.0
1026,2148.0,-14452.0,28.0,-3088.0,8878.0,3355.0,1347.0,144537.0
1027,572.0,-15364.0,-284.0,-3072.0,8329.0,4437.0,820.0,144543.0
1028,-524.0,-16112.0,-384.0,-3088.0,8006.0,4633.0,112.0,144548.0
1029,-1124.0,-16664.0,-100.0,-3088.0,7742.0,3900.0,-747.0,144555.0
1030,-1104.0,-16948.0,-60.0,-3024.0,7518.0,2717.0,-1473.0,144561.0
1031,24.0,-16912.0,-320.0,-3088.0,7292.0,1223.0,-2002.0,144567.0
1032,1584.0,-16144.0,-568.0,-3088.0,7062.0,-368.0,-2309.0,144573.0
1033,3272.0,-15236.0,-924.0,-3088.0,6830.0,-1612.0,-2505.0,144579.0
1034,5288.0,-14496.0,-932.0,-3040.0,6596.0,-2227.0,-2534.0,144584.0
1035,7136.0,-14492.0,-792.0,-3088.0,6337.0,-2130.0,-2378.0,144590.0
1036,8376.0,-14920.0,-828.0,-3104.0,6221.0,-1254.0,-2039.0,144596.0
1037,8496.0,-15188.0,-520.0,-3072.0,6116.0,352.0,-1456.0,144603.0
1038,7880.0,-15312.0,-252.0,-3056.0,5896.0,2193.0,-1002.0,144609.0
1039,6536.0,-15424.0,196.0,-3056.0,5694.0,3592.0,-626.0,144615.0
1040,5264.0,-15624.0,200.0,-3056.0,5525.0,4278.0,-431.0,144621.0
1041,4492.0,-15452.0,-68.0,-3088.0,5332.0,4365.0,-414.0,144627.0
1042,4172.0,-15460.0,-280.0,-3056.0,5181.0,3964.0,-434.0,144633.0
1043,4132.0,-15504.0,-436.0,-3088.0,5018.0,3277.0,-412.0,144638.0
1044,4144.0,-15768.0,-864.0,-3088.0,4923.0,2794.0,-308.0,144645.0
1045,4488.0,-15904.0,-988.0,-3072.0,4846.0,2410.0,-213.0,144651.0
1046,4748.0,-15748.0,-932.0,-3104.0,4736.0,2142.0,-91.0,144657.0
1047,4916.0,-15788.0,-720.0,-3072.0,4604.0,2134.0,43.0,144663.0
1048,5092.0,-15836.0,-656.0,-3056.0,4519.0,2235.0,122.0,144669.0
1049,5292.0,-16016.0,-800.0,-3072.0,4472.0,2441.0,269.0,144674.0
1050,5212.0,-16120.0,-712.0,-3072.0,4526.0,2812.0,420.0,144680.0
1051,5272.0,-16356.0,-808.0,-3072.0,4600.0,3143.0,509.0,144687.0
1052,5444.0,-16552.0,-968.0,-3072.0,4789.0,3473.0,692.0,144693.0
1053,5616.0,-16476.0,-1148.0,-3040.0,4980.0,3708.0,831.0,144699.0
1054,6008.0,-16196.0,-1296.0,-3024.0,5193.0,3931.0,940.0,144705.0
1055,5364.0,-16032.0,-872.0,-3072.0,5340.0,3917.0,1196.0,144711.0
1056,5268.0,-15980.0,-700.0,-3072.0,5495.0,3797.0,1385.0,144717.0
1057,4960.0,-15956.0,-520.0,-3056.0,5566.0,3520.0,1461.0,144722.0
1058,4748.0,-15784.0,-408.0,-3072.0,5702.0,3258.0,1554.0,144729.0
1059,4720.0,-15832.0,-312.0,-3072.0,5831.0,2963.0,1558.0,144735.0
1060,4828.0,-15780.0,92.0,-3088.0,5896.0,2749.0,1618.0,144741.0
1061,4764.0,-15820.0,368.0,-3056.0,5867.0,2598.0,1671.0,144747.0
1062,4764.0,-15912.0,700.0,-3056.0,5873.0,2587.0,1735.0,144753.0
1063,4644.0,-16140.0,772.0,-3104.0,5870.0,2661.0,1738.0,144759.0
1064,4176.0,-15964.0,940.0,-3072.0,5823.0,2721.0,1839.0,144765.0
1065,4364.0,-16544.0,996.0,-3072.0,5787.0,2778.0,1757.0,144772.0
1066,4044.0,-16432.0,1108.0,-3088.0,5759.0,2774.0,1747.0,144777.0
1067,4500.0,-16368.0,936.0,-3088.0,5725.0,2795.0,1720.0,144783.0
1068,4172.0,-16380.0,1056.0,-3088.0,5733.0,2904.0,1757.0,144789.0
1069,4212.0,-16440.0,1280.0,-3072.0,5721.0,3030.0,1721.0,144795.0
1070,4392.0,-16332.0,1480.0,-3056.0,5654.0,3218.0,1744.0,144801.0
1071,4176.0,-16280.0,1636.0,-3072.0,5634.0,3313.0,1633.0,144807.0
1072,4392.0,-16340.0,1700.0,-3104.0,5607.0,3311.0,1664.0,144814.0
1073,4184.0,-16652.0,1868.0,-3120.0,5622.0,3478.0,1684.0,144820.0
1074,3976.0,-16792.0,1760.0,-3072.0,5683.0,3658.0,1707.0,144826.0
1075,3852.0,-16700.0,1728.0,-3072.0,5765.0,3677.0,1751.0,144832.0
1076,4144.0,-16784.0,1720.0,-3088.0,5881.0,3716.0,1722.0,144837.0
1077,4092.0,-16852.0,1712.0,-3072.0,5941.0,3741.0,1728.0,144843.0
1078,4480.0,-17216.0,1832.0,-3072.0,6061.0,3826.0,1664.0,144849.0
1079,4600.0,-17508.0,1808.0,-3088.0,6137.0,3964.0,1652.0,144856.0
1080,4428.0,-17108.0,1692.0,-3088.0,6217.0,4109.0,1746.0,144862.0
1081,4128.0,-17228.0,2096.0,-3104.0,6338.0,4414.0,1892.0,144868.0
1082,3608.0,-17556.0,2096.0,-3056.0,6481.0,4753.0,1943.0,144874.0
1083,3472.0,-17568.0,2012.0,-3072.0,6656.0,4939.0,2123.0,144880.0
1084,3176.0,-17620.0,1948.0,-3072.0,6880.0,5016.0,2271.0,144886.0
1085,2876.0,-17676.0,1848.0,-3088.0,7124.0,4929.0,2409.0,144892.0
1086,2884.0,-17900.0,2020.0,-3040.0,7440.0,4739.0,2497.0,144899.0
1087,3336.0,-17748.0,1736.0,-3088.0,7754.0,4491.0,2511.0,144905.0
1088,2312.0,-18292.0,1672.0,-3088.0,8102.0,4172.0,2926.0,144910.0
1089,4392.0,-16924.0,1816.0,-3040.0,8422.0,3823.0,3342.0,144916.0
1090,2172.0,-18156.0,2332.0,-3056.0,8715.0,3827.0,3374.0,144922.0
1091,2632.0,-18332.0,2596.0,-3088.0,9015.0,3239.0,3836.0,144928.0
1092,2988.0,-18212.0,2992.0,-3072.0,9258.0,2923.0,4038.0,144934.0
1093,3468.0,-18224.0,3136.0,-3088.0,9495.0,2631.0,4179.0,144941.0
1094,3500.0,-18560.0,3104.0,-3056.0,9727.0,2605.0,4335.0,144947.0
1095,3444.0,-18812.0,2984.0,-3072.0,9980.0,2736.0,4688.0,144953.0
1096,2832.0,-19020.0,3116.0,-3056.0,10218.0,2954.0,5076.0,144959.0
1097,1972.0,-19360.0,3312.0,-3072.0,10547.0,3101.0,5472.0,144965.0
1098,1272.0,-19656.0,3124.0,-3088.0,10845.0,3061.0,5850.0,144971.0
1099,604.0,-20008.0,3232.0,-3104.0,11196.0,2811.0,6189.0,144977.0
1100,744.0,-20332.0,3280.0,-3088.0,11562.0,2458.0,6572.0,144984.0
1101,1168.0,-20788.0,2884.0,-3056.0,11975.0,2145.0,6898.0,144989.0
1102,2244.0,-21052.0,3040.0,-3072.0,12382.0,1940.0,7116.0,144995.0
1103,3416.0,-21420.0,2792.0,-3088.0,12822.0,1797.0,7372.0,145001.0
1104,4432.0,-21720.0,2556.0,-3072.0,13288.0,1890.0,7622.0,145007.0
1105,5648.0,-22084.0,2412.0,-3088.0,13679.0,2264.0,7909.0,145013.0
1106,6492.0,-22448.0,2540.0,-3072.0,14161.0,2831.0,8232.0,145019.0
1107,7072.0,-22540.0,2312.0,-3072.0,14608.0,3622.0,8617.0,145026.0
1108,7008.0,-22884.0,2404.0,-3088.0,15038.0,4518.0,8952.0,145032.0
1109,5308.0,-23012.0,2868.0,-3088.0,15407.0,5556.0,9685.0,145038.0
1110,3188.0,-24532.0,4036.0,-3088.0,15524.0,5773.0,10658.0,145044.0
1111,3408.0,-26748.0,3612.0,-3040.0,15755.0,4965.0,11420.0,145050.0
1112,4884.0,-27580.0,3020.0,-3072.0,16297.0,4636.0,11767.0,145056.0
1113,5996.0,-26772.0,1888.0,-3088.0,16823.0,4787.0,11880.0,145062.0
1114,7136.0,-27368.0,1320.0,-3088.0,17405.0,5256.0,12080.0,145069.0
1115,8628.0,-29288.0,828.0,-3056.0,17955.0,6304.0,12221.0,145075.0
1116,10248.0,-30712.0,-584.0,-3072.0,18479.0,7464.0,12166.0,145081.0
1117,11900.0,-31376.0,-3176.0,-3056.0,18894.0,8552.0,11829.0,145087.0
1118,13172.0,-31632.0,-6136.0,-3088.0,18922.0,9936.0,11110.0,145093.0
1119,13848.0,-32768.0,-10528.0,-3088.0,18852.0,12124.0,10512.0,145099.0
1120,13428.0,-32768.0,-15000.0,-3072.0,18880.0,13962.0,10584.0,145106.0
1121,10820.0,-32388.0,-17360.0,-3088.0,18569.0,15197.0,11495.0,145113.0
1122,7912.0,-29208.0,-18572.0,-3104.0,17730.0,16265.0,12331.0,145119.0
1123,5508.0,-26940.0,-19764.0,-3056.0,16531.0,17232.0,12849.0,145125.0
1124,3128.0,-24028.0,-18904.0,-3088.0,15228.0,17009.0,13402.0,145131.0
1125,148.0,-19672.0,-13924.0,-3072.0,13820.0,15583.0,13813.0,145137.0
1126,-1796.0,-18096.0,-3032.0,-3072.0,13348.0,12287.0,14227.0,145143.0
1127,-3152.0,-18384.0,7836.0,-3072.0,13674.0,7672.0,14602.0,145150.0
1128,-3556.0,-19436.0,12020.0,-3072.0,13657.0,2478.0,14258.0,145157.0
1129,-3640.0,-20940.0,8404.0,-3072.0,12463.0,-3624.0,12769.0,145163.0
1130,-2792.0,-21040.0,3344.0,-3072.0,10593.0,-9859.0,10467.0,145169.0
1131,-724.0,-22056.0,-156.0,-3072.0,9246.0,-15081.0,8308.0,145175.0
1132,2104.0,-23088.0,-1560.0,-3056.0,8879.0,-17661.0,6702.0,145181.0
1133,4364.0,-24484.0,-1564.0,-3072.0,9032.0,-18275.0,5543.0,145187.0
1134,6120.0,-22848.0,-2732.0,-3024.0,9735.0,-17371.0,4790.0,145193.0
1135,7572.0,-18792.0,-3820.0,-3056.0,10455.0,-15293.0,4817.0,145200.0
1136,8916.0,-13236.0,-4756.0,-3056.0,10060.0,-11730.0,4980.0,145206.0
1137,10572.0,-7660.0,-4092.0,-3088.0,8234.0,-7018.0,4830.0,145212.0
1138,10708.0,-5736.0,-3252.0,-3040.0,6424.0,-2931.0,5006.0,145218.0
1139,11040.0,-4572.0,-2772.0,-3088.0,4368.0,862.0,4994.0,145224.0
1140,11208.0,-4120.0,-2116.0,-3088.0,2546.0,3980.0,4489.0,145230.0
1141,10688.0,-3876.0,-1124.0,-3072.0,924.0,6861.0,3759.0,145236.0
1142,9408.0,-3524.0,-188.0,-3088.0,-656.0,9244.0,3180.0,145243.0
1143,6672.0,-3148.0,940.0,-3088.0,-2127.0,10575.0,2677.0,145248.0
1144,3932.0,-2584.0,860.0,-3088.0,-3729.0,11014.0,2374.0,145254.0
1145,1876.0,-2668.0,588.0,-3072.0,-5451.0,10847.0,2011.0,145260.0
1146,584.0,-2672.0,-12.0,-3056.0,-6945.0,10035.0,1416.0,145266.0
1147,-76.0,-2448.0,-1080.0,-3072.0,-8314.0,8544.0,641.0,145272.0
1148,-132.0,-2380.0,-1896.0,-3072.0,-9611.0,6668.0,-456.0,145278.0
1149,1264.0,-4396.0,1648.0,-3040.0,-9809.0,4885.0,-1924.0,145284.0
1150,588.0,-4716.0,-3104.0,-3072.0,-9374.0,3205.0,-2930.0,145290.0
1151,-1556.0,-4296.0,-4592.0,-3056.0,-11202.0,2988.0,-3411.0,145296.0
1152,-4632.0,-2884.0,-6632.0,-3072.0,-13019.0,3287.0,-3542.0,145302.0
1153,-3172.0,-1956.0,-7856.0,-3088.0,-14972.0,2461.0,-4478.0,145308.0
1154,104.0,-1280.0,-7192.0,-3072.0,-16884.0,-415.0,-6138.0,145314.0
1155,2968.0,-564.0,-7184.0,-3072.0,-19221.0,-1752.0,-8005.0,145320.0
1156,3548.0,-552.0,-8592.0,-3056.0,-21600.0,-1754.0,-9438.0,145327.0
1157,3620.0,-2124.0,-8880.0,-3056.0,-23447.0,-2287.0,-10308.0,145333.0
1158,3924.0,-3312.0,-8256.0,-3088.0,-24953.0,-3264.0,-10602.0,145339.0
1159,3976.0,-5040.0,-6724.0,-3056.0,-25922.0,-3898.0,-10367.0,145345.0
1160,3812.0,-6852.0,-4568.0,-3040.0,-26465.0,-4348.0,-9988.0,145351.0
1161,3176.0,-7928.0,-3436.0,-3088.0,-27247.0,-4392.0,-9634.0,145357.0
1162,2288.0,-8672.0,-3104.0,-3056.0,-28409.0,-3762.0,-9559.0,145363.0
1163,1780.0,-9416.0,-3036.0,-3056.0,-29813.0,-2765.0,-9986.0,145370.0
1164,1900.0,-10136.0,-3472.0,-3056.0,-31330.0,-1772.0,-10974.0,145376.0
1165,3712.0,-10076.0,-2168.0,-3088.0,-32768.0,-447.0,-12225.0,145382.0
1166,2768.0,-12876.0,-3280.0,-3088.0,-32768.0,-999.0,-13348.0,145388.0
1167,2864.0,-14472.0,-3168.0,-3072.0,-32768.0,-882.0,-13952.0,145394.0
1168,2820.0,-15616.0,-2456.0,-3088.0,-32768.0,-733.0,-14319.0,145401.0
1169,2484.0,-16868.0,-1956.0,-3040.0,-32768.0,-741.0,-14503.0,145408.0
1170,2340.0,-17996.0,-984.0,-3056.0,-32768.0,-801.0,-14659.0,145414.0
1171,2328.0,-19036.0,-452.0,-3072.0,-32768.0,-871.0,-14816.0,145420.0
1172,2252.0,-20548.0,116.0,-3088.0,-32768.0,-942.0,-15066.0,145426.0
1173,2508.0,-22264.0,676.0,-3072.0,-32768.0,-1038.0,-15348.0,145432.0
1174,2612.0,-23780.0,908.0,-3088.0,-32768.0,-1159.0,-15623.0,145439.0
1175,2392.0,-25116.0,1592.0,-3056.0,-32768.0,-1294.0,-15946.0,145445.0
1176,2096.0,-26348.0,1740.0,-3088.0,-32768.0,-1530.0,-16307.0,145452.0
1177,1544.0,-27452.0,2456.0,-3104.0,-32768.0,-2034.0,-16675.0,145458.0
1178,928.0,-28844.0,3600.0,-3088.0,-32768.0,-2797.0,-17098.0,145464.0
1179,412.0,-29608.0,4504.0,-3072.0,-32768.0,-3919.0,-17605.0,145471.0
1180,-100.0,-30284.0,5348.0,-3072.0,-32768.0,-5336.0,-18126.0,145477.0
1181,-900.0,-31276.0,6392.0,-3104.0,-32768.0,-6964.0,-18611.0,145483.0
1182,-1216.0,-32388.0,7512.0,-3056.0,-32768.0,-8770.0,-18917.0,145489.0
1183,-1280.0,-32768.0,9072.0,-3056.0,-32768.0,-10615.0,-19125.0,145496.0
1184,-24.0,-32768.0,10268.0,-3088.0,-32768.0,-11748.0,-19164.0,145503.0
1185,2156.0,-32768.0,10800.0,-3088.0,-32768.0,-11668.0,-18705.0,145509.0
1186,3408.0,-32768.0,11244.0,-3072.0,-32768.0,-10670.0,-17851.0,145516.0
1187,3488.0,-32768.0,12276.0,-3072.0,-31658.0,-9294.0,-16900.0,145522.0
1188,3384.0,-32768.0,13228.0,-3072.0,-30092.0,-8384.0,-15812.0,145528.0
1189,3692.0,-32768.0,14780.0,-3072.0,-28419.0,-7628.0,-14498.0,145536.0
1190,4956.0,-32768.0,16800.0,-3072.0,-26481.0,-6619.0,-13075.0,145542.0
1191,6812.0,-32120.0,19396.0,-3072.0,-24376.0,-5025.0,-11885.0,145548.0
1192,8288.0,-31300.0,22204.0,-3072.0,-22216.0,-2718.0,-11284.0,145554.0
1193,9288.0,-29788.0,25164.0,-3072.0,-20172.0,391.0,-11095.0,145561.0
1194,8968.0,-29024.0,27020.0,-3088.0,-18083.0,4151.0,-11069.0,145567.0
1195,7040.0,-29052.0,28184.0,-3088.0,-15765.0,8000.0,-10887.0,145573.0
1196,2156.0,-28600.0,28904.0,-3056.0,-12937.0,11448.0,-9761.0,145580.0
1197,-2740.0,-25060.0,28100.0,-3072.0,-9971.0,13876.0,-7654.0,145587.0
1198,-13604.0,-26536.0,31884.0,-3088.0,-6097.0,13829.0,-2771.0,145593.0
1199,-10580.0,-25980.0,30188.0,-3056.0,-1727.0,13569.0,-205.0,145599.0
1200,-20936.0,-24096.0,30820.0,-3056.0,2095.0,11657.0,-339.0,145605.0
1201,-23896.0,-24316.0,29944.0,-3056.0,5366.0,7267.0,1452.0,145611.0
1202,-22120.0,-24632.0,28220.0,-3024.0,8547.0,1954.0,2746.0,145618.0
1203,-18808.0,-24012.0,25972.0,-3088.0,11218.0,-2735.0,3456.0,145625.0
1204,-14812.0,-22732.0,23596.0,-3072.0,13375.0,-6114.0,3576.0,145631.0
1205,-12952.0,-21420.0,21324.0,-3056.0,15283.0,-8488.0,3393.0,145637.0
1206,-12308.0,-20100.0,19212.0,-3088.0,16838.0,-10511.0,3417.0,145643.0
1207,-12316.0,-17564.0,13696.0,-3056.0,17607.0,-12860.0,3941.0,145650.0
1208,-7320.0,4.0,-32768.0,-3088.0,11427.0,-15841.0,2909.0,145656.0
1209,32767.0,13500.0,-32768.0,-3088.0,-15808.0,-13640.0,-11156.0,145662.0
1210,32767.0,-32768.0,-32768.0,-3072.0,-5761.0,-25348.0,-28186.0,145669.0
1211,17700.0,-32768.0,-7816.0,-3072.0,18794.0,-32021.0,7078.0,145676.0
1212,-1816.0,-32768.0,24332.0,-3088.0,19647.0,1661.0,19781.0,145682.0
1213,-29964.0,-32768.0,32767.0,-3088.0,22927.0,16239.0,17151.0,145688.0
1214,-30060.0,-32768.0,32767.0,-3088.0,22695.0,8656.0,6061.0,145694.0
1215,-30268.0,-32768.0,4848.0,-3056.0,17244.0,-10479.0,-4499.0,145701.0
1216,-12596.0,-22116.0,-21164.0,-3104.0,16044.0,-23804.0,-4344.0,145708.0
1217,19460.0,-8812.0,-8524.0,-3088.0,19142.0,-26784.0,-213.0,145714.0
1218,27932.0,3548.0,6840.0,-3104.0,16885.0,-17657.0,-3045.0,145720.0
1219,13132.0,-5048.0,7252.0,-3088.0,14127.0,-9502.0,-1319.0,145727.0
1220,7128.0,-10664.0,760.0,-3056.0,12240.0,-7407.0,1072.0,145733.0
1221,12636.0,-12164.0,-2404.0,-3040.0,11325.0,-10551.0,-348.0,145739.0
1222,12916.0,-16492.0,-848.0,-3056.0,11867.0,-11599.0,-717.0,145745.0
1223,11416.0,-20612.0,520.0,-3072.0,12454.0,-6476.0,2206.0,145752.0
1224,8916.0,-21868.0,532.0,-3088.0,12725.0,934.0,3692.0,145758.0
1225,4056.0,-21760.0,-40.0,-3088.0,12990.0,5971.0,3779.0,145764.0
1226,-716.0,-18884.0,-304.0,-3072.0,13011.0,7471.0,2758.0,145770.0
1227,-2144.0,-16468.0,-784.0,-3088.0,12250.0,5924.0,1228.0,145776.0
1228,-676.0,-15124.0,-704.0,-3072.0,11252.0,3280.0,506.0,145782.0
1229,1788.0,-14876.0,40.0,-3104.0,10532.0,2076.0,404.0,145787.0
1230,3076.0,-14848.0,744.0,-3072.0,9900.0,2247.0,508.0,145794.0
1231,2640.0,-14316.0,268.0,-3072.0,9133.0,2851.0,391.0,145800.0
1232,2008.0,-13772.0,-200.0,-3072.0,8409.0,3478.0,-157.0,145806.0
1233,1256.0,-14132.0,-492.0,-3072.0,7806.0,3603.0,-975.0,145812.0
1234,388.0,-14960.0,108.0,-3040.0,7274.0,3064.0,-1533.0,145818.0
1235,284.0,-15848.0,60.0,-3056.0,6810.0,1884.0,-1719.0,145823.0
1236,984.0,-16624.0,-608.0,-3072.0,6496.0,625.0,-1853.0,145829.0
1237,1908.0,-16272.0,-976.0,-3072.0,6351.0,-409.0,-2164.0,145836.0
1238,3032.0,-15840.0,-848.0,-3072.0,6243.0,-1169.0,-2521.0,145842.0
1239,4544.0,-15852.0,-316.0,-3056.0,6160.0,-1440.0,-2660.0,145848.0
1240,6020.0,-16132.0,-440.0,-3072.0,6075.0,-493.0,-2452.0,145854.0
1241,6912.0,-15940.0,-652.0,-3104.0,5992.0,1246.0,-2182.0,145860.0
1242,6812.0,-15404.0,-656.0,-3088.0,5812.0,2903.0,-1898.0,145866.0
1243,6048.0,-14972.0,-1168.0,-3088.0,5553.0,3845.0,-1629.0,145871.0
1244,5400.0,-14828.0,-1272.0,-3072.0,5335.0,4058.0,-1366.0,145878.0
1245,5032.0,-14632.0,-1272.0,-3088.0,5035.0,3536.0,-1141.0,145884.0
1246,4916.0,-14552.0,-888.0,-3104.0,4650.0,2745.0,-947.0,145890.0
1247,5132.0,-14652.0,-724.0,-3072.0,4271.0,2078.0,-830.0,145896.0
1248,5512.0,-15232.0,-832.0,-3088.0,3976.0,1549.0,-600.0,145902.0
1249,5984.0,-15396.0,-1064.0,-3088.0,3746.0,1451.0,-313.0,145908.0
1250,6752.0,-15608.0,-936.0,-3088.0,3498.0,1904.0,70.0,145914.0
1251,6140.0,-15680.0,-1120.0,-3056.0,3368.0,2728.0,243.0,145921.0
1252,5452.0,-15924.0,-1172.0,-3072.0,3338.0,3594.0,451.0,145926.0
1253,4324.0,-16240.0,-864.0,-3104.0,3337.0,4227.0,491.0,145932.0
1254,3364.0,-16408.0,-720.0,-3104.0,3396.0,4341.0,398.0,145938.0
1255,2976.0,-16736.0,-860.0,-3104.0,3491.0,3943.0,288.0,145944.0
1256,3372.0,-16804.0,-980.0,-3088.0,3632.0,3256.0,170.0,145950.0
1257,4052.0,-16744.0,-1428.0,-3088.0,3826.0,2778.0,193.0,145956.0
1258,5028.0,-16304.0,-1436.0,-3088.0,4084.0,2594.0,308.0,145963.0
1259,5760.0,-16036.0,-1280.0,-3072.0,4262.0,2601.0,496.0,145969.0
1260,6064.0,-15848.0,-1072.0,-3072.0,4445.0,2748.0,720.0,145974.0
1261,6036.0,-15696.0,-1036.0,-3088.0,4607.0,2931.0,938.0,145980.0
1262,5756.0,-15748.0,-932.0,-3088.0,4765.0,3152.0,1047.0,145986.0
1263,5320.0,-16056.0,-700.0,-3072.0,4934.0,3299.0,1182.0,145992.0
1264,5224.0,-15912.0,-508.0,-3104.0,5030.0,3293.0,1275.0,145998.0
1265,5232.0,-15892.0,-424.0,-3088.0,5132.0,3211.0,1419.0,146004.0
1266,5044.0,-15880.0,-172.0,-3088.0,5177.0,3145.0,1495.0,146011.0
1267,4832.0,-15716.0,116.0,-3072.0,5226.0,3154.0,1650.0,146017.0
1268,4432.0,-15916.0,352.0,-3072.0,5291.0,3077.0,1650.0,146023.0
1269,4000.0,-15904.0,500.0,-3088.0,5284.0,2832.0,1709.0,146028.0
1270,3696.0,-15768.0,796.0,-3088.0,5288.0,2569.0,1717.0,146034.0
1271,3504.0,-15924.0,848.0,-3072.0,5293.0,2303.0,1653.0,146040.0
1272,3488.0,-16008.0,880.0,-3104.0,5293.0,2081.0,1630.0,146046.0
1273,3612.0,-16100.0,1020.0,-3040.0,5212.0,1895.0,1615.0,146053.0
1274,3724.0,-16312.0,1024.0,-3056.0,5145.0,1787.0,1598.0,146059.0
1275,3576.0,-16388.0,1092.0,-3056.0,5131.0,1727.0,1604.0,146065.0
1276,3660.0,-16228.0,1116.0,-3072.0,5118.0,1668.0,1546.0,146071.0
1277,3616.0,-16016.0,1340.0,-3088.0,5088.0,1539.0,1539.0,146077.0
1278,3776.0,-15924.0,1572.0,-3088.0,5077.0,1479.0,1504.0,146083.0
1279,3972.0,-15832.0,1460.0,-3072.0,5027.0,1467.0,1500.0,146088.0
1280,4128.0,-15912.0,1548.0,-3088.0,5001.0,1532.0,1498.0,146095.0
1281,4144.0,-15940.0,1372.0,-3088.0,5031.0,1710.0,1471.0,146101.0
1282,4096.0,-16000.0,1276.0,-3072.0,5083.0,1892.0,1469.0,146107.0
1283,4028.0,-15788.0,1508.0,-3088.0,5100.0,2000.0,1425.0,146113.0
1284,3956.0,-15856.0,1512.0,-3072.0,5148.0,2027.0,1475.0,146119.0
1285,4072.0,-16076.0,1720.0,-3072.0,5214.0,2000.0,1507.0,146125.0
1286,4224.0,-16116.0,1424.0,-3088.0,5331.0,2033.0,1517.0,146131.0
1287,4604.0,-16240.0,1432.0,-3072.0,5475.0,2017.0,1564.0,146138.0
1288,4908.0,-16504.0,1412.0,-3104.0,5630.0,2074.0,1697.0,146144.0
1289,5208.0,-16856.0,1012.0,-3088.0,5830.0,2245.0,1827.0,146150.0
1290,5396.0,-17020.0,1012.0,-3072.0,6132.0,2438.0,2004.0,146156.0
1291,5348.0,-16900.0,944.0,-3104.0,6412.0,2543.0,2233.0,146161.0
1292,5568.0,-17136.0,896.0,-3088.0,6740.0,2709.0,2393.0,146167.0
1293,5492.0,-17116.0,1060.0,-3088.0,7097.0,2831.0,2638.0,146173.0
1294,5100.0,-17076.0,1116.0,-3088.0,7428.0,2932.0,2838.0,146180.0
1295,5016.0,-17472.0,1696.0,-3104.0,7765.0,3063.0,2991.0,146186.0
1296,4636.0,-17184.0,1472.0,-3120.0,8020.0,2844.0,3097.0,146192.0
1297,4660.0,-18020.0,2384.0,-3072.0,8243.0,2876.0,3357.0,146198.0
1298,4480.0,-17292.0,2436.0,-3072.0,8501.0,2859.0,3457.0,146204.0
1299,2580.0,-18620.0,1636.0,-3056.0,8838.0,2863.0,4454.0,146210.0
1300,4984.0,-17072.0,2640.0,-3072.0,8950.0,3453.0,3963.0,146216.0
1301,3084.0,-18008.0,2996.0,-3088.0,9127.0,3634.0,4466.0,146222.0
1302,4328.0,-18048.0,2512.0,-3088.0,9423.0,3227.0,4751.0,146228.0
1303,3660.0,-17964.0,2504.0,-3072.0,9626.0,3072.0,4853.0,146234.0
1304,4112.0,-18204.0,2652.0,-3056.0,9854.0,2869.0,4775.0,146240.0
1305,4548.0,-18576.0,2856.0,-3088.0,10088.0,2756.0,5105.0,146246.0
1306,5284.0,-19208.0,3196.0,-3072.0,10415.0,2973.0,5488.0,146252.0
1307,5420.0,-19860.0,3240.0,-3088.0,10725.0,3397.0,5881.0,146258.0
1308,5928.0,-20136.0,2760.0,-3104.0,11022.0,3922.0,6077.0,146265.0
1309,6208.0,-20812.0,2484.0,-3088.0,11374.0,4475.0,6400.0,146271.0
1310,5936.0,-21804.0,2316.0,-3088.0,11707.0,5161.0,6739.0,146277.0
1311,4612.0,-22720.0,2920.0,-3072.0,12039.0,5870.0,7324.0,146283.0
1312,2796.0,-24096.0,4308.0,-3088.0,12291.0,5932.0,8243.0,146289.0
1313,2528.0,-25828.0,4624.0,-3088.0,12584.0,5212.0,8815.0,146295.0
1314,3944.0,-26108.0,2440.0,-3088.0,13086.0,4691.0,8806.0,146301.0
1315,4556.0,-25272.0,1212.0,-3104.0,13558.0,4715.0,8616.0,146308.0
1316,4580.0,-25536.0,1868.0,-3056.0,14112.0,5252.0,8816.0,146314.0
1317,4224.0,-26280.0,2752.0,-3072.0,14652.0,6055.0,9117.0,146320.0
1318,2928.0,-26996.0,1964.0,-3056.0,15211.0,6805.0,9474.0,146326.0
1319,1828.0,-27384.0,1204.0,-3072.0,15837.0,6935.0,9754.0,146332.0
1320,1440.0,-27804.0,1232.0,-3120.0,16431.0,6565.0,10010.0,146338.0
1321,2292.0,-28792.0,1116.0,-3056.0,16965.0,6024.0,10015.0,146344.0
1322,4140.0,-29500.0,588.0,-3040.0,17529.0,5616.0,9751.0,146351.0
1323,6652.0,-29480.0,464.0,-3088.0,17922.0,5495.0,9291.0,146357.0
1324,9296.0,-30056.0,-604.0,-3072.0,18173.0,6503.0,8832.0,146362.0
1325,11152.0,-32152.0,-272.0,-3088.0,18854.0,8003.0,8575.0,146368.0
1326,10884.0,-32500.0,-2900.0,-3104.0,19177.0,9773.0,9066.0,146374.0
1327,10636.0,-31428.0,-6568.0,-3056.0,19189.0,11240.0,9184.0,146380.0
1328,9760.0,-28496.0,-10580.0,-3072.0,18759.0,12261.0,9311.0,146387.0
1329,9152.0,-25660.0,-14100.0,-3104.0,17924.0,13081.0,9251.0,146394.0
1330,8220.0,-22544.0,-16172.0,-3104.0,16839.0,13322.0,9030.0,146400.0
1331,6464.0,-18816.0,-16168.0,-3104.0,15524.0,12747.0,8765.0,146406.0
1332,4628.0,-16116.0,-14892.0,-3088.0,14049.0,11327.0,8513.0,146412.0
1333,3608.0,-13156.0,-13324.0,-3088.0,12270.0,9444.0,8102.0,146418.0
1334,3604.0,-10696.0,-9316.0,-3056.0,10633.0,7326.0,7801.0,146424.0
1335,4968.0,-10284.0,-972.0,-3072.0,9834.0,5597.0,7329.0,146430.0
1336,5700.0,-11948.0,5392.0,-3040.0,9777.0,4698.0,6732.0,146437.0
1337,5376.0,-14908.0,11220.0,-3088.0,10432.0,4423.0,6042.0,146443.0
1338,3376.0,-16948.0,11552.0,-3056.0,11014.0,4644.0,5262.0,146449.0
1339,1012.0,-17508.0,10116.0,-3088.0,11050.0,4680.0,4511.0,146455.0
1340,412.0,-16916.0,8684.0,-3072.0,10925.0,4216.0,3766.0,146461.0
1341,1476.0,-14188.0,4176.0,-3056.0,9975.0,3558.0,2823.0,146467.0
1342,4676.0,-12860.0,4332.0,-3088.0,9558.0,3855.0,1691.0,146473.0
1343,8204.0,-9356.0,-692.0,-3088.0,8557.0,6525.0,1160.0,146480.0
1344,9040.0,-5612.0,-3972.0,-3056.0,6468.0,9817.0,414.0,146486.0
1345,6828.0,-3892.0,-5812.0,-3088.0,4107.0,12781.0,6.0,146491.0
1346,5112.0,-3300.0,-6992.0,-3072.0,2112.0,14506.0,-105.0,146497.0
1347,3812.0,-2076.0,-7964.0,-3104.0,195.0,14924.0,-162.0,146503.0
1348,2264.0,-1476.0,-8376.0,-3088.0,-1636.0,14474.0,-301.0,146509.0
1349,276.0,-2116.0,-7336.0,-3056.0,-2982.0,13921.0,-367.0,146515.0
1350,-1688.0,-3208.0,-5864.0,-3088.0,-3875.0,13494.0,-454.0,146522.0
1351,-2564.0,-3536.0,-5288.0,-3072.0,-4843.0,12837.0,-784.0,146528.0
1352,-2396.0,-3280.0,-4920.0,-3088.0,-6088.0,11737.0,-1567.0,146533.0
1353,-1660.0,-2972.0,-4244.0,-3104.0,-7474.0,10251.0,-2656.0,146539.0
1354,-604.0,-2724.0,-3904.0,-3056.0,-8915.0,8512.0,-3905.0,146545.0
1355,448.0,-2612.0,-3596.0,-3088.0,-10342.0,6712.0,-5174.0,146551.0
1356,1380.0,-2720.0,-3060.0,-3072.0,-11684.0,5194.0,-6414.0,146557.0
1357,2368.0,-2828.0,-3160.0,-3088.0,-13002.0,4275.0,-7478.0,146564.0
1358,3468.0,-2808.0,-3192.0,-3072.0,-14515.0,4177.0,-8363.0,146570.0
1359,4276.0,-3100.0,-3488.0,-3088.0,-16117.0,4812.0,-9038.0,146576.0
1360,4892.0,-4092.0,-3500.0,-3072.0,-17586.0,5783.0,-9790.0,146582.0
1361,4712.0,-5116.0,-3744.0,-3056.0,-19007.0,6835.0,-10561.0,146588.0
1362,4108.0,-6396.0,-4128.0,-3056.0,-20297.0,7651.0,-11291.0,146594.0
1363,3052.0,-7604.0,-3916.0,-3072.0,-21240.0,7961.0,-11850.0,146600.0
1364,1732.0,-8616.0,-3320.0,-3056.0,-21857.0,7868.0,-12323.0,146607.0
1365,-108.0,-9196.0,-2828.0,-3024.0,-22479.0,7399.0,-12680.0,146613.0
1366,-1444.0,-9720.0,-2056.0,-3072.0,-23198.0,6427.0,-12977.0,146619.0
1367,-2456.0,-10508.0,-1604.0,-3072.0,-23917.0,5063.0,-13249.0,146625.0
1368,-2568.0,-11440.0,-1064.0,-3040.0,-24783.0,3723.0,-13691.0,146631.0
1369,-2204.0,-13000.0,-704.0,-3088.0,-25701.0,2599.0,-14236.0,146637.0
1370,-1492.0,-15036.0,-252.0,-3088.0,-26447.0,1831.0,-14756.0,146643.0
1371,-996.0,-16804.0,628.0,-3120.0,-26926.0,1465.0,-15097.0,146650.0
1372,-1124.0,-17824.0,1444.0,-3104.0,-27202.0,1300.0,-15348.0,146656.0
1373,-1912.0,-18424.0,2172.0,-3072.0,-27431.0,908.0,-15553.0,146662.0
1374,-3256.0,-19024.0,2664.0,-3056.0,-27589.0,12.0,-15793.0,146668.0
1375,-4296.0,-19480.0,3136.0,-3088.0,-27647.0,-1516.0,-15986.0,146675.0
1376,-4920.0,-19904.0,3136.0,-3088.0,-27678.0,-3724.0,-16159.0,146681.0
1377,-5136.0,-20780.0,3564.0,-3088.0,-27640.0,-6310.0,-16370.0,146688.0
1378,-4428.0,-21272.0,3868.0,-3088.0,-27702.0,-8666.0,-16504.0,146694.0
1379,-3496.0,-22108.0,4164.0,-3088.0,-27705.0,-10701.0,-16769.0,146701.0
1380,-2572.0,-22556.0,4276.0,-3088.0,-27709.0,-12449.0,-17083.0,146707.0
1381,-1416.0,-22744.0,4352.0,-3104.0,-27931.0,-14194.0,-17458.0,146714.0
1382,-572.0,-23384.0,4276.0,-3072.0,-28153.0,-15522.0,-17881.0,146720.0
1383,-64.0,-24040.0,4288.0,-3072.0,-28309.0,-16479.0,-18159.0,146726.0
1384,56.0,-24868.0,4436.0,-3088.0,-28367.0,-17315.0,-18300.0,146733.0
1385,404.0,-25496.0,4960.0,-3072.0,-28329.0,-18156.0,-18485.0,146740.0
1386,732.0,-26192.0,5524.0,-3088.0,-28151.0,-18972.0,-18668.0,146746.0
1387,1668.0,-26784.0,6628.0,-3040.0,-27760.0,-19600.0,-18739.0,146752.0
1388,2852.0,-26768.0,7268.0,-3072.0,-27379.0,-19788.0,-18765.0,146758.0
1389,4748.0,-26364.0,7340.0,-3072.0,-27119.0,-19290.0,-18515.0,146765.0
1390,7168.0,-25564.0,6208.0,-3072.0,-27133.0,-17569.0,-17953.0,146771.0
1391,9896.0,-25428.0,5416.0,-3072.0,-27292.0,-14645.0,-16895.0,146778.0
1392,10884.0,-27596.0,6908.0,-3072.0,-26605.0,-11793.0,-15381.0,146785.0
1393,10416.0,-30296.0,10296.0,-3088.0,-25222.0,-8228.0,-13693.0,146791.0
1394,10252.0,-31112.0,13192.0,-3088.0,-23762.0,-3981.0,-12405.0,146797.0
1395,10932.0,-30680.0,15528.0,-3104.0,-22362.0,988.0,-11488.0,146804.0
1396,12024.0,-29140.0,16364.0,-3088.0,-21219.0,6182.0,-10813.0,146810.0
1397,13416.0,-27416.0,16900.0,-3056.0,-20000.0,11423.0,-10518.0,146817.0
1398,13828.0,-27532.0,17760.0,-3104.0,-18283.0,16708.0,-10311.0,146824.0
1399,11824.0,-27624.0,17960.0,-3072.0,-16312.0,22043.0,-9938.0,146830.0
1400,7084.0,-29048.0,18632.0,-3104.0,-14054.0,27428.0,-8878.0,146836.0
1401,20.0,-26436.0,18272.0,-3072.0,-12149.0,31443.0,-6761.0,146843.0
1402,960.0,-24564.0,15816.0,-3088.0,-9917.0,32767.0,-4912.0,146849.0
1403,-9924.0,-23536.0,14856.0,-3056.0,-7555.0,32767.0,-6901.0,146855.0
1404,-17732.0,-21624.0,15240.0,-3056.0,-5639.0,32767.0,-3267.0,146862.0
1405,-18064.0,-21444.0,14452.0,-3072.0,-3393.0,32431.0,-1385.0,146868.0
1406,-18260.0,-21296.0,15408.0,-3072.0,-1324.0,28499.0,58.0,146875.0
1407,-14812.0,-22356.0,16124.0,-3072.0,860.0,25385.0,1513.0,146881.0
1408,-13708.0,-23120.0,17620.0,-3072.0,3206.0,22744.0,1975.0,146887.0
1409,-12364.0,-23144.0,15628.0,-3088.0,5581.0,19852.0,871.0,146893.0
1410,-17304.0,-21460.0,12004.0,-3056.0,6990.0,15862.0,3623.0,146899.0
1411,-17956.0,-20112.0,9192.0,-3056.0,8084.0,12857.0,5262.0,146906.0
1412,-24836.0,-18936.0,3684.0,-3088.0,8669.0,9570.0,5777.0,146912.0
1413,-32088.0,-17400.0,-5768.0,-3072.0,7948.0,4757.0,7001.0,146918.0
1414,-29780.0,-17036.0,-18348.0,-3072.0,5829.0,-291.0,5802.0,146924.0
1415,-13704.0,-17528.0,-24768.0,-3056.0,2797.0,-6455.0,305.0,146930.0
1416,2952.0,-23644.0,-23812.0,-3088.0,1579.0,-13300.0,-5793.0,146936.0
1417,10004.0,-32768.0,-11924.0,-3072.0,4103.0,-21639.0,-8067.0,146944.0
1418,5288.0,-32768.0,2552.0,-3072.0,9382.0,-26603.0,-4037.0,146950.0
1419,2156.0,-32768.0,13768.0,-3104.0,13867.0,-23095.0,465.0,146956.0
1420,-2712.0,-25768.0,13924.0,-3072.0,14133.0,-15217.0,2407.0,146962.0
1421,-5744.0,-16864.0,4716.0,-3088.0,10460.0,-8977.0,2632.0,146968.0
1422,1004.0,-12852.0,-3904.0,-3088.0,7607.0,-7871.0,365.0,146974.0
1423,11932.0,-10544.0,-5876.0,-3104.0,6858.0,-9741.0,-1457.0,146980.0
1424,22104.0,-7652.0,-3300.0,-3104.0,6627.0,-10330.0,-1052.0,146987.0
1425,25072.0,-6600.0,-1732.0,-3088.0,5964.0,-6511.0,391.0,146994.0
1426,22676.0,-7700.0,-1564.0,-3088.0,5106.0,114.0,2650.0,146999.0
1427,17712.0,-10332.0,-1884.0,-3072.0,4642.0,5370.0,4190.0,147005.0
1428,10688.0,-12388.0,-988.0,-3120.0,4132.0,8268.0,4745.0,147011.0
1429,3508.0,-13748.0,268.0,-3104.0,3309.0,9613.0,4469.0,147017.0
1430,-2060.0,-15556.0,400.0,-3088.0,2676.0,9604.0,3391.0,147023.0
1431,-5540.0,-18020.0,-408.0,-3056.0,2542.0,7884.0,2129.0,147030.0
1432,-5820.0,-19792.0,-1952.0,-3072.0,2854.0,4196.0,1073.0,147036.0
1433,-3464.0,-19844.0,-2848.0,-3056.0,3298.0,-121.0,362.0,147042.0
1434,60.0,-18624.0,-3356.0,-3056.0,3650.0,-3107.0,-32.0,147048.0
1435,2904.0,-17248.0,-2992.0,-3120.0,3912.0,-4488.0,-472.0,147054.0
1436,4296.0,-15256.0,-2756.0,-3088.0,3876.0,-5187.0,-982.0,147060.0
1437,5132.0,-13804.0,-2360.0,-3104.0,3665.0,-5462.0,-1181.0,147065.0
1438,6088.0,-13392.0,-1992.0,-3088.0,3382.0,-5253.0,-1187.0,147072.0
1439,7088.0,-13704.0,-1788.0,-3072.0,3146.0,-4401.0,-1140.0,147078.0
1440,7868.0,-14116.0,-2136.0,-3120.0,2949.0,-3188.0,-1062.0,147084.0
1441,8576.0,-14340.0,-2540.0,-3088.0,2765.0,-1920.0,-914.0,147090.0
1442,8352.0,-14972.0,-2828.0,-3104.0,2676.0,-773.0,-726.0,147096.0
1443,7116.0,-15660.0,-2704.0,-3088.0,2706.0,98.0,-534.0,147102.0
1444,5372.0,-16304.0,-2796.0,-3072.0,2881.0,689.0,-468.0,147108.0
1445,4188.0,-16472.0,-2748.0,-3088.0,3112.0,938.0,-667.0,147115.0
1446,3756.0,-16544.0,-2400.0,-3088.0,3345.0,871.0,-965.0,147121.0
1447,4032.0,-16484.0,-2444.0,-3056.0,3531.0,596.0,-1210.0,147127.0
1448,4948.0,-16308.0,-2536.0,-3104.0,3708.0,239.0,-1364.0,147133.0
1449,6088.0,-16016.0,-2344.0,-3088.0,3814.0,91.0,-1361.0,147138.0
