id,AcX,AcY,AcZ,Tmp,GyX,GyY,GyZ,Timer
0,5952.0,-23252.0,-3264.0,-2400.0,-32768.0,-8075.0,-6783.0,10096.0
1,6324.0,-24312.0,-2736.0,-2400.0,-32768.0,-6697.0,-6719.0,10102.0
2,6012.0,-24920.0,-1856.0,-2352.0,-32768.0,-5610.0,-6764.0,10108.0
3,5676.0,-25088.0,-1296.0,-2384.0,-32768.0,-4874.0,-6929.0,10115.0
4,5444.0,-25380.0,-580.0,-2368.0,-32768.0,-4332.0,-7288.0,10121.0
5,5012.0,-25844.0,108.0,-2368.0,-32467.0,-3788.0,-7703.0,10127.0
6,4348.0,-26216.0,668.0,-2352.0,-31954.0,-3398.0,-8120.0,10133.0
7,3456.0,-26536.0,1764.0,-2384.0,-31251.0,-3213.0,-8422.0,10139.0
8,2684.0,-26628.0,2916.0,-2384.0,-30446.0,-3039.0,-8620.0,10145.0
9,2548.0,-26564.0,3332.0,-2400.0,-29649.0,-3034.0,-8768.0,10151.0
10,2928.0,-26452.0,3784.0,-2368.0,-28743.0,-2937.0,-8681.0,10158.0
11,3656.0,-26452.0,4328.0,-2368.0,-27704.0,-2515.0,-8459.0,10164.0
12,4328.0,-26800.0,5292.0,-2400.0,-26471.0,-1652.0,-8041.0,10170.0
13,4864.0,-26860.0,6264.0,-2368.0,-25112.0,-511.0,-7508.0,10176.0
14,4972.0,-26452.0,7676.0,-2400.0,-23628.0,727.0,-6941.0,10182.0
15,4980.0,-25964.0,9088.0,-2384.0,-22113.0,2136.0,-6431.0,10188.0
16,5000.0,-25780.0,10252.0,-2368.0,-20455.0,3705.0,-6079.0,10194.0
17,4892.0,-25220.0,10916.0,-2384.0,-18741.0,5208.0,-5827.0,10201.0
18,4348.0,-24388.0,11504.0,-2400.0,-16883.0,6614.0,-5523.0,10207.0
19,3540.0,-23560.0,11484.0,-2352.0,-15124.0,7931.0,-5140.0,10213.0
20,2352.0,-22400.0,10996.0,-2400.0,-13419.0,9202.0,-4719.0,10219.0
21,732.0,-21336.0,9952.0,-2384.0,-11863.0,10101.0,-4230.0,10226.0
22,-1416.0,-20128.0,9812.0,-2384.0,-10351.0,10702.0,-3568.0,10232.0
23,-4452.0,-19704.0,9448.0,-2352.0,-8925.0,10908.0,-2795.0,10238.0
24,-8228.0,-19528.0,8436.0,-2384.0,-7598.0,10064.0,-1856.0,10245.0
25,-11064.0,-19272.0,8496.0,-2384.0,-6252.0,8106.0,-999.0,10251.0
26,-12764.0,-18892.0,8264.0,-2384.0,-4973.0,5579.0,-380.0,10257.0
27,-12804.0,-18620.0,7644.0,-2400.0,-3890.0,2891.0,13.0,10263.0
28,-11396.0,-18448.0,6732.0,-2400.0,-2936.0,93.0,31.0,10269.0
29,-9300.0,-18248.0,6264.0,-2368.0,-2023.0,-2552.0,10.0,10274.0
30,-6764.0,-17980.0,5444.0,-2368.0,-1271.0,-4532.0,42.0,10280.0
31,-4624.0,-18092.0,4944.0,-2400.0,-583.0,-5895.0,117.0,10287.0
32,-2596.0,-17872.0,4520.0,-2400.0,81.0,-6921.0,188.0,10293.0
33,-480.0,-17820.0,4184.0,-2400.0,720.0,-7532.0,265.0,10299.0
34,1236.0,-17864.0,4228.0,-2368.0,1277.0,-7530.0,510.0,10304.0
35,2820.0,-17916.0,4284.0,-2368.0,1831.0,-6969.0,717.0,10310.0
36,4096.0,-18456.0,5084.0,-2352.0,2546.0,-5999.0,988.0,10316.0
37,4348.0,-19356.0,5944.0,-2384.0,3328.0,-4839.0,686.0,10322.0
38,4640.0,-20256.0,6304.0,-2384.0,4285.0,-3695.0,1440.0,10329.0
39,5668.0,-19404.0,8408.0,-2400.0,5117.0,-2345.0,2644.0,10335.0
40,2416.0,-19184.0,10648.0,-2384.0,6283.0,-1754.0,1520.0,10341.0
41,936.0,-19300.0,11704.0,-2368.0,7312.0,-1669.0,2350.0,10347.0
42,156.0,-19632.0,11520.0,-2352.0,8305.0,-2055.0,2258.0,10353.0
43,-828.0,-19760.0,10300.0,-2400.0,9354.0,-2611.0,2518.0,10359.0
44,-1432.0,-20280.0,9892.0,-2352.0,10405.0,-3316.0,2709.0,10365.0
45,-2408.0,-20216.0,9864.0,-2400.0,11408.0,-4419.0,2862.0,10371.0
46,-780.0,-20600.0,8664.0,-2400.0,12093.0,-5609.0,2464.0,10377.0
47,8020.0,-13596.0,-288.0,-2368.0,11305.0,-5829.0,402.0,10383.0
48,32767.0,1940.0,-32768.0,-2384.0,1330.0,-4698.0,-6635.0,10389.0
49,32767.0,-9500.0,-32768.0,-2368.0,-7956.0,-7690.0,-22350.0,10395.0
50,32767.0,-32768.0,-24540.0,-2368.0,6104.0,-11694.0,-6449.0,10401.0
51,-2268.0,-32768.0,5164.0,-2400.0,13936.0,15825.0,17162.0,10407.0
52,-32768.0,-24632.0,15660.0,-2368.0,11952.0,32767.0,15772.0,10414.0
53,-32768.0,-27776.0,22148.0,-2384.0,12739.0,18050.0,3662.0,10421.0
54,-22396.0,-32768.0,19680.0,-2432.0,15615.0,-7456.0,-1854.0,10427.0
55,-2952.0,-17856.0,3588.0,-2400.0,14816.0,-15208.0,-2110.0,10433.0
56,10096.0,-4356.0,-8572.0,-2368.0,11551.0,-10769.0,-2313.0,10439.0
57,14456.0,-3188.0,-11192.0,-2384.0,9656.0,-7123.0,-3020.0,10445.0
58,9896.0,-11752.0,-4228.0,-2384.0,9461.0,-5159.0,-2696.0,10451.0
59,4072.0,-17252.0,-272.0,-2400.0,9612.0,-2170.0,-1169.0,10458.0
60,2752.0,-17656.0,-1244.0,-2400.0,9658.0,390.0,-157.0,10464.0
61,6700.0,-16928.0,-4484.0,-2400.0,9764.0,1228.0,-4.0,10470.0
62,12044.0,-16488.0,-6552.0,-2400.0,9747.0,2003.0,-362.0,10475.0
63,13876.0,-16228.0,-4696.0,-2384.0,9625.0,4118.0,-244.0,10481.0
64,11068.0,-15844.0,-1860.0,-2400.0,9458.0,7136.0,580.0,10487.0
65,4568.0,-14580.0,-1028.0,-2400.0,8943.0,10024.0,1321.0,10493.0
66,-1216.0,-13548.0,-2108.0,-2368.0,8092.0,11825.0,1437.0,10500.0
67,-2748.0,-14032.0,-3484.0,-2416.0,7520.0,11873.0,866.0,10506.0
68,-668.0,-16228.0,-3816.0,-2400.0,7428.0,10995.0,-105.0,10512.0
69,860.0,-18724.0,-2220.0,-2368.0,7752.0,10199.0,-922.0,10518.0
70,-88.0,-20636.0,-460.0,-2416.0,8243.0,9411.0,-1591.0,10524.0
71,-1424.0,-21260.0,736.0,-2384.0,8665.0,7321.0,-2092.0,10529.0
72,-928.0,-19916.0,1232.0,-2384.0,8975.0,3887.0,-2449.0,10535.0
73,1712.0,-17520.0,384.0,-2400.0,9004.0,306.0,-2548.0,10542.0
74,5692.0,-15328.0,-1080.0,-2400.0,8886.0,-2038.0,-2266.0,10548.0
75,9352.0,-13936.0,-2488.0,-2368.0,8729.0,-2775.0,-1677.0,10554.0
76,11104.0,-13692.0,-2844.0,-2416.0,8625.0,-1920.0,-880.0,10560.0
77,10548.0,-14164.0,-2448.0,-2368.0,8505.0,-114.0,-48.0,10566.0
78,8416.0,-15396.0,-1652.0,-2432.0,8475.0,1564.0,496.0,10572.0
79,5688.0,-16472.0,-1320.0,-2352.0,8486.0,2516.0,756.0,10578.0
80,3368.0,-16948.0,-1420.0,-2416.0,8470.0,2842.0,811.0,10584.0
81,1900.0,-16672.0,-1568.0,-2368.0,8333.0,2630.0,591.0,10590.0
82,1328.0,-16248.0,-1856.0,-2400.0,8152.0,2060.0,260.0,10596.0
83,1252.0,-16092.0,-1860.0,-2400.0,8042.0,1363.0,27.0,10602.0
84,1724.0,-16236.0,-1708.0,-2400.0,8001.0,678.0,-124.0,10608.0
85,2576.0,-16116.0,-1748.0,-2400.0,7914.0,86.0,-264.0,10614.0
86,3752.0,-15840.0,-1652.0,-2400.0,7786.0,-251.0,-248.0,10619.0
87,4740.0,-15512.0,-1648.0,-2400.0,7590.0,-112.0,-216.0,10626.0
88,5012.0,-15376.0,-1356.0,-2400.0,7403.0,377.0,-149.0,10632.0
89,4576.0,-15560.0,-1348.0,-2400.0,7252.0,917.0,-76.0,10638.0
90,4076.0,-15716.0,-1256.0,-2400.0,7109.0,1437.0,-74.0,10644.0
91,3728.0,-15644.0,-1432.0,-2400.0,7022.0,1527.0,-164.0,10650.0
92,4012.0,-15592.0,-1020.0,-2400.0,6949.0,1286.0,-176.0,10655.0
93,3896.0,-15684.0,-644.0,-2368.0,6836.0,1073.0,-269.0,10661.0
94,3460.0,-15476.0,-760.0,-2400.0,6707.0,901.0,-422.0,10668.0
95,3012.0,-15528.0,-828.0,-2400.0,6555.0,531.0,-642.0,10674.0
96,3140.0,-15716.0,-788.0,-2384.0,6510.0,-20.0,-873.0,10680.0
97,3700.0,-16036.0,-848.0,-2416.0,6577.0,-403.0,-1048.0,10685.0
98,4256.0,-16196.0,-492.0,-2400.0,6632.0,-599.0,-1007.0,10691.0
99,4520.0,-16424.0,-688.0,-2400.0,6643.0,-542.0,-811.0,10697.0
100,4728.0,-16732.0,-524.0,-2400.0,6831.0,-41.0,-709.0,10703.0
101,4772.0,-16204.0,-1224.0,-2384.0,6874.0,285.0,-784.0,10708.0
102,5064.0,-15992.0,-1380.0,-2416.0,7007.0,504.0,-754.0,10715.0
103,5140.0,-15712.0,-1184.0,-2384.0,7069.0,599.0,-677.0,10721.0
104,5040.0,-15996.0,-152.0,-2400.0,7097.0,1005.0,-542.0,10727.0
105,4980.0,-16220.0,-160.0,-2400.0,7089.0,1388.0,-436.0,10733.0
106,5272.0,-16652.0,-548.0,-2400.0,7214.0,2054.0,-284.0,10738.0
107,5480.0,-16332.0,-712.0,-2400.0,7325.0,2632.0,-17.0,10744.0
108,5612.0,-15904.0,-680.0,-2384.0,7334.0,2882.0,143.0,10750.0
109,5492.0,-15768.0,-232.0,-2416.0,7366.0,3287.0,193.0,10757.0
110,4916.0,-15820.0,-16.0,-2400.0,7393.0,3582.0,347.0,10763.0
111,4596.0,-16028.0,168.0,-2384.0,7406.0,3684.0,465.0,10768.0
112,4760.0,-16264.0,-8.0,-2384.0,7479.0,3738.0,511.0,10774.0
113,4876.0,-16476.0,-232.0,-2432.0,7570.0,3689.0,586.0,10780.0
114,4548.0,-16416.0,-104.0,-2432.0,7665.0,3757.0,684.0,10786.0
115,4124.0,-16092.0,388.0,-2384.0,7747.0,3771.0,634.0,10791.0
116,3836.0,-16096.0,496.0,-2384.0,7808.0,3427.0,578.0,10798.0
117,4228.0,-16140.0,432.0,-2384.0,7868.0,3149.0,557.0,10804.0
118,4348.0,-15880.0,668.0,-2400.0,7896.0,3186.0,555.0,10810.0
119,4416.0,-15756.0,1104.0,-2400.0,7914.0,3178.0,546.0,10815.0
120,4924.0,-15852.0,1144.0,-2368.0,7887.0,3353.0,701.0,10821.0
121,4500.0,-16096.0,964.0,-2400.0,8025.0,3546.0,580.0,10827.0
122,4504.0,-15980.0,1124.0,-2416.0,8061.0,3555.0,588.0,10833.0
123,4336.0,-16132.0,1044.0,-2384.0,8104.0,3607.0,531.0,10840.0
124,4200.0,-16264.0,1432.0,-2400.0,8062.0,3517.0,602.0,10845.0
125,3796.0,-16420.0,1516.0,-2432.0,8017.0,3605.0,528.0,10851.0
126,3208.0,-16496.0,1740.0,-2400.0,8048.0,3527.0,480.0,10857.0
127,3084.0,-16532.0,1692.0,-2368.0,8058.0,3361.0,338.0,10863.0
128,3220.0,-16576.0,2012.0,-2432.0,8032.0,3152.0,282.0,10869.0
129,3624.0,-17024.0,2196.0,-2400.0,8063.0,3134.0,184.0,10875.0
130,3000.0,-17424.0,2216.0,-2432.0,8119.0,3205.0,-3.0,10881.0
131,3244.0,-17464.0,2064.0,-2352.0,8172.0,3016.0,-148.0,10887.0
132,3784.0,-17716.0,2052.0,-2384.0,8342.0,2921.0,-127.0,10893.0
133,5204.0,-18096.0,2268.0,-2384.0,8440.0,3197.0,-268.0,10899.0
134,5924.0,-18364.0,1432.0,-2384.0,8617.0,3614.0,-278.0,10905.0
135,7576.0,-17768.0,1016.0,-2368.0,8880.0,4152.0,-336.0,10911.0
136,6472.0,-17184.0,1240.0,-2400.0,9051.0,4682.0,-46.0,10916.0
137,6452.0,-18252.0,2860.0,-2400.0,9309.0,5464.0,-73.0,10923.0
138,5872.0,-17728.0,2752.0,-2384.0,9480.0,5729.0,-145.0,10929.0
139,5124.0,-17756.0,2080.0,-2384.0,9695.0,5952.0,116.0,10935.0
140,4136.0,-17876.0,1708.0,-2400.0,9946.0,6205.0,256.0,10941.0
141,3828.0,-17976.0,2280.0,-2368.0,10177.0,6155.0,467.0,10947.0
142,3368.0,-18652.0,2796.0,-2400.0,10454.0,5922.0,626.0,10952.0
143,2588.0,-19340.0,3152.0,-2400.0,10845.0,5632.0,889.0,10958.0
144,1636.0,-19976.0,3512.0,-2384.0,11179.0,5320.0,1206.0,10964.0
145,1140.0,-20236.0,3880.0,-2400.0,11493.0,5079.0,1484.0,10971.0
146,1012.0,-20348.0,4116.0,-2432.0,11807.0,4640.0,1774.0,10977.0
147,708.0,-20568.0,3964.0,-2416.0,12147.0,4339.0,2134.0,10983.0
148,504.0,-20924.0,3936.0,-2400.0,12487.0,4000.0,2490.0,10989.0
149,116.0,-21248.0,3764.0,-2400.0,12899.0,3574.0,2945.0,10995.0
150,-40.0,-21088.0,4080.0,-2384.0,13307.0,3081.0,3290.0,11001.0
151,140.0,-21244.0,3984.0,-2448.0,13664.0,2556.0,3667.0,11006.0
152,608.0,-21316.0,3780.0,-2384.0,13987.0,2041.0,3988.0,11013.0
153,1828.0,-21572.0,3444.0,-2400.0,14403.0,1632.0,4280.0,11019.0
154,3508.0,-21968.0,3496.0,-2416.0,14774.0,1464.0,4542.0,11025.0
155,5360.0,-22508.0,3448.0,-2432.0,15137.0,1605.0,4801.0,11031.0
156,6868.0,-22824.0,3216.0,-2400.0,15465.0,2140.0,4944.0,11037.0
157,8024.0,-22632.0,3460.0,-2416.0,15791.0,2866.0,5105.0,11043.0
158,8996.0,-23264.0,4448.0,-2400.0,16218.0,3894.0,5176.0,11049.0
159,8892.0,-23152.0,4760.0,-2416.0,16486.0,5047.0,5344.0,11056.0
160,9044.0,-23384.0,4784.0,-2432.0,16763.0,6317.0,5401.0,11062.0
161,8460.0,-23656.0,4600.0,-2384.0,17039.0,7721.0,5609.0,11068.0
162,5376.0,-23968.0,4592.0,-2432.0,17235.0,9474.0,6234.0,11074.0
163,2288.0,-25916.0,4472.0,-2416.0,17217.0,9887.0,7221.0,11080.0
164,1412.0,-28032.0,3536.0,-2432.0,17242.0,9277.0,8166.0,11085.0
165,2712.0,-28116.0,1324.0,-2432.0,17405.0,8711.0,8394.0,11091.0
166,4920.0,-27500.0,-1568.0,-2384.0,17497.0,8326.0,8183.0,11098.0
167,7420.0,-28100.0,-4548.0,-2432.0,17489.0,8529.0,7857.0,11104.0
168,9988.0,-30056.0,-7020.0,-2384.0,17561.0,9269.0,7764.0,11110.0
169,11188.0,-32108.0,-8948.0,-2368.0,17756.0,10452.0,7680.0,11116.0
170,10600.0,-32768.0,-10344.0,-2400.0,17867.0,11272.0,7608.0,11122.0
171,10628.0,-32752.0,-12400.0,-2368.0,17698.0,12312.0,7659.0,11128.0
172,10976.0,-32484.0,-13888.0,-2416.0,17460.0,13920.0,7725.0,11134.0
173,10052.0,-31444.0,-14076.0,-2416.0,17151.0,15932.0,7938.0,11141.0
174,7468.0,-30708.0,-11308.0,-2384.0,16718.0,17162.0,8201.0,11148.0
175,4084.0,-32376.0,-4664.0,-2416.0,16698.0,16831.0,8649.0,11154.0
176,364.0,-32768.0,6452.0,-2416.0,17840.0,14528.0,8763.0,11160.0
177,-2536.0,-32768.0,12272.0,-2400.0,19317.0,10436.0,9085.0,11166.0
178,-3980.0,-32768.0,7052.0,-2432.0,19632.0,4704.0,8692.0,11172.0
179,-3076.0,-30068.0,1552.0,-2384.0,19405.0,-1214.0,8609.0,11179.0
180,436.0,-25464.0,-1412.0,-2400.0,18671.0,-6490.0,7695.0,11185.0
181,3592.0,-22280.0,-1572.0,-2384.0,18286.0,-9894.0,6381.0,11191.0
182,5744.0,-20016.0,-1644.0,-2368.0,17807.0,-11129.0,5089.0,11196.0
183,7708.0,-20380.0,1716.0,-2384.0,17954.0,-10083.0,4068.0,11203.0
184,8652.0,-22772.0,5964.0,-2416.0,18776.0,-7204.0,3861.0,11209.0
185,9536.0,-21964.0,4496.0,-2400.0,19121.0,-4245.0,4558.0,11214.0
186,11192.0,-20124.0,3052.0,-2416.0,18688.0,-1460.0,4863.0,11220.0
187,10556.0,-17876.0,2660.0,-2416.0,17681.0,2160.0,4356.0,11227.0
188,8560.0,-14604.0,3200.0,-2368.0,16077.0,4969.0,3774.0,11233.0
189,6252.0,-13052.0,3660.0,-2416.0,14395.0,6976.0,3701.0,11239.0
190,3628.0,-12740.0,2352.0,-2400.0,12802.0,8754.0,4164.0,11245.0
191,1312.0,-12188.0,392.0,-2416.0,11232.0,10006.0,4986.0,11251.0
192,-488.0,-10600.0,-712.0,-2400.0,9812.0,10633.0,5682.0,11257.0
193,-1884.0,-9016.0,-1340.0,-2400.0,8428.0,10393.0,5889.0,11264.0
194,-3392.0,-7420.0,-1556.0,-2416.0,7112.0,9098.0,5568.0,11270.0
195,-4412.0,-5864.0,-1520.0,-2416.0,5787.0,7242.0,5401.0,11276.0
196,-4636.0,-4024.0,-1988.0,-2416.0,4321.0,5155.0,5106.0,11282.0
197,-4080.0,-2172.0,-2800.0,-2400.0,2555.0,3181.0,4604.0,11288.0
198,-2764.0,-540.0,-3584.0,-2432.0,638.0,1561.0,3917.0,11293.0
199,-1056.0,692.0,-4252.0,-2432.0,-1305.0,449.0,3146.0,11299.0
200,560.0,1976.0,-5008.0,-2416.0,-3263.0,-185.0,2333.0,11305.0
201,1964.0,2660.0,-4980.0,-2400.0,-5114.0,-560.0,1470.0,11312.0
202,2872.0,3420.0,-5276.0,-2400.0,-7012.0,-758.0,661.0,11317.0
203,3132.0,4220.0,-5812.0,-2432.0,-8985.0,-817.0,-163.0,11323.0
204,2856.0,4340.0,-6624.0,-2384.0,-11020.0,-856.0,-802.0,11329.0
205,2616.0,4444.0,-7240.0,-2416.0,-13207.0,-1022.0,-1255.0,11335.0
206,2376.0,3644.0,-7836.0,-2400.0,-15341.0,-1139.0,-1701.0,11341.0
207,2144.0,2936.0,-7664.0,-2416.0,-17277.0,-1402.0,-2099.0,11347.0
208,2260.0,2336.0,-7768.0,-2400.0,-19169.0,-1701.0,-2512.0,11354.0
209,2580.0,2088.0,-7936.0,-2416.0,-21120.0,-1711.0,-2932.0,11359.0
210,3004.0,1588.0,-8084.0,-2416.0,-23023.0,-1461.0,-3333.0,11365.0
211,3444.0,1056.0,-7768.0,-2400.0,-24889.0,-1014.0,-3757.0,11371.0
212,3792.0,56.0,-7508.0,-2416.0,-26702.0,-428.0,-4205.0,11377.0
213,3908.0,-1064.0,-7388.0,-2416.0,-28368.0,246.0,-4656.0,11383.0
214,3648.0,-2264.0,-7544.0,-2384.0,-29890.0,833.0,-5032.0,11389.0
215,3324.0,-3308.0,-7312.0,-2416.0,-31345.0,1321.0,-5397.0,11396.0
216,2928.0,-4788.0,-7104.0,-2384.0,-32717.0,1774.0,-5775.0,11402.0
217,2188.0,-6548.0,-6472.0,-2432.0,-32768.0,2107.0,-6069.0,11408.0
218,1568.0,-7744.0,-6168.0,-2416.0,-32768.0,2282.0,-6347.0,11414.0
219,1008.0,-8860.0,-5292.0,-2400.0,-32768.0,2291.0,-6728.0,11420.0
220,652.0,-9804.0,-4908.0,-2384.0,-32768.0,2178.0,-7153.0,11426.0
221,452.0,-10392.0,-4568.0,-2416.0,-32768.0,1964.0,-7656.0,11431.0
222,484.0,-11296.0,-4384.0,-2400.0,-32768.0,1757.0,-8204.0,11438.0
223,528.0,-12352.0,-4276.0,-2416.0,-32768.0,1362.0,-8780.0,11444.0
224,444.0,-13648.0,-3784.0,-2432.0,-32768.0,780.0,-9224.0,11450.0
225,392.0,-14912.0,-3120.0,-2384.0,-32768.0,104.0,-9668.0,11456.0
226,528.0,-16196.0,-2008.0,-2416.0,-32768.0,-645.0,-10086.0,11462.0
227,1140.0,-17560.0,-800.0,-2400.0,-32768.0,-1338.0,-10528.0,11468.0
228,2264.0,-18728.0,-52.0,-2368.0,-32768.0,-1731.0,-11117.0,11474.0
229,3660.0,-20128.0,524.0,-2384.0,-32768.0,-1814.0,-11717.0,11481.0
230,4800.0,-21600.0,1260.0,-2432.0,-32768.0,-1793.0,-12202.0,11487.0
231,5680.0,-23300.0,2048.0,-2384.0,-32768.0,-1713.0,-12650.0,11493.0
232,6564.0,-24872.0,3372.0,-2384.0,-32768.0,-1518.0,-13225.0,11499.0
233,7184.0,-26416.0,4260.0,-2416.0,-32768.0,-1311.0,-13683.0,11505.0
234,7712.0,-27912.0,5212.0,-2416.0,-32768.0,-962.0,-14084.0,11511.0
235,7940.0,-29392.0,6052.0,-2432.0,-32768.0,-516.0,-14536.0,11517.0
236,7620.0,-30576.0,6820.0,-2384.0,-32768.0,22.0,-14902.0,11524.0
237,6976.0,-31300.0,7280.0,-2400.0,-32768.0,467.0,-15123.0,11530.0
238,6220.0,-31996.0,7884.0,-2432.0,-32768.0,808.0,-15259.0,11536.0
239,5176.0,-32564.0,8804.0,-2384.0,-32768.0,902.0,-15310.0,11542.0
240,4284.0,-32768.0,9776.0,-2432.0,-32768.0,999.0,-15360.0,11548.0
241,3992.0,-32548.0,10796.0,-2416.0,-32768.0,1285.0,-15397.0,11554.0
242,4040.0,-32232.0,11804.0,-2416.0,-32768.0,1977.0,-15378.0,11560.0
243,4308.0,-32108.0,12452.0,-2432.0,-32768.0,2938.0,-15490.0,11567.0
244,4596.0,-32056.0,12852.0,-2432.0,-32768.0,4061.0,-15601.0,11573.0
245,4652.0,-32032.0,13072.0,-2432.0,-32768.0,5132.0,-15673.0,11579.0
246,3892.0,-32184.0,13164.0,-2416.0,-32198.0,5850.0,-15512.0,11585.0
247,2040.0,-32600.0,13324.0,-2400.0,-30639.0,6212.0,-15057.0,11591.0
248,-132.0,-32768.0,13744.0,-2400.0,-29032.0,6157.0,-14395.0,11597.0
249,-2072.0,-32768.0,14516.0,-2432.0,-27479.0,5554.0,-13746.0,11603.0
250,-3756.0,-32768.0,15664.0,-2384.0,-25868.0,4324.0,-13288.0,11610.0
251,-4996.0,-32768.0,16812.0,-2464.0,-24032.0,2784.0,-12954.0,11616.0
252,-5552.0,-32444.0,17968.0,-2432.0,-21951.0,1108.0,-12720.0,11622.0
253,-5720.0,-32220.0,19260.0,-2400.0,-19541.0,-564.0,-12319.0,11629.0
254,-5408.0,-31684.0,20212.0,-2416.0,-16831.0,-2461.0,-11692.0,11635.0
255,-4848.0,-30760.0,21276.0,-2400.0,-13854.0,-4326.0,-10558.0,11641.0
256,-4276.0,-24940.0,20572.0,-2416.0,-11414.0,-5434.0,-8503.0,11648.0
257,-8744.0,-27428.0,24768.0,-2384.0,-8220.0,-6156.0,-6368.0,11654.0
258,-1020.0,-27316.0,23584.0,-2416.0,-4937.0,-4935.0,-3531.0,11660.0
259,-6292.0,-24848.0,24724.0,-2432.0,-1966.0,-3758.0,-5093.0,11666.0
260,-9208.0,-23396.0,24784.0,-2416.0,594.0,-4159.0,-3448.0,11673.0
261,-8772.0,-23640.0,23680.0,-2432.0,3269.0,-5194.0,-2073.0,11679.0
262,-7336.0,-23412.0,22152.0,-2400.0,5968.0,-6013.0,-230.0,11685.0
263,-6428.0,-22916.0,20948.0,-2416.0,8384.0,-6337.0,1086.0,11692.0
264,-6732.0,-22984.0,19776.0,-2384.0,10640.0,-6706.0,1816.0,11698.0
265,-7812.0,-22852.0,18648.0,-2384.0,12595.0,-7758.0,2491.0,11704.0
266,-7168.0,-22660.0,17240.0,-2416.0,14273.0,-9359.0,2922.0,11710.0
267,-6236.0,-22432.0,15468.0,-2416.0,15725.0,-10918.0,3177.0,11716.0
268,-5084.0,-21980.0,13676.0,-2416.0,16988.0,-12135.0,3426.0,11722.0
269,-3744.0,-21400.0,11396.0,-2432.0,18078.0,-12908.0,3766.0,11728.0
270,-2780.0,-20580.0,9772.0,-2432.0,18900.0,-13512.0,3927.0,11735.0
271,-2112.0,-17012.0,6760.0,-2432.0,19167.0,-14056.0,3982.0,11741.0
272,1124.0,2152.0,-32768.0,-2400.0,14004.0,-14985.0,3130.0,11747.0
273,32767.0,25932.0,-32768.0,-2400.0,-20911.0,-10911.0,-12930.0,11753.0
274,32767.0,-32768.0,-32768.0,-2400.0,-4432.0,-26312.0,-32768.0,11760.0
275,15408.0,-32768.0,-3200.0,-2416.0,19467.0,-25178.0,14723.0,11766.0
276,-19492.0,-31104.0,32767.0,-2400.0,19984.0,19959.0,25410.0,11772.0
277,-32768.0,-32768.0,32767.0,-2400.0,21164.0,25617.0,15631.0,11780.0
278,-32768.0,-32768.0,32767.0,-2448.0,19525.0,9577.0,1424.0,11786.0
279,-32768.0,-32768.0,-11296.0,-2416.0,15487.0,-10536.0,-5069.0,11792.0
280,-2452.0,-14696.0,-30636.0,-2400.0,15537.0,-20242.0,-3596.0,11798.0
281,32767.0,-608.0,-3936.0,-2432.0,18397.0,-22916.0,-5814.0,11805.0
282,32767.0,-2900.0,18564.0,-2400.0,17517.0,-12816.0,-8059.0,11811.0
283,15000.0,-22280.0,16512.0,-2416.0,16063.0,1743.0,-2746.0,11817.0
284,4400.0,-23356.0,1972.0,-2448.0,14542.0,6600.0,1.0,11824.0
285,6464.0,-17192.0,-4368.0,-2416.0,14567.0,-626.0,-2976.0,11830.0
286,7668.0,-13136.0,-2936.0,-2448.0,14748.0,-7325.0,-2606.0,11836.0
287,11300.0,-11464.0,-824.0,-2416.0,14737.0,-7166.0,414.0,11842.0
288,11960.0,-13476.0,-1528.0,-2432.0,14599.0,-4131.0,1942.0,11847.0
289,7412.0,-17260.0,620.0,-2432.0,15014.0,34.0,2896.0,11853.0
290,2956.0,-19440.0,2320.0,-2432.0,15209.0,2690.0,3017.0,11859.0
291,1396.0,-18904.0,1728.0,-2416.0,14622.0,2318.0,2033.0,11866.0
292,2740.0,-17864.0,1168.0,-2432.0,13752.0,1533.0,1684.0,11872.0
293,5036.0,-17528.0,660.0,-2416.0,13107.0,3004.0,1571.0,11878.0
294,3708.0,-16388.0,-344.0,-2400.0,12373.0,5445.0,1539.0,11884.0
295,1100.0,-15040.0,-1020.0,-2416.0,11611.0,6780.0,1626.0,11890.0
296,-692.0,-14532.0,-1700.0,-2432.0,11121.0,7417.0,772.0,11896.0
297,-2364.0,-14180.0,-808.0,-2416.0,10482.0,6496.0,-503.0,11902.0
298,-2456.0,-14596.0,156.0,-2416.0,9666.0,4555.0,-1078.0,11909.0
299,-632.0,-15920.0,-756.0,-2400.0,9175.0,3051.0,-1376.0,11915.0
300,1288.0,-16492.0,-1224.0,-2432.0,9095.0,1906.0,-1644.0,11920.0
301,3028.0,-16068.0,-736.0,-2416.0,8793.0,1046.0,-1917.0,11926.0
302,5960.0,-15696.0,-440.0,-2384.0,8437.0,820.0,-1783.0,11932.0
303,9024.0,-15708.0,-1312.0,-2416.0,8149.0,1828.0,-1512.0,11938.0
304,9796.0,-14980.0,-1148.0,-2432.0,7938.0,3376.0,-848.0,11944.0
305,9160.0,-14096.0,-364.0,-2400.0,7513.0,4813.0,-199.0,11951.0
306,7700.0,-14356.0,-248.0,-2432.0,7084.0,5984.0,282.0,11957.0
307,6308.0,-14960.0,-356.0,-2432.0,6864.0,6737.0,637.0,11963.0
308,5160.0,-15564.0,-636.0,-2416.0,6744.0,7219.0,737.0,11968.0
309,4192.0,-16052.0,-488.0,-2448.0,6681.0,7324.0,636.0,11974.0
310,3880.0,-16408.0,-484.0,-2416.0,6665.0,6952.0,599.0,11980.0
311,4024.0,-16528.0,-716.0,-2416.0,6658.0,6543.0,582.0,11986.0
312,4044.0,-16176.0,-952.0,-2416.0,6665.0,6126.0,523.0,11993.0
313,3936.0,-16012.0,-832.0,-2448.0,6587.0,5735.0,644.0,11999.0
314,4104.0,-16380.0,-540.0,-2448.0,6537.0,5541.0,712.0,12004.0
315,4080.0,-16528.0,-316.0,-2416.0,6487.0,5459.0,715.0,12010.0
316,4208.0,-16496.0,-84.0,-2400.0,6465.0,5248.0,713.0,12016.0
317,4780.0,-16412.0,-304.0,-2400.0,6370.0,4940.0,759.0,12022.0
318,5480.0,-16476.0,-444.0,-2416.0,6298.0,4781.0,835.0,12027.0
319,5972.0,-16544.0,-352.0,-2448.0,6226.0,4812.0,898.0,12034.0
320,6288.0,-16404.0,60.0,-2416.0,6112.0,5092.0,992.0,12040.0
321,6564.0,-16516.0,148.0,-2400.0,6003.0,5645.0,1026.0,12046.0
322,7712.0,-16992.0,-568.0,-2368.0,5765.0,6403.0,824.0,12052.0
323,10876.0,-14844.0,-1336.0,-2432.0,5650.0,6834.0,-267.0,12057.0
324,7212.0,-15824.0,888.0,-2400.0,5625.0,7362.0,1428.0,12063.0
325,6252.0,-16224.0,1160.0,-2448.0,5460.0,8553.0,539.0,12069.0
326,3880.0,-16268.0,1560.0,-2416.0,5542.0,8356.0,984.0,12076.0
327,3320.0,-15932.0,1916.0,-2448.0,5554.0,8158.0,1099.0,12082.0
328,2920.0,-15924.0,1744.0,-2416.0,5634.0,7721.0,1068.0,12088.0
329,3016.0,-16068.0,1564.0,-2400.0,5724.0,7382.0,1083.0,12094.0
330,3236.0,-16352.0,1588.0,-2400.0,5819.0,7046.0,1059.0,12099.0
331,3484.0,-16616.0,1468.0,-2416.0,5921.0,6815.0,1107.0,12105.0
332,3516.0,-16820.0,1548.0,-2416.0,6074.0,6624.0,1144.0,12111.0
333,3408.0,-16812.0,1288.0,-2416.0,6202.0,6321.0,1169.0,12118.0
334,3728.0,-16996.0,1444.0,-2400.0,6340.0,6059.0,1148.0,12124.0
335,3884.0,-17292.0,1324.0,-2400.0,6490.0,5845.0,1158.0,12130.0
336,4000.0,-17324.0,1476.0,-2384.0,6664.0,5706.0,1192.0,12136.0
337,4024.0,-17316.0,1428.0,-2416.0,6829.0,5606.0,1147.0,12142.0
338,3864.0,-17340.0,1548.0,-2432.0,6998.0,5508.0,1231.0,12147.0
339,3724.0,-17304.0,1660.0,-2400.0,7155.0,5518.0,1284.0,12153.0
340,3424.0,-17368.0,1856.0,-2416.0,7350.0,5530.0,1316.0,12160.0
341,3180.0,-17548.0,2048.0,-2448.0,7542.0,5495.0,1388.0,12166.0
342,2960.0,-17356.0,2084.0,-2432.0,7741.0,5483.0,1501.0,12172.0
343,3028.0,-17364.0,2080.0,-2400.0,7901.0,5424.0,1690.0,12178.0
344,2768.0,-17268.0,2336.0,-2416.0,8118.0,5518.0,1857.0,12184.0
345,2292.0,-17300.0,2372.0,-2416.0,8333.0,5566.0,1968.0,12190.0
346,1804.0,-17376.0,2704.0,-2400.0,8627.0,5445.0,2117.0,12195.0
347,1376.0,-17488.0,2880.0,-2432.0,8883.0,5155.0,2291.0,12201.0
348,1108.0,-17584.0,2932.0,-2432.0,9149.0,4867.0,2441.0,12208.0
349,1044.0,-17588.0,2680.0,-2448.0,9461.0,4505.0,2615.0,12214.0
350,904.0,-17824.0,2784.0,-2416.0,9749.0,4143.0,2767.0,12220.0
351,808.0,-18064.0,2884.0,-2416.0,10041.0,3696.0,2999.0,12226.0
352,1364.0,-18332.0,2936.0,-2432.0,10316.0,3324.0,3211.0,12232.0
353,1600.0,-18660.0,2704.0,-2384.0,10668.0,2962.0,3457.0,12238.0
354,2044.0,-18764.0,2896.0,-2432.0,10964.0,2615.0,3726.0,12243.0
355,2308.0,-18956.0,2912.0,-2416.0,11226.0,2388.0,3941.0,12250.0
356,2468.0,-18924.0,3044.0,-2432.0,11550.0,2203.0,4244.0,12256.0
357,2576.0,-19108.0,3068.0,-2416.0,11832.0,1998.0,4543.0,12262.0
358,2636.0,-19340.0,2928.0,-2400.0,12132.0,1718.0,4774.0,12268.0
359,2820.0,-19564.0,3212.0,-2448.0,12378.0,1582.0,4987.0,12274.0
360,2396.0,-19520.0,3272.0,-2416.0,12648.0,1602.0,5119.0,12280.0
361,208.0,-19452.0,3448.0,-2432.0,12919.0,1616.0,5068.0,12286.0
362,2108.0,-20364.0,3212.0,-2416.0,13202.0,1468.0,6037.0,12293.0
363,732.0,-20384.0,3188.0,-2432.0,13561.0,1893.0,6065.0,12299.0
364,404.0,-21052.0,3120.0,-2432.0,13857.0,1685.0,6460.0,12305.0
365,1156.0,-21524.0,3100.0,-2448.0,14238.0,1400.0,6636.0,12311.0
366,2008.0,-22016.0,2608.0,-2400.0,14683.0,1167.0,6897.0,12317.0
367,3376.0,-22236.0,3008.0,-2416.0,15164.0,1096.0,6958.0,12322.0
368,4824.0,-22760.0,3004.0,-2432.0,15699.0,1391.0,7184.0,12328.0
369,6428.0,-23356.0,2540.0,-2416.0,16206.0,2085.0,7297.0,12335.0
370,8056.0,-24308.0,2384.0,-2416.0,16777.0,2979.0,7497.0,12341.0
371,9368.0,-25844.0,1300.0,-2416.0,17337.0,4278.0,7650.0,12347.0
372,6976.0,-26804.0,1020.0,-2448.0,17784.0,6310.0,8460.0,12353.0
373,5168.0,-29664.0,192.0,-2432.0,17963.0,6551.0,9581.0,12359.0
374,5448.0,-32768.0,-604.0,-2448.0,18295.0,6021.0,10719.0,12365.0
375,7064.0,-32768.0,-3276.0,-2432.0,18917.0,5761.0,11139.0,12371.0
376,9068.0,-32768.0,-6072.0,-2448.0,19473.0,5473.0,11171.0,12378.0
377,12284.0,-32768.0,-9004.0,-2416.0,19650.0,6147.0,11136.0,12384.0
378,16632.0,-32768.0,-13140.0,-2432.0,19676.0,8234.0,11221.0,12390.0
379,18760.0,-32768.0,-15796.0,-2416.0,19537.0,12017.0,11240.0,12396.0
380,18636.0,-32768.0,-18404.0,-2432.0,19184.0,16032.0,11117.0,12402.0
381,15532.0,-32768.0,-19140.0,-2400.0,18959.0,18665.0,11146.0,12408.0
382,17508.0,-32768.0,-12108.0,-2416.0,18237.0,20168.0,13566.0,12416.0
383,2356.0,-32768.0,-6004.0,-2400.0,19504.0,19232.0,11104.0,12422.0
384,-2456.0,-32760.0,8376.0,-2400.0,20766.0,15618.0,13712.0,12428.0
385,-3996.0,-32768.0,9768.0,-2432.0,21451.0,9703.0,12340.0,12434.0
386,-5084.0,-32768.0,4500.0,-2432.0,20735.0,420.0,11136.0,12440.0
387,-1448.0,-32768.0,52.0,-2416.0,19781.0,-8098.0,10208.0,12446.0
388,2716.0,-29440.0,-3392.0,-2432.0,18682.0,-14284.0,8190.0,12452.0
389,4984.0,-24924.0,-2960.0,-2384.0,17531.0,-17823.0,6127.0,12459.0
390,6740.0,-24232.0,5036.0,-2464.0,18396.0,-18382.0,4803.0,12465.0
391,6964.0,-25740.0,9780.0,-2416.0,20196.0,-15708.0,4739.0,12471.0
392,6256.0,-24072.0,8456.0,-2416.0,21256.0,-11594.0,5709.0,12477.0
393,8400.0,-20380.0,5940.0,-2416.0,20720.0,-7671.0,6435.0,12483.0
394,11104.0,-16072.0,4292.0,-2416.0,18838.0,-3725.0,5258.0,12489.0
395,12020.0,-12956.0,4880.0,-2416.0,16621.0,285.0,3345.0,12495.0
396,10704.0,-11568.0,4100.0,-2400.0,14431.0,4653.0,2415.0,12502.0
397,8120.0,-10568.0,1776.0,-2432.0,12045.0,8975.0,2877.0,12508.0
398,5076.0,-8788.0,-1484.0,-2416.0,10397.0,11845.0,3683.0,12514.0
399,2968.0,-6736.0,-4472.0,-2400.0,8796.0,12947.0,4167.0,12520.0
400,1628.0,-4556.0,-6504.0,-2432.0,7452.0,12759.0,3650.0,12526.0
401,48.0,-2472.0,-7280.0,-2416.0,6048.0,11794.0,2887.0,12531.0
402,-1232.0,-272.0,-7060.0,-2416.0,4435.0,10652.0,2529.0,12537.0
403,-2272.0,1344.0,-6788.0,-2416.0,2592.0,9714.0,2307.0,12544.0
404,-2908.0,2396.0,-6916.0,-2384.0,503.0,8870.0,2037.0,12550.0
405,-3224.0,3000.0,-7072.0,-2416.0,-1647.0,8107.0,1710.0,12556.0
406,-3184.0,3180.0,-6988.0,-2448.0,-3724.0,7130.0,1373.0,12562.0
407,-2908.0,3356.0,-6852.0,-2384.0,-5541.0,5983.0,1008.0,12567.0
408,-2508.0,3624.0,-6080.0,-2400.0,-7321.0,4610.0,626.0,12573.0
409,-2648.0,3888.0,-6016.0,-2432.0,-9076.0,3307.0,45.0,12579.0
410,-2984.0,4048.0,-5828.0,-2416.0,-10742.0,2014.0,-427.0,12585.0
411,-3512.0,4112.0,-5908.0,-2448.0,-12504.0,637.0,-862.0,12592.0
412,-3724.0,4180.0,-6260.0,-2416.0,-14343.0,-715.0,-1341.0,12598.0
413,-3824.0,4168.0,-7004.0,-2400.0,-16293.0,-2033.0,-1941.0,12603.0
414,-3164.0,3912.0,-6636.0,-2416.0,-18343.0,-3264.0,-2518.0,12609.0
415,-3812.0,2820.0,-8168.0,-2432.0,-19930.0,-4868.0,-3008.0,12615.0
416,-2668.0,1912.0,-7832.0,-2448.0,-21553.0,-6312.0,-3472.0,12621.0
417,-1848.0,1236.0,-7904.0,-2400.0,-23212.0,-7827.0,-3853.0,12627.0
418,-1184.0,380.0,-7960.0,-2448.0,-24805.0,-9090.0,-4097.0,12634.0
419,-184.0,-268.0,-7880.0,-2432.0,-26417.0,-10102.0,-4375.0,12640.0
420,700.0,-1060.0,-7724.0,-2432.0,-28062.0,-10870.0,-4559.0,12646.0
421,1516.0,-2120.0,-7424.0,-2448.0,-29683.0,-11506.0,-4627.0,12652.0
422,2336.0,-3456.0,-6916.0,-2448.0,-31265.0,-11942.0,-4576.0,12658.0
423,2600.0,-4572.0,-6440.0,-2400.0,-32764.0,-12224.0,-4508.0,12664.0
424,3140.0,-5604.0,-5796.0,-2464.0,-32768.0,-12644.0,-4495.0,12670.0
425,3652.0,-6816.0,-4832.0,-2416.0,-32768.0,-12773.0,-4632.0,12677.0
426,4956.0,-8192.0,-4616.0,-2464.0,-32768.0,-12459.0,-4858.0,12683.0
427,6948.0,-9804.0,-4360.0,-2416.0,-32768.0,-11844.0,-5330.0,12689.0
428,9448.0,-11168.0,-4636.0,-2416.0,-32768.0,-11019.0,-5987.0,12695.0
429,10792.0,-12656.0,-3892.0,-2416.0,-32768.0,-9796.0,-6469.0,12701.0
430,11228.0,-14360.0,-3084.0,-2448.0,-32768.0,-8099.0,-6757.0,12707.0
431,11248.0,-15592.0,-2496.0,-2416.0,-32768.0,-6406.0,-6952.0,12713.0
432,10784.0,-17400.0,-1816.0,-2416.0,-32768.0,-4993.0,-7131.0,12720.0
433,9620.0,-18696.0,-1964.0,-2464.0,-32768.0,-3955.0,-7253.0,12726.0
434,8136.0,-19764.0,-1940.0,-2432.0,-32768.0,-3385.0,-7430.0,12732.0
435,6652.0,-20988.0,-1724.0,-2448.0,-32768.0,-3364.0,-7753.0,12738.0
436,6004.0,-22356.0,-1228.0,-2448.0,-32768.0,-3602.0,-8212.0,12744.0
437,5972.0,-24284.0,-1076.0,-2432.0,-32768.0,-3754.0,-8873.0,12750.0
438,6648.0,-25660.0,-1360.0,-2432.0,-32768.0,-3656.0,-9610.0,12756.0
439,7372.0,-27248.0,-1292.0,-2416.0,-32768.0,-3406.0,-10260.0,12763.0
440,7700.0,-29672.0,-68.0,-2432.0,-32768.0,-3321.0,-10909.0,12770.0
441,7108.0,-31448.0,2716.0,-2432.0,-32768.0,-3646.0,-11392.0,12776.0
442,5740.0,-32768.0,6240.0,-2416.0,-32768.0,-4040.0,-11841.0,12782.0
443,4236.0,-32768.0,9556.0,-2464.0,-32768.0,-4361.0,-12343.0,12788.0
444,3800.0,-32768.0,10312.0,-2432.0,-32768.0,-4750.0,-13271.0,12794.0
445,4304.0,-32768.0,10768.0,-2448.0,-32768.0,-5102.0,-14090.0,12801.0
446,5500.0,-32768.0,10984.0,-2448.0,-32768.0,-5741.0,-15100.0,12808.0
447,5792.0,-32768.0,11672.0,-2464.0,-32768.0,-6505.0,-15920.0,12814.0
448,6360.0,-32768.0,12628.0,-2432.0,-32768.0,-7192.0,-16207.0,12820.0
449,7788.0,-32768.0,13936.0,-2416.0,-32768.0,-7516.0,-16002.0,12826.0
450,10440.0,-32768.0,15504.0,-2432.0,-32768.0,-7096.0,-15515.0,12833.0
451,12880.0,-32768.0,17100.0,-2400.0,-32768.0,-5514.0,-15016.0,12839.0
452,15428.0,-32768.0,19112.0,-2432.0,-32768.0,-2747.0,-14570.0,12846.0
453,17060.0,-32768.0,20900.0,-2432.0,-31088.0,1757.0,-14024.0,12852.0
454,18324.0,-32768.0,22276.0,-2480.0,-29111.0,6921.0,-13856.0,12859.0
455,18736.0,-32768.0,24828.0,-2416.0,-26662.0,12469.0,-13932.0,12865.0
456,18072.0,-32768.0,26644.0,-2448.0,-23884.0,18233.0,-14099.0,12871.0
457,14564.0,-32768.0,27976.0,-2448.0,-20766.0,24107.0,-13800.0,12878.0
458,7816.0,-32768.0,29288.0,-2416.0,-16918.0,30005.0,-12229.0,12884.0
459,-4104.0,-31848.0,30272.0,-2464.0,-12725.0,32767.0,-9478.0,12891.0
460,-18044.0,-27652.0,27040.0,-2432.0,-8703.0,32767.0,-5163.0,12897.0
461,-30772.0,-26704.0,30592.0,-2416.0,-4306.0,31254.0,-2930.0,12903.0
462,-32768.0,-25664.0,30568.0,-2432.0,-117.0,25603.0,4077.0,12910.0
463,-32252.0,-25120.0,30848.0,-2432.0,3954.0,18688.0,2988.0,12916.0
464,-32768.0,-27380.0,31424.0,-2432.0,7910.0,10299.0,3630.0,12922.0
465,-27936.0,-27836.0,30928.0,-2464.0,11852.0,1560.0,4174.0,12929.0
466,-21476.0,-26844.0,28932.0,-2496.0,15008.0,-5200.0,3790.0,12935.0
467,-17336.0,-25000.0,25324.0,-2416.0,17409.0,-9780.0,3637.0,12941.0
468,-14640.0,-22972.0,20792.0,-2448.0,19088.0,-12405.0,4080.0,12947.0
469,-12740.0,-18260.0,17376.0,-2432.0,19621.0,-13893.0,4458.0,12953.0
470,-14052.0,-20840.0,14376.0,-2448.0,20793.0,-15923.0,4803.0,12960.0
471,-11700.0,-16720.0,5488.0,-2416.0,21002.0,-18356.0,5514.0,12966.0
472,940.0,16452.0,-32768.0,-2432.0,5538.0,-19813.0,2573.0,12973.0
473,32767.0,14000.0,-32768.0,-2416.0,-22867.0,-18619.0,-32449.0,12979.0
474,32767.0,-32768.0,-32768.0,-2448.0,9334.0,-32768.0,-29219.0,12985.0
475,16992.0,-32768.0,5300.0,-2448.0,18974.0,-21424.0,24476.0,12992.0
476,-32768.0,-32768.0,32767.0,-2448.0,23217.0,32767.0,31670.0,12998.0
477,-32768.0,-32768.0,32767.0,-2448.0,24551.0,32767.0,17927.0,13004.0
478,-32768.0,-32768.0,22008.0,-2432.0,19756.0,13656.0,667.0,13010.0
479,-28768.0,-28660.0,-22832.0,-2432.0,14789.0,-10979.0,-7580.0,13017.0
480,6912.0,-14740.0,-21292.0,-2416.0,17908.0,-28195.0,-6595.0,13024.0
481,32472.0,-7640.0,10628.0,-2432.0,23349.0,-27815.0,-1825.0,13030.0
482,18856.0,-3304.0,16316.0,-2464.0,18527.0,-7796.0,44.0,13036.0
483,3064.0,-4876.0,1816.0,-2480.0,12748.0,556.0,728.0,13042.0
484,7308.0,-9176.0,-3760.0,-2448.0,11161.0,-6033.0,-1079.0,13048.0
485,14152.0,-14276.0,-816.0,-2464.0,12351.0,-15388.0,-3451.0,13054.0
486,11664.0,-15320.0,736.0,-2448.0,12298.0,-14072.0,-804.0,13061.0
487,12152.0,-14660.0,-284.0,-2448.0,11164.0,-7419.0,2761.0,13067.0
488,11916.0,-17272.0,-356.0,-2432.0,10957.0,-1610.0,4198.0,13073.0
489,7664.0,-19436.0,-1652.0,-2448.0,11751.0,1816.0,4006.0,13079.0
490,4284.0,-18492.0,-1568.0,-2448.0,12363.0,2584.0,3016.0,13085.0
491,3992.0,-16180.0,-552.0,-2464.0,11943.0,2224.0,2205.0,13091.0
492,4112.0,-16916.0,1128.0,-2448.0,11192.0,3171.0,2612.0,13097.0
493,3360.0,-19540.0,1092.0,-2448.0,10992.0,5274.0,3187.0,13104.0
494,1728.0,-18656.0,2020.0,-2448.0,10771.0,7426.0,3048.0,13109.0
495,528.0,-14960.0,1448.0,-2464.0,9815.0,9180.0,1940.0,13115.0
496,-788.0,-12800.0,-8.0,-2432.0,8498.0,9843.0,443.0,13121.0
497,-1704.0,-14044.0,-956.0,-2448.0,7921.0,9253.0,-690.0,13127.0
498,-1640.0,-16440.0,-1104.0,-2448.0,7965.0,8095.0,-1695.0,13133.0
499,-1104.0,-17432.0,-704.0,-2464.0,7974.0,6426.0,-2507.0,13139.0
500,-100.0,-16880.0,332.0,-2448.0,7522.0,4575.0,-2836.0,13146.0
501,1832.0,-16084.0,64.0,-2448.0,7061.0,3170.0,-2918.0,13151.0
502,4260.0,-15528.0,-1148.0,-2448.0,6963.0,2105.0,-3007.0,13157.0
503,6588.0,-14700.0,-1332.0,-2448.0,6893.0,853.0,-3005.0,13163.0
504,8836.0,-13860.0,-636.0,-2432.0,6712.0,410.0,-2660.0,13169.0
505,11124.0,-13252.0,-344.0,-2432.0,6364.0,1213.0,-1868.0,13175.0
506,12488.0,-13156.0,-584.0,-2448.0,6003.0,3332.0,-903.0,13181.0
507,11532.0,-13296.0,-1260.0,-2448.0,5716.0,6042.0,-134.0,13188.0
508,9128.0,-13744.0,-1864.0,-2432.0,5468.0,8108.0,490.0,13194.0
509,6276.0,-14888.0,-2072.0,-2432.0,5293.0,8739.0,676.0,13200.0
510,3852.0,-15604.0,-1828.0,-2448.0,5128.0,8621.0,779.0,13205.0
511,2840.0,-16676.0,-1456.0,-2448.0,5060.0,8005.0,593.0,13211.0
512,2456.0,-17168.0,-1572.0,-2480.0,5059.0,7137.0,474.0,13217.0
513,2736.0,-16928.0,-1480.0,-2464.0,5094.0,6172.0,409.0,13223.0
514,2888.0,-16896.0,-1256.0,-2432.0,5131.0,5336.0,354.0,13230.0
515,3156.0,-16492.0,-1240.0,-2480.0,5210.0,4593.0,213.0,13236.0
516,3552.0,-16304.0,-940.0,-2448.0,5274.0,3771.0,208.0,13242.0
517,4128.0,-16144.0,-668.0,-2448.0,5354.0,3147.0,225.0,13247.0
518,5120.0,-16112.0,-816.0,-2448.0,5485.0,2812.0,288.0,13253.0
519,6244.0,-15888.0,-664.0,-2416.0,5564.0,2779.0,500.0,13259.0
520,6880.0,-15768.0,-696.0,-2432.0,5602.0,3073.0,773.0,13265.0
521,7140.0,-15908.0,-524.0,-2464.0,5673.0,3478.0,1077.0,13272.0
522,6936.0,-15784.0,-428.0,-2432.0,5675.0,3914.0,1372.0,13277.0
523,6156.0,-15808.0,-212.0,-2464.0,5727.0,4205.0,1558.0,13283.0
524,5560.0,-15668.0,12.0,-2464.0,5779.0,4340.0,1697.0,13289.0
525,5268.0,-15852.0,12.0,-2464.0,5819.0,4405.0,1720.0,13295.0
526,5236.0,-15960.0,120.0,-2448.0,5860.0,4425.0,1765.0,13301.0
527,4968.0,-16056.0,396.0,-2448.0,5904.0,4404.0,1774.0,13307.0
528,4880.0,-16280.0,312.0,-2416.0,5925.0,4371.0,1635.0,13313.0
529,4352.0,-16520.0,844.0,-2416.0,5975.0,4267.0,1632.0,13319.0
530,4012.0,-16644.0,1096.0,-2432.0,6003.0,4279.0,1677.0,13325.0
531,4508.0,-16396.0,1020.0,-2464.0,6003.0,4333.0,1466.0,13331.0
532,5480.0,-17092.0,1176.0,-2448.0,6031.0,4470.0,1471.0,13337.0
533,7376.0,-15984.0,324.0,-2448.0,6004.0,4725.0,850.0,13343.0
534,5804.0,-17068.0,1048.0,-2416.0,6131.0,5109.0,1753.0,13348.0
535,4924.0,-17176.0,1380.0,-2416.0,6193.0,5871.0,1588.0,13355.0
536,4880.0,-16884.0,1356.0,-2464.0,6282.0,5959.0,1471.0,13361.0
537,5536.0,-16756.0,1156.0,-2464.0,6375.0,5938.0,1471.0,13367.0
538,6364.0,-16804.0,1272.0,-2432.0,6426.0,6046.0,1331.0,13373.0
539,6556.0,-16912.0,1324.0,-2448.0,6478.0,6294.0,1250.0,13379.0
540,5900.0,-17228.0,1524.0,-2480.0,6491.0,6717.0,1294.0,13385.0
541,5100.0,-17352.0,1764.0,-2432.0,6584.0,7079.0,1367.0,13391.0
542,3796.0,-17172.0,1984.0,-2432.0,6664.0,7221.0,1562.0,13396.0
543,2816.0,-17292.0,1928.0,-2480.0,6790.0,7165.0,1688.0,13403.0
544,2296.0,-17312.0,1960.0,-2416.0,6978.0,6903.0,1753.0,13409.0
545,2004.0,-17384.0,2056.0,-2480.0,7160.0,6542.0,1837.0,13415.0
546,2084.0,-17680.0,2128.0,-2432.0,7395.0,6247.0,1905.0,13421.0
547,2092.0,-17780.0,2104.0,-2432.0,7573.0,5995.0,2022.0,13427.0
548,1960.0,-18172.0,2116.0,-2448.0,7887.0,5696.0,2215.0,13433.0
549,1792.0,-18444.0,2092.0,-2448.0,8193.0,5478.0,2384.0,13440.0
550,1640.0,-18536.0,1900.0,-2448.0,8567.0,5199.0,2579.0,13445.0
551,1572.0,-18832.0,1964.0,-2432.0,8968.0,4900.0,2818.0,13451.0
552,1468.0,-19300.0,1860.0,-2464.0,9458.0,4562.0,3110.0,13457.0
553,1460.0,-19172.0,2096.0,-2448.0,9900.0,4126.0,3461.0,13463.0
554,1504.0,-19448.0,2100.0,-2448.0,10306.0,3704.0,3726.0,13469.0
555,1484.0,-19628.0,2332.0,-2432.0,10724.0,3236.0,4101.0,13475.0
556,1284.0,-19596.0,2460.0,-2448.0,11157.0,2852.0,4428.0,13481.0
557,1124.0,-19604.0,2344.0,-2464.0,11575.0,2423.0,4844.0,13488.0
558,-360.0,-19828.0,3180.0,-2480.0,11959.0,1926.0,5583.0,13494.0
559,2648.0,-20612.0,2440.0,-2464.0,12511.0,2055.0,5802.0,13500.0
560,-56.0,-19908.0,2528.0,-2480.0,12743.0,1960.0,5708.0,13505.0
561,56.0,-20760.0,2812.0,-2448.0,13095.0,1001.0,6346.0,13511.0
562,848.0,-21128.0,2724.0,-2480.0,13555.0,525.0,6660.0,13517.0
563,1516.0,-21192.0,2732.0,-2480.0,13833.0,215.0,6975.0,13523.0
564,1932.0,-21480.0,2932.0,-2480.0,14210.0,45.0,7359.0,13530.0
565,2504.0,-21908.0,2816.0,-2448.0,14546.0,12.0,7729.0,13536.0
566,3016.0,-22116.0,2688.0,-2448.0,14891.0,79.0,7761.0,13542.0
567,3552.0,-22488.0,3008.0,-2448.0,15304.0,213.0,7978.0,13547.0
568,4496.0,-23228.0,3336.0,-2464.0,15752.0,673.0,8289.0,13553.0
569,5412.0,-23496.0,3664.0,-2448.0,16281.0,1319.0,8669.0,13559.0
570,5748.0,-23388.0,3032.0,-2448.0,16692.0,2206.0,8850.0,13565.0
571,6920.0,-23508.0,2704.0,-2464.0,17172.0,3084.0,9049.0,13572.0
572,7744.0,-23912.0,2616.0,-2448.0,17664.0,4091.0,9241.0,13578.0
573,8628.0,-24496.0,2128.0,-2464.0,18074.0,5438.0,9482.0,13584.0
574,9684.0,-25164.0,1236.0,-2480.0,18507.0,6878.0,9584.0,13590.0
575,8744.0,-25572.0,-44.0,-2432.0,18685.0,8962.0,10241.0,13596.0
576,6996.0,-28224.0,-1168.0,-2480.0,18487.0,10462.0,11115.0,13602.0
577,6476.0,-32680.0,-3112.0,-2464.0,18434.0,10682.0,12083.0,13608.0
578,7504.0,-32420.0,-5164.0,-2464.0,18648.0,11103.0,12751.0,13615.0
579,8780.0,-30496.0,-7116.0,-2464.0,18867.0,11301.0,12785.0,13621.0
580,11476.0,-30656.0,-8536.0,-2464.0,18652.0,11771.0,12689.0,13627.0
581,17496.0,-32544.0,-10772.0,-2464.0,17946.0,15267.0,12416.0,13633.0
582,21612.0,-32768.0,-15300.0,-2448.0,17823.0,21388.0,11484.0,13639.0
583,20252.0,-32768.0,-20428.0,-2432.0,18316.0,26679.0,11157.0,13645.0
584,12908.0,-32768.0,-19004.0,-2448.0,18534.0,28848.0,12093.0,13651.0
585,6108.0,-30100.0,-15916.0,-2464.0,18057.0,28762.0,13433.0,13659.0
586,168.0,-25864.0,-6676.0,-2432.0,18189.0,26642.0,14654.0,13665.0
587,-4344.0,-24652.0,2944.0,-2480.0,18572.0,22609.0,15661.0,13671.0
588,-5968.0,-27564.0,7432.0,-2432.0,18399.0,15391.0,15230.0,13677.0
589,-6364.0,-30892.0,4160.0,-2432.0,17269.0,4649.0,13069.0,13683.0
590,-3876.0,-30964.0,84.0,-2416.0,16273.0,-6383.0,11069.0,13689.0
591,-8.0,-28856.0,-2624.0,-2464.0,15360.0,-15632.0,9048.0,13696.0
592,5128.0,-25772.0,-2848.0,-2448.0,14816.0,-21969.0,7437.0,13702.0
593,9080.0,-24236.0,-1260.0,-2464.0,14968.0,-23625.0,6617.0,13708.0
594,11848.0,-21936.0,-1052.0,-2432.0,15213.0,-21920.0,6628.0,13714.0
595,13352.0,-19084.0,-996.0,-2432.0,15590.0,-17032.0,6389.0,13720.0
596,13392.0,-15552.0,-484.0,-2496.0,15163.0,-12243.0,5853.0,13726.0
597,12404.0,-13308.0,188.0,-2448.0,14448.0,-7471.0,5379.0,13732.0
598,11744.0,-11344.0,1480.0,-2416.0,12841.0,-2204.0,5134.0,13739.0
599,9796.0,-11628.0,4136.0,-2464.0,11650.0,1553.0,4704.0,13745.0
600,10456.0,-10644.0,4400.0,-2464.0,10015.0,4524.0,4722.0,13751.0
601,9920.0,-9964.0,5188.0,-2448.0,8534.0,7044.0,4652.0,13757.0
602,8508.0,-7348.0,4400.0,-2496.0,6632.0,9005.0,4960.0,13763.0
603,6724.0,-5580.0,4356.0,-2432.0,4873.0,10560.0,5488.0,13768.0
604,4880.0,-4096.0,4028.0,-2432.0,2999.0,11621.0,5840.0,13774.0
605,3572.0,-4096.0,3368.0,-2480.0,1696.0,12874.0,5656.0,13780.0
606,1632.0,-4872.0,1576.0,-2448.0,1301.0,13578.0,5373.0,13787.0
607,-748.0,-3760.0,-1644.0,-2480.0,263.0,13200.0,5148.0,13793.0
608,-3388.0,-2376.0,-2552.0,-2448.0,-1091.0,11780.0,4661.0,13799.0
609,-5488.0,-1912.0,-6140.0,-2432.0,-2506.0,10054.0,4017.0,13805.0
610,-4632.0,136.0,-7124.0,-2448.0,-4288.0,5530.0,2848.0,13811.0
611,-2828.0,3124.0,-7280.0,-2480.0,-6977.0,908.0,1030.0,13816.0
612,-2848.0,3868.0,-6784.0,-2448.0,-9682.0,-1122.0,-180.0,13822.0
613,-2340.0,2924.0,-6476.0,-2480.0,-11761.0,-2240.0,-1126.0,13829.0
614,-1116.0,2328.0,-6008.0,-2432.0,-13544.0,-3653.0,-2195.0,13835.0
615,-344.0,1860.0,-5672.0,-2480.0,-15360.0,-4874.0,-3218.0,13841.0
616,480.0,1264.0,-5028.0,-2480.0,-16956.0,-5974.0,-3919.0,13847.0
617,1096.0,236.0,-4308.0,-2464.0,-18390.0,-7278.0,-4392.0,13853.0
618,1624.0,-612.0,-4188.0,-2464.0,-19826.0,-8004.0,-4617.0,13859.0
619,1568.0,-940.0,-4812.0,-2480.0,-21526.0,-8106.0,-5027.0,13864.0
620,1872.0,-1068.0,-5200.0,-2464.0,-23737.0,-7495.0,-5650.0,13871.0
621,1380.0,-1944.0,-5780.0,-2416.0,-25044.0,-7689.0,-6636.0,13877.0
622,1264.0,-3288.0,-6240.0,-2448.0,-26261.0,-8008.0,-7553.0,13883.0
623,1212.0,-3760.0,-6576.0,-2480.0,-27618.0,-8442.0,-8454.0,13889.0
624,1504.0,-4088.0,-6732.0,-2432.0,-28981.0,-9108.0,-9106.0,13895.0
625,1832.0,-4836.0,-6840.0,-2448.0,-30231.0,-9917.0,-9582.0,13901.0
626,2544.0,-5940.0,-6680.0,-2464.0,-31345.0,-10623.0,-9937.0,13907.0
627,3336.0,-6968.0,-6600.0,-2480.0,-32446.0,-10870.0,-10259.0,13914.0
628,4136.0,-7956.0,-6324.0,-2448.0,-32768.0,-10758.0,-10568.0,13920.0
629,4700.0,-9336.0,-5964.0,-2464.0,-32768.0,-10292.0,-10921.0,13926.0
630,5456.0,-10400.0,-5392.0,-2464.0,-32768.0,-9572.0,-11375.0,13932.0
631,6016.0,-11488.0,-5068.0,-2464.0,-32768.0,-8571.0,-11848.0,13938.0
632,6660.0,-12704.0,-4204.0,-2464.0,-32768.0,-7202.0,-12131.0,13944.0
633,6580.0,-13816.0,-3812.0,-2480.0,-32768.0,-5641.0,-12603.0,13950.0
634,6248.0,-14796.0,-3540.0,-2448.0,-32768.0,-4075.0,-12997.0,13957.0
635,5504.0,-15740.0,-3704.0,-2480.0,-32768.0,-2708.0,-13356.0,13963.0
636,4728.0,-17036.0,-3456.0,-2480.0,-32768.0,-1528.0,-13815.0,13969.0
637,3980.0,-18844.0,-3232.0,-2464.0,-32768.0,-552.0,-14176.0,13975.0
638,2804.0,-20820.0,-2408.0,-2480.0,-32768.0,155.0,-14512.0,13981.0
639,1860.0,-22360.0,-2032.0,-2480.0,-32768.0,473.0,-14724.0,13987.0
640,1260.0,-23824.0,-1432.0,-2480.0,-32768.0,513.0,-14915.0,13995.0
641,748.0,-25148.0,-968.0,-2480.0,-32768.0,301.0,-15070.0,14001.0
642,224.0,-26696.0,-216.0,-2480.0,-32768.0,-9.0,-15381.0,14006.0
643,-508.0,-28412.0,1208.0,-2512.0,-32768.0,-290.0,-15702.0,14012.0
644,-1304.0,-30424.0,2664.0,-2480.0,-32768.0,-636.0,-16125.0,14018.0
645,-2304.0,-31972.0,3592.0,-2432.0,-32768.0,-1398.0,-16547.0,14024.0
646,-3356.0,-32768.0,4904.0,-2416.0,-32768.0,-2659.0,-16847.0,14031.0
647,-4172.0,-32768.0,6484.0,-2448.0,-32768.0,-4378.0,-17025.0,14038.0
648,-4256.0,-32768.0,8168.0,-2496.0,-32768.0,-6083.0,-17069.0,14044.0
649,-3384.0,-32768.0,10592.0,-2480.0,-32768.0,-7489.0,-16866.0,14050.0
650,-1852.0,-32768.0,12128.0,-2480.0,-32768.0,-8234.0,-16536.0,14057.0
651,112.0,-32768.0,13620.0,-2448.0,-32768.0,-8463.0,-16045.0,14063.0
652,1464.0,-32768.0,15064.0,-2464.0,-32768.0,-8374.0,-15375.0,14069.0
653,2144.0,-32768.0,16540.0,-2448.0,-32768.0,-8356.0,-14573.0,14075.0
654,2260.0,-32768.0,19176.0,-2512.0,-32280.0,-8099.0,-13555.0,14083.0
655,2720.0,-32768.0,21664.0,-2464.0,-29893.0,-6935.0,-12414.0,14089.0
656,3360.0,-32768.0,25764.0,-2448.0,-27291.0,-5222.0,-11415.0,14095.0
657,3476.0,-32768.0,29336.0,-2480.0,-24313.0,-3004.0,-10489.0,14101.0
658,2292.0,-32768.0,32756.0,-2432.0,-21301.0,-679.0,-9959.0,14107.0
659,120.0,-32768.0,32767.0,-2496.0,-18184.0,1686.0,-9468.0,14114.0
660,-3380.0,-32156.0,32767.0,-2480.0,-14725.0,3638.0,-8295.0,14120.0
661,-7864.0,-30700.0,32767.0,-2464.0,-10793.0,4699.0,-6157.0,14127.0
662,-16556.0,-29776.0,32767.0,-2416.0,-6248.0,4344.0,-3733.0,14133.0
663,-18808.0,-28700.0,32767.0,-2448.0,-2727.0,2742.0,-3269.0,14139.0
664,-16572.0,-26408.0,32767.0,-2496.0,471.0,1022.0,3999.0,14145.0
665,-12556.0,-26656.0,32767.0,-2480.0,4439.0,-602.0,3610.0,14151.0
666,-15232.0,-25460.0,32767.0,-2448.0,7638.0,-2174.0,3183.0,14157.0
667,-11816.0,-26604.0,32767.0,-2496.0,11084.0,-4598.0,4519.0,14163.0
668,-10188.0,-26804.0,31980.0,-2464.0,14357.0,-6306.0,4972.0,14170.0
669,-9800.0,-25800.0,28384.0,-2480.0,17182.0,-7908.0,5726.0,14176.0
670,-9204.0,-23588.0,22932.0,-2448.0,19045.0,-9528.0,6784.0,14182.0
671,-9232.0,-22000.0,17816.0,-2480.0,20394.0,-11248.0,7228.0,14188.0
672,-8200.0,-17128.0,10456.0,-2464.0,20520.0,-13328.0,6922.0,14195.0
673,19116.0,18644.0,-32768.0,-2464.0,8279.0,-11803.0,1808.0,14201.0
674,32767.0,13420.0,-32768.0,-2464.0,-21044.0,-8044.0,-30382.0,14208.0
675,32767.0,-32768.0,-32768.0,-2496.0,8525.0,-32768.0,-31866.0,14214.0
676,17396.0,-32768.0,12892.0,-2464.0,19604.0,-10206.0,23971.0,14220.0
677,-32768.0,-32768.0,32767.0,-2432.0,21151.0,32767.0,29233.0,14227.0
678,-32768.0,-32768.0,32767.0,-2480.0,22685.0,32767.0,16701.0,14233.0
679,-32768.0,-32768.0,30260.0,-2464.0,20143.0,16550.0,4524.0,14239.0
680,-32768.0,-24932.0,-15300.0,-2480.0,14052.0,-6705.0,-1819.0,14245.0
681,7716.0,-10908.0,-18824.0,-2480.0,15253.0,-22784.0,-4506.0,14253.0
682,32767.0,-1956.0,3040.0,-2464.0,19196.0,-32768.0,-6085.0,14259.0
683,31260.0,-7048.0,22008.0,-2432.0,17737.0,-20326.0,-3680.0,14265.0
684,3624.0,-21128.0,11004.0,-2480.0,13436.0,1087.0,783.0,14271.0
685,-5508.0,-24756.0,44.0,-2496.0,12642.0,5696.0,2735.0,14277.0
686,-80.0,-23728.0,352.0,-2464.0,14139.0,-2909.0,-648.0,14283.0
687,2556.0,-21076.0,624.0,-2496.0,14473.0,-6975.0,-1010.0,14289.0
688,7072.0,-19080.0,-992.0,-2480.0,14135.0,-3741.0,1115.0,14295.0
689,10016.0,-19664.0,-756.0,-2496.0,14997.0,863.0,2499.0,14301.0
690,7632.0,-20516.0,-2480.0,-2480.0,16644.0,3226.0,2490.0,14307.0
691,4276.0,-15472.0,-2532.0,-2480.0,16538.0,3637.0,1814.0,14313.0
692,4036.0,-9436.0,252.0,-2448.0,14519.0,3507.0,1138.0,14319.0
693,4744.0,-10012.0,1748.0,-2480.0,12557.0,4064.0,1384.0,14325.0
694,4680.0,-13660.0,1624.0,-2464.0,11472.0,6293.0,2027.0,14331.0
695,3220.0,-16168.0,300.0,-2480.0,10842.0,7919.0,1876.0,14338.0
696,1660.0,-15880.0,-904.0,-2464.0,10314.0,8241.0,1437.0,14344.0
697,636.0,-14840.0,-408.0,-2480.0,9734.0,8423.0,662.0,14350.0
698,192.0,-14496.0,616.0,-2480.0,8895.0,8293.0,-81.0,14356.0
699,172.0,-15276.0,364.0,-2464.0,8167.0,7619.0,-401.0,14361.0
700,0.0,-16324.0,-728.0,-2480.0,7771.0,6643.0,-582.0,14367.0
701,-612.0,-16156.0,-1288.0,-2464.0,7527.0,5203.0,-1003.0,14373.0
702,-144.0,-15240.0,-732.0,-2464.0,7222.0,3313.0,-1356.0,14380.0
703,2036.0,-14980.0,-396.0,-2448.0,6774.0,1814.0,-1535.0,14386.0
704,5028.0,-15376.0,-356.0,-2480.0,6392.0,1583.0,-1475.0,14391.0
705,7040.0,-15464.0,-712.0,-2480.0,6141.0,2171.0,-1160.0,14397.0
706,7484.0,-15040.0,-856.0,-2496.0,5898.0,3101.0,-690.0,14403.0
707,7000.0,-14684.0,-500.0,-2496.0,5663.0,4069.0,-200.0,14409.0
708,6136.0,-14748.0,-340.0,-2464.0,5474.0,4857.0,244.0,14415.0
709,5080.0,-15092.0,-32.0,-2464.0,5334.0,5489.0,448.0,14422.0
710,3696.0,-15504.0,-60.0,-2464.0,5265.0,5817.0,420.0,14427.0
711,2636.0,-16356.0,-36.0,-2480.0,5351.0,5686.0,287.0,14433.0
712,2144.0,-16684.0,-332.0,-2480.0,5402.0,5179.0,108.0,14439.0
713,2508.0,-16740.0,-744.0,-2464.0,5457.0,4629.0,-14.0,14445.0
714,3416.0,-16644.0,-832.0,-2464.0,5538.0,4203.0,-67.0,14450.0
715,3824.0,-16476.0,-740.0,-2480.0,5620.0,4095.0,-51.0,14456.0
716,3844.0,-16440.0,-480.0,-2432.0,5698.0,4151.0,16.0,14462.0
717,3808.0,-16156.0,-416.0,-2480.0,5717.0,4109.0,73.0,14469.0
718,3888.0,-15944.0,-356.0,-2480.0,5697.0,4056.0,193.0,14474.0
719,4276.0,-16036.0,-8.0,-2448.0,5661.0,4000.0,329.0,14480.0
720,4444.0,-15956.0,-188.0,-2480.0,5656.0,3918.0,410.0,14486.0
721,4604.0,-16084.0,112.0,-2480.0,5586.0,3873.0,598.0,14492.0
722,4988.0,-16076.0,132.0,-2448.0,5526.0,3924.0,717.0,14497.0
723,5140.0,-16252.0,-160.0,-2496.0,5490.0,4156.0,821.0,14503.0
724,4844.0,-16196.0,-64.0,-2464.0,5499.0,4435.0,941.0,14510.0
725,4324.0,-16516.0,684.0,-2480.0,5541.0,4559.0,1103.0,14516.0
726,3708.0,-16528.0,500.0,-2480.0,5561.0,4556.0,1198.0,14522.0
727,3048.0,-16720.0,612.0,-2480.0,5642.0,4301.0,1241.0,14527.0
728,2856.0,-16664.0,676.0,-2480.0,5688.0,3928.0,1223.0,14533.0
729,3064.0,-16536.0,912.0,-2448.0,5787.0,3580.0,1185.0,14539.0
730,3496.0,-16664.0,1008.0,-2480.0,5793.0,3332.0,1157.0,14545.0
731,3784.0,-16588.0,1136.0,-2496.0,5814.0,3223.0,1089.0,14552.0
732,5000.0,-16772.0,728.0,-2464.0,5728.0,3310.0,875.0,14558.0
733,6900.0,-15804.0,836.0,-2464.0,5712.0,3272.0,336.0,14563.0
734,5412.0,-16296.0,1900.0,-2480.0,5705.0,3561.0,1363.0,14569.0
735,4676.0,-16640.0,1840.0,-2496.0,5619.0,4596.0,906.0,14575.0
736,4572.0,-16580.0,1640.0,-2464.0,5633.0,4681.0,1020.0,14581.0
737,5176.0,-16652.0,1876.0,-2464.0,5637.0,4794.0,1038.0,14587.0
738,5624.0,-16852.0,1508.0,-2480.0,5702.0,5142.0,1032.0,14594.0
739,5760.0,-16960.0,1540.0,-2480.0,5767.0,5655.0,938.0,14600.0
740,5428.0,-17096.0,1652.0,-2480.0,5868.0,6051.0,969.0,14605.0
741,5064.0,-17172.0,1676.0,-2480.0,5956.0,6357.0,1045.0,14611.0
742,4412.0,-17344.0,1780.0,-2464.0,6082.0,6646.0,1112.0,14617.0
743,3840.0,-17308.0,1808.0,-2496.0,6215.0,6815.0,1225.0,14623.0
744,3352.0,-17400.0,1728.0,-2464.0,6384.0,6870.0,1292.0,14629.0
745,3072.0,-17464.0,1708.0,-2480.0,6587.0,6862.0,1380.0,14636.0
746,2880.0,-17400.0,1628.0,-2448.0,6828.0,6759.0,1411.0,14642.0
747,2664.0,-17412.0,1840.0,-2448.0,7069.0,6573.0,1515.0,14647.0
748,2140.0,-17652.0,2160.0,-2464.0,7276.0,6405.0,1672.0,14653.0
749,1548.0,-18172.0,2084.0,-2496.0,7607.0,6257.0,1830.0,14659.0
750,776.0,-18100.0,2144.0,-2448.0,7914.0,6003.0,2020.0,14665.0
751,84.0,-18252.0,2164.0,-2480.0,8247.0,5668.0,2201.0,14671.0
752,-808.0,-18912.0,2524.0,-2496.0,8603.0,5334.0,2441.0,14678.0
753,-1536.0,-19380.0,2464.0,-2464.0,9015.0,4875.0,2755.0,14683.0
754,-2072.0,-19736.0,2468.0,-2448.0,9504.0,4354.0,3201.0,14689.0
755,-2144.0,-20196.0,2288.0,-2480.0,10059.0,3701.0,3525.0,14695.0
756,-2688.0,-20028.0,2312.0,-2496.0,10497.0,2775.0,3836.0,14701.0
757,-1212.0,-21276.0,2312.0,-2480.0,11165.0,1932.0,4698.0,14707.0
758,-1280.0,-20196.0,2644.0,-2432.0,11552.0,1578.0,4613.0,14713.0
759,-2004.0,-21012.0,2464.0,-2448.0,12020.0,512.0,4939.0,14720.0
760,-624.0,-21348.0,2396.0,-2464.0,12465.0,-398.0,5477.0,14726.0
761,456.0,-21356.0,2776.0,-2464.0,12821.0,-782.0,5765.0,14732.0
762,924.0,-21592.0,2764.0,-2496.0,13198.0,-1061.0,6049.0,14738.0
763,1784.0,-21612.0,2468.0,-2480.0,13556.0,-1166.0,6355.0,14744.0
764,2336.0,-21540.0,2628.0,-2496.0,13933.0,-1018.0,6667.0,14749.0
765,2324.0,-21416.0,2648.0,-2480.0,14246.0,-777.0,7066.0,14755.0
766,2556.0,-21560.0,2504.0,-2480.0,14548.0,-439.0,7468.0,14761.0
767,2592.0,-21672.0,2564.0,-2496.0,14905.0,-195.0,7948.0,14768.0
768,2756.0,-21652.0,2528.0,-2496.0,15250.0,-4.0,8317.0,14774.0
769,3260.0,-21808.0,2448.0,-2496.0,15620.0,111.0,8680.0,14780.0
770,4136.0,-22252.0,2820.0,-2480.0,16106.0,158.0,8932.0,14786.0
771,4920.0,-22480.0,3300.0,-2480.0,16586.0,358.0,9296.0,14792.0
772,6024.0,-22836.0,2612.0,-2480.0,16990.0,935.0,9543.0,14797.0
773,7020.0,-23264.0,2292.0,-2464.0,17474.0,1372.0,9776.0,14803.0
774,7496.0,-24068.0,2072.0,-2480.0,17860.0,2252.0,10104.0,14810.0
775,5604.0,-24724.0,2176.0,-2464.0,18045.0,3647.0,10850.0,14816.0
776,4332.0,-27240.0,1888.0,-2448.0,17925.0,3813.0,11703.0,14822.0
777,5088.0,-30388.0,80.0,-2448.0,17973.0,3637.0,12470.0,14828.0
778,7108.0,-30636.0,-2328.0,-2480.0,18142.0,3626.0,12599.0,14834.0
779,9948.0,-30140.0,-4780.0,-2496.0,18324.0,3790.0,12471.0,14840.0
780,12908.0,-30892.0,-6512.0,-2496.0,18452.0,4586.0,12478.0,14846.0
781,15992.0,-32012.0,-8860.0,-2496.0,18467.0,5823.0,12231.0,14853.0
782,19152.0,-32748.0,-10880.0,-2480.0,18237.0,8066.0,12078.0,14859.0
783,22860.0,-32768.0,-15648.0,-2464.0,18172.0,12354.0,11470.0,14865.0
784,22544.0,-32768.0,-19620.0,-2480.0,18548.0,16237.0,11231.0,14871.0
785,18812.0,-32768.0,-20552.0,-2480.0,18583.0,18571.0,11827.0,14878.0
786,12844.0,-32084.0,-15116.0,-2496.0,18383.0,18940.0,12578.0,14884.0
787,7248.0,-30428.0,-6360.0,-2512.0,18734.0,17819.0,13197.0,14891.0
788,732.0,-30240.0,5184.0,-2480.0,19833.0,14699.0,13783.0,14897.0
789,-10236.0,-29512.0,5232.0,-2496.0,20293.0,9764.0,16440.0,14903.0
790,-2296.0,-31420.0,708.0,-2480.0,19297.0,3675.0,10701.0,14909.0
791,-7932.0,-27180.0,-2164.0,-2496.0,17429.0,-4260.0,8509.0,14915.0
792,-2268.0,-23784.0,-5320.0,-2480.0,15144.0,-12346.0,8183.0,14921.0
793,3012.0,-22604.0,388.0,-2448.0,14080.0,-16896.0,6576.0,14927.0
794,4596.0,-24868.0,2604.0,-2496.0,15358.0,-18962.0,5549.0,14934.0
795,5156.0,-26500.0,4072.0,-2496.0,16788.0,-16951.0,6228.0,14940.0
796,7120.0,-24996.0,4372.0,-2480.0,17830.0,-13386.0,7326.0,14946.0
797,8752.0,-20424.0,2244.0,-2480.0,17584.0,-9361.0,7322.0,14952.0
798,6608.0,-17712.0,976.0,-2496.0,16297.0,-7066.0,7029.0,14958.0
799,6572.0,-14096.0,3668.0,-2480.0,14724.0,-5356.0,6608.0,14964.0
800,4816.0,-12644.0,4748.0,-2480.0,13529.0,-4827.0,5906.0,14970.0
801,2984.0,-11992.0,3564.0,-2496.0,12080.0,-3817.0,5462.0,14977.0
802,1304.0,-11292.0,1368.0,-2496.0,10359.0,-2527.0,5396.0,14983.0
803,212.0,-9148.0,-1324.0,-2480.0,8568.0,-1560.0,5568.0,14989.0
804,332.0,-7296.0,-4540.0,-2464.0,6772.0,-1545.0,5503.0,14995.0
805,1408.0,-5088.0,-6984.0,-2432.0,4809.0,-2487.0,4974.0,15000.0
806,2720.0,-2564.0,-7844.0,-2480.0,2776.0,-3463.0,3867.0,15006.0
807,3364.0,-652.0,-8624.0,-2480.0,571.0,-3771.0,2617.0,15012.0
808,3936.0,1028.0,-8624.0,-2464.0,-1635.0,-3809.0,1536.0,15019.0
809,4700.0,2072.0,-8408.0,-2480.0,-3864.0,-3662.0,678.0,15025.0
810,5176.0,2464.0,-7744.0,-2480.0,-5813.0,-3203.0,5.0,15030.0
811,5200.0,2892.0,-7336.0,-2496.0,-7614.0,-2454.0,-477.0,15036.0
812,5148.0,3000.0,-7240.0,-2480.0,-9530.0,-1475.0,-775.0,15042.0
813,4212.0,3176.0,-6192.0,-2480.0,-11488.0,-629.0,-1095.0,15048.0
814,2728.0,2880.0,-5860.0,-2464.0,-13559.0,-32.0,-1420.0,15054.0
815,1248.0,2536.0,-5428.0,-2496.0,-15635.0,216.0,-1646.0,15060.0
816,64.0,1972.0,-5836.0,-2464.0,-17713.0,90.0,-2063.0,15066.0
817,-488.0,1492.0,-6088.0,-2512.0,-19605.0,-436.0,-2562.0,15072.0
818,-972.0,808.0,-6452.0,-2480.0,-21427.0,-1190.0,-3068.0,15078.0
819,-972.0,256.0,-6856.0,-2480.0,-23228.0,-1931.0,-3582.0,15084.0
820,-872.0,-424.0,-7500.0,-2512.0,-25077.0,-2697.0,-4106.0,15090.0
821,56.0,-1060.0,-7468.0,-2496.0,-27029.0,-3286.0,-4562.0,15095.0
822,-760.0,-4028.0,-8760.0,-2464.0,-28487.0,-3807.0,-5002.0,15101.0
823,800.0,-3780.0,-8128.0,-2464.0,-30059.0,-4344.0,-5414.0,15108.0
824,856.0,-5196.0,-7940.0,-2512.0,-31213.0,-5181.0,-5833.0,15114.0
825,856.0,-6156.0,-7356.0,-2496.0,-32433.0,-5907.0,-6139.0,15120.0
826,932.0,-7000.0,-6548.0,-2464.0,-32768.0,-6520.0,-6360.0,15126.0
827,836.0,-7844.0,-6096.0,-2480.0,-32768.0,-7212.0,-6635.0,15132.0
828,996.0,-8964.0,-5628.0,-2480.0,-32768.0,-7788.0,-6969.0,15138.0
829,1428.0,-10212.0,-5240.0,-2496.0,-32768.0,-8236.0,-7395.0,15144.0
830,2020.0,-11420.0,-5112.0,-2480.0,-32768.0,-8485.0,-7828.0,15151.0
831,2692.0,-13244.0,-4064.0,-2512.0,-32768.0,-8543.0,-8305.0,15157.0
832,3168.0,-14784.0,-3088.0,-2464.0,-32768.0,-8260.0,-8678.0,15163.0
833,3740.0,-16192.0,-2752.0,-2528.0,-32768.0,-7694.0,-9114.0,15169.0
834,4476.0,-17028.0,-2980.0,-2480.0,-32768.0,-7150.0,-9622.0,15175.0
835,5124.0,-18436.0,-2692.0,-2464.0,-32768.0,-6672.0,-10057.0,15181.0
836,5580.0,-20404.0,-1412.0,-2528.0,-32768.0,-6084.0,-10341.0,15187.0
837,6236.0,-21788.0,-572.0,-2464.0,-32768.0,-5312.0,-10576.0,15194.0
838,7276.0,-23128.0,-56.0,-2480.0,-32768.0,-4436.0,-10851.0,15200.0
839,8276.0,-25004.0,108.0,-2464.0,-32768.0,-3430.0,-11162.0,15206.0
840,9168.0,-26780.0,528.0,-2496.0,-32768.0,-2199.0,-11446.0,15212.0
841,9996.0,-28560.0,1296.0,-2480.0,-32768.0,-892.0,-11729.0,15218.0
842,10988.0,-30656.0,2688.0,-2496.0,-32768.0,600.0,-12128.0,15224.0
843,11356.0,-32528.0,3624.0,-2464.0,-32768.0,2393.0,-12784.0,15230.0
844,11096.0,-32768.0,4800.0,-2464.0,-32768.0,4096.0,-13526.0,15237.0
845,10136.0,-32768.0,6404.0,-2496.0,-32768.0,5584.0,-14488.0,15243.0
846,8736.0,-32768.0,7692.0,-2496.0,-32768.0,6799.0,-15686.0,15249.0
847,7936.0,-32768.0,8948.0,-2496.0,-32768.0,7590.0,-16913.0,15255.0
848,7996.0,-32768.0,9828.0,-2496.0,-32768.0,8247.0,-18010.0,15261.0
849,9132.0,-32768.0,10652.0,-2496.0,-32768.0,9162.0,-19026.0,15267.0
850,10420.0,-32768.0,11160.0,-2480.0,-32768.0,10726.0,-19578.0,15273.0
851,10868.0,-32768.0,11764.0,-2464.0,-32768.0,13350.0,-19720.0,15280.0
852,9864.0,-32768.0,12404.0,-2512.0,-32768.0,16730.0,-19226.0,15286.0
853,6976.0,-32768.0,13340.0,-2480.0,-32768.0,20217.0,-18122.0,15292.0
854,1696.0,-32768.0,15424.0,-2480.0,-32768.0,23525.0,-16570.0,15299.0
855,-4120.0,-32768.0,18276.0,-2496.0,-31037.0,24711.0,-14918.0,15305.0
856,-11660.0,-32768.0,20188.0,-2496.0,-28508.0,23930.0,-12892.0,15311.0
857,-17648.0,-32768.0,21852.0,-2480.0,-26111.0,22388.0,-10702.0,15319.0
858,-23440.0,-32768.0,24888.0,-2512.0,-23319.0,19598.0,-9187.0,15325.0
859,-26256.0,-32768.0,28592.0,-2544.0,-19837.0,14376.0,-8772.0,15331.0
860,-26292.0,-32768.0,32608.0,-2512.0,-15947.0,7530.0,-8928.0,15338.0
861,-24300.0,-32768.0,32767.0,-2480.0,-11764.0,1075.0,-8689.0,15344.0
862,-20696.0,-32568.0,32767.0,-2496.0,-7658.0,-3175.0,-7474.0,15350.0
863,-15148.0,-29988.0,32767.0,-2480.0,-3570.0,-5312.0,-6515.0,15356.0
864,-20380.0,-28552.0,32767.0,-2464.0,415.0,-7403.0,-575.0,15363.0
865,-12668.0,-27904.0,32767.0,-2496.0,4720.0,-7965.0,1177.0,15369.0
866,-18620.0,-25212.0,32560.0,-2496.0,8190.0,-8708.0,1186.0,15376.0
867,-18892.0,-23236.0,30688.0,-2496.0,11010.0,-11524.0,2671.0,15382.0
868,-14904.0,-23288.0,27392.0,-2512.0,13406.0,-14318.0,4494.0,15388.0
869,-9148.0,-23196.0,24836.0,-2496.0,15768.0,-15517.0,5283.0,15394.0
870,-7216.0,-23460.0,22496.0,-2512.0,17855.0,-15932.0,5448.0,15400.0
871,-4596.0,-21852.0,20176.0,-2480.0,19348.0,-15818.0,6587.0,15407.0
872,-3932.0,-21488.0,17572.0,-2496.0,20611.0,-15386.0,6596.0,15413.0
873,-4476.0,-21124.0,14740.0,-2480.0,21588.0,-15439.0,6757.0,15420.0
874,-3824.0,-15124.0,7652.0,-2448.0,21853.0,-16160.0,6491.0,15426.0
875,7476.0,14084.0,-32768.0,-2512.0,11162.0,-15855.0,3351.0,15432.0
876,32767.0,14204.0,-32768.0,-2480.0,-24371.0,-11807.0,-32707.0,15438.0
877,32767.0,-32768.0,-32768.0,-2464.0,12386.0,-32768.0,-32768.0,15444.0
878,8268.0,-32768.0,-4548.0,-2512.0,20732.0,-12005.0,30848.0,15452.0
879,-32768.0,-24960.0,32767.0,-2512.0,20374.0,32767.0,32767.0,15458.0
880,-32768.0,-32768.0,32767.0,-2528.0,22684.0,29289.0,16876.0,15464.0
881,-32768.0,-32768.0,32767.0,-2480.0,20399.0,8646.0,-902.0,15470.0
882,-32768.0,-29124.0,-16860.0,-2496.0,13514.0,-11674.0,-5907.0,15476.0
883,-1308.0,-13572.0,-21472.0,-2496.0,13876.0,-27426.0,-6114.0,15483.0
884,32767.0,-4744.0,3136.0,-2496.0,18422.0,-32768.0,-7393.0,15490.0
885,32767.0,-7480.0,18156.0,-2496.0,18438.0,-27193.0,-4026.0,15496.0
886,14800.0,-19360.0,8920.0,-2512.0,15274.0,-5340.0,1251.0,15502.0
887,7960.0,-19104.0,-4748.0,-2528.0,13846.0,388.0,2224.0,15508.0
888,10024.0,-18684.0,-852.0,-2480.0,15461.0,-5879.0,-1198.0,15514.0
889,7240.0,-19268.0,740.0,-2512.0,16829.0,-8428.0,318.0,15520.0
890,9176.0,-19728.0,560.0,-2512.0,17001.0,-3573.0,3615.0,15526.0
891,9516.0,-20252.0,820.0,-2496.0,17128.0,2230.0,4355.0,15533.0
892,4812.0,-18792.0,768.0,-2496.0,16940.0,6868.0,3830.0,15539.0
893,-1104.0,-14212.0,912.0,-2512.0,15740.0,9071.0,1943.0,15545.0
894,-1552.0,-11048.0,804.0,-2496.0,13718.0,6639.0,240.0,15551.0
895,1720.0,-12200.0,708.0,-2496.0,12400.0,4563.0,216.0,15557.0
896,5204.0,-14200.0,752.0,-2512.0,11559.0,4733.0,1058.0,15562.0
897,5700.0,-14836.0,784.0,-2512.0,10719.0,6370.0,1513.0,15568.0
898,4360.0,-13996.0,260.0,-2528.0,9911.0,7866.0,1030.0,15575.0
899,2748.0,-13252.0,956.0,-2496.0,8914.0,8198.0,267.0,15581.0
900,2224.0,-14248.0,764.0,-2496.0,8009.0,8142.0,101.0,15587.0
901,1948.0,-15820.0,-168.0,-2496.0,7562.0,7856.0,107.0,15593.0
902,756.0,-16136.0,-540.0,-2496.0,7318.0,6917.0,-76.0,15599.0
903,-220.0,-15896.0,-628.0,-2512.0,7115.0,5503.0,-504.0,15604.0
904,-492.0,-15932.0,-180.0,-2512.0,6843.0,3641.0,-938.0,15610.0
905,836.0,-16000.0,456.0,-2512.0,6451.0,2275.0,-1327.0,15617.0
906,3384.0,-15640.0,292.0,-2512.0,6061.0,1343.0,-1472.0,15623.0
907,6284.0,-15192.0,220.0,-2512.0,5718.0,1149.0,-1235.0,15629.0
908,7964.0,-14404.0,316.0,-2496.0,5379.0,1796.0,-868.0,15634.0
909,8172.0,-14436.0,396.0,-2528.0,5067.0,2970.0,-433.0,15640.0
910,7476.0,-14536.0,324.0,-2512.0,4839.0,3986.0,-45.0,15646.0
911,6256.0,-14748.0,660.0,-2512.0,4650.0,4968.0,321.0,15652.0
912,5612.0,-14944.0,592.0,-2512.0,4409.0,5745.0,509.0,15659.0
913,4796.0,-15452.0,284.0,-2512.0,4257.0,6076.0,548.0,15664.0
914,4216.0,-15828.0,-396.0,-2496.0,4142.0,5977.0,575.0,15670.0
915,4068.0,-16084.0,-808.0,-2496.0,4077.0,5735.0,567.0,15676.0
916,4352.0,-16184.0,-928.0,-2496.0,4009.0,5397.0,557.0,15682.0
917,4304.0,-16284.0,-940.0,-2480.0,3969.0,5189.0,608.0,15687.0
918,3868.0,-16436.0,-576.0,-2544.0,3963.0,5012.0,619.0,15693.0
919,3108.0,-16472.0,-336.0,-2512.0,3965.0,4704.0,588.0,15699.0
920,2792.0,-16304.0,-208.0,-2512.0,3965.0,4125.0,419.0,15706.0
921,3160.0,-16080.0,-272.0,-2496.0,4004.0,3335.0,287.0,15712.0
922,4000.0,-16556.0,-404.0,-2528.0,4034.0,2775.0,210.0,15717.0
923,4852.0,-16420.0,-500.0,-2464.0,4162.0,2562.0,201.0,15723.0
924,5864.0,-16308.0,-244.0,-2544.0,4264.0,2718.0,351.0,15729.0
925,6080.0,-16152.0,-120.0,-2512.0,4372.0,3158.0,598.0,15735.0
926,6156.0,-16112.0,-176.0,-2512.0,4502.0,3689.0,887.0,15741.0
927,5880.0,-16012.0,-96.0,-2496.0,4653.0,4088.0,1068.0,15747.0
928,5804.0,-16024.0,-116.0,-2528.0,4795.0,4312.0,1124.0,15753.0
929,5164.0,-16112.0,-40.0,-2528.0,4993.0,4385.0,1219.0,15759.0
930,5044.0,-16268.0,32.0,-2496.0,5179.0,4262.0,1266.0,15765.0
931,4724.0,-16400.0,252.0,-2496.0,5309.0,4059.0,1286.0,15770.0
932,4880.0,-16340.0,288.0,-2528.0,5477.0,3800.0,1293.0,15776.0
933,5756.0,-16532.0,132.0,-2496.0,5572.0,3750.0,1130.0,15782.0
934,7264.0,-15728.0,-444.0,-2528.0,5665.0,3780.0,739.0,15789.0
935,5436.0,-16484.0,1016.0,-2512.0,5913.0,3934.0,1610.0,15795.0
936,4320.0,-16708.0,1244.0,-2496.0,6030.0,4690.0,1478.0,15801.0
937,3576.0,-16888.0,1284.0,-2528.0,6203.0,4733.0,1437.0,15807.0
938,4052.0,-16848.0,1044.0,-2512.0,6347.0,4454.0,1444.0,15812.0
939,4940.0,-16840.0,1032.0,-2544.0,6473.0,4358.0,1266.0,15818.0
940,5468.0,-17076.0,1188.0,-2528.0,6579.0,4333.0,1265.0,15824.0
941,5644.0,-17052.0,1516.0,-2528.0,6651.0,4539.0,1243.0,15831.0
942,5772.0,-17028.0,1588.0,-2512.0,6706.0,4792.0,1143.0,15837.0
943,5344.0,-16932.0,1696.0,-2512.0,6755.0,5112.0,1243.0,15843.0
944,4668.0,-17012.0,1856.0,-2528.0,6834.0,5442.0,1281.0,15849.0
945,3968.0,-17216.0,2008.0,-2496.0,6928.0,5675.0,1417.0,15855.0
946,3148.0,-17252.0,2036.0,-2544.0,7083.0,5842.0,1552.0,15860.0
947,2560.0,-17424.0,2124.0,-2512.0,7287.0,5844.0,1599.0,15866.0
948,1880.0,-17564.0,2272.0,-2512.0,7477.0,5501.0,1670.0,15873.0
949,1584.0,-17624.0,2136.0,-2496.0,7706.0,5153.0,1748.0,15879.0
950,996.0,-17812.0,2284.0,-2528.0,7930.0,4820.0,1792.0,15885.0
951,760.0,-18020.0,2496.0,-2512.0,8144.0,4345.0,1896.0,15891.0
952,608.0,-18380.0,2712.0,-2544.0,8438.0,3953.0,2072.0,15897.0
953,628.0,-18340.0,2880.0,-2480.0,8684.0,3526.0,2237.0,15902.0
954,760.0,-18196.0,2632.0,-2512.0,8978.0,3144.0,2403.0,15908.0
955,1072.0,-18476.0,2380.0,-2512.0,9361.0,2761.0,2617.0,15915.0
956,1200.0,-18640.0,2432.0,-2512.0,9698.0,2409.0,2840.0,15921.0
957,1340.0,-18852.0,2552.0,-2512.0,10054.0,2090.0,3140.0,15927.0
958,1380.0,-19132.0,2984.0,-2528.0,10443.0,1796.0,3453.0,15933.0
959,1468.0,-19096.0,2964.0,-2512.0,10682.0,1570.0,3427.0,15939.0
960,2344.0,-19892.0,2888.0,-2464.0,11138.0,1090.0,4483.0,15945.0
961,2068.0,-19584.0,3168.0,-2512.0,11435.0,1225.0,4305.0,15950.0
962,2460.0,-19808.0,3036.0,-2496.0,11736.0,885.0,4837.0,15956.0
963,3224.0,-20320.0,2984.0,-2480.0,12105.0,832.0,5276.0,15963.0
964,3304.0,-20516.0,2692.0,-2512.0,12478.0,815.0,5523.0,15969.0
965,3500.0,-20596.0,2660.0,-2512.0,12944.0,697.0,5839.0,15975.0
966,3848.0,-20564.0,2648.0,-2496.0,13222.0,671.0,6142.0,15981.0
967,4028.0,-20844.0,2972.0,-2512.0,13552.0,839.0,6488.0,15987.0
968,3760.0,-21372.0,2880.0,-2512.0,14008.0,1159.0,6814.0,15993.0
969,3404.0,-21576.0,2824.0,-2528.0,14434.0,1389.0,7192.0,16000.0
970,3244.0,-21844.0,2836.0,-2544.0,14861.0,1613.0,7523.0,16006.0
971,3328.0,-22128.0,2608.0,-2528.0,15309.0,1764.0,7869.0,16011.0
972,3532.0,-22448.0,2544.0,-2512.0,15756.0,1895.0,8234.0,16017.0
973,3736.0,-22620.0,2372.0,-2528.0,16196.0,2034.0,8573.0,16023.0
974,4064.0,-23052.0,2316.0,-2512.0,16641.0,2262.0,8881.0,16029.0
975,4792.0,-23712.0,2380.0,-2512.0,17162.0,2507.0,9114.0,16035.0
976,5356.0,-24624.0,3844.0,-2480.0,17773.0,2871.0,9440.0,16041.0
977,5608.0,-25276.0,2876.0,-2512.0,18125.0,3507.0,9768.0,16048.0
978,5120.0,-26168.0,2260.0,-2496.0,18529.0,4622.0,10199.0,16054.0
979,4344.0,-27468.0,2320.0,-2496.0,18703.0,5101.0,11022.0,16060.0
980,4968.0,-30256.0,1436.0,-2512.0,18885.0,5331.0,11628.0,16066.0
981,6620.0,-31268.0,-376.0,-2496.0,19126.0,5704.0,11912.0,16072.0
982,8984.0,-30584.0,-3212.0,-2512.0,19348.0,6268.0,11988.0,16078.0
983,11860.0,-30760.0,-6504.0,-2480.0,19323.0,7298.0,11946.0,16084.0
984,14240.0,-32768.0,-9080.0,-2544.0,19086.0,9057.0,11902.0,16091.0
985,15904.0,-32768.0,-12760.0,-2512.0,19178.0,11074.0,12070.0,16097.0
986,16092.0,-32768.0,-16972.0,-2512.0,19228.0,12840.0,12590.0,16103.0
987,15588.0,-32768.0,-20244.0,-2528.0,19029.0,14889.0,13113.0,16109.0
988,13396.0,-32768.0,-21348.0,-2512.0,18740.0,15968.0,13308.0,16115.0
989,9556.0,-32176.0,-17444.0,-2496.0,18454.0,15647.0,13523.0,16122.0
990,4464.0,-29756.0,-9572.0,-2528.0,18318.0,14426.0,13979.0,16129.0
991,-628.0,-29424.0,3068.0,-2560.0,19178.0,11537.0,14399.0,16135.0
992,-5164.0,-29472.0,10600.0,-2528.0,19806.0,7202.0,14743.0,16141.0
993,-6608.0,-27828.0,6652.0,-2496.0,18758.0,61.0,13590.0,16147.0
994,-4420.0,-26072.0,708.0,-2512.0,16890.0,-8453.0,11994.0,16153.0
995,460.0,-22656.0,-4448.0,-2528.0,14451.0,-16021.0,9670.0,16159.0
996,5704.0,-20652.0,-5968.0,-2528.0,12580.0,-21512.0,7278.0,16165.0
997,9100.0,-21236.0,-4672.0,-2496.0,12172.0,-22598.0,5190.0,16172.0
998,11472.0,-22740.0,-120.0,-2512.0,13104.0,-20180.0,4469.0,16178.0
999,10508.0,-22116.0,4332.0,-2512.0,14990.0,-15828.0,4545.0,16184.0
1000,10320.0,-15724.0,336.0,-2512.0,15396.0,-12631.0,5105.0,16190.0
1001,11500.0,-11648.0,-1636.0,-2512.0,13669.0,-10261.0,5002.0,16196.0
1002,12824.0,-9828.0,472.0,-2544.0,11344.0,-7524.0,4061.0,16202.0
1003,12936.0,-10120.0,3292.0,-2512.0,9598.0,-3953.0,3058.0,16208.0
1004,9848.0,-10184.0,2556.0,-2544.0,8876.0,-163.0,3068.0,16215.0
1005,8884.0,-8764.0,-644.0,-2544.0,7278.0,3374.0,3156.0,16221.0
1006,8000.0,-7512.0,-3812.0,-2512.0,5324.0,6522.0,2873.0,16227.0
1007,6844.0,-6720.0,-6572.0,-2512.0,3399.0,9018.0,3082.0,16232.0
1008,6036.0,-5340.0,-8116.0,-2544.0,1993.0,10129.0,2956.0,16238.0
1009,5080.0,-2620.0,-7396.0,-2528.0,510.0,10308.0,2557.0,16244.0
1010,2968.0,-24.0,-8912.0,-2528.0,-2017.0,11049.0,2208.0,16250.0
1011,4.0,1648.0,-8764.0,-2528.0,-4514.0,11217.0,2023.0,16257.0
1012,-2580.0,2200.0,-8504.0,-2528.0,-6935.0,10408.0,1710.0,16263.0
1013,-4300.0,2000.0,-8008.0,-2560.0,-9156.0,8777.0,970.0,16268.0
1014,-5412.0,1608.0,-7128.0,-2528.0,-11153.0,6369.0,-31.0,16274.0
1015,-5420.0,868.0,-6392.0,-2528.0,-12961.0,3528.0,-1053.0,16280.0
1016,-5120.0,420.0,-6016.0,-2496.0,-14804.0,601.0,-1932.0,16286.0
1017,-4448.0,196.0,-5908.0,-2528.0,-16690.0,-2048.0,-2718.0,16292.0
1018,-3748.0,-44.0,-6804.0,-2512.0,-18887.0,-4108.0,-3458.0,16299.0
1019,-3024.0,-712.0,-7340.0,-2512.0,-20930.0,-5689.0,-4068.0,16304.0
1020,-1768.0,-1072.0,-7944.0,-2512.0,-22857.0,-6660.0,-4531.0,16310.0
1021,-1012.0,-2272.0,-8460.0,-2512.0,-24508.0,-7642.0,-5148.0,16316.0
1022,-144.0,-3416.0,-8708.0,-2528.0,-26079.0,-8125.0,-5717.0,16322.0
1023,448.0,-3772.0,-8740.0,-2528.0,-27580.0,-8514.0,-6218.0,16328.0
1024,1116.0,-4472.0,-7956.0,-2512.0,-28964.0,-8771.0,-6530.0,16334.0
1025,1680.0,-4796.0,-7816.0,-2512.0,-30399.0,-8652.0,-6702.0,16340.0
1026,2028.0,-5180.0,-8020.0,-2512.0,-32038.0,-8685.0,-7036.0,16347.0
1027,2384.0,-5736.0,-8316.0,-2496.0,-32768.0,-8737.0,-7400.0,16353.0
1028,2760.0,-6808.0,-8320.0,-2544.0,-32768.0,-8746.0,-7751.0,16359.0
1029,3200.0,-8120.0,-7832.0,-2496.0,-32768.0,-8911.0,-8173.0,16365.0
1030,3868.0,-9920.0,-7204.0,-2512.0,-32768.0,-8832.0,-8516.0,16371.0
1031,4756.0,-11412.0,-7036.0,-2496.0,-32768.0,-8192.0,-8803.0,16377.0
1032,5624.0,-12756.0,-6296.0,-2544.0,-32768.0,-7229.0,-9123.0,16384.0
1033,6216.0,-14808.0,-5592.0,-2512.0,-32768.0,-5876.0,-9384.0,16390.0
1034,6164.0,-16576.0,-4768.0,-2528.0,-32768.0,-4094.0,-9604.0,16396.0
1035,5956.0,-18124.0,-4104.0,-2496.0,-32768.0,-2198.0,-9862.0,16402.0
1036,5580.0,-19608.0,-3524.0,-2576.0,-32768.0,-526.0,-10192.0,16408.0
1037,5468.0,-21492.0,-2760.0,-2528.0,-32768.0,919.0,-10450.0,16414.0
1038,5416.0,-23232.0,-1960.0,-2512.0,-32768.0,2108.0,-10659.0,16420.0
1039,5808.0,-25604.0,-788.0,-2528.0,-32768.0,3117.0,-10846.0,16427.0
1040,6108.0,-27528.0,244.0,-2512.0,-32768.0,3948.0,-11003.0,16433.0
1041,5972.0,-29360.0,1128.0,-2528.0,-32768.0,4379.0,-11194.0,16439.0
1042,4748.0,-31348.0,3248.0,-2528.0,-32768.0,4385.0,-11301.0,16445.0
1043,2760.0,-32768.0,5360.0,-2544.0,-32768.0,3975.0,-11561.0,16451.0
1044,848.0,-32768.0,7388.0,-2512.0,-32768.0,3005.0,-12401.0,16457.0
1045,-184.0,-32768.0,9592.0,-2512.0,-32768.0,1872.0,-13354.0,16463.0
1046,-496.0,-32768.0,11352.0,-2528.0,-32768.0,758.0,-14590.0,16470.0
1047,-312.0,-32768.0,12696.0,-2544.0,-32768.0,-308.0,-15843.0,16476.0
1048,220.0,-32768.0,14132.0,-2544.0,-32768.0,-1418.0,-16895.0,16482.0
1049,948.0,-32768.0,15436.0,-2544.0,-32768.0,-2314.0,-17474.0,16488.0
1050,1692.0,-32768.0,16076.0,-2496.0,-32768.0,-2687.0,-17395.0,16494.0
1051,1892.0,-32768.0,16852.0,-2544.0,-32768.0,-2433.0,-16579.0,16500.0
1052,2072.0,-32768.0,18308.0,-2528.0,-32768.0,-1863.0,-15230.0,16506.0
1053,1764.0,-32768.0,19772.0,-2496.0,-32025.0,-1283.0,-13716.0,16514.0
1054,1652.0,-32768.0,21664.0,-2544.0,-29894.0,-252.0,-12135.0,16520.0
1055,1448.0,-32768.0,24392.0,-2528.0,-27694.0,1516.0,-10576.0,16526.0
1056,340.0,-32768.0,27588.0,-2560.0,-25487.0,3607.0,-9286.0,16532.0
1057,-1300.0,-32476.0,30436.0,-2512.0,-23157.0,5324.0,-8827.0,16538.0
1058,-3856.0,-31568.0,32767.0,-2528.0,-20304.0,5863.0,-8941.0,16544.0
1059,-6152.0,-31168.0,32767.0,-2512.0,-16983.0,5140.0,-8979.0,16550.0
1060,-8568.0,-30808.0,32767.0,-2544.0,-13318.0,3740.0,-8229.0,16557.0
1061,-11224.0,-30296.0,32767.0,-2528.0,-9398.0,2154.0,-6855.0,16564.0
1062,-13144.0,-29500.0,32767.0,-2544.0,-5458.0,684.0,-5128.0,16570.0
1063,-14324.0,-28476.0,32767.0,-2512.0,-1648.0,-797.0,-3331.0,16576.0
1064,-15852.0,-26308.0,32767.0,-2512.0,2016.0,-2500.0,-1347.0,16582.0
1065,-18604.0,-23028.0,31504.0,-2560.0,5613.0,-4537.0,1315.0,16588.0
1066,-20596.0,-24412.0,32396.0,-2528.0,8630.0,-7180.0,1474.0,16594.0
1067,-9464.0,-22832.0,29384.0,-2528.0,11557.0,-8744.0,6141.0,16601.0
1068,-10380.0,-21468.0,28052.0,-2528.0,14062.0,-9784.0,3539.0,16607.0
1069,-13504.0,-21460.0,25516.0,-2512.0,16195.0,-11758.0,3582.0,16613.0
1070,-9204.0,-21972.0,21896.0,-2496.0,18121.0,-13953.0,4131.0,16620.0
1071,-6092.0,-20924.0,18032.0,-2544.0,19588.0,-15274.0,4078.0,16626.0
1072,-2960.0,-19060.0,13296.0,-2544.0,20414.0,-15613.0,4646.0,16632.0
1073,912.0,-6108.0,-5112.0,-2560.0,18995.0,-14911.0,4139.0,16638.0
1074,32767.0,32767.0,-32768.0,-2544.0,-6600.0,-7020.0,-3793.0,16645.0
1075,32767.0,-15648.0,-32768.0,-2576.0,-22212.0,-13880.0,-32768.0,16651.0
1076,32767.0,-32768.0,-8544.0,-2512.0,18728.0,-31535.0,-8271.0,16658.0
1077,-5156.0,-32768.0,20148.0,-2528.0,22952.0,14789.0,31035.0,16664.0
1078,-32768.0,-32768.0,32767.0,-2544.0,23624.0,32767.0,27087.0,16670.0
1079,-32768.0,-32768.0,32767.0,-2528.0,24297.0,30130.0,9246.0,16676.0
1080,-32768.0,-30860.0,9048.0,-2528.0,17531.0,3552.0,-3753.0,16683.0
1081,-28276.0,-16028.0,-22920.0,-2560.0,13096.0,-12004.0,-6344.0,16689.0
1082,20048.0,-9172.0,-1976.0,-2512.0,18277.0,-22177.0,-7625.0,16696.0
1083,32767.0,-7636.0,20760.0,-2560.0,22909.0,-27241.0,-9521.0,16702.0
1084,19580.0,-26232.0,19864.0,-2528.0,20677.0,-16841.0,-2518.0,16708.0
1085,2280.0,-32768.0,268.0,-2528.0,18921.0,2698.0,5709.0,16714.0
1086,9336.0,-24528.0,-5672.0,-2560.0,19576.0,2788.0,1895.0,16720.0
1087,9840.0,-10484.0,-5300.0,-2528.0,19852.0,-6923.0,-1678.0,16727.0
1088,11884.0,-7652.0,1336.0,-2512.0,18958.0,-5050.0,3629.0,16733.0
1089,11972.0,-11636.0,4828.0,-2560.0,16545.0,7183.0,4914.0,16739.0
1090,1028.0,-14768.0,4188.0,-2528.0,14164.0,15800.0,2293.0,16745.0
1091,-2728.0,-15672.0,-524.0,-2512.0,13978.0,13931.0,869.0,16751.0
1092,-1336.0,-12636.0,-1276.0,-2528.0,13176.0,8407.0,918.0,16757.0
1093,1808.0,-11916.0,512.0,-2512.0,12072.0,5773.0,1635.0,16763.0
1094,3728.0,-13536.0,644.0,-2528.0,11527.0,5051.0,1446.0,16770.0
1095,2996.0,-12740.0,2044.0,-2528.0,9985.0,5459.0,1063.0,16776.0
1096,2740.0,-14224.0,2572.0,-2544.0,8786.0,6117.0,907.0,16782.0
1097,2292.0,-15364.0,1380.0,-2512.0,8082.0,6119.0,989.0,16788.0
1098,1296.0,-15324.0,-84.0,-2544.0,7539.0,5724.0,816.0,16793.0
1099,252.0,-15108.0,28.0,-2544.0,7168.0,5069.0,465.0,16799.0
1100,-836.0,-15700.0,680.0,-2560.0,6859.0,4851.0,-78.0,16805.0
1101,-916.0,-16680.0,816.0,-2528.0,6521.0,4325.0,-647.0,16812.0
1102,-164.0,-16564.0,696.0,-2544.0,6195.0,3493.0,-1230.0,16817.0
1103,992.0,-16072.0,644.0,-2544.0,5910.0,2414.0,-1574.0,16823.0
1104,2996.0,-15488.0,768.0,-2544.0,5620.0,1608.0,-1681.0,16829.0
1105,4764.0,-15116.0,864.0,-2560.0,5293.0,1430.0,-1588.0,16835.0
1106,6084.0,-14592.0,1072.0,-2560.0,4900.0,1787.0,-1410.0,16841.0
1107,6416.0,-14288.0,1160.0,-2544.0,4492.0,2454.0,-1196.0,16847.0
1108,6232.0,-14432.0,1124.0,-2544.0,4058.0,3135.0,-914.0,16854.0
1109,5488.0,-14832.0,884.0,-2528.0,3677.0,3793.0,-695.0,16860.0
1110,4784.0,-15108.0,768.0,-2544.0,3369.0,4208.0,-520.0,16865.0
1111,4132.0,-15396.0,428.0,-2544.0,3088.0,4381.0,-472.0,16871.0
1112,3388.0,-15752.0,364.0,-2512.0,2868.0,4357.0,-550.0,16877.0
1113,2604.0,-16296.0,576.0,-2544.0,2640.0,4117.0,-686.0,16883.0
1114,2084.0,-16720.0,400.0,-2576.0,2503.0,3713.0,-867.0,16888.0
1115,2000.0,-16876.0,104.0,-2528.0,2435.0,3218.0,-1105.0,16894.0
1116,2240.0,-16544.0,8.0,-2528.0,2402.0,2604.0,-1331.0,16901.0
1117,2448.0,-16480.0,400.0,-2560.0,2409.0,2085.0,-1414.0,16907.0
1118,2984.0,-16316.0,536.0,-2496.0,2348.0,1846.0,-1436.0,16913.0
1119,3432.0,-16312.0,472.0,-2560.0,2367.0,1739.0,-1497.0,16919.0
1120,4108.0,-15988.0,456.0,-2528.0,2408.0,1617.0,-1460.0,16924.0
1121,4808.0,-15888.0,464.0,-2560.0,2401.0,1618.0,-1404.0,16930.0
1122,5276.0,-15840.0,520.0,-2528.0,2379.0,1853.0,-1321.0,16936.0
1123,5552.0,-15964.0,400.0,-2544.0,2443.0,2261.0,-1167.0,16943.0
1124,5248.0,-16184.0,284.0,-2544.0,2586.0,2635.0,-984.0,16949.0
1125,5044.0,-16036.0,256.0,-2544.0,2752.0,2947.0,-751.0,16955.0
1126,4976.0,-15972.0,164.0,-2528.0,2913.0,3058.0,-631.0,16960.0
1127,5032.0,-16076.0,-32.0,-2528.0,3141.0,3018.0,-508.0,16966.0
1128,4968.0,-16552.0,140.0,-2544.0,3439.0,2996.0,-402.0,16972.0
1129,4868.0,-16888.0,-48.0,-2544.0,3748.0,2990.0,-262.0,16978.0
1130,4980.0,-16840.0,-200.0,-2560.0,4045.0,2880.0,-90.0,16984.0
1131,5616.0,-16496.0,-244.0,-2560.0,4357.0,2701.0,38.0,16990.0
1132,6352.0,-16484.0,-616.0,-2544.0,4655.0,2706.0,213.0,16996.0
1133,6032.0,-16524.0,-68.0,-2528.0,5011.0,2766.0,544.0,17002.0
1134,5496.0,-16704.0,-80.0,-2560.0,5363.0,2922.0,929.0,17007.0
1135,4808.0,-16764.0,100.0,-2512.0,5665.0,3028.0,991.0,17013.0
1136,4680.0,-17020.0,16.0,-2544.0,6013.0,2921.0,1156.0,17019.0
1137,4888.0,-17156.0,96.0,-2528.0,6302.0,2759.0,1250.0,17026.0
1138,4916.0,-17220.0,276.0,-2544.0,6569.0,2708.0,1337.0,17031.0
1139,4928.0,-17292.0,624.0,-2544.0,6786.0,2711.0,1391.0,17037.0
1140,4832.0,-17256.0,844.0,-2576.0,6965.0,2748.0,1476.0,17043.0
1141,4976.0,-17088.0,912.0,-2512.0,7187.0,2819.0,1443.0,17049.0
1142,5132.0,-16996.0,1076.0,-2544.0,7294.0,2930.0,1435.0,17055.0
1143,5192.0,-16656.0,1592.0,-2528.0,7437.0,3080.0,1371.0,17061.0
1144,5256.0,-16588.0,2024.0,-2544.0,7499.0,3362.0,1370.0,17068.0
1145,4916.0,-16592.0,2104.0,-2544.0,7585.0,3691.0,1356.0,17073.0
1146,4548.0,-16752.0,2216.0,-2560.0,7677.0,3898.0,1412.0,17079.0
1147,4172.0,-16784.0,2492.0,-2528.0,7750.0,4075.0,1468.0,17085.0
1148,3576.0,-17020.0,2248.0,-2592.0,7843.0,4215.0,1581.0,17091.0
1149,3012.0,-17144.0,2328.0,-2544.0,7980.0,4282.0,1691.0,17097.0
1150,2416.0,-17392.0,2400.0,-2576.0,8148.0,4271.0,1822.0,17103.0
1151,1916.0,-17508.0,2440.0,-2560.0,8351.0,4086.0,1956.0,17110.0
1152,1712.0,-17504.0,2760.0,-2528.0,8549.0,3754.0,2054.0,17116.0
1153,1860.0,-17904.0,2784.0,-2544.0,8769.0,3366.0,2118.0,17121.0
1154,2032.0,-18304.0,2904.0,-2544.0,8985.0,2972.0,2237.0,17127.0
1155,2356.0,-18612.0,2864.0,-2560.0,9143.0,2766.0,2339.0,17133.0
1156,2524.0,-18736.0,2880.0,-2560.0,9377.0,2589.0,2409.0,17139.0
1157,2596.0,-18784.0,3052.0,-2528.0,9597.0,2556.0,2609.0,17145.0
1158,2484.0,-18684.0,3224.0,-2544.0,9812.0,2637.0,2817.0,17152.0
1159,1952.0,-18720.0,3328.0,-2512.0,10037.0,2638.0,3106.0,17158.0
1160,1048.0,-18976.0,3164.0,-2528.0,10331.0,2553.0,3119.0,17164.0
1161,1996.0,-19248.0,3220.0,-2544.0,10558.0,2362.0,4126.0,17170.0
1162,1928.0,-18552.0,3428.0,-2528.0,10848.0,2503.0,4114.0,17175.0
1163,624.0,-18812.0,3628.0,-2544.0,11113.0,1908.0,4350.0,17181.0
1164,1776.0,-18896.0,3388.0,-2560.0,11431.0,1234.0,4650.0,17187.0
1165,2188.0,-18996.0,3488.0,-2544.0,11759.0,1037.0,4871.0,17193.0
1166,2068.0,-19108.0,3504.0,-2560.0,12060.0,806.0,5182.0,17200.0
1167,2332.0,-19012.0,3544.0,-2560.0,12386.0,700.0,5508.0,17206.0
1168,2328.0,-19192.0,3456.0,-2560.0,12696.0,588.0,5730.0,17212.0
1169,2640.0,-19228.0,3160.0,-2576.0,13123.0,500.0,5908.0,17218.0
1170,3336.0,-19472.0,3420.0,-2544.0,13515.0,452.0,6174.0,17224.0
1171,4200.0,-19704.0,3416.0,-2544.0,13792.0,588.0,6398.0,17230.0
1172,5284.0,-19856.0,3384.0,-2560.0,14214.0,928.0,6678.0,17235.0
1173,6092.0,-20196.0,3152.0,-2544.0,14618.0,1405.0,6926.0,17242.0
1174,6712.0,-20500.0,3156.0,-2560.0,15021.0,2095.0,7096.0,17248.0
1175,7244.0,-20948.0,2980.0,-2592.0,15448.0,2799.0,7250.0,17254.0
1176,7588.0,-21440.0,3072.0,-2544.0,15913.0,3642.0,7428.0,17260.0
1177,7728.0,-22328.0,2984.0,-2592.0,16365.0,4684.0,7540.0,17266.0
1178,6588.0,-23064.0,3116.0,-2576.0,16797.0,6102.0,8054.0,17272.0
1179,4972.0,-24484.0,4284.0,-2528.0,16879.0,6894.0,8900.0,17278.0
1180,4948.0,-28056.0,5268.0,-2544.0,17099.0,7112.0,9593.0,17285.0
1181,6172.0,-29236.0,4256.0,-2560.0,17374.0,7847.0,10022.0,17291.0
1182,8564.0,-28708.0,2940.0,-2544.0,17632.0,8867.0,9820.0,17297.0
1183,11084.0,-29016.0,1780.0,-2560.0,17722.0,10609.0,9734.0,17303.0
1184,12968.0,-32268.0,-1308.0,-2528.0,17852.0,13764.0,9809.0,17309.0
1185,13592.0,-32768.0,-4988.0,-2528.0,18250.0,16514.0,10113.0,17315.0
1186,12108.0,-32768.0,-10608.0,-2560.0,18404.0,18615.0,10847.0,17321.0
1187,11048.0,-32768.0,-13432.0,-2544.0,18241.0,20605.0,11403.0,17328.0
1188,9472.0,-32768.0,-14936.0,-2528.0,18238.0,22263.0,11338.0,17334.0
1189,4668.0,-31288.0,-15548.0,-2528.0,18155.0,21953.0,11589.0,17340.0
1190,1284.0,-26656.0,-14184.0,-2576.0,17915.0,20056.0,11548.0,17346.0
1191,-1624.0,-23364.0,-10876.0,-2512.0,17428.0,16983.0,11293.0,17352.0
1192,-4536.0,-22804.0,-3988.0,-2544.0,17324.0,12107.0,11148.0,17359.0
1193,-7300.0,-25292.0,7152.0,-2560.0,18149.0,5630.0,11440.0,17366.0
1194,-9228.0,-27268.0,13376.0,-2576.0,19096.0,-1141.0,11414.0,17372.0
1195,-9260.0,-27728.0,11744.0,-2544.0,19015.0,-8249.0,10335.0,17378.0
1196,-6608.0,-26440.0,7476.0,-2544.0,17989.0,-14746.0,8554.0,17384.0
1197,-844.0,-23404.0,3408.0,-2576.0,17213.0,-19967.0,6577.0,17390.0
1198,3796.0,-21256.0,2108.0,-2560.0,16649.0,-22890.0,5045.0,17396.0
1199,6724.0,-20572.0,4340.0,-2592.0,16671.0,-22259.0,4846.0,17402.0
1200,8504.0,-20896.0,6612.0,-2560.0,17153.0,-18442.0,5562.0,17409.0
1201,9376.0,-19372.0,4144.0,-2576.0,16737.0,-12452.0,6082.0,17415.0
1202,10600.0,-15984.0,1284.0,-2544.0,15385.0,-6585.0,5816.0,17421.0
1203,11904.0,-11184.0,-2460.0,-2528.0,13279.0,-2740.0,4778.0,17427.0
1204,14180.0,-7376.0,-4612.0,-2560.0,10727.0,-484.0,3466.0,17433.0
1205,16040.0,-5840.0,-6732.0,-2544.0,8301.0,3103.0,2465.0,17439.0
1206,14412.0,-4684.0,-8152.0,-2560.0,5778.0,7949.0,2425.0,17445.0
1207,9348.0,-4380.0,-8784.0,-2560.0,3507.0,11672.0,3196.0,17452.0
1208,3960.0,-3884.0,-7240.0,-2544.0,1784.0,13400.0,4196.0,17458.0
1209,120.0,-3256.0,-4776.0,-2560.0,534.0,13448.0,4487.0,17464.0
1210,-1544.0,-2572.0,-3104.0,-2560.0,-630.0,12769.0,4007.0,17469.0
1211,-2720.0,-1728.0,-2296.0,-2560.0,-2048.0,12162.0,3157.0,17475.0
1212,-3464.0,-644.0,-2616.0,-2544.0,-3928.0,11728.0,2171.0,17481.0
1213,-3836.0,528.0,-3848.0,-2544.0,-5961.0,10976.0,956.0,17487.0
1214,-3900.0,1280.0,-4976.0,-2544.0,-8014.0,9387.0,-410.0,17494.0
1215,-3404.0,1928.0,-5564.0,-2544.0,-9894.0,7010.0,-1721.0,17500.0
1216,-3244.0,1816.0,-6068.0,-2560.0,-11638.0,4232.0,-2785.0,17506.0
1217,-3032.0,1400.0,-5864.0,-2544.0,-13122.0,1877.0,-3504.0,17511.0
1218,-3060.0,772.0,-5316.0,-2528.0,-14545.0,168.0,-4077.0,17517.0
