id,AcX,AcY,AcZ,Tmp,GyX,GyY,GyZ,Timer
0,21908.0,-5072.0,-8112.0,-2928.0,8413.0,-12431.0,-5953.0,260363.0
1,26160.0,-11440.0,-1424.0,-2960.0,8040.0,-14668.0,-8155.0,260370.0
2,17968.0,-27200.0,11116.0,-2944.0,9643.0,-9525.0,-4451.0,260376.0
3,6684.0,-29692.0,9760.0,-2928.0,11452.0,991.0,-546.0,260382.0
4,2276.0,-21272.0,-2276.0,-2944.0,11394.0,3798.0,825.0,260388.0
5,6244.0,-15752.0,-9956.0,-2928.0,11364.0,-1860.0,146.0,260395.0
6,11376.0,-15216.0,-8768.0,-2944.0,12776.0,-7719.0,749.0,260401.0
7,14452.0,-12936.0,-4096.0,-2960.0,13366.0,-8084.0,2584.0,260407.0
8,14148.0,-9536.0,-1520.0,-2928.0,12224.0,-4216.0,3724.0,260413.0
9,11100.0,-9392.0,-1424.0,-2928.0,10292.0,-20.0,3975.0,260419.0
10,7672.0,-12096.0,-1540.0,-2944.0,9181.0,2493.0,4058.0,260425.0
11,4348.0,-14952.0,-1968.0,-2960.0,8952.0,4006.0,3923.0,260431.0
12,1508.0,-16220.0,-2396.0,-2944.0,8801.0,5044.0,3590.0,260438.0
13,-640.0,-17196.0,-2428.0,-2928.0,8795.0,5051.0,3049.0,260444.0
14,-2332.0,-18520.0,-1960.0,-2928.0,9029.0,4117.0,2241.0,260450.0
15,-4356.0,-19328.0,-1132.0,-2928.0,9217.0,3027.0,1264.0,260456.0
16,-5172.0,-19340.0,-636.0,-2944.0,9172.0,1874.0,275.0,260461.0
17,-4512.0,-18712.0,-376.0,-2912.0,8948.0,312.0,-660.0,260467.0
18,-2052.0,-17380.0,-616.0,-2944.0,8624.0,-1372.0,-1324.0,260473.0
19,1240.0,-15964.0,-1508.0,-2960.0,8162.0,-2667.0,-1724.0,260480.0
20,4780.0,-14756.0,-2212.0,-2944.0,7742.0,-3472.0,-1742.0,260486.0
21,7880.0,-14044.0,-2440.0,-2944.0,7438.0,-3603.0,-1475.0,260492.0
22,9980.0,-13960.0,-2120.0,-2944.0,7220.0,-2930.0,-965.0,260498.0
23,10128.0,-13884.0,-1784.0,-2928.0,6928.0,-1525.0,-319.0,260504.0
24,9620.0,-14064.0,-1368.0,-2960.0,6483.0,286.0,413.0,260510.0
25,8792.0,-14572.0,-1344.0,-2928.0,6088.0,1907.0,1001.0,260516.0
26,7992.0,-15048.0,-1312.0,-2944.0,5756.0,3207.0,1570.0,260523.0
27,6880.0,-15680.0,-1336.0,-2928.0,5490.0,4259.0,2073.0,260529.0
28,5660.0,-16164.0,-1336.0,-2912.0,5375.0,5033.0,2310.0,260535.0
29,4252.0,-16256.0,-1288.0,-2960.0,5296.0,5229.0,2302.0,260541.0
30,2904.0,-16156.0,-1228.0,-2912.0,5185.0,5001.0,2170.0,260547.0
31,2100.0,-16188.0,-1060.0,-2928.0,5051.0,4513.0,1903.0,260553.0
32,1548.0,-16156.0,-1120.0,-2944.0,4989.0,3888.0,1638.0,260559.0
33,1532.0,-16288.0,-1540.0,-2928.0,4918.0,3243.0,1284.0,260566.0
34,1920.0,-16168.0,-1940.0,-2944.0,4938.0,2625.0,957.0,260572.0
35,2648.0,-16304.0,-1616.0,-2960.0,5001.0,2210.0,703.0,260578.0
36,3444.0,-16412.0,-1380.0,-2912.0,5104.0,1923.0,552.0,260583.0
37,4104.0,-16260.0,-1568.0,-2944.0,5162.0,1809.0,576.0,260589.0
38,4692.0,-15912.0,-1612.0,-2960.0,5202.0,1756.0,565.0,260595.0
39,5160.0,-15576.0,-1396.0,-2928.0,5204.0,1719.0,723.0,260601.0
40,5536.0,-15360.0,-1176.0,-2912.0,5195.0,1692.0,848.0,260608.0
41,5700.0,-15256.0,-1224.0,-2928.0,5141.0,1749.0,1028.0,260614.0
42,5648.0,-15416.0,-1072.0,-2944.0,5089.0,1905.0,1202.0,260620.0
43,5284.0,-15416.0,-960.0,-2928.0,5063.0,2049.0,1336.0,260626.0
44,5008.0,-15444.0,-688.0,-2992.0,5018.0,2160.0,1391.0,260632.0
45,4680.0,-15608.0,-592.0,-2912.0,5044.0,2154.0,1406.0,260638.0
46,4036.0,-15776.0,-772.0,-2928.0,5064.0,2143.0,1382.0,260644.0
47,3720.0,-16192.0,-608.0,-2928.0,5129.0,2098.0,1333.0,260649.0
48,3412.0,-16312.0,-608.0,-2944.0,5158.0,2018.0,1279.0,260656.0
49,3212.0,-16360.0,-744.0,-2928.0,5223.0,1909.0,1216.0,260662.0
50,3436.0,-16276.0,-780.0,-2928.0,5284.0,1667.0,1120.0,260668.0
51,3616.0,-16092.0,-704.0,-2928.0,5353.0,1316.0,971.0,260674.0
52,3892.0,-16156.0,-380.0,-2960.0,5464.0,1007.0,947.0,260680.0
53,4232.0,-16380.0,-172.0,-2976.0,5594.0,859.0,1046.0,260686.0
54,4408.0,-16600.0,-476.0,-2944.0,5861.0,1043.0,1129.0,260692.0
55,4500.0,-16312.0,-772.0,-2928.0,6077.0,1219.0,1141.0,260698.0
56,4652.0,-16076.0,-688.0,-2960.0,6213.0,1182.0,1179.0,260704.0
57,4972.0,-15780.0,-116.0,-2944.0,6252.0,1144.0,1486.0,260710.0
58,4840.0,-15936.0,124.0,-2928.0,6376.0,1194.0,1398.0,260716.0
59,3808.0,-15960.0,244.0,-2928.0,6444.0,1229.0,1446.0,260722.0
60,3684.0,-16176.0,124.0,-2944.0,6491.0,1064.0,1519.0,260728.0
61,3892.0,-16124.0,216.0,-2912.0,6624.0,818.0,1517.0,260734.0
62,4248.0,-16148.0,228.0,-2944.0,6816.0,804.0,1461.0,260741.0
63,4216.0,-16052.0,168.0,-2976.0,7013.0,653.0,1419.0,260747.0
64,4196.0,-16336.0,348.0,-2944.0,7249.0,647.0,1431.0,260752.0
65,4052.0,-16408.0,-48.0,-2944.0,7496.0,756.0,1393.0,260758.0
66,4020.0,-15868.0,468.0,-2928.0,7639.0,792.0,1369.0,260764.0
67,3924.0,-15800.0,940.0,-2928.0,7644.0,904.0,1242.0,260770.0
68,3720.0,-15984.0,1168.0,-2960.0,7642.0,1148.0,1129.0,260776.0
69,3500.0,-16100.0,1212.0,-2944.0,7645.0,1539.0,1046.0,260782.0
70,3660.0,-16140.0,1424.0,-2960.0,7656.0,1715.0,976.0,260788.0
71,3920.0,-16452.0,1420.0,-2928.0,7685.0,1887.0,889.0,260794.0
72,4092.0,-16304.0,1284.0,-2960.0,7746.0,2401.0,786.0,260800.0
73,4072.0,-15768.0,1908.0,-2928.0,7671.0,2796.0,708.0,260806.0
74,4068.0,-15952.0,1916.0,-2944.0,7663.0,3258.0,599.0,260812.0
75,4260.0,-16212.0,1664.0,-2912.0,7745.0,3721.0,541.0,260818.0
76,4480.0,-16000.0,1764.0,-2944.0,7746.0,4213.0,536.0,260825.0
77,4256.0,-15904.0,1672.0,-2928.0,7752.0,4446.0,512.0,260830.0
78,4584.0,-16436.0,1784.0,-2960.0,7847.0,4720.0,541.0,260836.0
79,5048.0,-16552.0,1708.0,-2928.0,7848.0,5233.0,693.0,260842.0
80,4664.0,-16664.0,1640.0,-2960.0,7856.0,5216.0,885.0,260848.0
81,4332.0,-16436.0,1880.0,-2960.0,7836.0,5097.0,1085.0,260854.0
82,4408.0,-16304.0,1924.0,-2944.0,7793.0,4750.0,1251.0,260860.0
83,4072.0,-16272.0,2560.0,-2928.0,7707.0,4517.0,1461.0,260867.0
84,3948.0,-16724.0,2556.0,-2944.0,7671.0,4245.0,1703.0,260873.0
85,4148.0,-16944.0,2328.0,-2944.0,7817.0,3915.0,2026.0,260878.0
86,4288.0,-16760.0,2276.0,-2960.0,7930.0,3670.0,2190.0,260884.0
87,4412.0,-16752.0,2380.0,-2944.0,8062.0,3274.0,2451.0,260890.0
88,4832.0,-16988.0,2684.0,-2960.0,8221.0,2965.0,2729.0,260896.0
89,5208.0,-17160.0,2496.0,-2992.0,8419.0,2904.0,3017.0,260902.0
90,5028.0,-17104.0,2464.0,-2944.0,8656.0,2961.0,3376.0,260909.0
91,5268.0,-17376.0,2920.0,-2928.0,8818.0,3137.0,3603.0,260915.0
92,5640.0,-17948.0,3148.0,-2928.0,9038.0,3314.0,3822.0,260921.0
93,5860.0,-17972.0,3208.0,-2944.0,9201.0,3672.0,4097.0,260927.0
94,5852.0,-18608.0,3328.0,-2960.0,9368.0,4255.0,4448.0,260933.0
95,5940.0,-19292.0,3604.0,-2944.0,9611.0,4766.0,4657.0,260939.0
96,5968.0,-18784.0,3188.0,-2944.0,9824.0,5132.0,4726.0,260945.0
97,6180.0,-19832.0,3236.0,-2960.0,10103.0,5621.0,4763.0,260951.0
98,6484.0,-20164.0,2780.0,-2944.0,10336.0,6111.0,4644.0,260957.0
99,7020.0,-20612.0,3128.0,-2928.0,10657.0,6596.0,4605.0,260963.0
100,5616.0,-21724.0,2956.0,-2944.0,10916.0,7417.0,5034.0,260969.0
101,2688.0,-22924.0,3544.0,-2960.0,11239.0,8308.0,5802.0,260975.0
102,-36.0,-25244.0,5008.0,-2928.0,11541.0,7973.0,6538.0,260981.0
103,-740.0,-27768.0,5156.0,-2928.0,11978.0,6851.0,7362.0,260987.0
104,492.0,-28324.0,4212.0,-2912.0,12575.0,5852.0,7690.0,260994.0
105,2204.0,-28056.0,2560.0,-2944.0,13230.0,5471.0,7740.0,261000.0
106,3668.0,-28324.0,1892.0,-2912.0,13849.0,5518.0,7860.0,261006.0
107,4812.0,-29000.0,1592.0,-2928.0,14545.0,5932.0,7962.0,261012.0
108,5736.0,-29692.0,916.0,-2944.0,15256.0,6856.0,7995.0,261018.0
109,5500.0,-30344.0,316.0,-2960.0,16051.0,7704.0,8023.0,261024.0
110,4736.0,-30432.0,168.0,-2960.0,16785.0,8320.0,8103.0,261030.0
111,4032.0,-31056.0,228.0,-2944.0,17465.0,8752.0,8113.0,261037.0
112,3996.0,-31164.0,-120.0,-2928.0,18147.0,8890.0,8188.0,261043.0
113,4848.0,-31412.0,-484.0,-2960.0,18593.0,9074.0,8243.0,261048.0
114,6316.0,-31720.0,-1296.0,-2944.0,18854.0,9365.0,8246.0,261054.0
115,7784.0,-32768.0,-1596.0,-2944.0,19273.0,9853.0,8235.0,261060.0
116,8968.0,-32768.0,-4536.0,-2928.0,19432.0,10764.0,8534.0,261066.0
117,10024.0,-32244.0,-8020.0,-2928.0,19377.0,11714.0,8554.0,261072.0
118,9700.0,-29832.0,-12060.0,-2928.0,19050.0,12562.0,8785.0,261079.0
119,8552.0,-26448.0,-15328.0,-2928.0,18285.0,12995.0,9016.0,261086.0
120,7068.0,-22816.0,-16804.0,-2960.0,17145.0,12477.0,8931.0,261092.0
121,5988.0,-19028.0,-17236.0,-2928.0,15680.0,11101.0,8769.0,261098.0
122,5392.0,-15256.0,-15304.0,-2944.0,13966.0,9856.0,8739.0,261104.0
123,5092.0,-13568.0,-11204.0,-2960.0,12378.0,8396.0,8658.0,261110.0
124,5000.0,-13448.0,-4368.0,-2928.0,11247.0,6560.0,8493.0,261116.0
125,5152.0,-14788.0,2452.0,-2928.0,11055.0,4700.0,7765.0,261123.0
126,4836.0,-16980.0,6864.0,-2944.0,11325.0,3142.0,6824.0,261129.0
127,3512.0,-18492.0,8112.0,-2928.0,11769.0,1989.0,5819.0,261135.0
128,2084.0,-19492.0,8052.0,-2928.0,12361.0,1471.0,4916.0,261141.0
129,1144.0,-17396.0,3312.0,-2944.0,12047.0,816.0,4270.0,261147.0
130,2852.0,-16956.0,4636.0,-2928.0,12610.0,-171.0,3428.0,261153.0
131,7096.0,-11892.0,-1184.0,-2896.0,11678.0,648.0,3037.0,261159.0
132,9864.0,-8216.0,-3452.0,-2944.0,9263.0,4138.0,2202.0,261166.0
133,7800.0,-7920.0,-4884.0,-2928.0,7004.0,7751.0,1905.0,261172.0
134,5784.0,-7696.0,-7128.0,-2928.0,5144.0,9594.0,1979.0,261177.0
135,5220.0,-6752.0,-9400.0,-2928.0,3468.0,9770.0,1630.0,261183.0
136,4232.0,-5776.0,-10028.0,-2928.0,1981.0,9294.0,1510.0,261189.0
137,2488.0,-5624.0,-8772.0,-2928.0,828.0,9092.0,1632.0,261195.0
138,460.0,-5916.0,-7952.0,-2928.0,3.0,8931.0,1425.0,261201.0
139,-1288.0,-5496.0,-6636.0,-2928.0,-1068.0,8491.0,1485.0,261208.0
140,-2168.0,-4788.0,-5452.0,-2928.0,-2387.0,7633.0,1206.0,261213.0
141,-2316.0,-4144.0,-4804.0,-2944.0,-3813.0,6344.0,299.0,261219.0
142,-2088.0,-3912.0,-4304.0,-2928.0,-5191.0,4392.0,-1038.0,261225.0
143,-1992.0,-3568.0,-4368.0,-2960.0,-6579.0,2001.0,-2365.0,261231.0
144,-1844.0,-3476.0,-4492.0,-2944.0,-8007.0,-496.0,-3510.0,261237.0
145,-1544.0,-3608.0,-4436.0,-2960.0,-9395.0,-2640.0,-4421.0,261243.0
146,-964.0,-3920.0,-4060.0,-2960.0,-10774.0,-4202.0,-5024.0,261250.0
147,-264.0,-4176.0,-3684.0,-2944.0,-12198.0,-5198.0,-5553.0,261256.0
148,484.0,-4504.0,-3208.0,-2928.0,-13579.0,-5675.0,-6019.0,261262.0
149,1208.0,-4752.0,-3264.0,-2944.0,-14942.0,-5850.0,-6467.0,261268.0
150,1520.0,-4856.0,-4016.0,-2928.0,-16398.0,-5991.0,-6933.0,261274.0
151,1756.0,-4980.0,-4744.0,-2944.0,-17898.0,-6203.0,-7415.0,261280.0
152,1728.0,-5388.0,-5032.0,-2960.0,-19352.0,-6405.0,-7818.0,261286.0
153,1840.0,-6104.0,-5020.0,-2928.0,-20652.0,-6469.0,-8038.0,261293.0
154,2120.0,-7148.0,-4816.0,-2944.0,-21897.0,-6340.0,-8208.0,261299.0
155,2428.0,-8056.0,-4308.0,-2960.0,-22982.0,-6157.0,-8380.0,261304.0
156,2616.0,-8996.0,-3912.0,-2976.0,-24044.0,-5802.0,-8566.0,261310.0
157,2968.0,-9668.0,-3384.0,-2960.0,-25047.0,-5438.0,-8806.0,261316.0
158,3528.0,-10632.0,-2760.0,-2960.0,-26124.0,-4970.0,-9096.0,261322.0
159,3828.0,-11460.0,-2328.0,-2944.0,-27135.0,-4349.0,-9382.0,261328.0
160,3936.0,-12336.0,-1788.0,-2944.0,-28119.0,-3489.0,-9599.0,261335.0
161,3980.0,-13380.0,-1628.0,-2944.0,-29059.0,-2497.0,-9781.0,261342.0
162,3968.0,-14404.0,-1340.0,-2928.0,-29920.0,-1447.0,-9963.0,261348.0
163,3596.0,-15444.0,-852.0,-2928.0,-30701.0,-588.0,-10084.0,261354.0
164,2928.0,-16620.0,-412.0,-2928.0,-31316.0,-7.0,-10169.0,261360.0
165,2096.0,-17964.0,320.0,-2992.0,-31838.0,407.0,-10212.0,261366.0
166,1548.0,-18620.0,480.0,-2944.0,-32282.0,655.0,-10362.0,261372.0
167,1148.0,-19284.0,828.0,-2928.0,-32768.0,777.0,-10665.0,261379.0
168,1232.0,-20272.0,912.0,-2976.0,-32768.0,670.0,-11173.0,261385.0
169,1352.0,-21584.0,1336.0,-2928.0,-32768.0,425.0,-11703.0,261391.0
170,1716.0,-22924.0,1724.0,-2960.0,-32768.0,97.0,-12196.0,261397.0
171,2144.0,-24348.0,2564.0,-2944.0,-32768.0,-176.0,-12542.0,261403.0
172,2440.0,-25376.0,2848.0,-2928.0,-32768.0,-375.0,-13011.0,261409.0
173,2800.0,-26264.0,3488.0,-2944.0,-32768.0,-461.0,-13258.0,261415.0
174,2928.0,-27084.0,4300.0,-2944.0,-32768.0,-502.0,-13567.0,261423.0
175,3012.0,-27388.0,4976.0,-2928.0,-32768.0,-478.0,-13747.0,261429.0
176,3016.0,-27376.0,5440.0,-2960.0,-32768.0,-555.0,-13929.0,261435.0
177,3332.0,-27604.0,5840.0,-2912.0,-32308.0,-677.0,-14091.0,261441.0
178,3676.0,-27820.0,5772.0,-2928.0,-31781.0,-784.0,-14263.0,261447.0
179,4016.0,-27908.0,5632.0,-2896.0,-31241.0,-761.0,-14409.0,261453.0
180,4504.0,-28072.0,5528.0,-2960.0,-30657.0,-454.0,-14443.0,261459.0
181,4812.0,-28100.0,5464.0,-2912.0,-30058.0,96.0,-14347.0,261467.0
182,4768.0,-28292.0,5600.0,-2928.0,-29455.0,816.0,-14206.0,261472.0
183,4320.0,-28480.0,6164.0,-2928.0,-28789.0,1516.0,-13922.0,261479.0
184,3616.0,-28572.0,6784.0,-2912.0,-27989.0,2213.0,-13560.0,261485.0
185,2824.0,-28536.0,7700.0,-2944.0,-27161.0,2825.0,-13158.0,261491.0
186,2340.0,-28360.0,8424.0,-2928.0,-26197.0,3395.0,-12778.0,261497.0
187,1924.0,-27952.0,9172.0,-2928.0,-25217.0,3840.0,-12504.0,261504.0
188,788.0,-26616.0,9184.0,-2976.0,-24040.0,4100.0,-12142.0,261510.0
189,-1980.0,-27700.0,11948.0,-2944.0,-22965.0,4056.0,-11599.0,261516.0
190,3716.0,-27536.0,13076.0,-2944.0,-21421.0,5031.0,-10202.0,261523.0
191,656.0,-27176.0,14784.0,-2928.0,-19698.0,6253.0,-12180.0,261529.0
192,-2748.0,-27028.0,15528.0,-2944.0,-17975.0,6350.0,-11739.0,261535.0
193,-4688.0,-26480.0,16620.0,-2976.0,-16160.0,6051.0,-10599.0,261541.0
194,-6976.0,-26008.0,17476.0,-2944.0,-14201.0,5695.0,-9221.0,261549.0
195,-9944.0,-24876.0,18676.0,-2928.0,-12073.0,5022.0,-7806.0,261555.0
196,-12596.0,-24148.0,19580.0,-2944.0,-9883.0,3565.0,-6759.0,261561.0
197,-15136.0,-23956.0,21008.0,-2928.0,-7491.0,970.0,-5684.0,261567.0
198,-14984.0,-23108.0,22296.0,-2944.0,-5041.0,-2254.0,-4119.0,261573.0
199,-12496.0,-22888.0,22888.0,-2976.0,-2463.0,-5154.0,-3236.0,261580.0
200,-9364.0,-22852.0,22820.0,-2944.0,205.0,-7091.0,-2199.0,261586.0
201,-7240.0,-22904.0,22600.0,-2944.0,2823.0,-7919.0,-1413.0,261593.0
202,-6420.0,-22488.0,21808.0,-2928.0,5350.0,-8300.0,-453.0,261599.0
203,-6348.0,-21572.0,20872.0,-2944.0,7524.0,-8498.0,430.0,261605.0
204,-7092.0,-20668.0,19776.0,-2944.0,9485.0,-8733.0,1404.0,261611.0
205,-8136.0,-20120.0,18576.0,-2976.0,11252.0,-9230.0,2309.0,261617.0
206,-9320.0,-19308.0,16796.0,-2912.0,12695.0,-10211.0,3294.0,261623.0
207,-9748.0,-17156.0,10600.0,-2928.0,13515.0,-12351.0,4093.0,261630.0
208,-2484.0,-7436.0,-12284.0,-2928.0,9726.0,-14729.0,2603.0,261637.0
209,32767.0,2820.0,-32768.0,-2928.0,-4053.0,-16787.0,-9919.0,261643.0
210,32767.0,-32768.0,-32768.0,-2960.0,-3205.0,-24354.0,-20311.0,261649.0
211,10396.0,-32768.0,-9844.0,-2912.0,12122.0,-23910.0,3051.0,261656.0
212,-8700.0,-32768.0,12112.0,-2960.0,16493.0,2964.0,16790.0,261662.0
213,-29952.0,-32768.0,31004.0,-2912.0,17031.0,22894.0,15428.0,261668.0
214,-23956.0,-32768.0,32767.0,-2944.0,18091.0,13266.0,4863.0,261675.0
215,-13884.0,-32768.0,13272.0,-2928.0,18764.0,-8658.0,-4901.0,261682.0
216,3704.0,-23996.0,-7632.0,-2960.0,18244.0,-21800.0,-4577.0,261688.0
217,16580.0,-16712.0,-7452.0,-2944.0,19238.0,-22087.0,-484.0,261694.0
218,18508.0,-11356.0,-420.0,-2960.0,19844.0,-14180.0,1918.0,261700.0
219,8084.0,-4452.0,4992.0,-2976.0,16298.0,-4743.0,707.0,261707.0
220,2144.0,-6692.0,2672.0,-2928.0,12957.0,-2351.0,1139.0,261712.0
221,6448.0,-10532.0,196.0,-2912.0,11573.0,-4930.0,235.0,261719.0
222,11420.0,-14120.0,-612.0,-2944.0,11257.0,-8129.0,-610.0,261725.0
223,12016.0,-17776.0,-36.0,-2928.0,11545.0,-7230.0,941.0,261731.0
224,10752.0,-18516.0,-932.0,-2944.0,11596.0,-2912.0,3153.0,261737.0
225,9280.0,-16976.0,-1392.0,-2928.0,11379.0,757.0,3737.0,261743.0
226,7080.0,-16580.0,-1732.0,-2944.0,11376.0,2534.0,3190.0,261749.0
227,4308.0,-16672.0,-1156.0,-2944.0,11436.0,3589.0,2731.0,261755.0
228,1484.0,-16640.0,-288.0,-2960.0,11155.0,4723.0,2393.0,261762.0
229,-832.0,-16548.0,312.0,-2944.0,10487.0,5627.0,2121.0,261768.0
230,-2004.0,-16268.0,684.0,-2960.0,9739.0,5724.0,1823.0,261774.0
231,-1516.0,-15304.0,524.0,-2960.0,8910.0,4843.0,1033.0,261780.0
232,-76.0,-14860.0,56.0,-2912.0,8172.0,3468.0,55.0,261786.0
233,1428.0,-15480.0,-416.0,-2976.0,7889.0,2165.0,-492.0,261791.0
234,2432.0,-16136.0,-1256.0,-2928.0,7836.0,1128.0,-780.0,261797.0
235,2808.0,-15972.0,-1296.0,-2960.0,7836.0,263.0,-863.0,261804.0
236,2668.0,-15600.0,-744.0,-2928.0,7610.0,-219.0,-999.0,261810.0
237,2624.0,-15612.0,-516.0,-2960.0,7262.0,-375.0,-1217.0,261816.0
238,3428.0,-15964.0,-572.0,-2944.0,6933.0,-487.0,-1350.0,261822.0
239,5032.0,-15576.0,-896.0,-2944.0,6734.0,-353.0,-1487.0,261828.0
240,6224.0,-15148.0,-664.0,-2944.0,6557.0,167.0,-1510.0,261833.0
241,7028.0,-15144.0,-484.0,-2960.0,6443.0,1031.0,-1302.0,261839.0
242,7660.0,-15148.0,-316.0,-2960.0,6318.0,1984.0,-925.0,261846.0
243,7908.0,-15044.0,-452.0,-2928.0,6181.0,3191.0,-521.0,261852.0
244,7388.0,-14768.0,-584.0,-2928.0,6061.0,4282.0,-135.0,261858.0
245,6316.0,-14680.0,-956.0,-2944.0,5796.0,4880.0,159.0,261864.0
246,5424.0,-14580.0,-924.0,-2944.0,5458.0,5024.0,341.0,261870.0
247,4764.0,-14968.0,-1012.0,-2944.0,5074.0,4734.0,455.0,261876.0
248,4268.0,-15232.0,-1392.0,-2960.0,4735.0,4259.0,518.0,261881.0
249,3892.0,-15772.0,-1100.0,-2976.0,4508.0,3793.0,578.0,261888.0
250,3940.0,-16168.0,-996.0,-2912.0,4352.0,3411.0,610.0,261894.0
251,4092.0,-16472.0,-1112.0,-2944.0,4283.0,3220.0,585.0,261900.0
252,4392.0,-16328.0,-960.0,-2928.0,4264.0,3335.0,630.0,261906.0
253,4508.0,-16492.0,-980.0,-2960.0,4292.0,3561.0,599.0,261912.0
254,4472.0,-16564.0,-1000.0,-2944.0,4360.0,3815.0,597.0,261918.0
255,4212.0,-16344.0,-1004.0,-2944.0,4480.0,3960.0,591.0,261924.0
256,3972.0,-16308.0,-1036.0,-2960.0,4626.0,3930.0,566.0,261931.0
257,4236.0,-15956.0,-1032.0,-2944.0,4764.0,3585.0,573.0,261936.0
258,4892.0,-15680.0,-748.0,-2944.0,4837.0,3091.0,651.0,261942.0
259,5556.0,-15552.0,-700.0,-2944.0,4947.0,2868.0,795.0,261948.0
260,5804.0,-15688.0,-600.0,-2960.0,5044.0,2846.0,958.0,261954.0
261,5872.0,-15616.0,-428.0,-2960.0,5110.0,2975.0,1111.0,261960.0
262,5396.0,-15616.0,-68.0,-2928.0,5193.0,3027.0,1243.0,261966.0
263,5084.0,-15604.0,100.0,-2960.0,5231.0,3051.0,1388.0,261972.0
264,4760.0,-15708.0,92.0,-2944.0,5290.0,3047.0,1452.0,261979.0
265,4788.0,-15760.0,340.0,-2944.0,5318.0,3066.0,1500.0,261984.0
266,4568.0,-15848.0,296.0,-2960.0,5407.0,3054.0,1561.0,261990.0
267,4312.0,-15840.0,340.0,-2960.0,5505.0,2983.0,1567.0,261996.0
268,4080.0,-15824.0,288.0,-2960.0,5566.0,2758.0,1564.0,262002.0
269,3840.0,-15852.0,732.0,-2912.0,5638.0,2450.0,1548.0,262008.0
270,3824.0,-15796.0,816.0,-2944.0,5667.0,2166.0,1592.0,262014.0
271,4216.0,-15820.0,852.0,-2944.0,5665.0,1981.0,1668.0,262021.0
272,3952.0,-15988.0,1084.0,-2976.0,5642.0,1889.0,1628.0,262026.0
273,4140.0,-15788.0,1216.0,-2928.0,5588.0,1796.0,1633.0,262032.0
274,4100.0,-15908.0,1220.0,-2944.0,5524.0,1812.0,1654.0,262038.0
275,4052.0,-16020.0,1412.0,-2960.0,5501.0,1875.0,1642.0,262044.0
276,3844.0,-16144.0,1612.0,-2960.0,5488.0,1925.0,1603.0,262050.0
277,3732.0,-16080.0,1680.0,-2944.0,5424.0,1880.0,1563.0,262056.0
278,3724.0,-16136.0,1696.0,-2960.0,5373.0,1760.0,1525.0,262063.0
279,3644.0,-16040.0,1788.0,-2992.0,5344.0,1715.0,1519.0,262069.0
280,3824.0,-15908.0,1776.0,-2912.0,5299.0,1639.0,1462.0,262075.0
281,4996.0,-13760.0,-27808.0,-2960.0,11662.0,2084.0,6765.0,263405.0
282,3448.0,-3416.0,-28076.0,-2992.0,6034.0,-1083.0,7094.0,263411.0
283,6984.0,-5516.0,7400.0,-2944.0,6373.0,-3399.0,6587.0,263417.0
284,8028.0,996.0,18464.0,-2960.0,11205.0,-3496.0,7127.0,263424.0
285,2812.0,9372.0,24816.0,-2976.0,12001.0,-4193.0,5730.0,263430.0
286,-7284.0,11872.0,7400.0,-2992.0,7457.0,-5204.0,5808.0,263436.0
287,-5372.0,16488.0,-18668.0,-2976.0,214.0,-5724.0,3142.0,263442.0
288,5704.0,20940.0,-31728.0,-2960.0,-5559.0,-10416.0,-983.0,263448.0
289,11580.0,20624.0,-32768.0,-2976.0,-9743.0,-13973.0,-1657.0,263454.0
290,13036.0,8868.0,-28908.0,-2944.0,-11081.0,-13850.0,-213.0,263460.0
291,11624.0,6244.0,-24616.0,-2976.0,-11870.0,-12781.0,25.0,263467.0
292,14052.0,9792.0,-22832.0,-2976.0,-14663.0,-9881.0,397.0,263473.0
293,17204.0,10072.0,-21640.0,-2992.0,-17828.0,-6494.0,-556.0,263479.0
294,17768.0,8512.0,-18812.0,-2960.0,-20248.0,-3781.0,-1063.0,263485.0
295,15640.0,7848.0,-13520.0,-2960.0,-22486.0,-1458.0,-435.0,263491.0
296,6684.0,4296.0,-9076.0,-2928.0,-24430.0,659.0,-342.0,263497.0
297,7312.0,-144.0,-4756.0,-2960.0,-25535.0,3689.0,3325.0,263503.0
298,-1044.0,-2044.0,-36.0,-2976.0,-26570.0,5693.0,-1685.0,263510.0
299,-11068.0,-4516.0,4364.0,-2976.0,-28118.0,4636.0,-2629.0,263516.0
300,-12388.0,-8164.0,8200.0,-2960.0,-29155.0,1114.0,-1307.0,263522.0
301,-11288.0,-12432.0,11264.0,-2960.0,-29176.0,-3458.0,-1314.0,263528.0
302,-8284.0,-15284.0,14792.0,-2960.0,-28478.0,-7956.0,-1317.0,263534.0
303,-4484.0,-15668.0,18072.0,-2960.0,-27699.0,-10936.0,-2418.0,263540.0
304,-2036.0,-15724.0,21112.0,-2976.0,-27145.0,-12182.0,-4208.0,263546.0
305,1876.0,-16460.0,23904.0,-2976.0,-26060.0,-12990.0,-4917.0,263553.0
306,5296.0,-16124.0,26140.0,-2976.0,-24838.0,-13095.0,-5993.0,263559.0
307,7544.0,-15700.0,26660.0,-2992.0,-23792.0,-11828.0,-6800.0,263565.0
308,7544.0,-16736.0,26460.0,-2960.0,-22531.0,-9762.0,-7025.0,263571.0
309,5744.0,-18036.0,26308.0,-2992.0,-20800.0,-7214.0,-6552.0,263577.0
310,4508.0,-17704.0,26712.0,-2960.0,-19032.0,-4964.0,-5694.0,263584.0
311,3508.0,-16796.0,26880.0,-2976.0,-17532.0,-2898.0,-4524.0,263590.0
312,2464.0,-15748.0,26412.0,-2976.0,-16155.0,-519.0,-3360.0,263597.0
313,992.0,-14804.0,25172.0,-2976.0,-14981.0,1583.0,-2623.0,263603.0
314,-892.0,-13076.0,23748.0,-2944.0,-14374.0,3415.0,-2796.0,263609.0
315,-3316.0,-14848.0,23476.0,-2960.0,-13003.0,4326.0,-2332.0,263615.0
316,-460.0,-15424.0,27220.0,-2944.0,-10752.0,3397.0,-3388.0,263622.0
317,9552.0,-16312.0,32767.0,-2960.0,-7800.0,-908.0,-6322.0,263628.0
318,32767.0,-32768.0,32767.0,-2944.0,10627.0,-13278.0,-11668.0,263634.0
319,-18368.0,-32768.0,32767.0,-2960.0,18675.0,7670.0,5980.0,263641.0
320,-32768.0,-20344.0,-11328.0,-2960.0,8094.0,30961.0,19105.0,263647.0
321,-23888.0,31868.0,-32768.0,-2976.0,2930.0,16774.0,2711.0,263654.0
322,-16980.0,-96.0,-28196.0,-2976.0,7362.0,3758.0,-6955.0,263660.0
323,17716.0,-32768.0,-5420.0,-2992.0,11364.0,-7152.0,-7691.0,263666.0
324,28948.0,-32768.0,-3380.0,-2960.0,11474.0,-7679.0,-2834.0,263672.0
325,19312.0,-9572.0,5356.0,-2976.0,10569.0,-555.0,5720.0,263678.0
326,9792.0,-7292.0,17416.0,-2960.0,9008.0,2088.0,3689.0,263685.0
327,-8568.0,-12192.0,17820.0,-2944.0,8330.0,3549.0,1517.0,263691.0
328,-18852.0,-9988.0,13948.0,-2992.0,7911.0,3306.0,1163.0,263697.0
329,-14704.0,-10932.0,9552.0,-2960.0,6921.0,-1222.0,-1713.0,263703.0
330,-1964.0,-15596.0,3124.0,-2976.0,6856.0,-6515.0,-3194.0,263709.0
331,8116.0,-18260.0,1584.0,-2992.0,7531.0,-6840.0,-2374.0,263715.0
332,12328.0,-17520.0,3604.0,-2960.0,7259.0,-3498.0,-1265.0,263721.0
333,12284.0,-17024.0,5048.0,-2960.0,6366.0,124.0,90.0,263728.0
334,9316.0,-15984.0,4488.0,-2960.0,5927.0,3014.0,1500.0,263734.0
335,4156.0,-14676.0,3368.0,-2976.0,5782.0,4720.0,2372.0,263740.0
336,-2676.0,-14960.0,3916.0,-2992.0,5541.0,4976.0,2230.0,263746.0
337,-6444.0,-15260.0,5136.0,-2976.0,5187.0,3494.0,1319.0,263752.0
338,-5860.0,-15812.0,6028.0,-2960.0,5021.0,383.0,75.0,263758.0
339,-2700.0,-15696.0,5780.0,-2976.0,4728.0,-2011.0,-613.0,263764.0
340,1280.0,-16288.0,4320.0,-2960.0,4489.0,-3097.0,-976.0,263770.0
341,3948.0,-17064.0,3672.0,-2976.0,4479.0,-3069.0,-732.0,263776.0
342,5352.0,-16752.0,3696.0,-2944.0,4237.0,-1839.0,68.0,263782.0
343,5400.0,-16056.0,4232.0,-2960.0,4199.0,-361.0,540.0,263788.0
344,3592.0,-14480.0,5404.0,-2960.0,3879.0,542.0,275.0,263794.0
345,2212.0,-14616.0,6076.0,-2960.0,3419.0,942.0,297.0,263800.0
346,1520.0,-15668.0,5848.0,-2960.0,3253.0,1060.0,359.0,263806.0
347,1456.0,-15676.0,5276.0,-2960.0,3195.0,1056.0,242.0,263813.0
348,1860.0,-15912.0,5056.0,-2976.0,3107.0,947.0,229.0,263818.0
349,3168.0,-16464.0,4928.0,-2944.0,3131.0,1115.0,360.0,263824.0
350,3456.0,-17436.0,4616.0,-2960.0,3141.0,1683.0,590.0,263830.0
351,2988.0,-18060.0,4704.0,-2960.0,3268.0,2004.0,823.0,263836.0
352,2328.0,-17924.0,4620.0,-2976.0,3357.0,1819.0,821.0,263842.0
353,2216.0,-18484.0,5088.0,-2976.0,3509.0,1532.0,833.0,263848.0
354,2412.0,-19428.0,5484.0,-2960.0,3701.0,1579.0,931.0,263855.0
355,2344.0,-20488.0,4844.0,-2960.0,4053.0,1931.0,1132.0,263861.0
356,2304.0,-21744.0,4736.0,-2976.0,4516.0,2480.0,1479.0,263867.0
357,1708.0,-23156.0,4116.0,-2960.0,5138.0,3222.0,1837.0,263872.0
358,932.0,-23660.0,3712.0,-2976.0,5835.0,3399.0,2260.0,263878.0
359,532.0,-24788.0,4036.0,-2976.0,6573.0,3333.0,2580.0,263884.0
360,2200.0,-26496.0,5136.0,-2928.0,7602.0,3105.0,2321.0,263890.0
361,3496.0,-25164.0,2088.0,-2992.0,8138.0,2078.0,2064.0,263897.0
362,4220.0,-27296.0,1452.0,-2944.0,8998.0,1981.0,2754.0,263903.0
363,3176.0,-29136.0,2684.0,-2960.0,9951.0,2530.0,2883.0,263909.0
364,2536.0,-30208.0,1828.0,-2976.0,10768.0,3449.0,2984.0,263915.0
365,1844.0,-30752.0,2264.0,-2960.0,11751.0,3489.0,2923.0,263921.0
366,408.0,-31668.0,2940.0,-2976.0,12683.0,3899.0,3591.0,263927.0
367,-116.0,-32768.0,3056.0,-2960.0,13612.0,4342.0,3709.0,263933.0
368,-872.0,-32768.0,2268.0,-2960.0,14599.0,4528.0,4007.0,263940.0
369,-1160.0,-32768.0,788.0,-3008.0,15571.0,4633.0,4467.0,263946.0
370,-560.0,-32768.0,-1888.0,-2960.0,16587.0,4732.0,4798.0,263951.0
371,2480.0,-32768.0,-6128.0,-2976.0,17639.0,4709.0,5187.0,263957.0
372,1516.0,-32768.0,-8432.0,-2960.0,18132.0,4639.0,5381.0,263963.0
373,6748.0,-32768.0,-11260.0,-2976.0,18564.0,4917.0,6014.0,263969.0
374,7364.0,-32768.0,-12940.0,-2976.0,18371.0,5621.0,5641.0,263975.0
375,7272.0,-32768.0,-16040.0,-2976.0,17412.0,5300.0,5155.0,263982.0
376,7400.0,-28556.0,-18144.0,-2960.0,15865.0,4327.0,4546.0,263988.0
377,7400.0,-20512.0,-21056.0,-2960.0,13383.0,3425.0,3949.0,263994.0
378,6168.0,-12512.0,-26928.0,-2960.0,9107.0,1998.0,4036.0,264001.0
379,4544.0,-7400.0,-30308.0,-2944.0,2823.0,-466.0,4199.0,264007.0
380,8008.0,-12776.0,8272.0,-2960.0,5706.0,-2002.0,4318.0,264012.0
381,8392.0,6196.0,11828.0,-2944.0,10009.0,-512.0,4318.0,264018.0
382,4000.0,22584.0,22000.0,-2992.0,9389.0,1602.0,2972.0,264025.0
383,-3484.0,27528.0,2428.0,-2960.0,3635.0,1211.0,3068.0,264031.0
384,-3776.0,27188.0,-26028.0,-2976.0,-3141.0,1179.0,552.0,264037.0
385,752.0,25768.0,-32768.0,-2960.0,-7577.0,-3608.0,-3209.0,264043.0
386,6148.0,17216.0,-32768.0,-2976.0,-10189.0,-9391.0,-3992.0,264049.0
387,9728.0,9564.0,-27744.0,-2944.0,-11510.0,-10765.0,-3041.0,264055.0
388,12360.0,9012.0,-23184.0,-2976.0,-14014.0,-8272.0,-2088.0,264061.0
389,14580.0,8488.0,-18604.0,-2960.0,-16802.0,-5035.0,-1849.0,264068.0
390,12036.0,7420.0,-13160.0,-2944.0,-19085.0,-2841.0,-1174.0,264074.0
391,5084.0,6232.0,-8472.0,-2960.0,-20916.0,-1051.0,543.0,264080.0
392,-3032.0,5328.0,-4628.0,-2944.0,-22918.0,192.0,1685.0,264086.0
393,-10376.0,2904.0,-596.0,-2960.0,-25002.0,372.0,1754.0,264092.0
394,-14236.0,-1572.0,4072.0,-2992.0,-26480.0,-875.0,1003.0,264098.0
395,-14304.0,-5456.0,8736.0,-2976.0,-27277.0,-3723.0,-917.0,264104.0
396,-9060.0,-9632.0,13556.0,-2928.0,-26950.0,-7280.0,707.0,264111.0
397,-4132.0,-11072.0,19340.0,-2992.0,-25763.0,-9623.0,-1828.0,264117.0
398,-3528.0,-10108.0,22152.0,-2960.0,-25118.0,-12164.0,-2418.0,264123.0
399,152.0,-10612.0,24120.0,-2960.0,-24523.0,-14010.0,-2026.0,264129.0
400,3640.0,-12948.0,26252.0,-2960.0,-23294.0,-14565.0,-1997.0,264135.0
401,5140.0,-16112.0,29220.0,-2992.0,-21475.0,-14032.0,-1711.0,264141.0
402,5608.0,-17028.0,31636.0,-2960.0,-19477.0,-12211.0,-1294.0,264147.0
403,4084.0,-16980.0,32767.0,-2912.0,-17561.0,-9499.0,-1072.0,264154.0
404,2236.0,-16580.0,32767.0,-2992.0,-15697.0,-7381.0,-849.0,264161.0
405,572.0,-14980.0,32767.0,-2960.0,-14003.0,-6033.0,-689.0,264167.0
406,-264.0,-13540.0,32388.0,-2944.0,-12421.0,-4927.0,-77.0,264172.0
407,-348.0,-11840.0,31344.0,-2960.0,-11129.0,-3891.0,240.0,264178.0
408,-476.0,-11420.0,29348.0,-2944.0,-9971.0,-3134.0,323.0,264184.0
409,-700.0,-11204.0,26916.0,-2960.0,-8825.0,-2665.0,372.0,264190.0
410,-1060.0,-10716.0,24984.0,-2960.0,-7636.0,-2610.0,235.0,264197.0
411,616.0,-10624.0,29904.0,-2992.0,-5410.0,-2784.0,-576.0,264203.0
412,8564.0,-7548.0,32767.0,-2976.0,-3110.0,-4643.0,-3379.0,264209.0
413,15556.0,-13308.0,32767.0,-2976.0,-2986.0,-5278.0,-5370.0,264215.0
414,31704.0,-32768.0,32767.0,-2976.0,4136.0,-4326.0,-7862.0,264221.0
415,15524.0,-32768.0,32767.0,-2976.0,8454.0,-82.0,-5073.0,264228.0
416,-15888.0,-32768.0,-32768.0,-2928.0,7057.0,14177.0,6510.0,264235.0
417,-14320.0,22476.0,-32768.0,-2992.0,1892.0,9692.0,4007.0,264241.0
418,-3560.0,-11132.0,-31344.0,-2944.0,3080.0,6914.0,-2031.0,264247.0
419,8172.0,-32768.0,5952.0,-2960.0,10520.0,-398.0,-797.0,264253.0
420,4568.0,-15540.0,12524.0,-2976.0,9788.0,1078.0,4357.0,264259.0
421,-4500.0,-2280.0,21744.0,-2960.0,7342.0,3126.0,2364.0,264265.0
422,-9644.0,-6044.0,20564.0,-2976.0,4580.0,2471.0,-2014.0,264271.0
423,-9844.0,-8240.0,13428.0,-2960.0,4537.0,-2040.0,-3546.0,264278.0
424,-7444.0,-9760.0,11200.0,-2944.0,4660.0,-3006.0,-2263.0,264284.0
425,-6120.0,-15872.0,9488.0,-2992.0,4542.0,-2932.0,-2400.0,264290.0
426,1464.0,-17832.0,2356.0,-2992.0,3858.0,-5333.0,-3708.0,264296.0
427,11136.0,-18276.0,-272.0,-2960.0,3940.0,-6046.0,-3230.0,264302.0
428,13988.0,-18856.0,2084.0,-2960.0,4562.0,-2995.0,-1107.0,264308.0
429,10520.0,-16932.0,4212.0,-2976.0,4419.0,783.0,737.0,264314.0
430,5192.0,-15408.0,5672.0,-2960.0,3966.0,2730.0,1628.0,264321.0
431,1104.0,-14076.0,6248.0,-2976.0,3667.0,2858.0,1967.0,264327.0
432,-1328.0,-13992.0,6152.0,-2928.0,3436.0,2209.0,1834.0,264333.0
433,-2912.0,-14824.0,6320.0,-2976.0,3156.0,1262.0,1361.0,264339.0
434,-2192.0,-15152.0,6092.0,-2960.0,2891.0,-185.0,593.0,264345.0
435,188.0,-15224.0,5504.0,-2992.0,2679.0,-1538.0,292.0,264351.0
436,2984.0,-15708.0,4628.0,-2928.0,2568.0,-2080.0,253.0,264356.0
437,4364.0,-15920.0,4348.0,-2944.0,2516.0,-1956.0,482.0,264363.0
438,3760.0,-15728.0,4308.0,-2944.0,2469.0,-1394.0,765.0,264369.0
439,1636.0,-15668.0,4876.0,-2960.0,2352.0,-734.0,872.0,264375.0
440,152.0,-15644.0,5736.0,-2960.0,2239.0,-527.0,494.0,264381.0
441,92.0,-15516.0,6060.0,-2960.0,2004.0,-374.0,35.0,264387.0
442,704.0,-15748.0,5932.0,-2976.0,1796.0,194.0,-117.0,264392.0
443,912.0,-15960.0,4880.0,-2992.0,1724.0,816.0,-280.0,264398.0
444,1548.0,-15840.0,4612.0,-2960.0,1718.0,949.0,-423.0,264404.0
445,2016.0,-16068.0,5128.0,-2928.0,1698.0,1369.0,-308.0,264411.0
446,1384.0,-15928.0,5816.0,-2976.0,1488.0,1900.0,-233.0,264417.0
447,588.0,-15284.0,5700.0,-2960.0,1227.0,2052.0,-387.0,264423.0
448,644.0,-15052.0,5552.0,-2960.0,1089.0,1722.0,-580.0,264428.0
449,1680.0,-15332.0,5148.0,-2992.0,936.0,1303.0,-676.0,264434.0
450,2656.0,-15532.0,4868.0,-2960.0,846.0,1134.0,-571.0,264440.0
451,3676.0,-15616.0,5016.0,-2960.0,846.0,1165.0,-479.0,264446.0
452,4140.0,-16256.0,4316.0,-2960.0,1055.0,1496.0,-219.0,264453.0
453,4292.0,-16192.0,4248.0,-2976.0,1287.0,1925.0,204.0,264459.0
454,3868.0,-16224.0,4532.0,-3008.0,1316.0,2597.0,460.0,264465.0
455,2936.0,-16412.0,4816.0,-2960.0,1439.0,3227.0,524.0,264471.0
456,2688.0,-16856.0,4652.0,-2992.0,1649.0,3494.0,552.0,264476.0
457,3336.0,-16708.0,4868.0,-2976.0,1863.0,3620.0,668.0,264482.0
458,3512.0,-16588.0,5028.0,-2976.0,1889.0,4059.0,849.0,264488.0
459,3268.0,-16828.0,5492.0,-2960.0,2055.0,4451.0,955.0,264495.0
460,2492.0,-17556.0,5236.0,-2992.0,2414.0,4845.0,1166.0,264501.0
461,1596.0,-18288.0,5480.0,-2960.0,2811.0,5021.0,1399.0,264507.0
462,640.0,-19804.0,5128.0,-2976.0,3328.0,5049.0,1473.0,264513.0
463,-428.0,-20948.0,4536.0,-2976.0,4000.0,4881.0,1531.0,264519.0
464,-900.0,-22168.0,4088.0,-2960.0,4669.0,3942.0,1509.0,264524.0
465,-16.0,-26320.0,5000.0,-2960.0,5505.0,3119.0,1720.0,264530.0
466,884.0,-23508.0,6264.0,-2992.0,6834.0,1913.0,1869.0,264537.0
467,632.0,-26232.0,2804.0,-2960.0,7419.0,2217.0,2208.0,264543.0
468,1912.0,-30508.0,1080.0,-2976.0,8659.0,2449.0,2211.0,264549.0
469,2436.0,-32768.0,-156.0,-2976.0,10023.0,2256.0,2366.0,264555.0
470,3288.0,-32768.0,-1504.0,-2992.0,11482.0,2356.0,2845.0,264561.0
471,2888.0,-32768.0,-1248.0,-2976.0,13357.0,3027.0,3842.0,264567.0
472,3756.0,-32768.0,-1596.0,-2960.0,15038.0,4007.0,3999.0,264573.0
473,4524.0,-32768.0,-4236.0,-2992.0,16795.0,4337.0,3427.0,264580.0
474,5208.0,-32768.0,-6112.0,-2976.0,18126.0,5043.0,4976.0,264586.0
475,4476.0,-32768.0,-6088.0,-2928.0,18680.0,6726.0,4254.0,264592.0
476,5520.0,-32768.0,-8248.0,-2976.0,19233.0,7247.0,5212.0,264598.0
477,4680.0,-32768.0,-10716.0,-3008.0,18508.0,7435.0,5287.0,264604.0
478,4864.0,-32768.0,-12736.0,-2960.0,17190.0,7078.0,4542.0,264610.0
479,6584.0,-32768.0,-9488.0,-2992.0,16552.0,6469.0,3229.0,264616.0
480,4924.0,-21040.0,-8132.0,-2976.0,16829.0,4240.0,3657.0,264623.0
481,7748.0,-4380.0,-9332.0,-2944.0,15152.0,2665.0,2825.0,264629.0
482,6892.0,1912.0,-9812.0,-2960.0,13333.0,1344.0,1040.0,264635.0
483,6868.0,7064.0,-2012.0,-2976.0,12309.0,-185.0,519.0,264641.0
484,8460.0,15560.0,-5236.0,-2960.0,10059.0,-501.0,-679.0,264646.0
485,9992.0,22720.0,-23096.0,-2976.0,4151.0,1588.0,-1624.0,264652.0
486,9644.0,23548.0,-32768.0,-2992.0,-877.0,5002.0,-2577.0,264658.0
487,-1584.0,20504.0,-32768.0,-2976.0,-5602.0,3845.0,-2291.0,264665.0
488,-2036.0,16856.0,-32768.0,-3008.0,-10004.0,-441.0,-2346.0,264671.0
489,2160.0,12428.0,-32768.0,-2960.0,-13464.0,-3509.0,-3540.0,264677.0
490,5976.0,10168.0,-31500.0,-2992.0,-17307.0,-4124.0,-3672.0,264683.0
491,6736.0,7092.0,-29072.0,-2960.0,-20890.0,-3302.0,-3417.0,264689.0
492,2292.0,3636.0,-24420.0,-2976.0,-23745.0,-2589.0,-2578.0,264695.0
493,-3120.0,-96.0,-19504.0,-2976.0,-26242.0,-2111.0,-1606.0,264701.0
494,-8280.0,-4500.0,-14400.0,-2960.0,-28379.0,-2407.0,-1252.0,264708.0
495,-11628.0,-7932.0,-9588.0,-2944.0,-30124.0,-4449.0,-1557.0,264714.0
496,-12404.0,-10652.0,-4876.0,-2944.0,-31465.0,-8241.0,-2050.0,264720.0
497,-10404.0,-13304.0,340.0,-2976.0,-32270.0,-12298.0,-2472.0,264726.0
498,-6568.0,-15272.0,5340.0,-2976.0,-32465.0,-15678.0,-2795.0,264732.0
499,-1652.0,-16876.0,12404.0,-2976.0,-31935.0,-17807.0,-3128.0,264738.0
500,3616.0,-18660.0,20232.0,-2976.0,-30900.0,-18822.0,-3645.0,264745.0
501,7448.0,-21336.0,22964.0,-2944.0,-30525.0,-18329.0,-3899.0,264752.0
502,8160.0,-25912.0,26136.0,-2992.0,-29422.0,-16307.0,-3113.0,264758.0
503,8160.0,-29260.0,30192.0,-2944.0,-27083.0,-13750.0,-2184.0,264764.0
504,6340.0,-29220.0,32767.0,-2976.0,-24366.0,-10811.0,-1293.0,264770.0
505,4896.0,-27076.0,32767.0,-2976.0,-21982.0,-8229.0,-562.0,264777.0
506,4528.0,-25444.0,32767.0,-2944.0,-19743.0,-6507.0,-64.0,264783.0
507,10428.0,-32768.0,32767.0,-2976.0,-14869.0,-7350.0,-969.0,264790.0
508,20568.0,-32768.0,32767.0,-2992.0,3143.0,-12548.0,-3757.0,264796.0
509,-17592.0,-32768.0,32767.0,-2992.0,8310.0,1411.0,3812.0,264802.0
510,-14608.0,-30732.0,32767.0,-2960.0,5832.0,11682.0,3983.0,264808.0
511,-1564.0,9220.0,13564.0,-2960.0,6132.0,5678.0,1582.0,264814.0
512,-2600.0,24264.0,7552.0,-2976.0,7375.0,6247.0,15.0,264820.0
513,-12840.0,25824.0,2444.0,-2944.0,5456.0,6447.0,504.0,264826.0
514,-8264.0,7884.0,-1808.0,-2992.0,3865.0,6118.0,1538.0,264833.0
515,2284.0,-3380.0,-1668.0,-2992.0,3976.0,5735.0,-251.0,264839.0
516,10592.0,-6916.0,916.0,-2992.0,3644.0,4961.0,-2399.0,264845.0
517,20708.0,-24384.0,-252.0,-2976.0,3200.0,2237.0,-5569.0,264851.0
518,19180.0,-32768.0,-12100.0,-2960.0,2613.0,-1632.0,-6671.0,264857.0
519,12244.0,-32768.0,-13472.0,-2960.0,5079.0,-1417.0,-2830.0,264863.0
520,7496.0,-28408.0,-1112.0,-2992.0,8494.0,1895.0,1479.0,264869.0
521,656.0,-12848.0,10324.0,-2976.0,8159.0,4291.0,2605.0,264876.0
522,-8328.0,-12900.0,12668.0,-2960.0,6319.0,5708.0,3061.0,264882.0
523,-11624.0,-14700.0,8096.0,-2992.0,5413.0,4602.0,1164.0,264888.0
524,-9424.0,-13272.0,6348.0,-2976.0,5051.0,1466.0,-2137.0,264894.0
525,-5580.0,-13704.0,6140.0,-2992.0,4637.0,-1438.0,-2952.0,264900.0
526,320.0,-14604.0,4884.0,-2976.0,4184.0,-1506.0,-2337.0,264906.0
527,5124.0,-14528.0,3168.0,-2960.0,3851.0,799.0,-2091.0,264912.0
528,6628.0,-14140.0,2680.0,-2944.0,3689.0,3002.0,-1703.0,264919.0
529,5444.0,-14192.0,3052.0,-2992.0,3551.0,3759.0,-798.0,264924.0
530,3588.0,-14560.0,3416.0,-2960.0,3349.0,3223.0,-463.0,264930.0
531,1464.0,-15688.0,3580.0,-2960.0,3100.0,2083.0,-598.0,264936.0
532,-868.0,-16624.0,4424.0,-2944.0,3054.0,611.0,-837.0,264942.0
533,-2372.0,-16320.0,5620.0,-2976.0,3078.0,-814.0,-1056.0,264948.0
534,-2460.0,-15680.0,6212.0,-2960.0,3001.0,-2107.0,-1332.0,264954.0
535,-340.0,-15456.0,5384.0,-2976.0,2853.0,-3095.0,-1563.0,264961.0
536,3180.0,-15932.0,4004.0,-2960.0,2738.0,-3246.0,-1550.0,264967.0
537,6240.0,-16208.0,3288.0,-2976.0,2771.0,-2413.0,-1138.0,264973.0
538,7296.0,-15948.0,3472.0,-2960.0,2766.0,-925.0,-245.0,264979.0
539,6016.0,-15672.0,3948.0,-2960.0,2700.0,786.0,636.0,264985.0
540,2936.0,-15388.0,4308.0,-2992.0,2662.0,1719.0,1087.0,264990.0
541,16.0,-15248.0,4836.0,-2976.0,2514.0,1472.0,1088.0,264996.0
542,-1564.0,-15348.0,5208.0,-3008.0,2348.0,542.0,646.0,265003.0
543,-1436.0,-15384.0,5200.0,-2960.0,2220.0,-661.0,193.0,265009.0
544,216.0,-15300.0,5084.0,-2960.0,2059.0,-1566.0,-107.0,265015.0
545,2060.0,-15284.0,4844.0,-2960.0,1931.0,-1829.0,-196.0,265021.0
546,3112.0,-15564.0,4836.0,-2992.0,1854.0,-1454.0,3.0,265027.0
547,3596.0,-15760.0,4400.0,-2992.0,1743.0,-803.0,213.0,265032.0
548,3196.0,-15676.0,4340.0,-2960.0,1676.0,-235.0,330.0,265038.0
549,2616.0,-15560.0,4432.0,-2992.0,1622.0,185.0,341.0,265044.0
550,1672.0,-15616.0,4852.0,-3024.0,1570.0,506.0,312.0,265051.0
551,568.0,-16104.0,5328.0,-2960.0,1489.0,756.0,146.0,265057.0
552,-52.0,-16572.0,4944.0,-2992.0,1477.0,973.0,-85.0,265063.0
553,-276.0,-16624.0,4724.0,-2976.0,1496.0,824.0,-261.0,265068.0
554,264.0,-16360.0,4780.0,-2976.0,1502.0,654.0,-401.0,265074.0
555,1208.0,-16208.0,5004.0,-2976.0,1520.0,629.0,-514.0,265080.0
556,1972.0,-16080.0,4716.0,-2976.0,1497.0,674.0,-570.0,265086.0
557,2504.0,-16488.0,4536.0,-2976.0,1547.0,826.0,-532.0,265093.0
558,2276.0,-16596.0,4544.0,-2992.0,1675.0,1117.0,-444.0,265098.0
559,2040.0,-17024.0,4192.0,-2960.0,1859.0,1196.0,-388.0,265104.0
560,2416.0,-17516.0,4212.0,-2960.0,2101.0,1239.0,-322.0,265110.0
561,2868.0,-18136.0,4108.0,-2976.0,2407.0,1443.0,-173.0,265116.0
562,3304.0,-18800.0,4100.0,-2928.0,2735.0,1641.0,38.0,265122.0
563,3488.0,-19688.0,4032.0,-2992.0,3130.0,1922.0,227.0,265128.0
564,3412.0,-20720.0,3768.0,-2960.0,3600.0,2336.0,482.0,265135.0
565,3516.0,-21912.0,4116.0,-2992.0,4197.0,2774.0,672.0,265141.0
566,3424.0,-22372.0,4104.0,-2992.0,4819.0,3101.0,855.0,265146.0
567,4228.0,-25216.0,5660.0,-2944.0,5872.0,3594.0,1119.0,265152.0
568,4316.0,-25564.0,3932.0,-2976.0,6628.0,3880.0,1154.0,265158.0
569,4280.0,-28736.0,1940.0,-2960.0,7652.0,4701.0,1685.0,265164.0
570,4724.0,-32404.0,348.0,-2976.0,8813.0,5475.0,1752.0,265170.0
571,3604.0,-32768.0,340.0,-2976.0,10079.0,6359.0,2382.0,265177.0
572,1140.0,-32768.0,768.0,-2992.0,11595.0,6914.0,3905.0,265183.0
573,680.0,-32768.0,352.0,-2976.0,13185.0,7086.0,4157.0,265189.0
574,1304.0,-32768.0,-1068.0,-2976.0,14600.0,6462.0,4181.0,265195.0
575,2104.0,-32768.0,-3072.0,-2992.0,15880.0,6394.0,4393.0,265201.0
576,2556.0,-32768.0,-4184.0,-2976.0,16822.0,6596.0,4564.0,265207.0
577,2792.0,-32768.0,-4576.0,-2976.0,17312.0,6846.0,4713.0,265212.0
578,2428.0,-32768.0,-5228.0,-2992.0,17395.0,6771.0,4908.0,265219.0
579,2396.0,-32768.0,-6700.0,-2944.0,17201.0,6177.0,4919.0,265225.0
580,2752.0,-28708.0,-8776.0,-2992.0,16558.0,5328.0,4572.0,265231.0
581,3704.0,-22932.0,-10968.0,-2992.0,15297.0,4303.0,3848.0,265237.0
582,4248.0,-16872.0,-13332.0,-2976.0,13186.0,2954.0,3370.0,265243.0
583,4808.0,-12164.0,-14456.0,-2976.0,10850.0,1632.0,2831.0,265249.0
584,6128.0,-6720.0,-15532.0,-2944.0,7307.0,1044.0,2477.0,265255.0
585,7232.0,-6000.0,-6208.0,-2960.0,5962.0,1021.0,1584.0,265262.0
586,4708.0,-1652.0,3700.0,-2992.0,8206.0,-421.0,2189.0,265268.0
587,3576.0,11008.0,5840.0,-2992.0,8206.0,-1500.0,1165.0,265274.0
588,1244.0,16736.0,1612.0,-2976.0,5636.0,-2553.0,295.0,265280.0
589,2812.0,18624.0,-8668.0,-2976.0,1537.0,-2297.0,-804.0,265286.0
590,4088.0,18732.0,-19884.0,-2976.0,-2121.0,-602.0,-2135.0,265292.0
591,2168.0,21364.0,-26496.0,-2960.0,-6798.0,-1983.0,-3939.0,265298.0
592,2328.0,16860.0,-27944.0,-2992.0,-11087.0,-4731.0,-4207.0,265305.0
593,5800.0,8972.0,-24368.0,-2960.0,-13384.0,-6328.0,-4322.0,265311.0
594,7696.0,5596.0,-21884.0,-2992.0,-15293.0,-5733.0,-3970.0,265317.0
595,8600.0,3880.0,-19568.0,-2976.0,-17475.0,-3561.0,-3618.0,265323.0
596,8992.0,3060.0,-16944.0,-2960.0,-19497.0,-1502.0,-3587.0,265329.0
597,7776.0,3200.0,-12832.0,-2992.0,-21326.0,-283.0,-3592.0,265335.0
598,4740.0,2452.0,-9528.0,-2976.0,-22961.0,402.0,-3216.0,265341.0
599,396.0,724.0,-6148.0,-2960.0,-24512.0,880.0,-2724.0,265348.0
600,-3036.0,-1364.0,-2604.0,-2960.0,-25828.0,1174.0,-2732.0,265354.0
601,-5792.0,-3496.0,976.0,-2944.0,-26851.0,883.0,-3220.0,265360.0
602,-6944.0,-5984.0,5276.0,-3008.0,-27370.0,-374.0,-3702.0,265365.0
603,-6588.0,-8352.0,10424.0,-2960.0,-27289.0,-2619.0,-4223.0,265371.0
604,-6072.0,-10576.0,15748.0,-2944.0,-26826.0,-5146.0,-4242.0,265377.0
605,-1116.0,-12128.0,22520.0,-2976.0,-25849.0,-7119.0,-3949.0,265383.0
606,2204.0,-13712.0,26496.0,-2976.0,-25187.0,-7803.0,-5556.0,265390.0
607,3684.0,-15668.0,26692.0,-2976.0,-25141.0,-7775.0,-5958.0,265397.0
608,6068.0,-19520.0,28860.0,-3008.0,-24230.0,-6786.0,-5729.0,265403.0
609,7632.0,-25120.0,32767.0,-2944.0,-21968.0,-5143.0,-6107.0,265409.0
610,6368.0,-28284.0,32767.0,-2976.0,-18766.0,-3258.0,-6589.0,265415.0
611,4728.0,-28720.0,32767.0,-2944.0,-15536.0,-1272.0,-6369.0,265421.0
612,2712.0,-28740.0,32767.0,-2976.0,-12443.0,625.0,-5835.0,265427.0
613,876.0,-29136.0,32767.0,-2992.0,-9165.0,2868.0,-4838.0,265434.0
614,-1536.0,-29328.0,32767.0,-2992.0,-5374.0,5193.0,-3565.0,265440.0
615,-2200.0,-28896.0,32767.0,-3008.0,-1362.0,6034.0,-2647.0,265446.0
616,-5552.0,-32768.0,32767.0,-2976.0,4303.0,4996.0,-995.0,265452.0
617,-16276.0,-32768.0,32767.0,-2992.0,4921.0,9269.0,2827.0,265458.0
618,-22136.0,-32768.0,5772.0,-2976.0,3469.0,14556.0,5133.0,265464.0
619,-16656.0,-32576.0,-32768.0,-2976.0,2292.0,12671.0,1615.0,265470.0
620,-6716.0,-15804.0,-32768.0,-2960.0,1610.0,6618.0,-3348.0,265477.0
621,7208.0,-15284.0,-30820.0,-2976.0,3445.0,76.0,-5533.0,265483.0
622,18652.0,-23380.0,-4652.0,-2976.0,7268.0,-4993.0,-5131.0,265489.0
623,20064.0,-20752.0,6328.0,-2992.0,8872.0,-7722.0,-898.0,265495.0
624,11880.0,-11360.0,8216.0,-2976.0,7756.0,-5657.0,2621.0,265501.0
625,1984.0,-6204.0,10004.0,-2960.0,5926.0,-2991.0,1495.0,265507.0
626,-4356.0,-6556.0,11240.0,-2944.0,4395.0,-2054.0,-2192.0,265513.0
627,-7952.0,-9040.0,10864.0,-2976.0,3872.0,-3164.0,-3706.0,265520.0
628,-8292.0,-12116.0,9720.0,-2960.0,3785.0,-4241.0,-3417.0,265526.0
629,-3160.0,-16432.0,7612.0,-2976.0,3704.0,-4505.0,-2715.0,265532.0
630,4360.0,-18708.0,3468.0,-2992.0,3768.0,-3719.0,-2154.0,265538.0
631,10524.0,-19468.0,104.0,-2960.0,3639.0,-1125.0,-1513.0,265544.0
632,13256.0,-18860.0,-1060.0,-3008.0,3478.0,2514.0,-319.0,265550.0
633,12072.0,-17140.0,580.0,-2992.0,3334.0,5964.0,918.0,265556.0
634,7696.0,-15880.0,2820.0,-2960.0,3165.0,7884.0,1690.0,265563.0
635,1332.0,-15916.0,4704.0,-2960.0,3111.0,8058.0,2109.0,265569.0
636,-2580.0,-15120.0,4244.0,-3024.0,3414.0,6744.0,1833.0,265575.0
637,-5068.0,-13476.0,5592.0,-3024.0,3228.0,3992.0,1221.0,265581.0
638,-5776.0,-14068.0,5948.0,-2976.0,2861.0,876.0,260.0,265587.0
639,-4012.0,-15520.0,5268.0,-2976.0,2720.0,-2106.0,-622.0,265593.0
640,-256.0,-16340.0,4300.0,-2960.0,2720.0,-4064.0,-1005.0,265600.0
641,3664.0,-16548.0,3140.0,-2960.0,2842.0,-4647.0,-987.0,265606.0
642,6016.0,-16632.0,2676.0,-2976.0,2880.0,-3978.0,-579.0,265612.0
643,6528.0,-16716.0,2864.0,-2992.0,2939.0,-2416.0,81.0,265617.0
644,5236.0,-16132.0,3584.0,-2992.0,2881.0,-550.0,681.0,265623.0
645,2868.0,-15604.0,4932.0,-2992.0,2671.0,839.0,1016.0,265629.0
646,440.0,-15572.0,5200.0,-2992.0,2546.0,1212.0,870.0,265635.0
647,-684.0,-15060.0,4956.0,-2992.0,2373.0,575.0,536.0,265641.0
648,-36.0,-14584.0,5016.0,-3024.0,2184.0,-450.0,136.0,265648.0
649,1280.0,-14996.0,5084.0,-2928.0,1998.0,-1255.0,-148.0,265653.0
650,2720.0,-15448.0,4708.0,-2960.0,1832.0,-1401.0,-126.0,265659.0
651,3708.0,-16020.0,4100.0,-2976.0,1779.0,-954.0,-32.0,265665.0
652,3504.0,-16156.0,3564.0,-2992.0,1822.0,-307.0,113.0,265671.0
653,3008.0,-15960.0,3772.0,-2976.0,1840.0,81.0,211.0,265677.0
654,2524.0,-15636.0,4528.0,-2992.0,1788.0,218.0,187.0,265683.0
655,2112.0,-15588.0,5024.0,-2992.0,1617.0,491.0,145.0,265689.0
656,1456.0,-16212.0,4464.0,-2992.0,1588.0,929.0,40.0,265695.0
657,932.0,-16156.0,4632.0,-2992.0,1562.0,764.0,55.0,265701.0
658,1464.0,-16044.0,4888.0,-2960.0,1465.0,705.0,-75.0,265707.0
659,1492.0,-15896.0,4796.0,-2960.0,1341.0,597.0,-149.0,265713.0
660,2004.0,-15944.0,4844.0,-2960.0,1244.0,601.0,-15.0,265718.0
661,2308.0,-15636.0,4792.0,-2960.0,1127.0,577.0,-9.0,265724.0
662,2752.0,-15756.0,4612.0,-2976.0,1063.0,663.0,25.0,265731.0
663,2880.0,-15936.0,4484.0,-2976.0,1048.0,778.0,167.0,265737.0
664,3120.0,-16112.0,4352.0,-2992.0,1064.0,891.0,392.0,265743.0
665,3280.0,-16288.0,4528.0,-2992.0,1052.0,1021.0,566.0,265748.0
666,3224.0,-16368.0,4476.0,-2992.0,1094.0,1198.0,788.0,265754.0
667,2828.0,-16400.0,4524.0,-3008.0,1201.0,1407.0,1005.0,265760.0
668,2408.0,-16676.0,4164.0,-2976.0,1360.0,1551.0,1145.0,265766.0
669,1980.0,-17088.0,3820.0,-2960.0,1528.0,1495.0,1326.0,265773.0
670,1852.0,-17248.0,3648.0,-2992.0,1762.0,1347.0,1518.0,265779.0
671,2136.0,-17636.0,3764.0,-2960.0,2133.0,1152.0,1644.0,265785.0
672,2940.0,-17868.0,3552.0,-2960.0,2448.0,988.0,1609.0,265791.0
673,2996.0,-19724.0,3436.0,-2976.0,3013.0,828.0,2699.0,265797.0
674,2040.0,-19300.0,4272.0,-2976.0,3333.0,1342.0,1733.0,265802.0
675,-472.0,-19656.0,5488.0,-2976.0,4018.0,758.0,3260.0,265808.0
676,-4.0,-18084.0,4344.0,-2992.0,4201.0,687.0,3509.0,265815.0
677,-144.0,-18632.0,3868.0,-2992.0,4614.0,454.0,3072.0,265821.0
678,116.0,-20264.0,3988.0,-2992.0,5112.0,-248.0,3284.0,265827.0
679,216.0,-22296.0,3968.0,-2992.0,5647.0,-511.0,3635.0,265833.0
680,-496.0,-25256.0,3644.0,-2960.0,6248.0,-383.0,4267.0,265838.0
681,-2104.0,-28528.0,3872.0,-2992.0,6829.0,-205.0,5107.0,265844.0
682,-2484.0,-31660.0,3668.0,-2976.0,7547.0,-392.0,5736.0,265850.0
683,-2536.0,-32768.0,3496.0,-2976.0,8433.0,-1064.0,5396.0,265857.0
684,-84.0,-32768.0,2136.0,-2992.0,9223.0,-1700.0,5852.0,265863.0
685,1276.0,-32768.0,1164.0,-2992.0,9749.0,-1570.0,6033.0,265869.0
686,2044.0,-32768.0,-956.0,-2976.0,10458.0,-658.0,6792.0,265875.0
687,1020.0,-32768.0,-3776.0,-2992.0,10783.0,-335.0,7584.0,265881.0
688,64.0,-32768.0,-5436.0,-3008.0,10398.0,-1474.0,7935.0,265887.0
689,2476.0,-32768.0,-3628.0,-2976.0,10675.0,-2936.0,7602.0,265892.0
690,3088.0,-30336.0,-508.0,-2960.0,12221.0,-4627.0,7090.0,265899.0
691,5116.0,-14192.0,-1700.0,-2960.0,11979.0,-5536.0,6514.0,265905.0
692,5520.0,-10572.0,-516.0,-2944.0,11621.0,-5922.0,5325.0,265911.0
693,6984.0,-7168.0,-968.0,-2960.0,11055.0,-6315.0,4466.0,265917.0
694,9912.0,-3460.0,-668.0,-2976.0,10162.0,-6063.0,3860.0,265923.0
695,11384.0,104.0,-388.0,-3008.0,9115.0,-5285.0,2910.0,265929.0
696,10808.0,3888.0,512.0,-2960.0,7817.0,-4252.0,2223.0,265935.0
697,9152.0,6580.0,3188.0,-2992.0,6605.0,-3483.0,1506.0,265942.0
698,7848.0,12620.0,-6616.0,-2960.0,3403.0,-2659.0,536.0,265948.0
699,8544.0,16036.0,-13364.0,-2976.0,-47.0,-151.0,-322.0,265954.0
700,4648.0,18240.0,-19212.0,-2992.0,-3482.0,1939.0,-196.0,265959.0
701,-1508.0,17944.0,-21032.0,-2976.0,-6942.0,1413.0,-279.0,265965.0
702,-3352.0,17208.0,-20788.0,-2992.0,-10219.0,-1961.0,-858.0,265971.0
703,1504.0,14000.0,-20908.0,-2992.0,-13656.0,-4788.0,-2383.0,265977.0
704,6792.0,9828.0,-19676.0,-2960.0,-16527.0,-5639.0,-3506.0,265984.0
705,9612.0,4880.0,-16600.0,-2976.0,-18585.0,-4565.0,-3697.0,265990.0
706,8544.0,476.0,-11256.0,-2976.0,-19998.0,-2410.0,-3387.0,265996.0
707,4456.0,-3008.0,-5660.0,-2992.0,-21208.0,-428.0,-2037.0,266002.0
708,1056.0,-6376.0,-1448.0,-2992.0,-21982.0,954.0,-2295.0,266008.0
709,-4076.0,-9672.0,3112.0,-2992.0,-22590.0,943.0,-2424.0,266014.0
710,-5012.0,-12116.0,6668.0,-2992.0,-22807.0,-210.0,-2119.0,266020.0
711,-5272.0,-14376.0,10224.0,-2976.0,-22589.0,-1396.0,-2432.0,266027.0
712,-5592.0,-15892.0,14432.0,-3008.0,-22213.0,-2495.0,-2801.0,266033.0
713,-3760.0,-18516.0,21316.0,-2976.0,-21057.0,-3668.0,-2796.0,266039.0
714,1676.0,-20684.0,28576.0,-2976.0,-19444.0,-5026.0,-3748.0,266045.0
715,6364.0,-24028.0,31264.0,-2976.0,-18108.0,-5855.0,-5024.0,266051.0
716,7936.0,-32492.0,32767.0,-2976.0,-15774.0,-4188.0,-3631.0,266057.0
717,11692.0,-32768.0,32767.0,-2976.0,-10802.0,-1698.0,-2703.0,266063.0
718,17968.0,-32768.0,32767.0,-2976.0,3013.0,-2795.0,-4506.0,266070.0
719,-20588.0,-32768.0,32767.0,-2944.0,5545.0,4985.0,2601.0,266077.0
720,-23968.0,-24428.0,7628.0,-2976.0,3466.0,9748.0,4176.0,266083.0
721,-10128.0,11576.0,-16800.0,-2992.0,1445.0,6050.0,685.0,266089.0
722,-12520.0,11092.0,-28396.0,-2960.0,364.0,5636.0,-42.0,266095.0
723,-4844.0,-2696.0,-25272.0,-2992.0,108.0,2357.0,43.0,266101.0
724,9620.0,-15444.0,-23252.0,-2960.0,-827.0,261.0,-852.0,266106.0
725,19808.0,-25596.0,-10508.0,-2992.0,-285.0,923.0,-1457.0,266113.0
726,20732.0,-29100.0,4400.0,-2960.0,1372.0,-992.0,-2537.0,266119.0
727,12996.0,-24916.0,6424.0,-2944.0,1849.0,-2114.0,-559.0,266125.0
728,5628.0,-15496.0,5860.0,-2992.0,1130.0,744.0,1444.0,266131.0
729,-2440.0,-10840.0,8332.0,-2992.0,195.0,3573.0,1160.0,266137.0
730,-10664.0,-14268.0,10924.0,-2976.0,285.0,4008.0,-291.0,266143.0
731,-13484.0,-17056.0,10404.0,-2960.0,977.0,1753.0,-1062.0,266149.0
732,-8648.0,-14624.0,9028.0,-2944.0,598.0,-77.0,-1262.0,266156.0
733,-372.0,-14388.0,6796.0,-2976.0,279.0,273.0,-1504.0,266162.0
734,4760.0,-15200.0,4864.0,-2976.0,369.0,1648.0,-1802.0,266167.0
735,8208.0,-15388.0,2512.0,-2960.0,422.0,3171.0,-1300.0,266173.0
736,9976.0,-15184.0,584.0,-2992.0,541.0,4476.0,-885.0,266179.0
737,8492.0,-14400.0,784.0,-2992.0,514.0,5262.0,-394.0,266185.0
738,4508.0,-14116.0,2540.0,-2960.0,425.0,5389.0,-137.0,266191.0
739,-744.0,-15180.0,4472.0,-3024.0,257.0,4650.0,-310.0,266198.0
740,-4784.0,-16876.0,4108.0,-2960.0,188.0,3043.0,-753.0,266204.0
741,-5552.0,-17280.0,4116.0,-2960.0,33.0,681.0,-1295.0,266209.0
742,-3432.0,-17524.0,3912.0,-2960.0,-73.0,-1077.0,-1798.0,266215.0
743,-480.0,-17152.0,3240.0,-2960.0,2.0,-2016.0,-2038.0,266221.0
744,2908.0,-16388.0,3452.0,-3024.0,3.0,-2063.0,-1863.0,266227.0
745,4772.0,-15928.0,3196.0,-2992.0,-26.0,-918.0,-1578.0,266233.0
746,5164.0,-15564.0,3148.0,-2960.0,-118.0,731.0,-1124.0,266238.0
747,4352.0,-15404.0,3296.0,-2992.0,-241.0,2267.0,-732.0,266245.0
748,2120.0,-15540.0,3636.0,-2992.0,-244.0,2888.0,-676.0,266251.0
749,68.0,-15928.0,4228.0,-2992.0,-293.0,2315.0,-751.0,266257.0
750,-376.0,-16004.0,4500.0,-2960.0,-368.0,1051.0,-873.0,266263.0
751,368.0,-16420.0,3712.0,-2992.0,-321.0,-59.0,-1153.0,266269.0
752,1828.0,-16232.0,3600.0,-2976.0,-403.0,-830.0,-1148.0,266274.0
753,3416.0,-15948.0,4164.0,-2976.0,-457.0,-962.0,-728.0,266280.0
754,4736.0,-15452.0,3876.0,-2976.0,-459.0,-291.0,-789.0,266287.0
755,3576.0,-15100.0,3700.0,-2976.0,-601.0,619.0,-419.0,266293.0
756,2664.0,-15908.0,3384.0,-2976.0,-582.0,1322.0,-156.0,266299.0
757,1672.0,-16056.0,3232.0,-2976.0,-556.0,1519.0,-51.0,266304.0
758,1360.0,-15964.0,3736.0,-3008.0,-504.0,1278.0,-101.0,266310.0
759,1244.0,-15524.0,4024.0,-3008.0,-545.0,884.0,-93.0,266316.0
760,1304.0,-15784.0,3880.0,-3008.0,-596.0,590.0,-112.0,266322.0
761,1464.0,-15912.0,3984.0,-2992.0,-617.0,318.0,-158.0,266329.0
762,1696.0,-16164.0,3444.0,-2992.0,-582.0,-3.0,-171.0,266335.0
763,2008.0,-15888.0,3700.0,-2944.0,-670.0,-172.0,-216.0,266340.0
764,2116.0,-15968.0,3756.0,-2976.0,-692.0,-130.0,-284.0,266346.0
765,2048.0,-16080.0,3684.0,-2976.0,-692.0,40.0,-206.0,266352.0
766,2048.0,-16184.0,3488.0,-2960.0,-681.0,458.0,-214.0,266358.0
767,2040.0,-16352.0,3092.0,-2992.0,-565.0,808.0,-258.0,266363.0
768,2252.0,-16264.0,2792.0,-2992.0,-437.0,1066.0,-300.0,266370.0
769,2484.0,-16084.0,3068.0,-2960.0,-346.0,1163.0,-276.0,266376.0
770,2468.0,-15980.0,3432.0,-2976.0,-292.0,1179.0,-241.0,266382.0
771,2180.0,-15972.0,3328.0,-2976.0,-259.0,1256.0,-224.0,266388.0
772,1908.0,-15868.0,3368.0,-2976.0,-202.0,1267.0,-219.0,266394.0
773,1840.0,-15956.0,3312.0,-2976.0,-104.0,1197.0,-204.0,266399.0
774,1912.0,-15936.0,3168.0,-2976.0,31.0,1179.0,-186.0,266405.0
775,2348.0,-16188.0,3164.0,-2976.0,158.0,1214.0,-65.0,266412.0
776,2536.0,-16356.0,2752.0,-2976.0,360.0,1275.0,40.0,266418.0
777,2744.0,-16384.0,2424.0,-2976.0,577.0,1401.0,114.0,266424.0
778,2892.0,-16156.0,2496.0,-2992.0,788.0,1389.0,186.0,266430.0
779,2856.0,-16212.0,2688.0,-2960.0,1007.0,1388.0,266.0,266435.0
780,2984.0,-16432.0,2580.0,-2960.0,1298.0,1421.0,399.0,266441.0
781,2968.0,-16668.0,2636.0,-2976.0,1579.0,1479.0,484.0,266447.0
782,3100.0,-17100.0,2768.0,-2976.0,1925.0,1573.0,724.0,266454.0
783,2996.0,-18204.0,2580.0,-2976.0,2269.0,1682.0,901.0,266460.0
784,2280.0,-20556.0,2568.0,-2976.0,2512.0,1890.0,1309.0,266466.0
785,1692.0,-22776.0,3908.0,-2960.0,2611.0,1737.0,1888.0,266472.0
786,1340.0,-23500.0,4708.0,-2976.0,2810.0,1146.0,2274.0,266477.0
787,1952.0,-20992.0,4276.0,-2976.0,2874.0,519.0,2661.0,266483.0
788,2900.0,-19332.0,2804.0,-2992.0,3015.0,296.0,2753.0,266489.0
789,3260.0,-18104.0,2056.0,-2960.0,3127.0,226.0,2916.0,266496.0
790,3800.0,-17152.0,2688.0,-2960.0,3079.0,166.0,3114.0,266502.0
791,4192.0,-16528.0,3420.0,-2992.0,2923.0,438.0,3093.0,266508.0
792,4196.0,-16308.0,2616.0,-2992.0,2660.0,1021.0,2917.0,266514.0
793,3460.0,-16136.0,848.0,-2944.0,2231.0,1579.0,2559.0,266520.0
794,1500.0,-16652.0,692.0,-2992.0,1625.0,1564.0,2264.0,266525.0
795,-592.0,-17732.0,1360.0,-2960.0,1089.0,1163.0,2322.0,266531.0
796,-496.0,-18984.0,2156.0,-2992.0,463.0,865.0,2173.0,266537.0
797,-612.0,-20648.0,8980.0,-2992.0,1794.0,310.0,2392.0,266544.0
798,-1492.0,-13748.0,6224.0,-2960.0,2118.0,-273.0,2944.0,266550.0
799,-1752.0,-12292.0,5560.0,-2960.0,1988.0,-740.0,2213.0,266556.0
800,-1832.0,-12980.0,5528.0,-2944.0,1937.0,-1463.0,2276.0,266561.0
801,-1120.0,-11896.0,4832.0,-2976.0,1777.0,-2129.0,2239.0,266567.0
802,-492.0,-11864.0,4920.0,-3008.0,1601.0,-2518.0,2171.0,266573.0
803,-368.0,-11340.0,5144.0,-2976.0,1431.0,-2863.0,1983.0,266579.0
804,20.0,-10732.0,5184.0,-2992.0,1178.0,-3372.0,1804.0,266586.0
805,904.0,-9760.0,4536.0,-2960.0,852.0,-3804.0,1593.0,266592.0
806,1868.0,-8528.0,3584.0,-2944.0,376.0,-3993.0,1421.0,266598.0
807,3136.0,-7004.0,1252.0,-2944.0,-536.0,-3806.0,1191.0,266604.0
808,3440.0,-6216.0,888.0,-2944.0,-1165.0,-3412.0,941.0,266609.0
809,2484.0,-6112.0,904.0,-2976.0,-2006.0,-3132.0,807.0,266615.0
810,2156.0,-6784.0,-572.0,-2976.0,-2878.0,-2924.0,751.0,266621.0
811,1236.0,-6620.0,-3492.0,-2960.0,-4025.0,-2777.0,620.0,266628.0
812,1940.0,-6988.0,-4136.0,-2976.0,-4927.0,-3193.0,183.0,266634.0
813,3076.0,-9048.0,-4344.0,-3008.0,-5691.0,-3655.0,-351.0,266640.0
814,5232.0,-10828.0,-3648.0,-2976.0,-6224.0,-3965.0,-771.0,266645.0
815,6536.0,-12212.0,-2352.0,-2960.0,-6661.0,-3542.0,-1102.0,266651.0
816,6940.0,-13460.0,-1104.0,-2944.0,-6949.0,-2584.0,-1323.0,266657.0
817,6920.0,-13712.0,220.0,-2960.0,-7272.0,-1342.0,-1396.0,266663.0
818,6316.0,-15080.0,1952.0,-2960.0,-7394.0,52.0,-1445.0,266670.0
819,5080.0,-16236.0,3848.0,-2992.0,-7263.0,1195.0,-1512.0,266676.0
820,4088.0,-18564.0,8864.0,-2992.0,-6572.0,1642.0,-1417.0,266682.0
821,2764.0,-22344.0,17024.0,-2976.0,-4984.0,1660.0,-879.0,266688.0
822,2216.0,-29572.0,30376.0,-2960.0,-2226.0,2365.0,-368.0,266694.0
823,-3756.0,-32768.0,32767.0,-2944.0,826.0,3718.0,730.0,266700.0
824,-10844.0,-32080.0,25444.0,-2960.0,1701.0,6270.0,2063.0,266706.0
825,-13792.0,-19908.0,7064.0,-2960.0,1160.0,7667.0,1276.0,266713.0
826,-10268.0,-11456.0,-4052.0,-2976.0,933.0,6099.0,649.0,266719.0
827,-8872.0,-10964.0,-8688.0,-2992.0,826.0,4330.0,350.0,266725.0
828,-4504.0,-13380.0,-10640.0,-2992.0,222.0,3031.0,811.0,266731.0
829,2220.0,-16948.0,-7256.0,-2992.0,130.0,2307.0,374.0,266736.0
830,8652.0,-19292.0,520.0,-2976.0,698.0,1430.0,-728.0,266742.0
831,12476.0,-20644.0,5772.0,-2992.0,1163.0,900.0,-1545.0,266748.0
832,13360.0,-20964.0,7444.0,-2976.0,1294.0,1327.0,-1389.0,266755.0
833,10468.0,-18612.0,5512.0,-3008.0,1381.0,2627.0,-1196.0,266761.0
834,5740.0,-15168.0,4192.0,-2960.0,1140.0,4267.0,-627.0,266767.0
835,2600.0,-14304.0,4344.0,-2976.0,957.0,5896.0,-105.0,266773.0
836,-1024.0,-15744.0,5284.0,-2976.0,1144.0,6866.0,79.0,266779.0
837,-3276.0,-16944.0,5672.0,-2976.0,1352.0,7110.0,309.0,266785.0
838,-3520.0,-16616.0,5520.0,-2992.0,1431.0,6945.0,294.0,266791.0
839,-2404.0,-15584.0,4724.0,-2960.0,1414.0,6660.0,240.0,266797.0
840,-1232.0,-14936.0,4452.0,-2960.0,1300.0,6211.0,158.0,266803.0
841,-508.0,-15272.0,4940.0,-2992.0,1366.0,5655.0,-196.0,266809.0
842,-1008.0,-16508.0,4296.0,-3008.0,1461.0,4650.0,-401.0,266815.0
843,-1276.0,-17608.0,4164.0,-2976.0,1489.0,3081.0,-777.0,266821.0
844,-1388.0,-18304.0,4088.0,-2992.0,1339.0,1665.0,-991.0,266827.0
845,-600.0,-19088.0,3464.0,-2992.0,1283.0,582.0,-1115.0,266833.0
846,612.0,-19468.0,3660.0,-2976.0,1223.0,-126.0,-1058.0,266840.0
847,2216.0,-19292.0,3460.0,-2976.0,1213.0,-381.0,-921.0,266845.0
848,3328.0,-19224.0,3464.0,-2976.0,1252.0,-14.0,-678.0,266851.0
849,4048.0,-19224.0,2952.0,-2992.0,1251.0,845.0,-466.0,266857.0
850,4364.0,-18740.0,2412.0,-2960.0,1260.0,1912.0,-268.0,266863.0
851,3784.0,-18432.0,2264.0,-2976.0,1308.0,3001.0,-90.0,266869.0
852,2720.0,-18356.0,2628.0,-2976.0,1375.0,3789.0,114.0,266874.0
853,1040.0,-18608.0,3132.0,-2976.0,1496.0,4187.0,254.0,266881.0
854,-948.0,-19040.0,3576.0,-2976.0,1685.0,4194.0,432.0,266887.0
855,-2048.0,-19452.0,3540.0,-2976.0,1910.0,3895.0,375.0,266893.0
856,-2628.0,-19960.0,2892.0,-2976.0,2284.0,3164.0,346.0,266899.0
857,-2988.0,-19396.0,3436.0,-2992.0,2517.0,2230.0,662.0,266905.0
858,-2240.0,-19696.0,3608.0,-2992.0,2705.0,1657.0,768.0,266911.0
859,-2004.0,-20004.0,3356.0,-2944.0,2997.0,1217.0,794.0,266917.0
860,-1548.0,-20032.0,3188.0,-2976.0,3275.0,846.0,967.0,266923.0
861,-1128.0,-19820.0,2544.0,-2976.0,3620.0,754.0,1127.0,266929.0
862,-1008.0,-18876.0,1336.0,-3008.0,3947.0,648.0,1320.0,266935.0
863,-484.0,-16452.0,1268.0,-2992.0,4208.0,203.0,1507.0,266941.0
864,356.0,-13696.0,2340.0,-2992.0,4225.0,-364.0,1569.0,266947.0
865,1096.0,-11932.0,4048.0,-2928.0,4121.0,-903.0,1375.0,266953.0
866,1632.0,-10856.0,5292.0,-2960.0,3937.0,-1512.0,1009.0,266958.0
867,2512.0,-9640.0,5532.0,-2976.0,3746.0,-1999.0,630.0,266964.0
868,3620.0,-8072.0,5140.0,-3008.0,3492.0,-2064.0,349.0,266971.0
869,4420.0,-6172.0,4792.0,-2976.0,3216.0,-1827.0,113.0,266977.0
870,4996.0,-4196.0,5536.0,-2976.0,2808.0,-1307.0,-54.0,266983.0
871,5348.0,-3060.0,6372.0,-2992.0,2317.0,-719.0,-242.0,266989.0
872,5044.0,-2276.0,7204.0,-2960.0,1690.0,-318.0,-599.0,266994.0
873,4872.0,-2568.0,7068.0,-2960.0,1246.0,-49.0,-874.0,267000.0
874,4560.0,-2676.0,7320.0,-2976.0,908.0,96.0,-1135.0,267006.0
875,4376.0,-2520.0,7828.0,-2960.0,421.0,288.0,-1237.0,267013.0
876,4368.0,-3092.0,7960.0,-3008.0,-70.0,613.0,-1345.0,267018.0
877,3848.0,-4164.0,7388.0,-3008.0,-415.0,935.0,-1369.0,267024.0
878,3076.0,-5408.0,6988.0,-2960.0,-816.0,1325.0,-1269.0,267030.0
879,2472.0,-7308.0,5800.0,-2960.0,-1105.0,1616.0,-1290.0,267036.0
880,1620.0,-9208.0,5180.0,-2976.0,-1380.0,1574.0,-1182.0,267042.0
881,704.0,-11352.0,4716.0,-2944.0,-1772.0,1308.0,-1008.0,267048.0
882,612.0,-13588.0,3864.0,-2960.0,-1976.0,796.0,-1048.0,267054.0
883,16.0,-15576.0,4300.0,-2992.0,-2171.0,81.0,-631.0,267060.0
884,356.0,-16544.0,4292.0,-2976.0,-2325.0,-403.0,-780.0,267066.0
885,412.0,-17736.0,3888.0,-2944.0,-2441.0,-1015.0,-786.0,267072.0
886,444.0,-18236.0,3748.0,-2976.0,-2494.0,-1630.0,-810.0,267078.0
887,360.0,-18380.0,3480.0,-2976.0,-2541.0,-2220.0,-858.0,267084.0
888,464.0,-18132.0,3700.0,-2992.0,-2617.0,-2754.0,-904.0,267089.0
889,456.0,-17656.0,4296.0,-2992.0,-2744.0,-3141.0,-979.0,267096.0
890,496.0,-17448.0,4868.0,-2992.0,-2912.0,-3268.0,-975.0,267102.0
891,196.0,-17944.0,4792.0,-2976.0,-2889.0,-3014.0,-922.0,267108.0
892,-180.0,-18984.0,5284.0,-2944.0,-2663.0,-2812.0,-848.0,267114.0
893,-1984.0,-21844.0,5136.0,-2976.0,-2414.0,-2339.0,-227.0,267120.0
894,-2244.0,-26188.0,4440.0,-2992.0,-2008.0,-1893.0,-141.0,267126.0
895,-2484.0,-31384.0,2412.0,-2976.0,-1295.0,-1597.0,9.0,267132.0
896,-2020.0,-32768.0,1772.0,-3008.0,-579.0,-1596.0,289.0,267138.0
897,-728.0,-31740.0,1880.0,-2944.0,59.0,-1663.0,290.0,267144.0
898,956.0,-26368.0,2940.0,-2960.0,474.0,-1648.0,199.0,267150.0
899,2216.0,-21724.0,4008.0,-2960.0,647.0,-1228.0,82.0,267156.0
900,2252.0,-19096.0,4580.0,-2992.0,671.0,-292.0,-36.0,267162.0
901,2052.0,-17352.0,4524.0,-3008.0,655.0,595.0,-298.0,267167.0
902,1172.0,-15612.0,3920.0,-2976.0,680.0,1306.0,-529.0,267173.0
903,832.0,-14000.0,3896.0,-2976.0,606.0,1660.0,-789.0,267180.0
904,732.0,-12840.0,4748.0,-2976.0,457.0,1834.0,-1027.0,267186.0
905,616.0,-12680.0,5596.0,-2976.0,219.0,1869.0,-1205.0,267192.0
906,1068.0,-12768.0,5840.0,-2976.0,-58.0,1815.0,-1485.0,267197.0
907,1396.0,-12940.0,5608.0,-2944.0,-302.0,1738.0,-1573.0,267203.0
908,1600.0,-12800.0,5508.0,-2976.0,-617.0,1794.0,-1636.0,267209.0
909,2308.0,-12652.0,5184.0,-2976.0,-921.0,1873.0,-1821.0,267215.0
910,2484.0,-12560.0,5144.0,-2960.0,-1222.0,1880.0,-1746.0,267222.0
911,2544.0,-12980.0,5468.0,-2944.0,-1504.0,2072.0,-1520.0,267228.0
912,2360.0,-13076.0,5160.0,-2992.0,-1758.0,2277.0,-1543.0,267234.0
913,1932.0,-13360.0,4984.0,-2976.0,-1975.0,2292.0,-1449.0,267240.0
914,1612.0,-13484.0,4908.0,-2960.0,-2119.0,2259.0,-1371.0,267246.0
915,1196.0,-13552.0,4820.0,-2976.0,-2280.0,2151.0,-1296.0,267252.0
916,724.0,-13516.0,4928.0,-2960.0,-2436.0,1867.0,-1241.0,267258.0
917,308.0,-13720.0,4952.0,-2976.0,-2568.0,1533.0,-1145.0,267265.0
918,168.0,-14332.0,4656.0,-2992.0,-2611.0,1103.0,-1084.0,267270.0
919,32.0,-14968.0,4356.0,-2992.0,-2633.0,712.0,-1039.0,267276.0
920,32.0,-15592.0,4292.0,-2960.0,-2688.0,430.0,-944.0,267282.0
921,260.0,-16412.0,3916.0,-2976.0,-2609.0,88.0,-889.0,267288.0
922,800.0,-16600.0,3812.0,-2976.0,-2547.0,-231.0,-760.0,267294.0
923,1496.0,-16784.0,3872.0,-2992.0,-2464.0,-366.0,-725.0,267299.0
924,1892.0,-16812.0,3780.0,-2960.0,-2352.0,-400.0,-745.0,267305.0
925,2144.0,-16908.0,3536.0,-3008.0,-2197.0,-457.0,-753.0,267312.0
926,2528.0,-17168.0,3456.0,-2976.0,-2081.0,-320.0,-744.0,267318.0
927,2360.0,-17404.0,3180.0,-2944.0,-1873.0,-29.0,-742.0,267324.0
928,1980.0,-17512.0,3248.0,-2944.0,-1710.0,224.0,-611.0,267330.0
929,1812.0,-17568.0,3164.0,-2928.0,-1490.0,488.0,-499.0,267336.0
930,1612.0,-17468.0,3468.0,-2992.0,-1283.0,609.0,-414.0,267341.0
931,1388.0,-17464.0,3256.0,-2960.0,-1065.0,662.0,-401.0,267347.0
932,1332.0,-17160.0,3180.0,-2960.0,-815.0,414.0,-396.0,267354.0
933,1796.0,-16568.0,3128.0,-2960.0,-663.0,312.0,-307.0,267360.0
934,2136.0,-16160.0,3328.0,-2944.0,-502.0,288.0,-307.0,267366.0
935,2192.0,-15492.0,3504.0,-2944.0,-423.0,334.0,-262.0,267371.0
936,2064.0,-15096.0,3776.0,-2976.0,-359.0,296.0,-244.0,267377.0
937,2088.0,-15052.0,4012.0,-2960.0,-336.0,228.0,-242.0,267383.0
938,2016.0,-15468.0,3852.0,-2960.0,-267.0,302.0,-222.0,267389.0
939,1928.0,-15668.0,3736.0,-2960.0,-205.0,458.0,-123.0,267396.0
940,2040.0,-16120.0,3664.0,-2944.0,-140.0,554.0,-13.0,267401.0
941,1980.0,-16464.0,3620.0,-2960.0,-63.0,670.0,86.0,267407.0
942,2092.0,-16496.0,3440.0,-2944.0,30.0,671.0,190.0,267413.0
943,1796.0,-16708.0,3516.0,-2992.0,166.0,508.0,48.0,267418.0
944,2120.0,-16016.0,3704.0,-3008.0,99.0,359.0,176.0,267424.0
945,2488.0,-16372.0,3508.0,-2960.0,178.0,508.0,166.0,267430.0
946,2388.0,-16056.0,3252.0,-2976.0,242.0,593.0,119.0,267437.0
947,2424.0,-15188.0,3344.0,-2976.0,260.0,358.0,89.0,267442.0
948,2624.0,-14460.0,3872.0,-2960.0,176.0,237.0,-8.0,267448.0
949,2560.0,-14208.0,4324.0,-2992.0,15.0,257.0,-174.0,267454.0
950,2540.0,-14064.0,4388.0,-2976.0,-128.0,331.0,-219.0,267459.0
951,2264.0,-13936.0,4452.0,-2992.0,-296.0,569.0,-245.0,267465.0
952,1872.0,-14000.0,4084.0,-2992.0,-418.0,825.0,-227.0,267471.0
953,1436.0,-13796.0,4248.0,-2960.0,-562.0,867.0,-174.0,267478.0
954,948.0,-13380.0,4372.0,-2928.0,-694.0,857.0,-149.0,267484.0
955,760.0,-13252.0,4568.0,-2976.0,-885.0,668.0,-127.0,267489.0
956,572.0,-13080.0,4860.0,-2960.0,-1095.0,433.0,-176.0,267495.0
957,424.0,-13084.0,4912.0,-2992.0,-1333.0,232.0,-261.0,267501.0
958,256.0,-13424.0,4944.0,-2944.0,-1578.0,64.0,-366.0,267507.0
959,292.0,-13680.0,4544.0,-2976.0,-1834.0,-12.0,-453.0,267512.0
960,532.0,-13976.0,4436.0,-2992.0,-2088.0,-84.0,-464.0,267518.0
961,932.0,-13968.0,4288.0,-2976.0,-2317.0,-267.0,-531.0,267525.0
962,1352.0,-14004.0,4456.0,-2976.0,-2602.0,-414.0,-610.0,267531.0
963,1528.0,-13896.0,4304.0,-2944.0,-2872.0,-604.0,-739.0,267536.0
964,1472.0,-14068.0,4252.0,-2944.0,-3103.0,-738.0,-812.0,267542.0
965,1564.0,-14188.0,4408.0,-2960.0,-3279.0,-796.0,-825.0,267548.0
966,1444.0,-15364.0,4404.0,-2928.0,-3394.0,-638.0,-843.0,267554.0
967,1008.0,-16776.0,4252.0,-2960.0,-3367.0,-463.0,-819.0,267560.0
968,768.0,-18152.0,3616.0,-2944.0,-3278.0,-333.0,-789.0,267567.0
969,1020.0,-19708.0,3372.0,-2976.0,-3009.0,-269.0,-764.0,267573.0
970,1208.0,-21132.0,2576.0,-2976.0,-2651.0,-244.0,-781.0,267578.0
971,1556.0,-21368.0,1896.0,-2944.0,-2256.0,-217.0,-818.0,267584.0
972,1688.0,-20164.0,1960.0,-2976.0,-2018.0,-292.0,-811.0,267590.0
973,1980.0,-18492.0,2448.0,-2960.0,-1823.0,-486.0,-844.0,267596.0
974,1800.0,-16708.0,3420.0,-2992.0,-1792.0,-585.0,-782.0,267602.0
975,1456.0,-15616.0,3904.0,-2992.0,-1875.0,-546.0,-930.0,267609.0
976,1220.0,-14896.0,4216.0,-2944.0,-2039.0,-451.0,-881.0,267615.0
977,1168.0,-14732.0,4076.0,-2976.0,-2177.0,-352.0,-924.0,267620.0
978,1152.0,-14992.0,3788.0,-2976.0,-2305.0,-203.0,-926.0,267626.0
979,1552.0,-15440.0,3596.0,-2960.0,-2403.0,-129.0,-948.0,267632.0
980,1728.0,-15920.0,3424.0,-2960.0,-2441.0,-74.0,-913.0,267638.0
981,2096.0,-16228.0,3204.0,-2992.0,-2470.0,-52.0,-864.0,267644.0
982,2424.0,-16300.0,2948.0,-2976.0,-2489.0,-40.0,-825.0,267651.0
983,2336.0,-16288.0,3156.0,-2944.0,-2483.0,-155.0,-785.0,267656.0
984,2240.0,-16092.0,3300.0,-2960.0,-2542.0,-258.0,-784.0,267662.0
985,1960.0,-16132.0,3504.0,-2960.0,-2608.0,-281.0,-744.0,267668.0
986,1664.0,-16040.0,3488.0,-2992.0,-2677.0,-184.0,-810.0,267674.0
987,1304.0,-16288.0,3440.0,-2960.0,-2659.0,-55.0,-845.0,267680.0
988,1568.0,-16276.0,2888.0,-2960.0,-2586.0,-68.0,-811.0,267686.0
989,1812.0,-16108.0,2816.0,-2960.0,-2638.0,-154.0,-846.0,267693.0
990,2036.0,-15896.0,3064.0,-2960.0,-2691.0,-150.0,-868.0,267698.0
991,2156.0,-15924.0,2988.0,-2960.0,-2742.0,-135.0,-869.0,267704.0
992,2292.0,-15916.0,2908.0,-2976.0,-2764.0,-107.0,-810.0,267710.0
993,2148.0,-16076.0,2868.0,-2944.0,-2809.0,-12.0,-760.0,267716.0
994,2212.0,-16100.0,2764.0,-2944.0,-2737.0,86.0,-776.0,267722.0
995,2160.0,-16024.0,2872.0,-2928.0,-2820.0,83.0,-787.0,267728.0
996,2044.0,-16072.0,2892.0,-2960.0,-2887.0,109.0,-787.0,267734.0
997,1992.0,-16012.0,2864.0,-2960.0,-2888.0,156.0,-795.0,267740.0
998,2040.0,-15972.0,2940.0,-2976.0,-2925.0,206.0,-816.0,267746.0
999,2000.0,-16088.0,2612.0,-2976.0,-2936.0,299.0,-867.0,267752.0
1000,1644.0,-16208.0,2340.0,-2976.0,-2845.0,217.0,-1175.0,267758.0
1001,1804.0,-15832.0,2420.0,-2960.0,-2939.0,205.0,-959.0,267764.0
1002,2296.0,-15992.0,2608.0,-2960.0,-2959.0,308.0,-1043.0,267770.0
1003,2112.0,-16112.0,2492.0,-2944.0,-2965.0,370.0,-1017.0,267777.0
1004,2176.0,-16208.0,2496.0,-2960.0,-2946.0,360.0,-1069.0,267782.0
1005,2100.0,-16380.0,2452.0,-2928.0,-2924.0,464.0,-1026.0,267788.0
1006,2144.0,-16436.0,1824.0,-2944.0,-2817.0,595.0,-1029.0,267794.0
1007,2320.0,-16052.0,2064.0,-2976.0,-2815.0,562.0,-1007.0,267800.0
1008,2560.0,-15980.0,2268.0,-2960.0,-2768.0,410.0,-1079.0,267806.0
1009,2508.0,-15892.0,2392.0,-2928.0,-2759.0,212.0,-1167.0,267812.0
1010,2408.0,-15612.0,2576.0,-2912.0,-2861.0,173.0,-1061.0,267819.0
1011,2372.0,-16092.0,2648.0,-2960.0,-2921.0,508.0,-969.0,267825.0
1012,2352.0,-16432.0,1860.0,-2992.0,-2818.0,888.0,-1011.0,267831.0
1013,2464.0,-16276.0,2304.0,-2960.0,-2789.0,972.0,-1031.0,267836.0
1014,2496.0,-16492.0,1920.0,-2976.0,-2754.0,943.0,-1079.0,267842.0
1015,2320.0,-16272.0,1920.0,-2960.0,-2673.0,925.0,-1050.0,267848.0
1016,2712.0,-15912.0,1812.0,-2960.0,-2683.0,879.0,-990.0,267854.0
1017,2484.0,-15924.0,2112.0,-2960.0,-2776.0,935.0,-1016.0,267860.0
1018,2304.0,-15988.0,2016.0,-3008.0,-2815.0,931.0,-1009.0,267867.0
1019,2100.0,-15924.0,2124.0,-2960.0,-2869.0,870.0,-1019.0,267873.0
1020,2004.0,-15944.0,2168.0,-2992.0,-2909.0,907.0,-1057.0,267879.0
1021,2108.0,-16000.0,2172.0,-2976.0,-2981.0,954.0,-1095.0,267885.0
1022,2036.0,-16176.0,2080.0,-2992.0,-3040.0,1056.0,-1127.0,267891.0
1023,2244.0,-16312.0,1852.0,-2976.0,-3044.0,1127.0,-1176.0,267897.0
1024,2160.0,-16256.0,1720.0,-2992.0,-3036.0,1166.0,-1202.0,267904.0
1025,2452.0,-16048.0,1584.0,-2976.0,-3016.0,1154.0,-1237.0,267909.0
1026,2476.0,-16176.0,1572.0,-2960.0,-3016.0,1084.0,-1210.0,267915.0
1027,2448.0,-16008.0,1728.0,-2976.0,-3027.0,1069.0,-1160.0,267921.0
1028,2392.0,-16228.0,1636.0,-2992.0,-3063.0,1121.0,-1143.0,267927.0
1029,2408.0,-16600.0,1208.0,-2944.0,-2931.0,1234.0,-1145.0,267933.0
1030,2444.0,-16428.0,1176.0,-2960.0,-2839.0,1270.0,-1166.0,267939.0
1031,2580.0,-16116.0,1536.0,-2944.0,-2850.0,1052.0,-1141.0,267945.0
1032,2584.0,-16252.0,1400.0,-2960.0,-2822.0,928.0,-1190.0,267952.0
1033,2732.0,-16044.0,1488.0,-2960.0,-2827.0,910.0,-1075.0,267958.0
1034,2908.0,-16380.0,1264.0,-2912.0,-2764.0,1057.0,-1069.0,267964.0
1035,2776.0,-16204.0,1080.0,-2960.0,-2754.0,1130.0,-1060.0,267970.0
1036,2560.0,-16184.0,1228.0,-2944.0,-2710.0,1152.0,-999.0,267976.0
1037,2764.0,-16240.0,1168.0,-2992.0,-2698.0,1132.0,-981.0,267982.0
1038,2700.0,-16400.0,944.0,-2944.0,-2599.0,1113.0,-895.0,267988.0
1039,2824.0,-16492.0,552.0,-2944.0,-2409.0,967.0,-820.0,267994.0
1040,2768.0,-16276.0,708.0,-2976.0,-2346.0,747.0,-847.0,268000.0
1041,3048.0,-15840.0,892.0,-2976.0,-2314.0,539.0,-739.0,268006.0
1042,2948.0,-16056.0,1048.0,-2976.0,-2286.0,526.0,-708.0,268012.0
1043,2752.0,-16200.0,1188.0,-2976.0,-2229.0,540.0,-649.0,268018.0
1044,2624.0,-16456.0,1152.0,-2944.0,-2141.0,597.0,-692.0,268024.0
1045,2460.0,-16488.0,980.0,-2976.0,-2084.0,664.0,-632.0,268029.0
1046,2752.0,-16632.0,656.0,-2944.0,-1956.0,626.0,-565.0,268036.0
1047,3020.0,-16552.0,536.0,-2928.0,-1762.0,641.0,-553.0,268042.0
1048,3152.0,-16516.0,644.0,-2928.0,-1655.0,623.0,-523.0,268048.0
1049,3224.0,-16432.0,596.0,-2976.0,-1516.0,673.0,-468.0,268054.0
1050,2988.0,-16440.0,552.0,-2976.0,-1371.0,652.0,-429.0,268059.0
1051,2884.0,-16372.0,664.0,-2976.0,-1264.0,543.0,-386.0,268065.0
1052,2752.0,-16240.0,708.0,-2960.0,-1181.0,453.0,-295.0,268071.0
1053,2860.0,-16344.0,660.0,-2960.0,-1099.0,496.0,-259.0,268078.0
1054,3036.0,-16472.0,300.0,-2928.0,-937.0,548.0,-227.0,268084.0
1055,3072.0,-16356.0,460.0,-2960.0,-777.0,622.0,-193.0,268089.0
1056,2960.0,-16244.0,548.0,-2960.0,-678.0,524.0,-120.0,268095.0
1057,2944.0,-16340.0,556.0,-2944.0,-634.0,538.0,-7.0,268101.0
1058,3040.0,-16224.0,592.0,-2960.0,-550.0,562.0,4.0,268106.0
1059,3140.0,-16108.0,648.0,-2992.0,-462.0,509.0,55.0,268112.0
1060,2896.0,-16340.0,868.0,-2960.0,-375.0,398.0,48.0,268119.0
1061,2828.0,-16168.0,840.0,-2944.0,-337.0,372.0,164.0,268124.0
1062,3128.0,-16556.0,408.0,-2960.0,-257.0,515.0,209.0,268130.0
1063,3212.0,-16328.0,412.0,-2944.0,-153.0,567.0,257.0,268136.0
1064,3236.0,-16296.0,472.0,-2960.0,-36.0,588.0,282.0,268141.0
1065,3172.0,-16212.0,492.0,-2976.0,30.0,586.0,351.0,268147.0
1066,2996.0,-16244.0,672.0,-2960.0,67.0,595.0,424.0,268153.0
1067,2728.0,-16328.0,936.0,-2960.0,128.0,589.0,462.0,268158.0
1068,2520.0,-16560.0,924.0,-2976.0,233.0,558.0,503.0,268165.0
1069,2508.0,-16608.0,724.0,-2928.0,327.0,496.0,489.0,268171.0
1070,2808.0,-16048.0,784.0,-2944.0,325.0,436.0,506.0,268177.0
1071,2848.0,-15956.0,892.0,-2960.0,270.0,347.0,485.0,268182.0
1072,2948.0,-15976.0,964.0,-2944.0,277.0,270.0,558.0,268188.0
1073,2868.0,-16180.0,1288.0,-2960.0,222.0,329.0,606.0,268194.0
1074,2580.0,-16424.0,960.0,-2976.0,195.0,449.0,612.0,268199.0
1075,2404.0,-16368.0,1136.0,-2928.0,163.0,494.0,626.0,268206.0
1076,2428.0,-16160.0,1332.0,-2960.0,88.0,440.0,604.0,268212.0
1077,2532.0,-16096.0,904.0,-2928.0,27.0,380.0,616.0,268218.0
1078,2820.0,-16044.0,1128.0,-2944.0,-59.0,406.0,598.0,268223.0
1079,2792.0,-15972.0,1160.0,-2928.0,-115.0,474.0,610.0,268229.0
1080,2612.0,-15924.0,1212.0,-2960.0,-176.0,484.0,592.0,268235.0
1081,2444.0,-15944.0,1464.0,-2944.0,-307.0,552.0,588.0,268240.0
1082,2476.0,-16112.0,1228.0,-2944.0,-443.0,739.0,609.0,268247.0
1083,2400.0,-16276.0,1096.0,-2960.0,-455.0,890.0,569.0,268253.0
1084,2540.0,-16276.0,1176.0,-2928.0,-504.0,917.0,513.0,268259.0
1085,2340.0,-16100.0,1288.0,-2960.0,-612.0,900.0,480.0,268265.0
1086,2172.0,-16328.0,1228.0,-2976.0,-685.0,976.0,457.0,268270.0
1087,2208.0,-16276.0,1252.0,-2944.0,-760.0,1043.0,376.0,268276.0
1088,2084.0,-15912.0,1292.0,-2944.0,-892.0,1009.0,328.0,268282.0
1089,2184.0,-16032.0,1472.0,-2976.0,-977.0,953.0,292.0,268289.0
1090,2144.0,-16044.0,1276.0,-2960.0,-1095.0,966.0,216.0,268295.0
1091,2176.0,-16216.0,1136.0,-2960.0,-1123.0,966.0,66.0,268300.0
1092,2392.0,-16168.0,920.0,-2960.0,-1224.0,1049.0,175.0,268306.0
1093,2584.0,-16336.0,996.0,-2976.0,-1204.0,1205.0,151.0,268312.0
1094,2544.0,-16112.0,788.0,-2976.0,-1239.0,1149.0,130.0,268318.0
1095,2540.0,-16164.0,708.0,-2944.0,-1292.0,1100.0,137.0,268324.0
1096,2500.0,-16084.0,1092.0,-2944.0,-1313.0,1110.0,145.0,268329.0
1097,2456.0,-16152.0,912.0,-2960.0,-1336.0,1102.0,103.0,268336.0
1098,2456.0,-16044.0,1056.0,-2960.0,-1342.0,1101.0,89.0,268342.0
1099,2228.0,-16256.0,1024.0,-2944.0,-1377.0,1119.0,94.0,268348.0
1100,2268.0,-16280.0,548.0,-2944.0,-1354.0,1139.0,75.0,268354.0
1101,2308.0,-16228.0,724.0,-2976.0,-1331.0,1034.0,77.0,268359.0
1102,2452.0,-16296.0,964.0,-2960.0,-1285.0,928.0,64.0,268365.0
1103,2344.0,-16476.0,604.0,-2960.0,-1231.0,903.0,70.0,268371.0
1104,2304.0,-16652.0,512.0,-2944.0,-1082.0,905.0,78.0,268378.0
1105,2436.0,-16344.0,332.0,-2928.0,-1007.0,786.0,82.0,268383.0
1106,2524.0,-16324.0,576.0,-2976.0,-939.0,604.0,87.0,268389.0
1107,2624.0,-16376.0,636.0,-2944.0,-864.0,524.0,112.0,268395.0
1108,2536.0,-16732.0,328.0,-2960.0,-757.0,650.0,134.0,268400.0
1109,2576.0,-16576.0,408.0,-2976.0,-630.0,600.0,188.0,268406.0
1110,2736.0,-16464.0,440.0,-2960.0,-566.0,619.0,205.0,268412.0
1111,2928.0,-16360.0,324.0,-2960.0,-491.0,583.0,252.0,268419.0
1112,2960.0,-16180.0,464.0,-2944.0,-447.0,564.0,289.0,268424.0
1113,2652.0,-16220.0,516.0,-2960.0,-405.0,590.0,350.0,268430.0
1114,2392.0,-16276.0,560.0,-2944.0,-354.0,604.0,367.0,268436.0
1115,2240.0,-16588.0,524.0,-2960.0,-283.0,599.0,215.0,268441.0
1116,1668.0,-15928.0,808.0,-2944.0,-289.0,268.0,290.0,268447.0
1117,2460.0,-16372.0,684.0,-2928.0,-325.0,230.0,334.0,268453.0
1118,2176.0,-16668.0,596.0,-2944.0,-232.0,377.0,312.0,268460.0
1119,2060.0,-16636.0,588.0,-2960.0,-106.0,320.0,300.0,268465.0
1120,1980.0,-16452.0,472.0,-2944.0,-46.0,146.0,250.0,268471.0
1121,2196.0,-16608.0,284.0,-2960.0,36.0,45.0,247.0,268477.0
1122,2452.0,-16564.0,368.0,-2992.0,136.0,-40.0,232.0,268482.0
1123,2532.0,-16388.0,576.0,-2960.0,177.0,-122.0,241.0,268488.0
1124,2460.0,-16228.0,680.0,-2944.0,215.0,-154.0,277.0,268494.0
1125,2420.0,-16368.0,760.0,-2960.0,251.0,-122.0,276.0,268499.0
1126,2368.0,-16456.0,572.0,-2976.0,319.0,-41.0,298.0,268506.0
1127,2412.0,-16308.0,588.0,-2960.0,396.0,-81.0,319.0,268512.0
1128,2620.0,-16328.0,660.0,-2928.0,446.0,-115.0,347.0,268517.0
1129,2556.0,-16372.0,840.0,-2944.0,456.0,-126.0,340.0,268523.0
1130,2376.0,-16376.0,700.0,-2928.0,480.0,-92.0,350.0,268529.0
1131,2380.0,-16376.0,668.0,-2944.0,536.0,-101.0,361.0,268534.0
1132,2196.0,-16288.0,664.0,-2928.0,548.0,-167.0,343.0,268540.0
1133,2288.0,-16244.0,904.0,-2944.0,552.0,-223.0,318.0,268547.0
1134,2244.0,-16268.0,912.0,-2960.0,542.0,-211.0,348.0,268553.0
1135,2224.0,-16500.0,760.0,-2944.0,557.0,-128.0,346.0,268558.0
1136,2368.0,-16488.0,632.0,-2960.0,605.0,-112.0,288.0,268564.0
1137,2376.0,-16336.0,612.0,-2976.0,638.0,-135.0,311.0,268570.0
1138,2312.0,-16308.0,692.0,-2928.0,625.0,-185.0,319.0,268575.0
1139,2320.0,-16188.0,844.0,-2912.0,612.0,-206.0,314.0,268581.0
1140,2292.0,-16192.0,1104.0,-2960.0,570.0,-267.0,295.0,268588.0
1141,2432.0,-16228.0,1084.0,-2960.0,528.0,-221.0,312.0,268594.0
1142,2348.0,-16288.0,912.0,-2976.0,515.0,-216.0,299.0,268599.0
1143,2548.0,-16120.0,1000.0,-2960.0,488.0,-264.0,309.0,268605.0
1144,2760.0,-16012.0,1152.0,-2928.0,443.0,-296.0,338.0,268611.0
1145,2760.0,-16028.0,1132.0,-2944.0,365.0,-186.0,349.0,268617.0
1146,2524.0,-16116.0,912.0,-2944.0,323.0,-54.0,388.0,268622.0
1147,2364.0,-16128.0,984.0,-2928.0,279.0,37.0,386.0,268628.0
1148,2328.0,-16204.0,1192.0,-2960.0,254.0,25.0,377.0,268635.0
1149,2168.0,-16296.0,1124.0,-2912.0,220.0,33.0,369.0,268640.0
1150,2092.0,-16416.0,1120.0,-2960.0,168.0,73.0,323.0,268646.0
1151,2004.0,-16360.0,952.0,-2944.0,199.0,60.0,342.0,268652.0
1152,2112.0,-16280.0,996.0,-2960.0,139.0,13.0,312.0,268657.0
1153,2048.0,-16212.0,1052.0,-2928.0,126.0,1.0,272.0,268663.0
1154,2128.0,-16276.0,984.0,-2944.0,88.0,-22.0,268.0,268669.0
1155,2268.0,-16260.0,972.0,-2928.0,75.0,-13.0,258.0,268675.0
1156,2336.0,-16276.0,1036.0,-2944.0,76.0,-13.0,230.0,268681.0
1157,2456.0,-16224.0,932.0,-2960.0,57.0,19.0,247.0,268687.0
1158,2460.0,-16132.0,852.0,-2960.0,33.0,-45.0,232.0,268692.0
1159,2628.0,-15956.0,1048.0,-2960.0,10.0,-53.0,233.0,268698.0
1160,2528.0,-16208.0,1244.0,-2960.0,-17.0,0.0,231.0,268703.0
1161,2324.0,-16192.0,1172.0,-2928.0,-51.0,55.0,241.0,268709.0
1162,2024.0,-16264.0,1224.0,-2944.0,-76.0,175.0,245.0,268716.0
1163,2052.0,-16364.0,940.0,-2960.0,-89.0,223.0,206.0,268721.0
1164,2216.0,-16252.0,980.0,-2976.0,-90.0,209.0,254.0,268727.0
1165,2236.0,-16324.0,872.0,-2944.0,-111.0,127.0,212.0,268733.0
1166,2276.0,-16320.0,988.0,-2928.0,-112.0,104.0,220.0,268738.0
1167,2192.0,-16432.0,980.0,-2944.0,-87.0,129.0,226.0,268744.0
1168,2172.0,-16408.0,804.0,-2960.0,-38.0,115.0,218.0,268750.0
1169,2100.0,-16388.0,956.0,-2960.0,-25.0,72.0,188.0,268755.0
1170,2284.0,-16464.0,608.0,-2960.0,21.0,-21.0,209.0,268762.0
1171,2432.0,-16444.0,876.0,-2928.0,61.0,-48.0,221.0,268768.0
1172,2476.0,-16408.0,856.0,-2944.0,82.0,-105.0,277.0,268773.0
1173,2604.0,-16332.0,784.0,-2944.0,112.0,-115.0,291.0,268779.0
1174,2624.0,-16176.0,1016.0,-2960.0,134.0,-100.0,321.0,268785.0
1175,2392.0,-16232.0,976.0,-2928.0,141.0,-97.0,331.0,268790.0
1176,2336.0,-16196.0,976.0,-2960.0,140.0,-43.0,346.0,268796.0
1177,2216.0,-16252.0,956.0,-2944.0,151.0,-20.0,343.0,268803.0
1178,2312.0,-16264.0,1020.0,-2960.0,159.0,-7.0,360.0,268808.0
1179,2264.0,-16388.0,1020.0,-2960.0,151.0,10.0,371.0,268814.0
1180,2124.0,-16348.0,936.0,-2944.0,163.0,13.0,381.0,268820.0
1181,2288.0,-16548.0,968.0,-2960.0,173.0,-2.0,411.0,268825.0
1182,2288.0,-16472.0,1056.0,-2928.0,214.0,-75.0,411.0,268831.0
1183,2276.0,-16408.0,1104.0,-2960.0,233.0,-56.0,433.0,268837.0
1184,2264.0,-16264.0,860.0,-2928.0,218.0,-52.0,418.0,268843.0
1185,2228.0,-16396.0,992.0,-2928.0,251.0,-57.0,403.0,268849.0
1186,2172.0,-16328.0,764.0,-2944.0,269.0,-13.0,395.0,268855.0
1187,2036.0,-16292.0,1028.0,-2992.0,272.0,-41.0,404.0,268860.0
1188,2136.0,-16348.0,952.0,-2944.0,264.0,-39.0,386.0,268866.0
1189,2140.0,-16320.0,1072.0,-2928.0,248.0,-22.0,410.0,268872.0
1190,2204.0,-16316.0,968.0,-2960.0,238.0,14.0,400.0,268877.0
1191,2256.0,-16272.0,1136.0,-2944.0,226.0,22.0,405.0,268883.0
1192,2252.0,-16316.0,1104.0,-2960.0,193.0,8.0,388.0,268890.0
1193,2204.0,-16244.0,1160.0,-2912.0,169.0,18.0,394.0,268895.0
1194,2204.0,-16160.0,1180.0,-2944.0,145.0,-11.0,392.0,268901.0
1195,2236.0,-16176.0,1196.0,-2960.0,98.0,46.0,384.0,268907.0
1196,2296.0,-16252.0,1136.0,-2960.0,95.0,96.0,368.0,268912.0
1197,2224.0,-16280.0,1280.0,-2944.0,99.0,129.0,362.0,268918.0
1198,2156.0,-16188.0,1256.0,-2928.0,72.0,234.0,367.0,268924.0
1199,2188.0,-16348.0,1112.0,-2944.0,85.0,277.0,329.0,268931.0
1200,2120.0,-16252.0,1212.0,-2928.0,70.0,294.0,340.0,268936.0
1201,2220.0,-16144.0,1052.0,-2976.0,54.0,279.0,307.0,268942.0
1202,2208.0,-16204.0,1196.0,-2928.0,50.0,277.0,299.0,268948.0
1203,2156.0,-16152.0,1136.0,-2928.0,17.0,272.0,269.0,268953.0
1204,2112.0,-16200.0,1324.0,-2960.0,16.0,353.0,249.0,268959.0
1205,2092.0,-16112.0,1352.0,-2960.0,-10.0,402.0,264.0,268965.0
1206,2140.0,-16164.0,1232.0,-2944.0,-27.0,413.0,255.0,268971.0
1207,2032.0,-16176.0,1196.0,-2960.0,-77.0,428.0,227.0,268977.0
1208,2172.0,-16176.0,1212.0,-2912.0,-92.0,426.0,231.0,268983.0
1209,2188.0,-16052.0,1252.0,-2960.0,-134.0,418.0,230.0,268989.0
1210,2300.0,-16172.0,1196.0,-2960.0,-179.0,416.0,213.0,268994.0
1211,2224.0,-16208.0,1304.0,-2944.0,-196.0,460.0,230.0,269000.0
1212,2020.0,-16260.0,1164.0,-2976.0,-232.0,473.0,223.0,269006.0
1213,2004.0,-16176.0,1364.0,-2928.0,-243.0,501.0,232.0,269012.0
1214,2076.0,-16116.0,1252.0,-2928.0,-284.0,493.0,212.0,269018.0
1215,2136.0,-16188.0,1304.0,-2928.0,-286.0,564.0,242.0,269024.0
1216,2216.0,-16236.0,1064.0,-2944.0,-287.0,620.0,186.0,269030.0
1217,2108.0,-16284.0,1084.0,-2944.0,-289.0,690.0,177.0,269036.0
1218,2032.0,-16168.0,1128.0,-2960.0,-292.0,666.0,185.0,269041.0
1219,2024.0,-16160.0,1104.0,-2960.0,-317.0,665.0,155.0,269047.0
1220,2024.0,-16100.0,1176.0,-2976.0,-328.0,608.0,163.0,269053.0
1221,2060.0,-16276.0,1284.0,-2944.0,-352.0,615.0,127.0,269060.0
1222,2080.0,-16216.0,1036.0,-2960.0,-377.0,660.0,132.0,269066.0
1223,1992.0,-16400.0,1212.0,-2960.0,-378.0,682.0,112.0,269071.0
1224,1964.0,-16228.0,1232.0,-2944.0,-387.0,712.0,111.0,269077.0
1225,1940.0,-16276.0,1160.0,-2944.0,-413.0,719.0,108.0,269083.0
1226,1968.0,-16360.0,1200.0,-2960.0,-413.0,694.0,112.0,269089.0
1227,2052.0,-16180.0,1256.0,-2960.0,-421.0,659.0,121.0,269094.0
1228,2132.0,-16248.0,1100.0,-2960.0,-446.0,601.0,97.0,269101.0
1229,2060.0,-16200.0,1088.0,-2928.0,-423.0,546.0,83.0,269107.0
1230,1988.0,-16060.0,1076.0,-2960.0,-432.0,574.0,113.0,269113.0
1231,1936.0,-16188.0,1032.0,-2944.0,-441.0,584.0,103.0,269118.0
1232,1996.0,-16268.0,1224.0,-2944.0,-403.0,561.0,95.0,269124.0
1233,1952.0,-16220.0,1104.0,-2928.0,-386.0,536.0,94.0,269130.0
1234,2056.0,-16284.0,1000.0,-2944.0,-377.0,465.0,51.0,269136.0
1235,2024.0,-16240.0,1116.0,-2928.0,-381.0,427.0,63.0,269142.0
1236,2072.0,-16260.0,1216.0,-2944.0,-364.0,411.0,50.0,269148.0
1237,2136.0,-16212.0,1128.0,-2928.0,-378.0,415.0,22.0,269154.0
1238,1928.0,-16348.0,1084.0,-2976.0,-374.0,436.0,13.0,269159.0
1239,1796.0,-16276.0,1240.0,-2928.0,-390.0,427.0,-2.0,269165.0
1240,1824.0,-16272.0,1244.0,-2944.0,-421.0,451.0,-17.0,269171.0
1241,1784.0,-16280.0,1184.0,-2928.0,-430.0,460.0,-29.0,269177.0
1242,1952.0,-16356.0,1016.0,-2944.0,-443.0,419.0,-50.0,269182.0
1243,1912.0,-16308.0,1088.0,-2928.0,-439.0,397.0,-45.0,269189.0
1244,1924.0,-16316.0,1144.0,-2928.0,-438.0,389.0,-64.0,269195.0
1245,1900.0,-16216.0,1004.0,-2944.0,-438.0,395.0,-78.0,269200.0
1246,2028.0,-16112.0,984.0,-2928.0,-392.0,351.0,-84.0,269206.0
1247,2056.0,-16224.0,952.0,-2960.0,-402.0,282.0,-94.0,269212.0
1248,2028.0,-16200.0,1144.0,-2928.0,-414.0,261.0,-117.0,269218.0
1249,1976.0,-16324.0,1152.0,-2944.0,-409.0,327.0,-137.0,269223.0
1250,1968.0,-16452.0,1072.0,-2944.0,-375.0,348.0,-146.0,269230.0
