id,AcX,AcY,AcZ,Tmp,GyX,GyY,GyZ,Timer
0,3992.0,-15800.0,444.0,-2944.0,4804.0,4065.0,647.0,244042.0
1,3956.0,-15824.0,412.0,-2880.0,4677.0,3906.0,657.0,244048.0
2,4116.0,-15804.0,456.0,-2912.0,4557.0,3718.0,697.0,244055.0
3,3984.0,-15912.0,564.0,-2912.0,4440.0,3581.0,707.0,244060.0
4,4092.0,-15912.0,572.0,-2896.0,4311.0,3432.0,698.0,244066.0
5,3984.0,-15840.0,852.0,-2896.0,4146.0,3253.0,733.0,244072.0
6,3900.0,-15940.0,924.0,-2928.0,4033.0,3143.0,671.0,244078.0
7,3852.0,-16096.0,840.0,-2896.0,3958.0,2968.0,621.0,244084.0
8,4028.0,-15960.0,984.0,-2928.0,3881.0,2836.0,589.0,244089.0
9,4088.0,-16012.0,1064.0,-2928.0,3807.0,2759.0,586.0,244096.0
10,4156.0,-15964.0,1144.0,-2896.0,3744.0,2726.0,621.0,244102.0
11,4236.0,-15968.0,1196.0,-2896.0,3696.0,2720.0,601.0,244108.0
12,4088.0,-15852.0,1296.0,-2912.0,3676.0,2666.0,611.0,244114.0
13,4104.0,-15956.0,1224.0,-2880.0,3664.0,2688.0,642.0,244120.0
14,4244.0,-16088.0,1228.0,-2912.0,3652.0,2701.0,632.0,244126.0
15,4104.0,-16052.0,1200.0,-2896.0,3687.0,2681.0,642.0,244131.0
16,4380.0,-16136.0,1396.0,-2896.0,3661.0,2569.0,651.0,244137.0
17,4488.0,-16236.0,1452.0,-2896.0,3679.0,2637.0,735.0,244144.0
18,4560.0,-16220.0,1312.0,-2896.0,3645.0,2880.0,857.0,244150.0
19,4420.0,-16176.0,1424.0,-2896.0,3709.0,3074.0,884.0,244156.0
20,4380.0,-16292.0,1348.0,-2912.0,3763.0,3151.0,946.0,244162.0
21,4436.0,-16320.0,1396.0,-2912.0,3814.0,3159.0,957.0,244168.0
22,4672.0,-16468.0,1216.0,-2912.0,3852.0,3248.0,1021.0,244173.0
23,4520.0,-16508.0,1416.0,-2896.0,3995.0,3370.0,1074.0,244179.0
24,4208.0,-16376.0,1364.0,-2896.0,4105.0,3440.0,1137.0,244186.0
25,3908.0,-16036.0,1624.0,-2896.0,4234.0,3357.0,1112.0,244192.0
26,3720.0,-15868.0,1616.0,-2896.0,4349.0,3270.0,1105.0,244198.0
27,3836.0,-15948.0,1716.0,-2912.0,4506.0,3115.0,1151.0,244204.0
28,3864.0,-16032.0,1804.0,-2896.0,4588.0,2949.0,1119.0,244210.0
29,3976.0,-16176.0,1916.0,-2896.0,4698.0,2774.0,1206.0,244216.0
30,4364.0,-16208.0,2124.0,-2912.0,4775.0,2731.0,1264.0,244222.0
31,4720.0,-16568.0,2076.0,-2928.0,4829.0,2934.0,1296.0,244229.0
32,5184.0,-16952.0,2292.0,-2912.0,4917.0,3115.0,1326.0,244235.0
33,4692.0,-17192.0,1996.0,-2880.0,4975.0,3412.0,1765.0,244241.0
34,5732.0,-16316.0,2544.0,-2896.0,5009.0,4030.0,1232.0,244246.0
35,4356.0,-16624.0,2224.0,-2896.0,5105.0,4281.0,1743.0,244252.0
36,3700.0,-16836.0,2472.0,-2896.0,5231.0,4667.0,1847.0,244258.0
37,2824.0,-17212.0,2560.0,-2928.0,5413.0,4813.0,1918.0,244264.0
38,2440.0,-17372.0,2704.0,-2912.0,5579.0,4660.0,2140.0,244271.0
39,2052.0,-17436.0,2772.0,-2928.0,5764.0,4332.0,2258.0,244277.0
40,2344.0,-17408.0,2708.0,-2928.0,5982.0,3935.0,2415.0,244283.0
41,2660.0,-17404.0,2596.0,-2912.0,6199.0,3506.0,2618.0,244289.0
42,3116.0,-17260.0,2612.0,-2896.0,6443.0,3248.0,2839.0,244295.0
43,3176.0,-17324.0,2684.0,-2912.0,6720.0,2995.0,3014.0,244301.0
44,3208.0,-17032.0,2436.0,-2880.0,6914.0,2748.0,3206.0,244307.0
45,3036.0,-17176.0,2604.0,-2896.0,7157.0,2617.0,3431.0,244314.0
46,2960.0,-17404.0,3292.0,-2912.0,7377.0,2408.0,3550.0,244319.0
47,2936.0,-17480.0,3212.0,-2928.0,7567.0,2192.0,3709.0,244325.0
48,3172.0,-18032.0,3556.0,-2896.0,7664.0,2029.0,3948.0,244331.0
49,3504.0,-18468.0,3792.0,-2912.0,7773.0,2065.0,4267.0,244337.0
50,3920.0,-18780.0,3896.0,-2896.0,7896.0,2219.0,4446.0,244343.0
51,4344.0,-19192.0,3568.0,-2944.0,8039.0,2473.0,4783.0,244349.0
52,4384.0,-19436.0,3668.0,-2912.0,8191.0,2934.0,5014.0,244356.0
53,4192.0,-19652.0,3252.0,-2896.0,8381.0,3427.0,5229.0,244362.0
54,3632.0,-19800.0,3416.0,-2944.0,8575.0,3876.0,5410.0,244368.0
55,3052.0,-20144.0,3304.0,-2928.0,8873.0,4197.0,5579.0,244374.0
56,2440.0,-20480.0,3444.0,-2896.0,9157.0,4428.0,5817.0,244380.0
57,1092.0,-21092.0,3828.0,-2912.0,9427.0,4499.0,6166.0,244386.0
58,68.0,-21868.0,4356.0,-2896.0,9633.0,4310.0,6669.0,244391.0
59,160.0,-22676.0,4732.0,-2864.0,9822.0,3641.0,7133.0,244398.0
60,1648.0,-23100.0,3772.0,-2896.0,10060.0,3011.0,7359.0,244404.0
61,3816.0,-22848.0,2664.0,-2912.0,10391.0,2933.0,7267.0,244410.0
62,5260.0,-22536.0,2472.0,-2896.0,10775.0,3396.0,7252.0,244416.0
63,5432.0,-22648.0,2576.0,-2912.0,11100.0,4413.0,7470.0,244422.0
64,4696.0,-23108.0,2524.0,-2928.0,11437.0,5524.0,7809.0,244428.0
65,3428.0,-23220.0,2492.0,-2880.0,11806.0,6313.0,8295.0,244434.0
66,2524.0,-23116.0,2368.0,-2896.0,12201.0,6730.0,8690.0,244441.0
67,1960.0,-23288.0,2104.0,-2912.0,12592.0,6858.0,9106.0,244447.0
68,2092.0,-23988.0,2408.0,-2912.0,13091.0,6908.0,9445.0,244453.0
69,2768.0,-25444.0,4948.0,-2928.0,13743.0,6945.0,9790.0,244459.0
70,2628.0,-25548.0,2652.0,-2880.0,14169.0,7249.0,10401.0,244465.0
71,3856.0,-26360.0,628.0,-2944.0,14641.0,7878.0,10418.0,244471.0
72,5072.0,-26612.0,-660.0,-2896.0,15068.0,8231.0,10711.0,244477.0
73,6716.0,-26932.0,-1864.0,-2912.0,15281.0,8760.0,10673.0,244484.0
74,7752.0,-28512.0,-3928.0,-2912.0,15479.0,9979.0,10502.0,244490.0
75,8380.0,-31132.0,-6704.0,-2896.0,15944.0,11064.0,10530.0,244496.0
76,7884.0,-31716.0,-8492.0,-2896.0,16539.0,11218.0,10892.0,244502.0
77,6364.0,-29900.0,-10444.0,-2896.0,16729.0,10612.0,11277.0,244508.0
78,5160.0,-27436.0,-12752.0,-2880.0,16648.0,9901.0,11484.0,244514.0
79,4048.0,-25436.0,-14128.0,-2944.0,16299.0,8978.0,11666.0,244520.0
80,2460.0,-23348.0,-15172.0,-2912.0,15522.0,7561.0,11774.0,244527.0
81,-648.0,-21348.0,-14364.0,-2896.0,14393.0,5170.0,11781.0,244533.0
82,-1364.0,-19604.0,-10460.0,-2912.0,13157.0,3196.0,11867.0,244539.0
83,-800.0,-18744.0,-4320.0,-2896.0,12377.0,1466.0,12216.0,244546.0
84,-1136.0,-20360.0,6036.0,-2912.0,13002.0,-961.0,12726.0,244552.0
85,-2036.0,-23068.0,15660.0,-2896.0,15149.0,-3354.0,13238.0,244558.0
86,-2076.0,-22160.0,12300.0,-2880.0,15758.0,-6442.0,12103.0,244564.0
87,-772.0,-22412.0,9472.0,-2880.0,15320.0,-9938.0,10464.0,244571.0
88,2820.0,-23032.0,8716.0,-2896.0,15481.0,-12445.0,8615.0,244577.0
89,5968.0,-22956.0,8324.0,-2928.0,16069.0,-13961.0,7318.0,244583.0
90,8164.0,-19848.0,2864.0,-2928.0,15501.0,-14027.0,6849.0,244589.0
91,11540.0,-16880.0,1640.0,-2896.0,14687.0,-13179.0,6197.0,244595.0
92,13940.0,-12460.0,-1648.0,-2928.0,13416.0,-11482.0,5288.0,244601.0
93,14328.0,-7508.0,-4912.0,-2896.0,11094.0,-8881.0,5028.0,244608.0
94,13192.0,-5780.0,-6756.0,-2896.0,8502.0,-5228.0,4958.0,244614.0
95,11208.0,-7436.0,-6748.0,-2880.0,6453.0,-2134.0,4463.0,244620.0
96,9276.0,-8388.0,-6892.0,-2928.0,5150.0,-645.0,3978.0,244626.0
97,8404.0,-7684.0,-6908.0,-2896.0,4026.0,48.0,3841.0,244632.0
98,7964.0,-6220.0,-7612.0,-2928.0,2547.0,852.0,3776.0,244638.0
99,7208.0,-5168.0,-7972.0,-2896.0,837.0,1890.0,3477.0,244644.0
100,6604.0,-4692.0,-8068.0,-2896.0,-855.0,2759.0,2907.0,244649.0
101,6580.0,-4292.0,-7504.0,-2864.0,-2485.0,3242.0,2156.0,244656.0
102,6672.0,-3884.0,-6924.0,-2912.0,-4105.0,3448.0,1217.0,244662.0
103,6440.0,-3516.0,-6560.0,-2928.0,-5740.0,3572.0,273.0,244668.0
104,5580.0,-3296.0,-6048.0,-2928.0,-7306.0,3577.0,-523.0,244674.0
105,4492.0,-3128.0,-5660.0,-2896.0,-8729.0,3370.0,-1194.0,244680.0
106,3008.0,-3024.0,-4480.0,-2912.0,-10169.0,2915.0,-1760.0,244686.0
107,2040.0,-2888.0,-4396.0,-2928.0,-11653.0,2384.0,-2222.0,244692.0
108,984.0,-2840.0,-3968.0,-2944.0,-13253.0,1795.0,-2709.0,244699.0
109,320.0,-3216.0,-3876.0,-2896.0,-14880.0,1093.0,-3166.0,244705.0
110,-212.0,-3512.0,-3812.0,-2944.0,-16442.0,224.0,-3607.0,244711.0
111,-696.0,-4200.0,-3704.0,-2880.0,-17890.0,-851.0,-4052.0,244716.0
112,-1012.0,-4760.0,-4156.0,-2912.0,-19386.0,-2043.0,-4503.0,244722.0
113,-756.0,-5248.0,-4268.0,-2928.0,-20892.0,-3340.0,-5012.0,244728.0
114,-620.0,-5704.0,-4420.0,-2912.0,-22349.0,-4515.0,-5444.0,244734.0
115,140.0,-6324.0,-4288.0,-2896.0,-23703.0,-5485.0,-5863.0,244741.0
116,816.0,-7060.0,-3784.0,-2912.0,-24918.0,-6280.0,-6256.0,244747.0
117,1808.0,-7688.0,-3088.0,-2880.0,-26057.0,-6756.0,-6639.0,244753.0
118,2976.0,-8264.0,-2748.0,-2928.0,-27226.0,-6950.0,-7110.0,244759.0
119,4592.0,-9156.0,-2440.0,-2928.0,-28410.0,-6710.0,-7688.0,244765.0
120,5884.0,-9656.0,-2360.0,-2912.0,-29577.0,-6320.0,-8274.0,244771.0
121,6808.0,-10504.0,-2424.0,-2896.0,-30737.0,-5764.0,-8882.0,244777.0
122,7472.0,-11684.0,-2484.0,-2864.0,-31819.0,-4927.0,-9459.0,244784.0
123,7868.0,-13032.0,-2440.0,-2896.0,-32752.0,-3954.0,-9967.0,244790.0
124,8264.0,-14564.0,-2060.0,-2880.0,-32768.0,-2723.0,-10513.0,244796.0
125,8412.0,-16108.0,-1680.0,-2912.0,-32768.0,-1340.0,-11045.0,244802.0
126,8016.0,-17956.0,-816.0,-2912.0,-32768.0,-35.0,-11499.0,244809.0
127,7460.0,-19752.0,132.0,-2880.0,-32768.0,1091.0,-11823.0,244815.0
128,6508.0,-20172.0,1152.0,-2912.0,-32768.0,2255.0,-12149.0,244822.0
129,4244.0,-21480.0,1484.0,-2912.0,-32768.0,2715.0,-12646.0,244828.0
130,2596.0,-22272.0,1852.0,-2928.0,-32768.0,2719.0,-13089.0,244834.0
131,1372.0,-23412.0,1948.0,-2928.0,-32768.0,2183.0,-13515.0,244840.0
132,836.0,-24800.0,2108.0,-2912.0,-32768.0,1480.0,-14029.0,244846.0
133,844.0,-25756.0,1912.0,-2880.0,-32768.0,814.0,-14519.0,244853.0
134,1164.0,-26908.0,2064.0,-2928.0,-32768.0,314.0,-14971.0,244858.0
135,1868.0,-27788.0,2300.0,-2896.0,-32768.0,18.0,-15322.0,244866.0
136,2504.0,-28260.0,2360.0,-2912.0,-32768.0,-188.0,-15689.0,244872.0
137,2884.0,-28880.0,2588.0,-2896.0,-32768.0,-204.0,-16071.0,244878.0
138,3520.0,-28944.0,3060.0,-2896.0,-32768.0,-58.0,-16632.0,244884.0
139,4220.0,-29760.0,4336.0,-2896.0,-32768.0,78.0,-17100.0,244890.0
140,-384.0,-31080.0,5048.0,-2880.0,-32768.0,-743.0,-17435.0,244896.0
141,2304.0,-31216.0,6024.0,-2928.0,-32768.0,-1535.0,-15433.0,244902.0
142,2636.0,-31116.0,6960.0,-2912.0,-32768.0,-1423.0,-16932.0,244909.0
143,384.0,-31764.0,7760.0,-2928.0,-32768.0,-1841.0,-15910.0,244915.0
144,1144.0,-31828.0,8956.0,-2944.0,-31897.0,-1766.0,-15749.0,244922.0
145,1192.0,-32064.0,10220.0,-2896.0,-30728.0,-1461.0,-15985.0,244928.0
146,964.0,-31852.0,11576.0,-2896.0,-29470.0,-1366.0,-15038.0,244934.0
147,2928.0,-31624.0,12828.0,-2880.0,-28110.0,-845.0,-14002.0,244940.0
148,4260.0,-31252.0,13996.0,-2928.0,-26602.0,301.0,-13554.0,244947.0
149,6372.0,-32448.0,16876.0,-2912.0,-24827.0,2078.0,-13863.0,244954.0
150,5204.0,-29312.0,17384.0,-2896.0,-23372.0,3772.0,-11573.0,244960.0
151,4020.0,-29748.0,18384.0,-2928.0,-21068.0,5765.0,-12630.0,244966.0
152,1932.0,-29172.0,19472.0,-2912.0,-19128.0,7895.0,-11720.0,244972.0
153,-600.0,-28480.0,20900.0,-2896.0,-17086.0,9999.0,-11041.0,244979.0
154,-5980.0,-28232.0,22488.0,-2880.0,-14829.0,11210.0,-10172.0,244985.0
155,-10264.0,-27464.0,24140.0,-2896.0,-12304.0,11193.0,-8663.0,244992.0
156,-13604.0,-26128.0,25268.0,-2880.0,-9655.0,10113.0,-6862.0,244999.0
157,-15128.0,-25636.0,26208.0,-2896.0,-6758.0,8225.0,-4896.0,245005.0
158,-15608.0,-25508.0,27232.0,-2928.0,-3497.0,5986.0,-2848.0,245011.0
159,-15344.0,-26316.0,27752.0,-2912.0,-59.0,3552.0,-1308.0,245017.0
160,-14788.0,-26384.0,27468.0,-2896.0,3229.0,1003.0,-80.0,245023.0
161,-14196.0,-25712.0,25836.0,-2896.0,6255.0,-1644.0,846.0,245029.0
162,-13936.0,-24892.0,24296.0,-2928.0,8976.0,-4248.0,1649.0,245036.0
163,-13964.0,-23900.0,22676.0,-2912.0,11376.0,-6845.0,2513.0,245043.0
164,-13476.0,-22948.0,21036.0,-2928.0,13499.0,-9354.0,3148.0,245049.0
165,-12764.0,-22256.0,19616.0,-2912.0,15205.0,-11543.0,3758.0,245055.0
166,-11444.0,-20624.0,16532.0,-2912.0,16568.0,-13822.0,4253.0,245061.0
167,-10912.0,-15988.0,7416.0,-2880.0,16601.0,-16847.0,4711.0,245068.0
168,224.0,-2692.0,-32768.0,-2896.0,8599.0,-18548.0,1871.0,245074.0
169,32767.0,3868.0,-32768.0,-2912.0,-11758.0,-18036.0,-15655.0,245081.0
170,32767.0,-32768.0,-32768.0,-2896.0,-1089.0,-30010.0,-27102.0,245087.0
171,16480.0,-32768.0,-7840.0,-2880.0,17054.0,-29992.0,5766.0,245094.0
172,6084.0,-16256.0,5508.0,-2912.0,13253.0,-562.0,14541.0,245100.0
173,-20940.0,-25508.0,27320.0,-2896.0,12335.0,16758.0,13342.0,245106.0
174,-29088.0,-32768.0,32767.0,-2928.0,14515.0,13347.0,7657.0,245112.0
175,-29776.0,-32768.0,24028.0,-2912.0,16680.0,-261.0,1293.0,245118.0
176,-16016.0,-28528.0,-7292.0,-2880.0,15299.0,-9658.0,421.0,245126.0
177,5616.0,-17888.0,-13996.0,-2896.0,14275.0,-14137.0,-1019.0,245132.0
178,19360.0,-13336.0,-6172.0,-2896.0,15176.0,-16144.0,-1432.0,245138.0
179,18348.0,-13496.0,6224.0,-2896.0,15705.0,-10982.0,44.0,245144.0
180,6600.0,-13900.0,7216.0,-2880.0,13633.0,-1693.0,512.0,245150.0
181,-592.0,-13764.0,872.0,-2896.0,11612.0,1223.0,1277.0,245156.0
182,3428.0,-12116.0,-3252.0,-2912.0,10348.0,-2846.0,57.0,245163.0
183,9788.0,-12676.0,-2596.0,-2912.0,10609.0,-7702.0,-938.0,245169.0
184,11600.0,-15344.0,-1628.0,-2896.0,11322.0,-6945.0,63.0,245175.0
185,9384.0,-16236.0,-2308.0,-2896.0,11413.0,-3038.0,1290.0,245181.0
186,6788.0,-17952.0,-2420.0,-2912.0,11578.0,-593.0,1998.0,245187.0
187,5608.0,-18496.0,-2032.0,-2896.0,11915.0,504.0,2282.0,245193.0
188,5524.0,-17436.0,-1064.0,-2912.0,11706.0,1864.0,2221.0,245199.0
189,5592.0,-16712.0,-248.0,-2928.0,11230.0,3911.0,2116.0,245206.0
190,5212.0,-16184.0,-636.0,-2912.0,10695.0,5740.0,1949.0,245212.0
191,4452.0,-14988.0,-1104.0,-2928.0,10170.0,6580.0,1765.0,245218.0
192,3460.0,-14308.0,-1492.0,-2928.0,9735.0,6760.0,1520.0,245224.0
193,2416.0,-14420.0,-1928.0,-2880.0,9507.0,6353.0,1199.0,245230.0
194,1104.0,-15144.0,-1644.0,-2896.0,9417.0,5851.0,776.0,245236.0
195,-392.0,-15524.0,-848.0,-2928.0,9044.0,5283.0,199.0,245242.0
196,-1504.0,-15816.0,108.0,-2928.0,8455.0,4218.0,-422.0,245249.0
197,-924.0,-16028.0,-264.0,-2912.0,7952.0,2507.0,-987.0,245254.0
198,856.0,-16172.0,-900.0,-2896.0,7715.0,746.0,-1422.0,245260.0
199,3000.0,-15912.0,-1240.0,-2896.0,7620.0,-638.0,-1698.0,245266.0
200,5156.0,-15148.0,-1124.0,-2912.0,7496.0,-1532.0,-1676.0,245272.0
201,7196.0,-14584.0,-748.0,-2928.0,7281.0,-1504.0,-1334.0,245278.0
202,8524.0,-14252.0,-648.0,-2912.0,6976.0,-431.0,-863.0,245284.0
203,8636.0,-14088.0,-716.0,-2912.0,6699.0,1131.0,-390.0,245291.0
204,7760.0,-14472.0,-452.0,-2912.0,6452.0,2635.0,-25.0,245296.0
205,6588.0,-14980.0,-600.0,-2880.0,6232.0,3640.0,194.0,245302.0
206,5840.0,-15076.0,-848.0,-2912.0,6024.0,4219.0,380.0,245308.0
207,5216.0,-15416.0,-780.0,-2912.0,5803.0,4475.0,431.0,245314.0
208,4572.0,-15440.0,-756.0,-2880.0,5529.0,4419.0,448.0,245320.0
209,4068.0,-15548.0,-684.0,-2896.0,5257.0,4115.0,487.0,245326.0
210,3640.0,-15920.0,-484.0,-2896.0,5055.0,3666.0,463.0,245332.0
211,3400.0,-16036.0,-420.0,-2928.0,4896.0,3150.0,346.0,245338.0
212,3412.0,-15972.0,-412.0,-2928.0,4756.0,2695.0,199.0,245344.0
213,3868.0,-15932.0,-528.0,-2960.0,4644.0,2289.0,89.0,245350.0
214,4176.0,-16004.0,-288.0,-2864.0,4541.0,2150.0,28.0,245356.0
215,4412.0,-16048.0,-484.0,-2960.0,4495.0,2214.0,59.0,245362.0
216,4764.0,-16184.0,-608.0,-2896.0,4457.0,2318.0,128.0,245368.0
217,5084.0,-16184.0,-448.0,-2896.0,4486.0,2398.0,246.0,245373.0
218,5376.0,-16104.0,-216.0,-2896.0,4479.0,2502.0,370.0,245380.0
219,5624.0,-15856.0,-468.0,-2928.0,4462.0,2606.0,436.0,245386.0
220,5856.0,-15712.0,-388.0,-2896.0,4443.0,2691.0,584.0,245392.0
221,5660.0,-15676.0,-344.0,-2896.0,4468.0,2816.0,756.0,245398.0
222,5488.0,-15692.0,-40.0,-2864.0,4458.0,2970.0,874.0,245404.0
223,5128.0,-15832.0,-112.0,-2928.0,4514.0,3021.0,997.0,245409.0
224,5124.0,-15892.0,52.0,-2928.0,4571.0,2942.0,1088.0,245415.0
225,5204.0,-15788.0,-32.0,-2896.0,4586.0,2821.0,1090.0,245422.0
226,4688.0,-15880.0,144.0,-2896.0,4623.0,2675.0,1261.0,245428.0
227,4408.0,-15880.0,376.0,-2944.0,4690.0,2593.0,1292.0,245434.0
228,4744.0,-15688.0,652.0,-2944.0,4609.0,2543.0,1493.0,245440.0
229,4360.0,-16052.0,612.0,-2928.0,4671.0,2483.0,1324.0,245446.0
230,4388.0,-15840.0,640.0,-2928.0,4652.0,2304.0,1379.0,245451.0
231,4676.0,-15744.0,660.0,-2896.0,4643.0,2196.0,1379.0,245457.0
232,4736.0,-15812.0,980.0,-2896.0,4641.0,2268.0,1444.0,245464.0
233,4684.0,-15880.0,1040.0,-2896.0,4605.0,2403.0,1453.0,245470.0
234,4540.0,-15956.0,984.0,-2912.0,4609.0,2553.0,1454.0,245476.0
235,4384.0,-16032.0,1320.0,-2912.0,4579.0,2567.0,1467.0,245482.0
236,4432.0,-16024.0,976.0,-2896.0,4539.0,2689.0,1458.0,245488.0
237,4436.0,-16012.0,1228.0,-2928.0,4516.0,2721.0,1469.0,245494.0
238,4196.0,-15964.0,1324.0,-2880.0,4476.0,2716.0,1453.0,245500.0
239,4300.0,-16084.0,1460.0,-2928.0,4443.0,2708.0,1426.0,245506.0
240,3948.0,-16028.0,1532.0,-2912.0,4425.0,2721.0,1414.0,245512.0
241,4096.0,-16120.0,1720.0,-2944.0,4412.0,2656.0,1408.0,245518.0
242,4136.0,-16088.0,1676.0,-2896.0,4368.0,2633.0,1401.0,245524.0
243,4504.0,-16084.0,1444.0,-2928.0,4364.0,2682.0,1453.0,245530.0
244,4900.0,-16176.0,1520.0,-2912.0,4388.0,2729.0,1467.0,245536.0
245,5080.0,-16080.0,1552.0,-2896.0,4401.0,2893.0,1499.0,245542.0
246,5212.0,-16136.0,1584.0,-2912.0,4440.0,3068.0,1548.0,245549.0
247,5012.0,-16328.0,1632.0,-2912.0,4454.0,3339.0,1653.0,245555.0
248,4660.0,-16484.0,1448.0,-2896.0,4544.0,3593.0,1691.0,245561.0
249,4496.0,-16368.0,1656.0,-2912.0,4641.0,3701.0,1647.0,245567.0
250,4276.0,-16340.0,1752.0,-2912.0,4709.0,3658.0,1653.0,245572.0
251,4252.0,-16592.0,1756.0,-2896.0,4786.0,3663.0,1645.0,245578.0
252,3876.0,-16548.0,1788.0,-2912.0,4859.0,3624.0,1646.0,245584.0
253,4076.0,-16516.0,1964.0,-2912.0,5021.0,3595.0,1640.0,245591.0
254,4072.0,-16576.0,1820.0,-2928.0,5181.0,3644.0,1625.0,245597.0
255,4108.0,-16576.0,1736.0,-2896.0,5336.0,3752.0,1676.0,245603.0
256,3880.0,-16624.0,2100.0,-2912.0,5544.0,3903.0,1754.0,245609.0
257,3884.0,-16888.0,1924.0,-2896.0,5752.0,3965.0,1881.0,245615.0
258,3652.0,-16944.0,1940.0,-2912.0,5986.0,3892.0,2067.0,245621.0
259,3768.0,-17056.0,2140.0,-2912.0,6249.0,3767.0,2194.0,245627.0
260,3924.0,-17188.0,2084.0,-2928.0,6504.0,3580.0,2382.0,245634.0
261,3288.0,-17352.0,2200.0,-2912.0,6721.0,3420.0,2500.0,245640.0
262,5260.0,-17484.0,2088.0,-2912.0,7036.0,3307.0,2935.0,245645.0
263,3744.0,-17052.0,2412.0,-2896.0,7183.0,3540.0,2968.0,245651.0
264,4008.0,-17568.0,2432.0,-2880.0,7483.0,3309.0,3411.0,245657.0
265,3148.0,-17564.0,2916.0,-2896.0,7663.0,3090.0,3460.0,245663.0
266,3216.0,-17788.0,2876.0,-2896.0,7906.0,2848.0,3576.0,245669.0
267,2964.0,-17912.0,3156.0,-2944.0,8166.0,2651.0,3725.0,245676.0
268,2504.0,-18248.0,3188.0,-2928.0,8403.0,2527.0,4014.0,245682.0
269,2236.0,-18304.0,3336.0,-2896.0,8635.0,2516.0,4393.0,245688.0
270,1640.0,-18368.0,3556.0,-2912.0,8889.0,2451.0,4674.0,245694.0
271,1536.0,-18252.0,3716.0,-2928.0,9104.0,2217.0,5072.0,245700.0
272,1528.0,-18640.0,3568.0,-2896.0,9349.0,1980.0,5264.0,245706.0
273,1872.0,-18924.0,3620.0,-2912.0,9655.0,1590.0,5536.0,245712.0
274,2636.0,-18948.0,3580.0,-2896.0,9910.0,1243.0,5747.0,245718.0
275,3692.0,-19368.0,3356.0,-2912.0,10179.0,1086.0,5988.0,245724.0
276,4532.0,-19392.0,3344.0,-2896.0,10419.0,1223.0,6249.0,245730.0
277,5392.0,-19476.0,3472.0,-2896.0,10669.0,1529.0,6484.0,245736.0
278,6148.0,-19784.0,3592.0,-2928.0,10904.0,1995.0,6697.0,245742.0
279,6504.0,-19892.0,3492.0,-2880.0,11195.0,2596.0,6899.0,245748.0
280,6548.0,-20044.0,3456.0,-2896.0,11422.0,3282.0,7136.0,245754.0
281,6116.0,-20572.0,3612.0,-2912.0,11651.0,4052.0,7441.0,245761.0
282,4664.0,-21008.0,4140.0,-2896.0,11863.0,4681.0,8019.0,245767.0
283,3520.0,-22092.0,4676.0,-2880.0,11951.0,4473.0,8632.0,245773.0
284,4120.0,-23336.0,4276.0,-2896.0,12150.0,3968.0,8967.0,245779.0
285,6200.0,-23676.0,3296.0,-2880.0,12528.0,3955.0,8943.0,245785.0
286,7468.0,-23372.0,2824.0,-2928.0,12956.0,4358.0,8779.0,245791.0
287,8288.0,-23976.0,2840.0,-2912.0,13493.0,5334.0,8884.0,245797.0
288,8232.0,-25412.0,3920.0,-2912.0,14159.0,6449.0,9051.0,245804.0
289,7144.0,-26328.0,3816.0,-2896.0,14850.0,7463.0,9449.0,245810.0
290,6588.0,-26948.0,2224.0,-2880.0,15536.0,8386.0,9494.0,245816.0
291,5408.0,-27640.0,1496.0,-2896.0,16330.0,8635.0,9794.0,245822.0
292,5232.0,-28420.0,548.0,-2912.0,16990.0,8764.0,10074.0,245828.0
293,5936.0,-29428.0,-1328.0,-2928.0,17627.0,8780.0,10069.0,245834.0
294,6936.0,-29896.0,-3756.0,-2896.0,18168.0,8574.0,10073.0,245840.0
295,8496.0,-30388.0,-5880.0,-2912.0,18543.0,8694.0,9829.0,245847.0
296,10104.0,-31520.0,-8320.0,-2944.0,18834.0,9351.0,9416.0,245853.0
297,10408.0,-32768.0,-10808.0,-2928.0,19081.0,10071.0,9362.0,245859.0
298,8464.0,-32768.0,-12692.0,-2880.0,19246.0,10692.0,9931.0,245865.0
299,6016.0,-31152.0,-13908.0,-2912.0,19123.0,10413.0,10403.0,245871.0
300,3464.0,-28576.0,-14896.0,-2928.0,18583.0,8678.0,10700.0,245877.0
301,2320.0,-25376.0,-15168.0,-2896.0,17716.0,6693.0,10948.0,245883.0
302,1908.0,-22164.0,-15072.0,-2896.0,16558.0,5300.0,11218.0,245890.0
303,1692.0,-19116.0,-11524.0,-2928.0,15249.0,3995.0,11527.0,245896.0
304,2200.0,-17360.0,-5064.0,-2896.0,14044.0,2881.0,12045.0,245903.0
305,2960.0,-17676.0,3556.0,-2896.0,13273.0,2130.0,12441.0,245909.0
306,3420.0,-18608.0,6880.0,-2896.0,12317.0,1402.0,12347.0,245915.0
307,3760.0,-19748.0,8300.0,-2912.0,11426.0,-11.0,11157.0,245921.0
308,2752.0,-22048.0,10052.0,-2896.0,11735.0,-2039.0,9556.0,245927.0
309,1304.0,-24384.0,10688.0,-2928.0,12997.0,-3297.0,8452.0,245934.0
310,-1280.0,-23896.0,7180.0,-2928.0,13640.0,-4525.0,7899.0,245940.0
311,-1612.0,-22088.0,5124.0,-2912.0,14395.0,-6307.0,7396.0,245946.0
312,984.0,-13984.0,-1408.0,-2912.0,12747.0,-7815.0,7107.0,245952.0
313,1636.0,-8640.0,-4652.0,-2896.0,9923.0,-8279.0,6575.0,245958.0
314,368.0,-8348.0,-5076.0,-2912.0,7533.0,-8134.0,6342.0,245964.0
315,-28.0,-8444.0,-6668.0,-2880.0,5764.0,-9032.0,5938.0,245969.0
316,1696.0,-7744.0,-8936.0,-2912.0,4079.0,-10785.0,4768.0,245976.0
317,4120.0,-6656.0,-10624.0,-2928.0,2414.0,-11824.0,3448.0,245982.0
318,6604.0,-5912.0,-11044.0,-2912.0,786.0,-12027.0,2705.0,245988.0
319,8092.0,-5256.0,-10164.0,-2960.0,-637.0,-11510.0,2531.0,245994.0
320,9156.0,-4412.0,-9468.0,-2912.0,-2103.0,-10667.0,2449.0,246000.0
321,9696.0,-3396.0,-8752.0,-2928.0,-3733.0,-9593.0,2206.0,246006.0
322,9716.0,-2704.0,-8208.0,-2912.0,-5500.0,-8395.0,1627.0,246012.0
323,9044.0,-2304.0,-7560.0,-2928.0,-7327.0,-7276.0,761.0,246019.0
324,7840.0,-1988.0,-6448.0,-2960.0,-9068.0,-6651.0,-153.0,246025.0
325,6512.0,-1864.0,-5872.0,-2896.0,-10800.0,-6438.0,-934.0,246031.0
326,5716.0,-1544.0,-5700.0,-2912.0,-12647.0,-6367.0,-1611.0,246037.0
327,5468.0,-1360.0,-5764.0,-2896.0,-14567.0,-6209.0,-2348.0,246043.0
328,5228.0,-1492.0,-6044.0,-2944.0,-16474.0,-6026.0,-2984.0,246049.0
329,4936.0,-2000.0,-6448.0,-2912.0,-18351.0,-5933.0,-3489.0,246055.0
330,4420.0,-2816.0,-6368.0,-2896.0,-20080.0,-5744.0,-3767.0,246062.0
331,3420.0,-4012.0,-6500.0,-2912.0,-21505.0,-5590.0,-3883.0,246068.0
332,2364.0,-4900.0,-6012.0,-2928.0,-22791.0,-5587.0,-3846.0,246074.0
333,1472.0,-5776.0,-5528.0,-2912.0,-24020.0,-5588.0,-3804.0,246079.0
334,640.0,-6128.0,-5120.0,-2896.0,-25364.0,-5913.0,-3865.0,246085.0
335,172.0,-6848.0,-4260.0,-2880.0,-26663.0,-6226.0,-3948.0,246091.0
336,-56.0,-7504.0,-4588.0,-2896.0,-27995.0,-6723.0,-4141.0,246097.0
337,252.0,-7972.0,-4788.0,-2928.0,-29378.0,-7201.0,-4459.0,246104.0
338,648.0,-8840.0,-4812.0,-2912.0,-30813.0,-7646.0,-4814.0,246110.0
339,1556.0,-9696.0,-5112.0,-2896.0,-32229.0,-7925.0,-5178.0,246116.0
340,2608.0,-10928.0,-5104.0,-2880.0,-32768.0,-7885.0,-5470.0,246122.0
341,3896.0,-12036.0,-4456.0,-2880.0,-32768.0,-7630.0,-5649.0,246128.0
342,5660.0,-13204.0,-4076.0,-2912.0,-32768.0,-6954.0,-6129.0,246134.0
343,6204.0,-14392.0,-4100.0,-2928.0,-32768.0,-6156.0,-6733.0,246141.0
344,6960.0,-15524.0,-4440.0,-2912.0,-32768.0,-5460.0,-6839.0,246148.0
345,8168.0,-17012.0,-4356.0,-2896.0,-32768.0,-4610.0,-6957.0,246154.0
346,9044.0,-18872.0,-3900.0,-2896.0,-32768.0,-3350.0,-7400.0,246160.0
347,9268.0,-20424.0,-3296.0,-2912.0,-32768.0,-1466.0,-8016.0,246166.0
348,8940.0,-21452.0,-2928.0,-2928.0,-32768.0,309.0,-8792.0,246173.0
349,8832.0,-23216.0,-2612.0,-2928.0,-32768.0,2009.0,-9503.0,246179.0
350,8468.0,-25740.0,-2580.0,-2912.0,-32768.0,3594.0,-10180.0,246185.0
351,7940.0,-28036.0,-2032.0,-2896.0,-32768.0,4978.0,-10819.0,246192.0
352,7112.0,-30504.0,-1140.0,-2880.0,-32768.0,6155.0,-11392.0,246198.0
353,6416.0,-32488.0,-312.0,-2896.0,-32768.0,7138.0,-11912.0,246205.0
354,5860.0,-32768.0,472.0,-2912.0,-32768.0,7809.0,-12432.0,246211.0
355,4700.0,-32768.0,1508.0,-2896.0,-32768.0,7964.0,-13184.0,246217.0
356,2876.0,-32768.0,3804.0,-2880.0,-32768.0,7406.0,-13936.0,246223.0
357,1512.0,-32768.0,6012.0,-2896.0,-32768.0,6498.0,-14847.0,246230.0
358,460.0,-32768.0,8100.0,-2928.0,-32768.0,5554.0,-15732.0,246236.0
359,308.0,-32768.0,10556.0,-2928.0,-32768.0,4691.0,-16591.0,246242.0
360,800.0,-32768.0,12412.0,-2912.0,-32768.0,3893.0,-17360.0,246248.0
361,1532.0,-32768.0,14128.0,-2880.0,-32768.0,3307.0,-17678.0,246255.0
362,2560.0,-32768.0,16192.0,-2896.0,-32768.0,3139.0,-17398.0,246261.0
363,3456.0,-32768.0,17764.0,-2928.0,-31405.0,3646.0,-16513.0,246267.0
364,4344.0,-32768.0,19736.0,-2880.0,-28982.0,5133.0,-15438.0,246274.0
365,3872.0,-32768.0,21628.0,-2928.0,-26250.0,7121.0,-14011.0,246280.0
366,2044.0,-32316.0,22972.0,-2912.0,-23624.0,9376.0,-12401.0,246287.0
367,-1684.0,-30120.0,24060.0,-2912.0,-21135.0,12134.0,-10318.0,246293.0
368,-4852.0,-28776.0,25796.0,-2912.0,-18529.0,14514.0,-8503.0,246299.0
369,-7980.0,-27632.0,28656.0,-2912.0,-15736.0,15750.0,-6990.0,246306.0
370,-9248.0,-27056.0,31120.0,-2880.0,-12653.0,16051.0,-5509.0,246312.0
371,-9928.0,-26244.0,32767.0,-2912.0,-9242.0,15730.0,-3698.0,246319.0
372,-10620.0,-27256.0,32767.0,-2896.0,-5169.0,14497.0,-4519.0,246325.0
373,-12104.0,-26800.0,32572.0,-2928.0,-1832.0,11723.0,3034.0,246332.0
374,-10896.0,-25560.0,29656.0,-2944.0,2091.0,10051.0,2206.0,246338.0
375,-16584.0,-24880.0,27688.0,-2896.0,5424.0,7165.0,1717.0,246344.0
376,-18616.0,-24200.0,26336.0,-2896.0,8070.0,3196.0,2494.0,246350.0
377,-17984.0,-23744.0,24968.0,-2896.0,10578.0,-1315.0,3302.0,246356.0
378,-16164.0,-22912.0,23324.0,-2880.0,12660.0,-5390.0,4011.0,246363.0
379,-12980.0,-22232.0,20904.0,-2896.0,14240.0,-8295.0,4568.0,246370.0
380,-10224.0,-21092.0,18324.0,-2912.0,15477.0,-9953.0,4867.0,246376.0
381,-9184.0,-19696.0,13856.0,-2896.0,16358.0,-11295.0,5127.0,246382.0
382,-9248.0,-14372.0,844.0,-2896.0,15314.0,-13630.0,5450.0,246388.0
383,3380.0,-1204.0,-32768.0,-2928.0,5553.0,-15629.0,1778.0,246394.0
384,32767.0,-9664.0,-32768.0,-2896.0,-5134.0,-15142.0,-11458.0,246401.0
385,32767.0,-32768.0,-32768.0,-2896.0,2862.0,-21448.0,-13946.0,246408.0
386,9780.0,-32768.0,-9236.0,-2928.0,15349.0,-21964.0,5737.0,246414.0
387,-996.0,-32768.0,21356.0,-2912.0,18560.0,-2681.0,11405.0,246420.0
388,-20792.0,-32768.0,32767.0,-2928.0,21981.0,8910.0,12089.0,246427.0
389,-21976.0,-32768.0,32767.0,-2912.0,22426.0,3493.0,6983.0,246433.0
390,-16940.0,-26828.0,3236.0,-2928.0,17760.0,-8849.0,-1373.0,246439.0
391,-5052.0,-18108.0,-13108.0,-2912.0,15193.0,-17761.0,-4348.0,246446.0
392,11844.0,-14112.0,-7532.0,-2912.0,17496.0,-21516.0,-2954.0,246453.0
393,17120.0,-6848.0,240.0,-2912.0,17951.0,-20178.0,-442.0,246459.0
394,14888.0,-2600.0,4016.0,-2896.0,15016.0,-13953.0,1331.0,246465.0
395,11168.0,-6336.0,1032.0,-2928.0,11805.0,-9268.0,942.0,246471.0
396,11192.0,-12176.0,32.0,-2912.0,11029.0,-8926.0,502.0,246477.0
397,10844.0,-15964.0,1100.0,-2896.0,11217.0,-8972.0,348.0,246483.0
398,9288.0,-18492.0,1204.0,-2912.0,11310.0,-5677.0,1951.0,246490.0
399,8240.0,-19168.0,460.0,-2880.0,10878.0,-753.0,3908.0,246496.0
400,7156.0,-18716.0,124.0,-2912.0,10419.0,2586.0,4193.0,246502.0
401,4324.0,-18328.0,-160.0,-2896.0,10100.0,3608.0,3399.0,246508.0
402,368.0,-18660.0,-524.0,-2912.0,10047.0,3183.0,2620.0,246514.0
403,-1760.0,-18464.0,-604.0,-2896.0,10099.0,2686.0,2088.0,246519.0
404,-2124.0,-17416.0,-528.0,-2944.0,10025.0,2711.0,1542.0,246525.0
405,-1788.0,-15828.0,-184.0,-2960.0,9603.0,2825.0,739.0,246532.0
406,-720.0,-14612.0,444.0,-2928.0,8859.0,2525.0,-86.0,246538.0
407,716.0,-14056.0,700.0,-2912.0,7900.0,2085.0,-745.0,246544.0
408,2024.0,-14104.0,892.0,-2912.0,6932.0,1850.0,-1250.0,246550.0
409,2680.0,-14720.0,564.0,-2896.0,6200.0,1678.0,-1551.0,246556.0
410,2684.0,-15676.0,-192.0,-2928.0,5841.0,1250.0,-1671.0,246562.0
411,2788.0,-16692.0,-884.0,-2912.0,5892.0,446.0,-1724.0,246567.0
412,3560.0,-17288.0,-1324.0,-2944.0,6264.0,-431.0,-1753.0,246574.0
413,4700.0,-17724.0,-1148.0,-2896.0,6763.0,-844.0,-1671.0,246580.0
414,5688.0,-17380.0,-1268.0,-2928.0,7029.0,-608.0,-1525.0,246586.0
415,6508.0,-16384.0,-976.0,-2912.0,7092.0,-45.0,-1211.0,246592.0
416,6948.0,-15568.0,-448.0,-2944.0,6983.0,711.0,-777.0,246598.0
417,7540.0,-15204.0,-204.0,-2928.0,6714.0,1719.0,-332.0,246604.0
418,7744.0,-15064.0,128.0,-2880.0,6436.0,3048.0,178.0,246610.0
419,8024.0,-15100.0,468.0,-2912.0,6226.0,4540.0,550.0,246616.0
420,7736.0,-15672.0,392.0,-2912.0,6187.0,5929.0,580.0,246622.0
421,6680.0,-14632.0,128.0,-2880.0,6088.0,6599.0,820.0,246628.0
422,6244.0,-14508.0,320.0,-2912.0,6031.0,7091.0,1186.0,246634.0
423,5668.0,-15128.0,-104.0,-2880.0,6007.0,7603.0,1274.0,246640.0
424,4764.0,-15468.0,-852.0,-2928.0,6096.0,8000.0,1262.0,246646.0
425,3924.0,-15356.0,-1396.0,-2896.0,6038.0,7931.0,1287.0,246652.0
426,3280.0,-15236.0,-1488.0,-2912.0,5854.0,7336.0,1217.0,246659.0
427,2776.0,-15608.0,-1484.0,-2944.0,5667.0,6448.0,1243.0,246664.0
428,2616.0,-16172.0,-1244.0,-2944.0,5569.0,5563.0,1222.0,246670.0
429,2616.0,-16360.0,-896.0,-2928.0,5549.0,4780.0,1163.0,246676.0
430,2756.0,-16416.0,-504.0,-2912.0,5514.0,4127.0,1098.0,246682.0
431,3316.0,-16404.0,-128.0,-2912.0,5505.0,3772.0,1042.0,246688.0
432,3964.0,-16332.0,164.0,-2928.0,5520.0,3848.0,982.0,246694.0
433,4464.0,-16268.0,12.0,-2928.0,5535.0,4014.0,1003.0,246701.0
434,4812.0,-15916.0,-128.0,-2896.0,5546.0,4029.0,1057.0,246707.0
435,4752.0,-15596.0,180.0,-2912.0,5529.0,3783.0,1178.0,246713.0
436,4600.0,-15416.0,480.0,-2880.0,5415.0,3542.0,1311.0,246719.0
437,4516.0,-15408.0,744.0,-2896.0,5299.0,3296.0,1359.0,246724.0
438,4360.0,-15472.0,876.0,-2928.0,5213.0,3127.0,1449.0,246730.0
439,4416.0,-15908.0,1008.0,-2928.0,5178.0,3102.0,1506.0,246736.0
440,4272.0,-15912.0,1036.0,-2912.0,5115.0,3212.0,1596.0,246743.0
441,4104.0,-15864.0,1120.0,-2960.0,5043.0,3321.0,1585.0,246749.0
442,3960.0,-15844.0,1036.0,-2928.0,5016.0,3264.0,1612.0,246755.0
443,3800.0,-15840.0,1204.0,-2912.0,4990.0,3137.0,1680.0,246761.0
444,3524.0,-15772.0,1348.0,-2896.0,4962.0,3035.0,1720.0,246767.0
445,3200.0,-16052.0,1416.0,-2928.0,4953.0,2864.0,1658.0,246773.0
446,2900.0,-16004.0,1500.0,-2912.0,4933.0,2516.0,1613.0,246779.0
447,2904.0,-15896.0,1828.0,-2928.0,4869.0,2183.0,1549.0,246785.0
448,2972.0,-16068.0,1736.0,-2928.0,4908.0,1906.0,1419.0,246791.0
449,3248.0,-16216.0,1420.0,-2912.0,4944.0,1681.0,1372.0,246797.0
450,3452.0,-15960.0,1832.0,-2896.0,4942.0,1417.0,1307.0,246803.0
451,3496.0,-15896.0,1952.0,-2928.0,4917.0,1319.0,1345.0,246809.0
452,3708.0,-16036.0,2096.0,-2912.0,4902.0,1407.0,1304.0,246815.0
453,3688.0,-16056.0,2128.0,-2928.0,4865.0,1545.0,1231.0,246821.0
454,3740.0,-15848.0,2356.0,-2928.0,4825.0,1642.0,1228.0,246828.0
455,3720.0,-15820.0,2276.0,-2912.0,4795.0,1823.0,1225.0,246834.0
456,3788.0,-15892.0,2336.0,-2928.0,4769.0,2014.0,1221.0,246840.0
457,3796.0,-16084.0,2332.0,-2928.0,4762.0,2257.0,1188.0,246846.0
458,3704.0,-16216.0,2192.0,-2944.0,4777.0,2502.0,1204.0,246852.0
459,3604.0,-16532.0,2020.0,-2928.0,4842.0,2708.0,1227.0,246857.0
460,3384.0,-16608.0,1996.0,-2944.0,4977.0,2737.0,1210.0,246863.0
461,3212.0,-16752.0,2044.0,-2912.0,5139.0,2593.0,1210.0,246870.0
462,3344.0,-16872.0,2044.0,-2896.0,5379.0,2462.0,1304.0,246876.0
463,3504.0,-16896.0,2028.0,-2928.0,5576.0,2437.0,1384.0,246882.0
464,3944.0,-17416.0,1640.0,-2912.0,5878.0,2331.0,1543.0,246888.0
465,4180.0,-17732.0,1688.0,-2896.0,6192.0,2227.0,1788.0,246894.0
466,4332.0,-17816.0,1600.0,-2896.0,6541.0,2126.0,1991.0,246900.0
467,4424.0,-17468.0,1500.0,-2880.0,6901.0,2088.0,2322.0,246906.0
468,4008.0,-17640.0,1860.0,-2928.0,7254.0,2047.0,2643.0,246913.0
469,3520.0,-17808.0,2404.0,-2928.0,7589.0,1912.0,2992.0,246919.0
470,3148.0,-17920.0,2708.0,-2912.0,7917.0,1654.0,3311.0,246925.0
471,3744.0,-18136.0,2888.0,-2928.0,8217.0,1257.0,3621.0,246930.0
472,4092.0,-18200.0,2820.0,-2928.0,8465.0,959.0,3951.0,246936.0
473,4448.0,-18548.0,2908.0,-2880.0,8745.0,906.0,4369.0,246942.0
474,5184.0,-18680.0,2744.0,-2880.0,9053.0,1044.0,4560.0,246948.0
475,5380.0,-18652.0,2336.0,-2896.0,9337.0,1402.0,5041.0,246955.0
476,5732.0,-19000.0,2724.0,-2928.0,9694.0,1871.0,5463.0,246961.0
477,5852.0,-19076.0,3112.0,-2912.0,9963.0,2328.0,5792.0,246967.0
478,5632.0,-20052.0,3524.0,-2928.0,10313.0,2818.0,6213.0,246973.0
479,5168.0,-20468.0,3296.0,-2912.0,10624.0,3307.0,6685.0,246979.0
480,4032.0,-21308.0,2972.0,-2896.0,10795.0,3837.0,7328.0,246985.0
481,3308.0,-22880.0,4016.0,-2912.0,11050.0,3795.0,8033.0,246991.0
482,3444.0,-25028.0,4412.0,-2960.0,11374.0,3338.0,8703.0,246998.0
483,5104.0,-26212.0,3740.0,-2912.0,11805.0,3148.0,9014.0,247004.0
484,4772.0,-27504.0,2544.0,-2896.0,12317.0,3544.0,9512.0,247010.0
485,8908.0,-27452.0,1272.0,-2912.0,13119.0,4452.0,9515.0,247015.0
486,6088.0,-27688.0,1184.0,-2928.0,13711.0,5702.0,9710.0,247021.0
487,6424.0,-28740.0,940.0,-2912.0,14498.0,5980.0,10144.0,247027.0
488,5024.0,-30056.0,-4.0,-2944.0,15571.0,6258.0,10784.0,247033.0
489,4420.0,-29612.0,0.0,-2912.0,16453.0,6545.0,11381.0,247040.0
490,3636.0,-30000.0,124.0,-2912.0,17312.0,6929.0,11707.0,247046.0
491,3416.0,-31152.0,252.0,-2896.0,18335.0,6818.0,12503.0,247052.0
492,4256.0,-32656.0,1564.0,-2912.0,19548.0,6306.0,13045.0,247058.0
493,5644.0,-32768.0,412.0,-2928.0,20591.0,5727.0,13233.0,247064.0
494,8728.0,-32768.0,-748.0,-2928.0,21344.0,5412.0,12807.0,247070.0
495,11316.0,-32768.0,-2852.0,-2912.0,21870.0,6365.0,12304.0,247076.0
496,13388.0,-32768.0,-7516.0,-2944.0,22544.0,8135.0,11988.0,247083.0
497,13224.0,-32768.0,-13404.0,-2912.0,22894.0,9451.0,12181.0,247089.0
498,12524.0,-32768.0,-19796.0,-2944.0,22518.0,9763.0,12215.0,247095.0
499,11488.0,-29736.0,-22684.0,-2896.0,21903.0,9700.0,12253.0,247101.0
500,8736.0,-25232.0,-21128.0,-2928.0,20711.0,8981.0,11789.0,247107.0
501,7512.0,-22384.0,-18908.0,-2896.0,19387.0,7830.0,12781.0,247114.0
502,4512.0,-19624.0,-16976.0,-2928.0,17789.0,7284.0,13111.0,247120.0
503,3512.0,-16568.0,-14000.0,-2944.0,15888.0,6216.0,13204.0,247127.0
504,4024.0,-15292.0,-8940.0,-2912.0,14379.0,4808.0,13077.0,247133.0
505,3716.0,-15212.0,-3704.0,-2896.0,13029.0,3418.0,12663.0,247139.0
506,4528.0,-16540.0,456.0,-2896.0,11089.0,2166.0,11140.0,247145.0
507,5260.0,-19372.0,2612.0,-2928.0,9217.0,1393.0,11453.0,247151.0
508,7440.0,-25092.0,9348.0,-2912.0,9861.0,733.0,7314.0,247157.0
509,3376.0,-31256.0,13740.0,-2928.0,12113.0,506.0,5620.0,247163.0
510,-268.0,-32604.0,11312.0,-2912.0,14758.0,288.0,7760.0,247170.0
511,92.0,-27060.0,9348.0,-2896.0,16131.0,-1297.0,8665.0,247176.0
512,928.0,-18236.0,2956.0,-2896.0,15990.0,-4094.0,7415.0,247182.0
513,-28.0,-8820.0,-2416.0,-2912.0,13106.0,-6316.0,5749.0,247188.0
514,-116.0,-6780.0,-5740.0,-2928.0,10017.0,-7086.0,4685.0,247194.0
515,300.0,-6784.0,-8516.0,-2896.0,7510.0,-7697.0,3769.0,247199.0
516,2464.0,-5296.0,-11664.0,-2928.0,4975.0,-9077.0,2509.0,247205.0
517,5868.0,-3804.0,-13296.0,-2912.0,2415.0,-10154.0,359.0,247212.0
518,8616.0,-2756.0,-14284.0,-2928.0,74.0,-10516.0,-1764.0,247218.0
519,10904.0,-2292.0,-13704.0,-2944.0,-1948.0,-10119.0,-3203.0,247224.0
520,12880.0,-1756.0,-12668.0,-2912.0,-3586.0,-8703.0,-3972.0,247230.0
521,13792.0,-1088.0,-12000.0,-2928.0,-5002.0,-6442.0,-4226.0,247236.0
522,13904.0,144.0,-11176.0,-2896.0,-6682.0,-3854.0,-4496.0,247242.0
523,12556.0,1064.0,-10584.0,-2912.0,-8819.0,-1430.0,-4949.0,247248.0
524,10144.0,1112.0,-9908.0,-2928.0,-11116.0,434.0,-5459.0,247255.0
525,7500.0,580.0,-8880.0,-2912.0,-13247.0,1644.0,-5936.0,247261.0
526,4748.0,-132.0,-8244.0,-2896.0,-15274.0,2127.0,-6527.0,247267.0
527,2604.0,-652.0,-7556.0,-2944.0,-17207.0,1872.0,-7133.0,247273.0
528,1036.0,-1304.0,-7348.0,-2880.0,-19050.0,1285.0,-7676.0,247279.0
529,-12.0,-2144.0,-6976.0,-2896.0,-20879.0,480.0,-8227.0,247285.0
530,-520.0,-2716.0,-6672.0,-2928.0,-22628.0,-334.0,-8620.0,247291.0
531,-428.0,-3120.0,-7240.0,-2928.0,-24539.0,-907.0,-9061.0,247298.0
532,-428.0,-4352.0,-7872.0,-2912.0,-26387.0,-1432.0,-9478.0,247303.0
533,-68.0,-5332.0,-8244.0,-2896.0,-28247.0,-2020.0,-9836.0,247309.0
534,-24.0,-6700.0,-8360.0,-2896.0,-29795.0,-2301.0,-10155.0,247315.0
535,-92.0,-8104.0,-8200.0,-2912.0,-31173.0,-2500.0,-10290.0,247321.0
536,352.0,-9208.0,-7560.0,-2928.0,-32543.0,-2500.0,-10373.0,247327.0
537,848.0,-10412.0,-7164.0,-2912.0,-32768.0,-2330.0,-10423.0,247333.0
538,1376.0,-11640.0,-6716.0,-2960.0,-32768.0,-1956.0,-10566.0,247340.0
539,2296.0,-12928.0,-5764.0,-2928.0,-32768.0,-1547.0,-10918.0,247346.0
540,3284.0,-14596.0,-5172.0,-2896.0,-32768.0,-966.0,-11295.0,247352.0
541,4480.0,-16320.0,-4544.0,-2928.0,-32768.0,-198.0,-11765.0,247358.0
542,5944.0,-18468.0,-3824.0,-2912.0,-32768.0,1001.0,-12176.0,247365.0
543,6204.0,-19268.0,-3492.0,-2896.0,-32768.0,2827.0,-12641.0,247371.0
544,5944.0,-19460.0,-3640.0,-2896.0,-32768.0,4538.0,-13257.0,247377.0
545,5052.0,-20520.0,-3484.0,-2912.0,-32768.0,5751.0,-14052.0,247384.0
546,4064.0,-22420.0,-3560.0,-2896.0,-32768.0,6525.0,-14826.0,247391.0
547,2664.0,-24784.0,-2884.0,-2912.0,-32768.0,6654.0,-15368.0,247397.0
548,1468.0,-26488.0,-2408.0,-2912.0,-32768.0,6370.0,-15847.0,247403.0
549,416.0,-28120.0,-2008.0,-2896.0,-32768.0,5651.0,-16282.0,247409.0
550,-552.0,-30084.0,-1188.0,-2896.0,-32768.0,4567.0,-16627.0,247415.0
551,-1548.0,-32116.0,268.0,-2928.0,-32768.0,3119.0,-16912.0,247422.0
552,-2716.0,-32768.0,2056.0,-2928.0,-32768.0,1674.0,-17114.0,247429.0
553,-3596.0,-32768.0,4340.0,-2912.0,-32768.0,308.0,-17368.0,247435.0
554,-3340.0,-32768.0,6408.0,-2896.0,-32768.0,-920.0,-17717.0,247441.0
555,-2480.0,-32768.0,8552.0,-2912.0,-32768.0,-2016.0,-18083.0,247447.0
556,-1436.0,-32768.0,10688.0,-2912.0,-32768.0,-3121.0,-18269.0,247454.0
557,-392.0,-32768.0,12996.0,-2896.0,-32768.0,-4175.0,-18127.0,247460.0
558,696.0,-32768.0,15068.0,-2864.0,-32768.0,-5122.0,-17566.0,247467.0
559,1788.0,-32768.0,17148.0,-2960.0,-32768.0,-5518.0,-16529.0,247474.0
560,2328.0,-32768.0,20784.0,-2912.0,-31739.0,-5190.0,-15088.0,247480.0
561,2208.0,-32768.0,24204.0,-2928.0,-29107.0,-4036.0,-13636.0,247486.0
562,1804.0,-32768.0,27196.0,-2944.0,-26253.0,-2513.0,-12476.0,247492.0
563,532.0,-32768.0,28684.0,-2928.0,-23575.0,-1210.0,-11526.0,247499.0
564,-1208.0,-30432.0,29792.0,-2928.0,-20949.0,-32.0,-10735.0,247505.0
565,-2760.0,-28800.0,31068.0,-2912.0,-18450.0,1021.0,-9928.0,247512.0
566,-4272.0,-28252.0,32767.0,-2896.0,-15756.0,2042.0,-9052.0,247518.0
567,-4868.0,-27924.0,32767.0,-2912.0,-12782.0,3246.0,-7760.0,247525.0
568,-4852.0,-27360.0,32767.0,-2928.0,-9430.0,4463.0,-6217.0,247531.0
569,-4640.0,-26884.0,32767.0,-2880.0,-5615.0,5622.0,-4311.0,247537.0
570,-5544.0,-26576.0,32767.0,-2928.0,-1512.0,6600.0,-2289.0,247543.0
571,-7888.0,-26876.0,32767.0,-2928.0,2614.0,6828.0,-398.0,247549.0
572,-11984.0,-26816.0,32767.0,-2896.0,6591.0,5801.0,1443.0,247556.0
573,-14580.0,-27240.0,32752.0,-2912.0,10159.0,3487.0,2489.0,247562.0
574,-19312.0,-26572.0,28004.0,-2960.0,13727.0,-176.0,2239.0,247569.0
575,-18852.0,-23988.0,29756.0,-2928.0,15238.0,-3800.0,9730.0,247575.0
576,-10100.0,-23144.0,23796.0,-2896.0,17499.0,-5929.0,5582.0,247581.0
577,-20576.0,-19476.0,16936.0,-2912.0,17867.0,-9606.0,5125.0,247587.0
578,-14152.0,3788.0,-32768.0,-2928.0,8950.0,-16638.0,6300.0,247593.0
579,32767.0,6032.0,-32768.0,-2912.0,-16571.0,-18042.0,-10797.0,247601.0
580,32767.0,-32768.0,-32768.0,-2912.0,240.0,-23494.0,-19340.0,247607.0
581,9232.0,-32768.0,2876.0,-2944.0,23208.0,-27882.0,7966.0,247613.0
582,-340.0,-22140.0,26528.0,-2912.0,21103.0,-8307.0,13499.0,247619.0
583,-15632.0,-32768.0,32767.0,-2928.0,23592.0,-3864.0,9242.0,247625.0
584,-14764.0,-32768.0,32767.0,-2880.0,25455.0,-9628.0,5574.0,247632.0
585,-23220.0,-32768.0,7408.0,-2928.0,20925.0,-14704.0,1813.0,247639.0
586,-18036.0,-24672.0,-19812.0,-2912.0,17991.0,-16694.0,-712.0,247645.0
587,88.0,-17576.0,-10856.0,-2928.0,20797.0,-18243.0,429.0,247651.0
588,16672.0,-3112.0,2728.0,-2912.0,21868.0,-18412.0,275.0,247657.0
589,15284.0,1156.0,6452.0,-2928.0,17796.0,-12472.0,-783.0,247663.0
590,10836.0,-8676.0,2756.0,-2928.0,14673.0,-7844.0,1069.0,247669.0
591,14148.0,-14172.0,-1624.0,-2912.0,13563.0,-6245.0,2090.0,247675.0
592,14912.0,-16676.0,-2720.0,-2912.0,14772.0,-4481.0,871.0,247683.0
593,12932.0,-15284.0,-272.0,-2912.0,15007.0,-525.0,2441.0,247689.0
594,11116.0,-16868.0,736.0,-2928.0,14599.0,5300.0,3871.0,247695.0
595,4500.0,-17868.0,348.0,-2880.0,13949.0,9944.0,4352.0,247701.0
596,-2916.0,-15968.0,972.0,-2928.0,12663.0,11429.0,4072.0,247706.0
597,-6008.0,-14344.0,304.0,-2928.0,11383.0,8599.0,2136.0,247713.0
598,-4708.0,-15476.0,-872.0,-2912.0,11026.0,3712.0,625.0,247718.0
599,-572.0,-16112.0,-1300.0,-2928.0,10824.0,-293.0,281.0,247725.0
600,3080.0,-15468.0,-600.0,-2896.0,10226.0,-1256.0,615.0,247731.0
601,4348.0,-15480.0,148.0,-2928.0,9620.0,335.0,609.0,247737.0
602,2852.0,-15728.0,-296.0,-2928.0,9067.0,1970.0,191.0,247743.0
603,1068.0,-15020.0,-672.0,-2928.0,8555.0,2043.0,-357.0,247749.0
604,412.0,-14392.0,-948.0,-2928.0,8040.0,1105.0,-706.0,247755.0
605,940.0,-14208.0,-968.0,-2960.0,7779.0,-147.0,-1050.0,247760.0
606,1772.0,-14476.0,-712.0,-2896.0,7688.0,-1443.0,-1523.0,247767.0
607,2516.0,-14852.0,-572.0,-2928.0,7653.0,-2548.0,-1895.0,247773.0
608,3696.0,-15468.0,-496.0,-2960.0,7592.0,-3175.0,-2006.0,247779.0
609,4520.0,-15604.0,-732.0,-2928.0,7506.0,-3153.0,-1909.0,247785.0
610,5608.0,-15604.0,-656.0,-2912.0,7338.0,-2770.0,-1669.0,247791.0
611,6344.0,-15772.0,-752.0,-2912.0,7149.0,-2130.0,-1328.0,247797.0
612,6656.0,-16036.0,-672.0,-2928.0,6908.0,-1073.0,-841.0,247803.0
613,6364.0,-16152.0,-560.0,-2912.0,6524.0,-52.0,-361.0,247810.0
614,5460.0,-15972.0,-288.0,-2928.0,6174.0,845.0,-78.0,247815.0
615,4692.0,-15584.0,-460.0,-2912.0,5818.0,1276.0,21.0,247821.0
616,3752.0,-15588.0,-384.0,-2944.0,5566.0,1215.0,72.0,247827.0
617,3252.0,-15708.0,-272.0,-2912.0,5332.0,986.0,59.0,247833.0
618,3140.0,-15920.0,-320.0,-2960.0,5177.0,647.0,-52.0,247839.0
619,3168.0,-16364.0,-316.0,-2896.0,5127.0,450.0,-208.0,247844.0
620,3040.0,-16676.0,-532.0,-2944.0,5104.0,299.0,-334.0,247851.0
621,2872.0,-16740.0,-624.0,-2944.0,5186.0,116.0,-404.0,247857.0
622,3248.0,-16540.0,-488.0,-2912.0,5270.0,-126.0,-493.0,247863.0
623,3460.0,-16208.0,-184.0,-2912.0,5302.0,-365.0,-508.0,247869.0
624,3760.0,-16000.0,-60.0,-2928.0,5294.0,-482.0,-554.0,247874.0
625,4196.0,-16068.0,-104.0,-2928.0,5261.0,-508.0,-454.0,247880.0
626,4856.0,-16024.0,128.0,-2960.0,5269.0,-391.0,-347.0,247886.0
627,5416.0,-15760.0,-36.0,-2928.0,5219.0,-112.0,-155.0,247892.0
628,5924.0,-15616.0,172.0,-2944.0,5190.0,326.0,54.0,247898.0
629,5976.0,-15676.0,328.0,-2928.0,5161.0,847.0,219.0,247904.0
630,5816.0,-15844.0,236.0,-2928.0,5159.0,1362.0,395.0,247910.0
631,5320.0,-15864.0,308.0,-2928.0,5180.0,1788.0,527.0,247916.0
632,4652.0,-15832.0,624.0,-2928.0,5177.0,1997.0,633.0,247922.0
633,4180.0,-15860.0,864.0,-2928.0,5163.0,1995.0,665.0,247928.0
634,4080.0,-15920.0,1016.0,-2960.0,5137.0,1907.0,663.0,247933.0
635,4172.0,-16008.0,880.0,-2944.0,5136.0,1797.0,707.0,247940.0
636,4356.0,-15868.0,984.0,-2912.0,5108.0,1687.0,791.0,247946.0
637,4564.0,-15868.0,744.0,-2944.0,5095.0,1615.0,791.0,247952.0
638,4456.0,-15832.0,992.0,-2912.0,5052.0,1601.0,825.0,247958.0
639,4180.0,-15848.0,1264.0,-2912.0,4979.0,1604.0,846.0,247964.0
640,4132.0,-15976.0,1364.0,-2912.0,4946.0,1541.0,853.0,247969.0
641,4036.0,-15948.0,1348.0,-2912.0,4908.0,1553.0,836.0,247975.0
642,4092.0,-15944.0,1180.0,-2944.0,4941.0,1646.0,862.0,247982.0
643,3704.0,-16024.0,1468.0,-2928.0,4967.0,1742.0,801.0,247988.0
644,3564.0,-15972.0,1688.0,-2928.0,4966.0,1702.0,780.0,247994.0
645,3592.0,-16176.0,1660.0,-2896.0,4975.0,1639.0,723.0,248000.0
646,3800.0,-16416.0,1856.0,-2928.0,5048.0,1548.0,671.0,248006.0
647,4048.0,-16268.0,1748.0,-2928.0,5070.0,1475.0,634.0,248011.0
648,4412.0,-16224.0,1788.0,-2960.0,5037.0,1477.0,611.0,248017.0
649,4664.0,-15972.0,1948.0,-2912.0,5050.0,1603.0,625.0,248024.0
650,4732.0,-15996.0,1884.0,-2912.0,5036.0,1801.0,660.0,248030.0
651,4612.0,-16092.0,1932.0,-2912.0,5039.0,2086.0,695.0,248036.0
652,4472.0,-16300.0,2016.0,-2960.0,5041.0,2419.0,712.0,248042.0
653,4188.0,-16548.0,2120.0,-2896.0,5123.0,2620.0,706.0,248048.0
654,4320.0,-16384.0,1808.0,-2928.0,5179.0,2846.0,686.0,248053.0
655,4464.0,-16320.0,1980.0,-2928.0,5295.0,3093.0,714.0,248059.0
656,4620.0,-16348.0,1736.0,-2976.0,5442.0,3452.0,812.0,248066.0
657,4480.0,-16616.0,1756.0,-2912.0,5642.0,3676.0,895.0,248072.0
658,4540.0,-16684.0,1604.0,-2912.0,5884.0,3749.0,895.0,248078.0
659,5188.0,-17136.0,1792.0,-2912.0,6142.0,3678.0,965.0,248084.0
660,7416.0,-17324.0,1148.0,-2928.0,6403.0,3641.0,565.0,248090.0
661,6928.0,-16484.0,752.0,-2928.0,6610.0,3684.0,1182.0,248095.0
662,6608.0,-16832.0,1392.0,-2928.0,6908.0,4222.0,1640.0,248101.0
663,5764.0,-16888.0,1884.0,-2944.0,7214.0,4580.0,1769.0,248108.0
664,5576.0,-16920.0,1976.0,-2944.0,7580.0,4463.0,2001.0,248114.0
665,5700.0,-16812.0,1852.0,-2928.0,7943.0,4429.0,2279.0,248120.0
666,5580.0,-17076.0,2008.0,-2912.0,8330.0,4540.0,2576.0,248126.0
667,5360.0,-17324.0,2028.0,-2912.0,8684.0,4465.0,2806.0,248132.0
668,5144.0,-17520.0,1940.0,-2928.0,9054.0,4320.0,3079.0,248138.0
669,5080.0,-17744.0,2056.0,-2928.0,9397.0,4186.0,3322.0,248144.0
670,5012.0,-17952.0,2448.0,-2912.0,9702.0,4058.0,3628.0,248151.0
671,4872.0,-18312.0,2564.0,-2928.0,10064.0,4104.0,3924.0,248157.0
672,4368.0,-18348.0,2712.0,-2944.0,10364.0,4265.0,4286.0,248163.0
673,4180.0,-18372.0,2868.0,-2928.0,10707.0,4475.0,4561.0,248169.0
674,3464.0,-18716.0,2932.0,-2912.0,11085.0,4564.0,4913.0,248174.0
675,2860.0,-19104.0,3136.0,-2928.0,11476.0,4559.0,5238.0,248180.0
676,2564.0,-19228.0,3496.0,-2944.0,11847.0,4400.0,5556.0,248186.0
677,2448.0,-19592.0,3476.0,-2928.0,12230.0,4192.0,5833.0,248193.0
678,2140.0,-19960.0,3488.0,-2944.0,12612.0,3989.0,6133.0,248199.0
679,1928.0,-20916.0,3516.0,-2928.0,13135.0,3866.0,6486.0,248205.0
680,748.0,-22092.0,3876.0,-2944.0,13560.0,3698.0,7111.0,248211.0
681,-136.0,-23856.0,4672.0,-2928.0,13971.0,3164.0,8005.0,248217.0
682,20.0,-25964.0,4768.0,-2912.0,14283.0,2346.0,8679.0,248223.0
683,1668.0,-27140.0,4452.0,-2912.0,14921.0,1693.0,8971.0,248229.0
684,2016.0,-26184.0,3800.0,-2928.0,15345.0,1591.0,8798.0,248236.0
685,7748.0,-28520.0,1932.0,-2912.0,16547.0,1517.0,9516.0,248242.0
686,6000.0,-28704.0,1792.0,-2928.0,17133.0,2886.0,8217.0,248248.0
687,7116.0,-31032.0,1020.0,-2912.0,17930.0,3094.0,8729.0,248254.0
688,8356.0,-32464.0,704.0,-2960.0,18702.0,4300.0,8666.0,248260.0
689,7140.0,-32768.0,1096.0,-2944.0,19511.0,5268.0,9169.0,248266.0
690,7992.0,-32768.0,1128.0,-2928.0,20154.0,6176.0,9077.0,248272.0
691,6964.0,-32768.0,2276.0,-2912.0,21034.0,7155.0,8064.0,248279.0
692,5816.0,-32768.0,672.0,-2928.0,21567.0,7241.0,8246.0,248285.0
693,6556.0,-32768.0,-2284.0,-2912.0,22078.0,7351.0,8307.0,248290.0
694,6648.0,-32768.0,-6044.0,-2896.0,22052.0,7715.0,8455.0,248296.0
695,6956.0,-30780.0,-10940.0,-2944.0,21519.0,8155.0,8740.0,248302.0
696,6824.0,-27932.0,-15264.0,-2928.0,20503.0,8384.0,8709.0,248308.0
697,6228.0,-25080.0,-18136.0,-2928.0,18966.0,7952.0,8591.0,248314.0
698,5412.0,-22696.0,-17588.0,-2928.0,17353.0,6564.0,8392.0,248321.0
699,5536.0,-19296.0,-15128.0,-2928.0,15700.0,5029.0,8193.0,248328.0
700,6292.0,-13992.0,-12096.0,-2912.0,14143.0,4349.0,7631.0,248334.0
701,7020.0,-10604.0,-7140.0,-2944.0,13079.0,3877.0,6587.0,248340.0
702,8508.0,-8124.0,884.0,-2912.0,12772.0,4448.0,5849.0,248346.0
703,9032.0,-8116.0,6896.0,-2880.0,13015.0,5874.0,5112.0,248352.0
704,7160.0,-10408.0,10788.0,-2928.0,13482.0,8289.0,4476.0,248357.0
705,2080.0,-9344.0,4216.0,-2944.0,11582.0,10273.0,3763.0,248364.0
706,544.0,-12032.0,6548.0,-2928.0,10788.0,10501.0,4392.0,248370.0
707,2736.0,-6532.0,-5464.0,-2912.0,7894.0,11013.0,602.0,248376.0
708,692.0,-4544.0,-10408.0,-2960.0,4228.0,10897.0,1969.0,248382.0
709,-1332.0,-5516.0,-10616.0,-2960.0,2519.0,11263.0,2669.0,248388.0
710,-3404.0,-5332.0,-9860.0,-2928.0,1286.0,10147.0,2670.0,248394.0
711,-3896.0,-4624.0,-8888.0,-2944.0,-94.0,8180.0,2983.0,248400.0
712,-3848.0,-4796.0,-7364.0,-2928.0,-1419.0,7193.0,3045.0,248407.0
713,-3792.0,-5440.0,-6168.0,-2944.0,-2793.0,6757.0,3156.0,248413.0
714,-2980.0,-5528.0,-5588.0,-2928.0,-4069.0,6075.0,2757.0,248419.0
715,-2184.0,-4324.0,-5376.0,-2912.0,-5509.0,5090.0,1653.0,248425.0
716,-3048.0,-3772.0,-5008.0,-2912.0,-7022.0,3717.0,551.0,248431.0
717,-3708.0,-3516.0,-5140.0,-2944.0,-8575.0,1778.0,-120.0,248436.0
718,-4064.0,-3924.0,-4772.0,-2928.0,-10220.0,-259.0,-1090.0,248442.0
719,-4208.0,-5056.0,-3556.0,-2896.0,-11555.0,-2085.0,-1951.0,248449.0
720,-3584.0,-6296.0,-2936.0,-2928.0,-12731.0,-3471.0,-2384.0,248455.0
721,-2340.0,-6248.0,-3036.0,-2912.0,-13992.0,-4435.0,-2891.0,248461.0
722,-1404.0,-5856.0,-3416.0,-2928.0,-15400.0,-5154.0,-3482.0,248467.0
723,-784.0,-6068.0,-3540.0,-2976.0,-16645.0,-5962.0,-3981.0,248473.0
724,-616.0,-6508.0,-3616.0,-2928.0,-17764.0,-6808.0,-4280.0,248479.0
725,-876.0,-6944.0,-3396.0,-2944.0,-18796.0,-7359.0,-4373.0,248485.0
726,-960.0,-7276.0,-2888.0,-2928.0,-19799.0,-7671.0,-4367.0,248492.0
727,-932.0,-7532.0,-2152.0,-2896.0,-20775.0,-7900.0,-4404.0,248498.0
728,-512.0,-8008.0,-1668.0,-2944.0,-21801.0,-8006.0,-4548.0,248504.0
729,-36.0,-8320.0,-960.0,-2928.0,-22890.0,-8235.0,-4826.0,248510.0
730,712.0,-8684.0,-816.0,-2928.0,-23870.0,-8359.0,-5040.0,248516.0
731,1336.0,-9156.0,-856.0,-2928.0,-24906.0,-8354.0,-5312.0,248521.0
732,1472.0,-9832.0,-1116.0,-2944.0,-25843.0,-8343.0,-5474.0,248527.0
733,1016.0,-10416.0,-800.0,-2944.0,-26683.0,-8571.0,-5575.0,248534.0
734,-516.0,-11144.0,-72.0,-2944.0,-27290.0,-9279.0,-5602.0,248541.0
735,-2520.0,-12324.0,1644.0,-2944.0,-27687.0,-10350.0,-5543.0,248547.0
736,-3620.0,-12564.0,2644.0,-2912.0,-28160.0,-11682.0,-5608.0,248553.0
737,-4388.0,-12596.0,3008.0,-2944.0,-28766.0,-13294.0,-5836.0,248559.0
738,-3996.0,-12876.0,3036.0,-2944.0,-29399.0,-14935.0,-6163.0,248566.0
739,-2852.0,-13452.0,3828.0,-2912.0,-29852.0,-16538.0,-6450.0,248572.0
740,-1152.0,-14184.0,4700.0,-2944.0,-30206.0,-17652.0,-6494.0,248579.0
741,912.0,-14836.0,5768.0,-2960.0,-30467.0,-17957.0,-6410.0,248585.0
742,2864.0,-15812.0,7660.0,-2944.0,-30598.0,-17605.0,-6204.0,248592.0
743,4436.0,-16704.0,10348.0,-2912.0,-30432.0,-16783.0,-6053.0,248598.0
744,5772.0,-17692.0,14288.0,-2928.0,-30074.0,-15602.0,-5980.0,248604.0
745,6064.0,-18416.0,15312.0,-2928.0,-29759.0,-14080.0,-6005.0,248610.0
746,5940.0,-19180.0,15424.0,-2928.0,-29563.0,-12672.0,-5995.0,248617.0
747,5672.0,-20704.0,16224.0,-2928.0,-28840.0,-11487.0,-5601.0,248624.0
748,5080.0,-22160.0,19824.0,-2928.0,-27415.0,-10045.0,-4561.0,248630.0
749,4448.0,-22048.0,22180.0,-2960.0,-25921.0,-8438.0,-3516.0,248637.0
750,8112.0,-19564.0,25652.0,-2912.0,-25915.0,-8138.0,-3186.0,248643.0
751,32767.0,-32768.0,32767.0,-2976.0,-5314.0,-23403.0,-11029.0,248649.0
752,-6796.0,-32768.0,32767.0,-2944.0,27913.0,-17254.0,-4126.0,248656.0
753,-32768.0,-32768.0,32767.0,-2912.0,13524.0,22331.0,13084.0,248663.0
754,-12276.0,24308.0,20400.0,-2944.0,9814.0,8228.0,9830.0,248669.0
755,-328.0,32767.0,4100.0,-2944.0,8787.0,9644.0,-2615.0,248675.0
756,-4564.0,32767.0,2368.0,-2912.0,7522.0,2877.0,-5477.0,248681.0
757,23040.0,-2580.0,-10608.0,-2928.0,5688.0,-3152.0,-3825.0,248687.0
758,32767.0,-18024.0,-26812.0,-2960.0,5101.0,-4263.0,-5907.0,248693.0
759,21148.0,-22944.0,-26172.0,-2960.0,5198.0,-1975.0,-1002.0,248699.0
760,9316.0,-32768.0,1144.0,-2928.0,9653.0,1803.0,3402.0,248706.0
761,-688.0,-32768.0,13208.0,-2960.0,14491.0,3929.0,5946.0,248712.0
762,-9808.0,-23172.0,18920.0,-2960.0,12796.0,5627.0,10921.0,248718.0
763,-7356.0,-8008.0,8020.0,-2928.0,8437.0,5804.0,5544.0,248724.0
764,-6700.0,-14804.0,2264.0,-2960.0,8058.0,1845.0,-657.0,248730.0
765,-7236.0,-14640.0,6188.0,-2944.0,8393.0,-1647.0,-3597.0,248736.0
766,-4180.0,-14628.0,7472.0,-2928.0,8898.0,-2849.0,-1801.0,248742.0
767,748.0,-14032.0,5240.0,-2912.0,8327.0,-2536.0,-2021.0,248749.0
768,4792.0,-14760.0,2040.0,-2896.0,7536.0,-1308.0,-2282.0,248755.0
769,8232.0,-16608.0,636.0,-2944.0,7418.0,483.0,-1695.0,248761.0
770,8940.0,-16924.0,292.0,-2944.0,7321.0,3184.0,-663.0,248767.0
771,6096.0,-16264.0,1560.0,-2912.0,7361.0,5218.0,-117.0,248773.0
772,1676.0,-15256.0,4344.0,-2928.0,7192.0,5053.0,-142.0,248779.0
773,-1672.0,-14844.0,6188.0,-2960.0,6723.0,3855.0,-117.0,248785.0
774,-2240.0,-15276.0,5976.0,-2944.0,6302.0,2775.0,-441.0,248791.0
775,-1016.0,-15476.0,5640.0,-2928.0,6046.0,1796.0,-941.0,248797.0
776,1744.0,-15756.0,5008.0,-2896.0,5862.0,1182.0,-1018.0,248803.0
777,4936.0,-15784.0,3632.0,-2944.0,5730.0,1574.0,-706.0,248809.0
778,5324.0,-16028.0,3128.0,-2928.0,5575.0,2572.0,-140.0,248815.0
779,3828.0,-16032.0,3512.0,-2928.0,5464.0,3240.0,647.0,248821.0
780,1912.0,-15656.0,4432.0,-2976.0,5381.0,3518.0,1125.0,248827.0
781,656.0,-15436.0,4656.0,-2960.0,5240.0,3150.0,1031.0,248834.0
782,608.0,-15780.0,4760.0,-2960.0,5256.0,2274.0,650.0,248840.0
783,1356.0,-16116.0,4060.0,-2960.0,5348.0,1596.0,363.0,248846.0
784,2400.0,-16708.0,3940.0,-2944.0,5578.0,1362.0,267.0,248851.0
785,3048.0,-17512.0,3748.0,-2944.0,5980.0,1648.0,478.0,248857.0
786,3588.0,-16952.0,3276.0,-2928.0,6314.0,1875.0,731.0,248863.0
787,3336.0,-16776.0,3208.0,-2928.0,6435.0,2439.0,1086.0,248869.0
788,2240.0,-17424.0,3752.0,-2944.0,6558.0,3025.0,1380.0,248876.0
789,752.0,-18356.0,3508.0,-2960.0,6735.0,3310.0,1577.0,248882.0
790,-332.0,-19016.0,3116.0,-2928.0,6955.0,3263.0,1565.0,248888.0
791,-236.0,-19812.0,2836.0,-2912.0,7323.0,2698.0,1506.0,248894.0
792,952.0,-20332.0,2644.0,-2960.0,7749.0,1995.0,1570.0,248900.0
793,2408.0,-20792.0,2936.0,-2928.0,8214.0,1388.0,1876.0,248906.0
794,3712.0,-21436.0,3424.0,-2944.0,8706.0,1021.0,2345.0,248912.0
795,3968.0,-22048.0,3932.0,-2960.0,9188.0,1015.0,2826.0,248919.0
796,2948.0,-23188.0,4820.0,-2912.0,9768.0,1168.0,3312.0,248924.0
797,1760.0,-25592.0,5552.0,-2960.0,10534.0,1427.0,3919.0,248930.0
798,4632.0,-31360.0,10580.0,-2944.0,12448.0,1791.0,3687.0,248936.0
799,6428.0,-29580.0,1152.0,-2928.0,12456.0,1033.0,2914.0,248942.0
800,1928.0,-32768.0,-684.0,-2928.0,14260.0,2827.0,5806.0,248948.0
801,-4712.0,-32768.0,-484.0,-2944.0,15720.0,5391.0,7805.0,248954.0
802,-8364.0,-32768.0,-316.0,-2928.0,17088.0,5900.0,8338.0,248961.0
803,-10276.0,-32768.0,120.0,-2944.0,18782.0,3977.0,8992.0,248967.0
804,-10292.0,-32768.0,-80.0,-2928.0,19819.0,2687.0,10163.0,248973.0
805,-9184.0,-32768.0,-2728.0,-2944.0,20413.0,2414.0,10561.0,248979.0
806,-9604.0,-32768.0,-6060.0,-2944.0,20776.0,1561.0,11199.0,248985.0
807,-8652.0,-32768.0,-11204.0,-2944.0,20575.0,-113.0,12010.0,248991.0
808,-7564.0,-32768.0,-17084.0,-2944.0,18402.0,-2566.0,12365.0,248997.0
809,-3320.0,-32768.0,-14532.0,-2976.0,17940.0,-5770.0,10501.0,249004.0
810,452.0,-25836.0,-14012.0,-2912.0,19171.0,-9460.0,9400.0,249011.0
811,6012.0,-8176.0,-14748.0,-2944.0,17859.0,-10741.0,8270.0,249017.0
812,5636.0,-1424.0,-10768.0,-2960.0,16368.0,-11868.0,6983.0,249023.0
813,7528.0,4456.0,-3580.0,-2928.0,15478.0,-13847.0,5701.0,249029.0
814,13640.0,15056.0,-19000.0,-2960.0,9899.0,-13577.0,4130.0,249035.0
815,18076.0,23284.0,-32768.0,-2960.0,4384.0,-9382.0,2764.0,249041.0
