id,AcX,AcY,AcZ,Tmp,GyX,GyY,GyZ,Timer
0,10640.0,-16916.0,848.0,-2960.0,9118.0,5575.0,-524.0,354690.0
1,11240.0,-16448.0,-64.0,-2928.0,9320.0,6018.0,-358.0,354696.0
2,11308.0,-17580.0,-1920.0,-3008.0,9607.0,5635.0,-189.0,354702.0
3,8824.0,-17680.0,-1448.0,-2960.0,9805.0,5301.0,-20.0,354708.0
4,5724.0,-16092.0,328.0,-2960.0,9663.0,4754.0,645.0,354714.0
5,4408.0,-14140.0,976.0,-2960.0,9156.0,3876.0,1512.0,354720.0
6,5012.0,-13528.0,400.0,-2928.0,8684.0,3277.0,1812.0,354725.0
7,5760.0,-14212.0,-1260.0,-2976.0,8353.0,3290.0,1505.0,354732.0
8,5432.0,-16088.0,-1320.0,-2992.0,8329.0,3755.0,1296.0,354738.0
9,3556.0,-18516.0,-768.0,-3008.0,8814.0,4480.0,987.0,354744.0
10,736.0,-20264.0,-248.0,-2944.0,9638.0,4679.0,713.0,354750.0
11,-1560.0,-20144.0,-476.0,-2976.0,10206.0,3916.0,437.0,354756.0
12,-2228.0,-18612.0,-104.0,-2992.0,10243.0,2342.0,113.0,354762.0
13,-632.0,-16872.0,104.0,-2960.0,9836.0,556.0,-263.0,354768.0
14,2328.0,-16360.0,460.0,-2992.0,9555.0,-611.0,-611.0,354775.0
15,5772.0,-16424.0,-564.0,-2960.0,9553.0,-877.0,-686.0,354780.0
16,8492.0,-15832.0,-1532.0,-2992.0,9702.0,-510.0,-400.0,354786.0
17,9820.0,-14928.0,-1720.0,-2992.0,9751.0,600.0,6.0,354792.0
18,9372.0,-14484.0,-1528.0,-2976.0,9640.0,1993.0,496.0,354798.0
19,7888.0,-14848.0,-444.0,-2992.0,9533.0,3470.0,1065.0,354804.0
20,6504.0,-15276.0,-832.0,-2992.0,9382.0,4451.0,1133.0,354810.0
21,4932.0,-15032.0,-620.0,-2944.0,9150.0,4657.0,1020.0,354816.0
22,4072.0,-14412.0,96.0,-2992.0,8616.0,4107.0,905.0,354822.0
23,4036.0,-14656.0,368.0,-2960.0,8134.0,3465.0,887.0,354828.0
24,4288.0,-15288.0,320.0,-2992.0,7833.0,3091.0,891.0,354834.0
25,4424.0,-15860.0,300.0,-2960.0,7648.0,3079.0,917.0,354840.0
26,4396.0,-16136.0,156.0,-2960.0,7515.0,3157.0,874.0,354846.0
27,4440.0,-16228.0,156.0,-2992.0,7435.0,3340.0,840.0,354852.0
28,4304.0,-15724.0,676.0,-2992.0,7181.0,3558.0,862.0,354857.0
29,4144.0,-15816.0,564.0,-2960.0,6972.0,3944.0,781.0,354864.0
30,3940.0,-15812.0,480.0,-2944.0,6751.0,4251.0,880.0,354870.0
31,4120.0,-15688.0,208.0,-2944.0,6469.0,4466.0,862.0,354876.0
32,4272.0,-15620.0,340.0,-2992.0,6265.0,4606.0,888.0,354882.0
33,4548.0,-15484.0,472.0,-2992.0,6013.0,4705.0,953.0,354888.0
34,4656.0,-15796.0,336.0,-2960.0,5853.0,4698.0,1044.0,354893.0
35,4572.0,-16004.0,160.0,-2960.0,5798.0,4491.0,1100.0,354899.0
36,4596.0,-15768.0,316.0,-2976.0,5670.0,4114.0,1130.0,354906.0
37,4644.0,-15632.0,388.0,-2976.0,5541.0,3651.0,1105.0,354912.0
38,4640.0,-15680.0,500.0,-2976.0,5488.0,3270.0,1233.0,354918.0
39,4656.0,-15544.0,796.0,-2960.0,5381.0,2945.0,1300.0,354924.0
40,4796.0,-15616.0,1076.0,-2960.0,5302.0,2688.0,1282.0,354929.0
41,4944.0,-15424.0,824.0,-2960.0,5167.0,2546.0,1297.0,354935.0
42,4792.0,-15504.0,1168.0,-2976.0,5054.0,2379.0,1347.0,354941.0
43,4472.0,-15668.0,1220.0,-2960.0,4939.0,2309.0,1391.0,354948.0
44,3824.0,-15724.0,1232.0,-2992.0,4826.0,2072.0,1461.0,354954.0
45,3652.0,-15692.0,1388.0,-3008.0,4767.0,1683.0,1510.0,354960.0
46,3952.0,-15496.0,1400.0,-2992.0,4661.0,1300.0,1368.0,354966.0
47,4492.0,-15368.0,1384.0,-2960.0,4597.0,1034.0,1305.0,354972.0
48,4448.0,-15408.0,1776.0,-2944.0,4498.0,1124.0,1252.0,354978.0
49,4188.0,-15572.0,2024.0,-2992.0,4433.0,1304.0,1214.0,354984.0
50,3860.0,-15592.0,1984.0,-2976.0,4431.0,1315.0,1178.0,354991.0
51,4156.0,-15588.0,2056.0,-2976.0,4390.0,1295.0,1123.0,354996.0
52,4680.0,-15780.0,2112.0,-2992.0,4385.0,1281.0,1077.0,355002.0
53,5604.0,-15780.0,1884.0,-2960.0,4364.0,1351.0,896.0,355008.0
54,6364.0,-15664.0,1828.0,-2976.0,4295.0,1671.0,908.0,355014.0
55,6224.0,-15804.0,1692.0,-2976.0,4240.0,2272.0,1020.0,355020.0
56,6024.0,-15944.0,1952.0,-2992.0,4187.0,2798.0,953.0,355026.0
57,5720.0,-16308.0,2108.0,-2992.0,4148.0,3235.0,937.0,355033.0
58,5440.0,-16244.0,1928.0,-2976.0,4129.0,3617.0,867.0,355039.0
59,5148.0,-16364.0,1964.0,-2976.0,4169.0,3960.0,800.0,355045.0
60,4552.0,-16576.0,1924.0,-2976.0,4221.0,4188.0,827.0,355050.0
61,3992.0,-16572.0,2000.0,-2992.0,4278.0,4295.0,834.0,355056.0
62,3140.0,-16820.0,1988.0,-2960.0,4391.0,4240.0,978.0,355062.0
63,2992.0,-16864.0,1764.0,-2992.0,4587.0,4030.0,865.0,355068.0
64,3004.0,-16908.0,1780.0,-2960.0,4857.0,3585.0,938.0,355075.0
65,3508.0,-16804.0,1724.0,-2976.0,5083.0,3302.0,899.0,355081.0
66,4240.0,-16732.0,1712.0,-2976.0,5331.0,3144.0,753.0,355087.0
67,4500.0,-16572.0,1448.0,-2976.0,5624.0,2999.0,749.0,355092.0
68,4788.0,-16532.0,1900.0,-2944.0,5855.0,3030.0,739.0,355098.0
69,5080.0,-16680.0,2064.0,-2960.0,6096.0,3153.0,795.0,355104.0
70,4640.0,-16836.0,2080.0,-2960.0,6352.0,3369.0,974.0,355110.0
71,4232.0,-16788.0,2480.0,-2992.0,6619.0,3478.0,1095.0,355117.0
72,4028.0,-16844.0,2328.0,-2944.0,6872.0,3356.0,1221.0,355123.0
73,4324.0,-16976.0,2268.0,-2960.0,7134.0,3126.0,1397.0,355129.0
74,4544.0,-16968.0,2544.0,-2960.0,7381.0,2932.0,1528.0,355135.0
75,4912.0,-17052.0,2688.0,-2976.0,7601.0,2765.0,1715.0,355141.0
76,4820.0,-17336.0,2844.0,-2992.0,7831.0,2821.0,1927.0,355146.0
77,4308.0,-17784.0,3268.0,-2976.0,8090.0,2969.0,2223.0,355152.0
78,4060.0,-18484.0,3264.0,-2976.0,8386.0,3018.0,2430.0,355159.0
79,3684.0,-18612.0,3328.0,-2992.0,8624.0,3072.0,2765.0,355165.0
80,3104.0,-19044.0,3060.0,-2944.0,8962.0,3111.0,3021.0,355171.0
81,2528.0,-19296.0,3276.0,-2944.0,9263.0,2919.0,3280.0,355177.0
82,2144.0,-19648.0,3044.0,-2992.0,9672.0,2649.0,3479.0,355183.0
83,1672.0,-19808.0,3304.0,-2976.0,10073.0,2353.0,3720.0,355189.0
84,1176.0,-19968.0,3624.0,-2992.0,10433.0,2028.0,3961.0,355195.0
85,1032.0,-20196.0,3888.0,-2976.0,10787.0,1702.0,4228.0,355202.0
86,1260.0,-20404.0,3636.0,-2992.0,11165.0,1398.0,4481.0,355208.0
87,1720.0,-20424.0,3816.0,-2976.0,11499.0,1046.0,4722.0,355214.0
88,2548.0,-20720.0,3880.0,-2992.0,11874.0,837.0,4927.0,355220.0
89,3764.0,-20716.0,3704.0,-3008.0,12236.0,815.0,5161.0,355226.0
90,4936.0,-20828.0,3376.0,-2992.0,12559.0,1046.0,5353.0,355231.0
91,5896.0,-20828.0,3388.0,-2944.0,12895.0,1492.0,5538.0,355237.0
92,6608.0,-20860.0,3368.0,-2960.0,13167.0,2073.0,5680.0,355244.0
93,7212.0,-21028.0,3472.0,-3008.0,13568.0,2706.0,5814.0,355250.0
94,7628.0,-21044.0,3284.0,-2992.0,13825.0,3445.0,5913.0,355256.0
95,8084.0,-21104.0,3420.0,-3008.0,14115.0,4174.0,6010.0,355262.0
96,8304.0,-21276.0,3508.0,-2960.0,14465.0,4983.0,6078.0,355268.0
97,8260.0,-21900.0,3192.0,-2944.0,14790.0,5896.0,6248.0,355274.0
98,6376.0,-22136.0,3952.0,-2992.0,15074.0,6830.0,6864.0,355280.0
99,5680.0,-24116.0,4732.0,-2992.0,15160.0,6541.0,7587.0,355287.0
100,6996.0,-26068.0,3396.0,-2992.0,15427.0,6235.0,7964.0,355293.0
101,9908.0,-26512.0,3440.0,-2960.0,16119.0,6413.0,7680.0,355299.0
102,12180.0,-26204.0,3468.0,-3008.0,16725.0,7321.0,7305.0,355305.0
103,13712.0,-27900.0,720.0,-2992.0,17216.0,8859.0,7115.0,355311.0
104,14228.0,-30028.0,-1172.0,-3008.0,17758.0,10818.0,7206.0,355317.0
105,14344.0,-31116.0,-3420.0,-2976.0,18243.0,13099.0,7202.0,355323.0
106,13716.0,-31676.0,-6680.0,-2976.0,18543.0,15164.0,7010.0,355330.0
107,12916.0,-32204.0,-9352.0,-2992.0,18715.0,16694.0,6851.0,355336.0
108,11380.0,-32768.0,-10624.0,-2960.0,18989.0,17920.0,6666.0,355342.0
109,8676.0,-32768.0,-12836.0,-2992.0,19147.0,18638.0,6970.0,355348.0
110,5188.0,-32768.0,-14364.0,-3008.0,19118.0,19007.0,7639.0,355355.0
111,1664.0,-31444.0,-14640.0,-3008.0,19015.0,18798.0,8338.0,355361.0
112,-2348.0,-30100.0,-11420.0,-2976.0,19168.0,17051.0,8907.0,355367.0
113,-5628.0,-28448.0,-5380.0,-2992.0,19299.0,14290.0,9342.0,355374.0
114,-5760.0,-27484.0,-36.0,-2992.0,19294.0,11320.0,9526.0,355380.0
115,-4236.0,-26128.0,3160.0,-3008.0,18930.0,8145.0,9678.0,355386.0
116,-2904.0,-24768.0,2492.0,-2992.0,17905.0,4834.0,9744.0,355392.0
117,-2184.0,-23216.0,760.0,-2976.0,16528.0,1867.0,10074.0,355398.0
118,-704.0,-20708.0,-984.0,-2992.0,14977.0,-517.0,10124.0,355404.0
119,-208.0,-18788.0,760.0,-2992.0,13906.0,-2542.0,9644.0,355410.0
120,-584.0,-18860.0,1668.0,-3024.0,14006.0,-3931.0,9204.0,355417.0
121,-1184.0,-18364.0,1316.0,-2976.0,14187.0,-4751.0,9071.0,355423.0
122,-1600.0,-17912.0,1288.0,-2976.0,13978.0,-5138.0,9304.0,355429.0
123,-2004.0,-16956.0,2464.0,-2960.0,14122.0,-5489.0,8774.0,355435.0
124,-4112.0,-12892.0,1512.0,-2992.0,13602.0,-8651.0,7218.0,355441.0
125,-3848.0,-7796.0,2724.0,-3008.0,12101.0,-11911.0,6280.0,355447.0
126,-3604.0,-7308.0,20.0,-2976.0,9552.0,-12751.0,5354.0,355453.0
127,-3372.0,-8636.0,-3664.0,-2976.0,7137.0,-14174.0,5252.0,355460.0
128,376.0,-8332.0,-7072.0,-2992.0,5210.0,-16412.0,4944.0,355466.0
129,4852.0,-6720.0,-9492.0,-2976.0,3442.0,-17719.0,3927.0,355471.0
130,8156.0,-4456.0,-10132.0,-2992.0,1613.0,-17909.0,2559.0,355477.0
131,9760.0,-3736.0,-9980.0,-3008.0,195.0,-17129.0,2072.0,355483.0
132,10148.0,-2696.0,-9496.0,-2992.0,-1132.0,-15146.0,1705.0,355489.0
133,10228.0,-1272.0,-8648.0,-3008.0,-2674.0,-12517.0,1727.0,355495.0
134,10568.0,84.0,-7700.0,-3008.0,-4454.0,-9585.0,1098.0,355502.0
135,10400.0,1032.0,-7256.0,-3008.0,-6353.0,-7115.0,336.0,355508.0
136,9820.0,1356.0,-7016.0,-2992.0,-8294.0,-5047.0,-145.0,355514.0
137,8664.0,1460.0,-6808.0,-2992.0,-10253.0,-3445.0,-433.0,355520.0
138,6772.0,924.0,-6520.0,-2976.0,-12134.0,-2185.0,-575.0,355526.0
139,4604.0,104.0,-6196.0,-3008.0,-13795.0,-1506.0,-559.0,355532.0
140,2700.0,-748.0,-5640.0,-2976.0,-15309.0,-1376.0,-465.0,355538.0
141,588.0,-1240.0,-5508.0,-2960.0,-16832.0,-1585.0,-278.0,355544.0
142,-712.0,-1436.0,-5368.0,-2992.0,-18463.0,-2026.0,-215.0,355550.0
143,-1808.0,-1876.0,-5864.0,-2992.0,-20158.0,-3005.0,-214.0,355556.0
144,-2000.0,-2532.0,-6112.0,-2976.0,-21900.0,-4086.0,-425.0,355562.0
145,-2052.0,-3260.0,-6612.0,-2992.0,-23506.0,-5301.0,-719.0,355568.0
146,-1820.0,-4240.0,-6736.0,-2960.0,-24950.0,-6814.0,-951.0,355574.0
147,-1444.0,-5628.0,-6324.0,-2992.0,-26329.0,-8733.0,-1201.0,355580.0
148,-904.0,-6732.0,-5856.0,-2976.0,-27616.0,-10655.0,-1410.0,355587.0
149,732.0,-7564.0,-5596.0,-2992.0,-28891.0,-12132.0,-1652.0,355593.0
150,2792.0,-8272.0,-5764.0,-2944.0,-30214.0,-13154.0,-2113.0,355599.0
151,4812.0,-9088.0,-6068.0,-2960.0,-31668.0,-13103.0,-2496.0,355605.0
152,7420.0,-10292.0,-5656.0,-2992.0,-32768.0,-12236.0,-2705.0,355611.0
153,8508.0,-11828.0,-4888.0,-2976.0,-32768.0,-10679.0,-2745.0,355618.0
154,9004.0,-12528.0,-3444.0,-2944.0,-32768.0,-8962.0,-2578.0,355624.0
155,8888.0,-12872.0,-3108.0,-3008.0,-32768.0,-7124.0,-2614.0,355631.0
156,8384.0,-14136.0,-2732.0,-3024.0,-32768.0,-5708.0,-3014.0,355637.0
157,8264.0,-15680.0,-2416.0,-3008.0,-32768.0,-4479.0,-3461.0,355644.0
158,8172.0,-17184.0,-2468.0,-2992.0,-32768.0,-3250.0,-4049.0,355650.0
159,8240.0,-19092.0,-2564.0,-2992.0,-32768.0,-1641.0,-4648.0,355656.0
160,7844.0,-21204.0,-2336.0,-2976.0,-32768.0,-5.0,-4955.0,355662.0
161,7616.0,-22892.0,-2112.0,-2960.0,-32768.0,1577.0,-5199.0,355668.0
162,7604.0,-24636.0,-1168.0,-2976.0,-32768.0,2980.0,-5468.0,355675.0
163,7616.0,-25900.0,-752.0,-2976.0,-32768.0,4180.0,-5782.0,355682.0
164,8188.0,-26984.0,-636.0,-2976.0,-32768.0,5570.0,-6261.0,355688.0
165,8744.0,-28716.0,-592.0,-3008.0,-32768.0,7137.0,-7018.0,355694.0
166,9024.0,-30416.0,-412.0,-2944.0,-32768.0,8740.0,-7945.0,355700.0
167,8856.0,-31864.0,312.0,-2976.0,-32768.0,10121.0,-9044.0,355706.0
168,8452.0,-32768.0,1028.0,-3008.0,-32768.0,11228.0,-10213.0,355713.0
169,9856.0,-32668.0,1544.0,-2960.0,-32768.0,11965.0,-11311.0,355719.0
170,792.0,-32768.0,2128.0,-2960.0,-32768.0,11275.0,-12450.0,355725.0
171,5316.0,-32768.0,3076.0,-2960.0,-32768.0,11412.0,-10251.0,355731.0
172,4092.0,-32768.0,5392.0,-3008.0,-32768.0,12942.0,-13162.0,355738.0
173,-268.0,-32768.0,7768.0,-3008.0,-32768.0,13328.0,-14102.0,355744.0
174,-2340.0,-32768.0,10844.0,-2992.0,-32768.0,12531.0,-14154.0,355750.0
175,-3008.0,-32768.0,14760.0,-3008.0,-32768.0,11406.0,-13741.0,355757.0
176,-2696.0,-32768.0,17796.0,-2976.0,-32768.0,10357.0,-12698.0,355764.0
177,-2688.0,-32768.0,18808.0,-2992.0,-31582.0,9370.0,-11710.0,355770.0
178,-3932.0,-32768.0,19088.0,-2992.0,-29597.0,8764.0,-11198.0,355777.0
179,-6000.0,-32768.0,19516.0,-2992.0,-27677.0,7952.0,-10903.0,355783.0
180,-9352.0,-32768.0,21160.0,-2992.0,-25399.0,6848.0,-10507.0,355789.0
181,-12016.0,-32272.0,22820.0,-2992.0,-22864.0,5151.0,-10059.0,355795.0
182,-14092.0,-30844.0,24904.0,-2992.0,-20110.0,2822.0,-9414.0,355803.0
183,-14240.0,-29848.0,27132.0,-2992.0,-17247.0,-46.0,-8577.0,355809.0
184,-12756.0,-29168.0,29588.0,-2960.0,-14177.0,-2949.0,-7238.0,355815.0
185,-10288.0,-28652.0,31168.0,-2992.0,-10851.0,-4813.0,-5412.0,355822.0
186,-7160.0,-28068.0,32236.0,-2976.0,-7285.0,-4760.0,-3165.0,355828.0
187,-3556.0,-27152.0,32552.0,-2960.0,-3762.0,-3055.0,-1556.0,355834.0
188,-4608.0,-26296.0,32767.0,-2976.0,-291.0,-1163.0,518.0,355842.0
189,-4164.0,-25416.0,32480.0,-2992.0,2952.0,273.0,1353.0,355848.0
190,-5200.0,-24540.0,31112.0,-3008.0,6043.0,895.0,2748.0,355854.0
191,-6540.0,-23720.0,29752.0,-2992.0,8890.0,919.0,3930.0,355860.0
192,-7976.0,-22508.0,27620.0,-3008.0,11170.0,286.0,4800.0,355865.0
193,-8164.0,-22024.0,23984.0,-2960.0,12769.0,-1024.0,5175.0,355871.0
194,-4332.0,-19128.0,17620.0,-3008.0,13324.0,-3098.0,4635.0,355878.0
195,10948.0,-10356.0,-4468.0,-2976.0,9879.0,-5710.0,353.0,355885.0
196,32767.0,-11944.0,-25272.0,-2960.0,3309.0,-8840.0,-9259.0,355891.0
197,32767.0,-32768.0,-32768.0,-2976.0,3060.0,-13521.0,-12582.0,355897.0
198,15836.0,-32768.0,-15332.0,-2992.0,11941.0,-6612.0,2613.0,355903.0
199,-2760.0,-32400.0,-320.0,-2992.0,15203.0,11834.0,11579.0,355909.0
200,-21652.0,-27140.0,14420.0,-2976.0,15385.0,25878.0,11560.0,355916.0
201,-16776.0,-30936.0,24444.0,-3008.0,17488.0,16830.0,5891.0,355922.0
202,-5600.0,-32768.0,21396.0,-2976.0,19711.0,-4185.0,-1273.0,355929.0
203,-776.0,-30952.0,8160.0,-2960.0,20121.0,-16021.0,-566.0,355935.0
204,3728.0,-22040.0,-4012.0,-3024.0,19624.0,-14885.0,4072.0,355941.0
205,7724.0,-12344.0,-6392.0,-2976.0,18797.0,-10118.0,5665.0,355947.0
206,7376.0,-7088.0,-1644.0,-2976.0,17362.0,-6736.0,4238.0,355954.0
207,4276.0,-5820.0,3872.0,-2992.0,15346.0,-3746.0,1941.0,355960.0
208,2124.0,-10876.0,4276.0,-2976.0,13789.0,-2051.0,1773.0,355966.0
209,3176.0,-16252.0,2152.0,-2960.0,13367.0,-1814.0,1774.0,355973.0
210,5652.0,-18556.0,-860.0,-3024.0,13262.0,-2447.0,1472.0,355979.0
211,7328.0,-17576.0,-1780.0,-2976.0,13435.0,-1900.0,1587.0,355985.0
212,8156.0,-16984.0,-1604.0,-2976.0,13433.0,341.0,2104.0,355991.0
213,6756.0,-17980.0,-732.0,-2960.0,13544.0,3455.0,2413.0,355996.0
214,2500.0,-17868.0,232.0,-3008.0,13318.0,5965.0,2340.0,356002.0
215,-1092.0,-16456.0,876.0,-2992.0,12429.0,6476.0,2020.0,356008.0
216,-1048.0,-15664.0,540.0,-3008.0,11639.0,5774.0,1269.0,356015.0
217,1236.0,-16672.0,-356.0,-2992.0,11455.0,5042.0,631.0,356021.0
218,3676.0,-16728.0,-1280.0,-3008.0,11570.0,4545.0,204.0,356027.0
219,4576.0,-15016.0,-908.0,-3008.0,11245.0,4446.0,298.0,356033.0
220,4424.0,-12988.0,-64.0,-2992.0,10343.0,5100.0,446.0,356039.0
221,3380.0,-12832.0,268.0,-3024.0,9396.0,5399.0,264.0,356045.0
222,2348.0,-14164.0,368.0,-2960.0,8832.0,5040.0,199.0,356051.0
223,2712.0,-14816.0,44.0,-3024.0,8514.0,4394.0,29.0,356058.0
224,3404.0,-14932.0,-132.0,-3024.0,8323.0,3727.0,-82.0,356063.0
225,4012.0,-14532.0,132.0,-2992.0,8064.0,3140.0,-199.0,356069.0
226,4700.0,-14456.0,252.0,-2992.0,7702.0,2857.0,-209.0,356075.0
227,5316.0,-14776.0,-160.0,-2992.0,7371.0,2939.0,-145.0,356081.0
228,5688.0,-15100.0,-416.0,-2992.0,7026.0,3286.0,54.0,356087.0
229,5824.0,-14948.0,-212.0,-2992.0,6588.0,3659.0,336.0,356092.0
230,5624.0,-15220.0,-16.0,-2992.0,6169.0,4079.0,675.0,356099.0
231,5100.0,-15352.0,-208.0,-2960.0,5802.0,4492.0,952.0,356105.0
232,4400.0,-15604.0,20.0,-2992.0,5443.0,4663.0,1117.0,356111.0
233,3632.0,-15628.0,316.0,-2960.0,5119.0,4543.0,1151.0,356117.0
234,2932.0,-15692.0,408.0,-3008.0,4853.0,4054.0,1079.0,356123.0
235,2720.0,-15840.0,616.0,-3008.0,4661.0,3399.0,937.0,356129.0
236,2596.0,-16084.0,476.0,-2976.0,4511.0,2700.0,747.0,356134.0
237,2680.0,-16248.0,420.0,-3008.0,4375.0,2251.0,791.0,356141.0
238,3168.0,-16396.0,516.0,-2960.0,4373.0,2030.0,555.0,356147.0
239,2892.0,-16288.0,344.0,-3008.0,4355.0,1885.0,416.0,356153.0
240,3296.0,-16188.0,360.0,-3008.0,4301.0,1672.0,347.0,356159.0
241,3432.0,-15984.0,812.0,-3008.0,4285.0,1428.0,274.0,356165.0
242,3948.0,-15840.0,872.0,-3008.0,4166.0,1208.0,188.0,356170.0
243,4068.0,-15728.0,812.0,-3008.0,4091.0,1171.0,126.0,356176.0
244,4432.0,-15688.0,948.0,-2976.0,3992.0,1231.0,138.0,356183.0
245,4460.0,-15660.0,920.0,-2976.0,3924.0,1405.0,133.0,356189.0
246,4432.0,-15744.0,1068.0,-2992.0,3870.0,1549.0,218.0,356195.0
247,4440.0,-15816.0,1024.0,-3008.0,3814.0,1708.0,220.0,356200.0
248,4164.0,-15776.0,1176.0,-2976.0,3765.0,1747.0,220.0,356206.0
249,4076.0,-15900.0,1128.0,-2976.0,3735.0,1663.0,210.0,356212.0
250,3812.0,-15892.0,1144.0,-3008.0,3722.0,1575.0,228.0,356218.0
251,3840.0,-15892.0,1208.0,-3008.0,3704.0,1505.0,202.0,356225.0
252,3780.0,-15840.0,1320.0,-2992.0,3675.0,1548.0,197.0,356231.0
253,3680.0,-15848.0,1368.0,-2992.0,3657.0,1617.0,174.0,356237.0
254,3516.0,-15968.0,1564.0,-2992.0,3608.0,1535.0,177.0,356242.0
255,3632.0,-16208.0,1648.0,-2992.0,3607.0,1451.0,146.0,356248.0
256,3920.0,-16448.0,1332.0,-3040.0,3689.0,1384.0,156.0,356254.0
257,4116.0,-16708.0,1080.0,-2976.0,3774.0,1416.0,165.0,356260.0
258,4576.0,-16508.0,1372.0,-3008.0,3823.0,1582.0,210.0,356267.0
259,4892.0,-16664.0,1284.0,-2976.0,3887.0,1952.0,311.0,356273.0
260,4888.0,-16844.0,1240.0,-2960.0,4070.0,2446.0,418.0,356279.0
261,4864.0,-16904.0,816.0,-2992.0,4352.0,2854.0,520.0,356284.0
262,4892.0,-16424.0,992.0,-2992.0,4588.0,3054.0,706.0,356290.0
263,5024.0,-16344.0,908.0,-3008.0,4818.0,3296.0,830.0,356296.0
264,5140.0,-16492.0,852.0,-2976.0,5120.0,3367.0,1057.0,356302.0
265,5544.0,-16320.0,584.0,-2960.0,5467.0,3304.0,1194.0,356308.0
266,6076.0,-16180.0,540.0,-2992.0,5732.0,3322.0,1339.0,356315.0
267,6192.0,-16340.0,520.0,-2992.0,5989.0,3377.0,1530.0,356320.0
268,6168.0,-17052.0,940.0,-2960.0,6270.0,3451.0,1710.0,356326.0
269,6716.0,-16832.0,1068.0,-3024.0,6474.0,3672.0,1642.0,356332.0
270,6004.0,-16744.0,1352.0,-3008.0,6638.0,3932.0,1955.0,356338.0
271,5128.0,-16932.0,1508.0,-2992.0,6865.0,4318.0,2147.0,356344.0
272,4460.0,-17100.0,2020.0,-2944.0,7022.0,4582.0,2312.0,356350.0
273,3680.0,-16908.0,2184.0,-2976.0,7195.0,4781.0,2384.0,356357.0
274,3216.0,-17236.0,2404.0,-2992.0,7385.0,4898.0,2438.0,356363.0
275,3016.0,-17716.0,2576.0,-3008.0,7626.0,4888.0,2557.0,356369.0
276,3152.0,-17764.0,2628.0,-2992.0,7806.0,4745.0,2565.0,356375.0
277,3436.0,-17968.0,2648.0,-3024.0,8020.0,4452.0,2703.0,356381.0
278,3980.0,-18280.0,2456.0,-3008.0,8307.0,4314.0,2883.0,356386.0
279,4244.0,-18032.0,2496.0,-2992.0,8580.0,4204.0,3105.0,356392.0
280,4340.0,-18040.0,2428.0,-2992.0,8853.0,4121.0,3366.0,356399.0
281,4524.0,-18016.0,2460.0,-3008.0,9087.0,4135.0,3632.0,356405.0
282,4172.0,-18176.0,2492.0,-3024.0,9429.0,4180.0,3983.0,356411.0
283,3416.0,-18408.0,2620.0,-2976.0,9770.0,4138.0,4340.0,356417.0
284,2428.0,-18708.0,2840.0,-3008.0,10133.0,4000.0,4788.0,356423.0
285,1780.0,-18956.0,2896.0,-3008.0,10514.0,3756.0,5128.0,356429.0
286,988.0,-19264.0,2948.0,-2992.0,10901.0,3392.0,5555.0,356435.0
287,492.0,-19584.0,3472.0,-2992.0,11266.0,3037.0,5914.0,356442.0
288,36.0,-19868.0,3412.0,-3008.0,11655.0,2575.0,6405.0,356448.0
289,-960.0,-20968.0,4064.0,-3008.0,12031.0,2317.0,7088.0,356454.0
290,2456.0,-20624.0,3652.0,-2992.0,12468.0,2132.0,7123.0,356459.0
291,716.0,-22344.0,3636.0,-3008.0,12908.0,1430.0,7726.0,356465.0
292,3560.0,-22856.0,2772.0,-3024.0,13389.0,863.0,7982.0,356471.0
293,3940.0,-23024.0,2624.0,-3008.0,13836.0,885.0,8138.0,356477.0
294,6628.0,-22940.0,2840.0,-3008.0,14240.0,1328.0,8362.0,356484.0
295,6796.0,-23492.0,2860.0,-2976.0,14699.0,2121.0,8657.0,356490.0
296,7148.0,-23680.0,2820.0,-2992.0,15195.0,2874.0,9016.0,356496.0
297,7728.0,-24008.0,2588.0,-3008.0,15701.0,3786.0,9347.0,356502.0
298,7572.0,-24644.0,2412.0,-2992.0,16222.0,4880.0,9706.0,356508.0
299,5672.0,-25392.0,2868.0,-2976.0,16659.0,5959.0,10425.0,356514.0
300,4864.0,-27040.0,3164.0,-2992.0,17023.0,6060.0,11130.0,356520.0
301,5568.0,-29024.0,2636.0,-3024.0,17504.0,5696.0,11659.0,356527.0
302,7504.0,-29836.0,1620.0,-2992.0,18217.0,5671.0,11587.0,356533.0
303,9648.0,-30052.0,916.0,-2976.0,18959.0,5935.0,11343.0,356539.0
304,11796.0,-30992.0,3236.0,-2992.0,19969.0,6653.0,11041.0,356545.0
305,12696.0,-31788.0,552.0,-3024.0,20536.0,8171.0,11099.0,356551.0
306,14616.0,-32768.0,-3136.0,-2960.0,20953.0,9945.0,10307.0,356557.0
307,15344.0,-32768.0,-7080.0,-3024.0,21053.0,12267.0,9843.0,356563.0
308,15156.0,-32768.0,-11508.0,-2992.0,21171.0,14997.0,9842.0,356570.0
309,13140.0,-32768.0,-15280.0,-3008.0,21063.0,16731.0,10336.0,356576.0
310,10112.0,-32768.0,-17096.0,-3024.0,20708.0,17682.0,11174.0,356583.0
311,7576.0,-30988.0,-18848.0,-2960.0,20090.0,17620.0,11675.0,356589.0
312,5508.0,-27352.0,-19932.0,-2976.0,19088.0,16581.0,11982.0,356595.0
313,4188.0,-24148.0,-18692.0,-2992.0,17658.0,15984.0,12467.0,356601.0
314,2284.0,-21724.0,-15108.0,-2992.0,16247.0,15329.0,13155.0,356608.0
315,-308.0,-20392.0,-5228.0,-2976.0,15172.0,13365.0,13913.0,356614.0
316,-1048.0,-19928.0,4112.0,-2976.0,14625.0,10328.0,14448.0,356620.0
317,-1812.0,-20660.0,9204.0,-2976.0,14252.0,6300.0,14082.0,356627.0
318,-2928.0,-21768.0,11684.0,-2976.0,14250.0,1233.0,12986.0,356633.0
319,-2636.0,-22396.0,10196.0,-3040.0,14558.0,-3379.0,11778.0,356639.0
320,-2124.0,-22996.0,6032.0,-3024.0,15292.0,-7163.0,10550.0,356645.0
321,-592.0,-23780.0,6436.0,-2976.0,16656.0,-10249.0,9048.0,356652.0
322,3224.0,-16728.0,-828.0,-3008.0,15653.0,-12137.0,7235.0,356658.0
323,3324.0,-11704.0,-2816.0,-2992.0,12739.0,-11061.0,6459.0,356664.0
324,1844.0,-9756.0,-3248.0,-3024.0,9847.0,-9464.0,7329.0,356670.0
325,700.0,-9296.0,-4652.0,-3008.0,8017.0,-9149.0,7043.0,356676.0
326,-1264.0,-7924.0,-6056.0,-3008.0,6317.0,-10140.0,5644.0,356682.0
327,32.0,-5284.0,-7228.0,-3008.0,3957.0,-11813.0,4996.0,356688.0
328,3488.0,-4672.0,-9016.0,-3008.0,1974.0,-12911.0,3686.0,356695.0
329,5636.0,-4412.0,-9804.0,-2992.0,170.0,-13359.0,2833.0,356700.0
330,7348.0,-4108.0,-9556.0,-2992.0,-1333.0,-12929.0,2526.0,356706.0
331,7676.0,-3124.0,-9020.0,-2992.0,-2903.0,-11864.0,2025.0,356712.0
332,8052.0,-2300.0,-7704.0,-3008.0,-4538.0,-10967.0,1422.0,356718.0
333,7640.0,-1968.0,-7144.0,-2992.0,-6270.0,-9623.0,511.0,356724.0
334,7068.0,-1584.0,-6364.0,-2992.0,-8000.0,-8323.0,-506.0,356730.0
335,6236.0,-1224.0,-6156.0,-3008.0,-9871.0,-7262.0,-1535.0,356737.0
336,5652.0,-892.0,-5540.0,-2992.0,-11787.0,-6580.0,-2383.0,356743.0
337,5216.0,-1268.0,-4508.0,-2992.0,-13483.0,-6098.0,-3032.0,356749.0
338,4608.0,-1988.0,-3460.0,-2960.0,-15014.0,-5271.0,-3399.0,356755.0
339,4384.0,-2436.0,-3556.0,-3024.0,-16552.0,-4361.0,-3721.0,356761.0
340,3628.0,-2832.0,-4164.0,-3024.0,-18284.0,-3859.0,-4157.0,356767.0
341,3040.0,-3592.0,-4092.0,-3008.0,-19859.0,-3655.0,-4503.0,356773.0
342,2568.0,-4004.0,-4744.0,-2992.0,-21465.0,-3593.0,-4833.0,356780.0
343,2104.0,-4636.0,-5024.0,-3024.0,-22951.0,-3473.0,-5158.0,356786.0
344,1380.0,-5760.0,-5028.0,-3008.0,-24276.0,-3449.0,-5468.0,356792.0
345,792.0,-6728.0,-4848.0,-2960.0,-25443.0,-3410.0,-5711.0,356798.0
346,800.0,-7800.0,-4640.0,-3024.0,-26602.0,-3153.0,-5925.0,356804.0
347,1332.0,-8684.0,-4648.0,-2992.0,-27905.0,-2601.0,-6203.0,356810.0
348,1516.0,-9704.0,-4464.0,-3024.0,-29083.0,-1917.0,-6459.0,356816.0
349,1604.0,-11068.0,-3364.0,-3008.0,-30020.0,-1126.0,-6621.0,356823.0
350,1216.0,-11440.0,-2744.0,-2992.0,-31072.0,-215.0,-6727.0,356829.0
351,376.0,-12172.0,-1792.0,-3008.0,-32148.0,558.0,-6804.0,356835.0
352,-396.0,-13152.0,-872.0,-2992.0,-32768.0,1083.0,-6939.0,356841.0
353,-1072.0,-14356.0,60.0,-2992.0,-32768.0,1318.0,-7279.0,356847.0
354,-1520.0,-15296.0,256.0,-3008.0,-32768.0,1071.0,-7646.0,356853.0
355,-1652.0,-16304.0,564.0,-3008.0,-32768.0,356.0,-8093.0,356860.0
356,-1412.0,-16980.0,792.0,-2992.0,-32768.0,-544.0,-8406.0,356867.0
357,-536.0,-17340.0,1152.0,-2992.0,-32768.0,-1215.0,-8626.0,356873.0
358,-48.0,-18744.0,1168.0,-3008.0,-32768.0,-1920.0,-8794.0,356879.0
359,704.0,-19604.0,1436.0,-2976.0,-32768.0,-2162.0,-9054.0,356885.0
360,1176.0,-20348.0,1372.0,-3008.0,-32768.0,-2266.0,-9399.0,356891.0
361,1452.0,-21188.0,1520.0,-3008.0,-32768.0,-2336.0,-9804.0,356897.0
362,1608.0,-22012.0,1348.0,-2992.0,-32768.0,-2434.0,-10222.0,356903.0
363,1828.0,-22808.0,1440.0,-2976.0,-32768.0,-2711.0,-10643.0,356910.0
364,1624.0,-23704.0,1400.0,-3008.0,-32768.0,-3066.0,-10977.0,356917.0
365,1224.0,-24776.0,2040.0,-3024.0,-32768.0,-3694.0,-11306.0,356923.0
366,100.0,-26100.0,2904.0,-3008.0,-32768.0,-4775.0,-11651.0,356929.0
367,-1096.0,-27164.0,3972.0,-2992.0,-32768.0,-6322.0,-11964.0,356935.0
368,-1928.0,-28252.0,4764.0,-2992.0,-32768.0,-8157.0,-12476.0,356941.0
369,-1816.0,-29108.0,5660.0,-3024.0,-32768.0,-9874.0,-12945.0,356948.0
370,-1128.0,-29980.0,6020.0,-2992.0,-32768.0,-11390.0,-13240.0,356955.0
371,192.0,-31276.0,7300.0,-2992.0,-32768.0,-12257.0,-13249.0,356961.0
372,2296.0,-32132.0,8444.0,-3024.0,-32768.0,-12496.0,-12896.0,356968.0
373,5196.0,-32768.0,10008.0,-2992.0,-32768.0,-11661.0,-12353.0,356974.0
374,6964.0,-32768.0,11544.0,-2992.0,-32768.0,-10016.0,-11780.0,356980.0
375,7572.0,-32768.0,13736.0,-3008.0,-32768.0,-8399.0,-11181.0,356987.0
376,7768.0,-32768.0,16388.0,-2992.0,-31970.0,-6956.0,-10649.0,356994.0
377,7916.0,-32768.0,19908.0,-2976.0,-29537.0,-5305.0,-10031.0,357000.0
378,7640.0,-32768.0,22076.0,-3024.0,-26998.0,-3746.0,-9370.0,357007.0
379,9340.0,-32768.0,24152.0,-3024.0,-24304.0,-1861.0,-10122.0,357013.0
380,3148.0,-32768.0,26584.0,-2992.0,-21589.0,-807.0,-7206.0,357019.0
381,7960.0,-30896.0,28872.0,-3008.0,-18710.0,2089.0,-7025.0,357025.0
382,3272.0,-29324.0,31020.0,-3008.0,-15933.0,5506.0,-8009.0,357032.0
383,-1412.0,-28588.0,32108.0,-3024.0,-12860.0,7963.0,-7397.0,357039.0
384,-5060.0,-28288.0,32688.0,-3008.0,-9534.0,8931.0,-5896.0,357045.0
385,-6132.0,-26780.0,32472.0,-3024.0,-5969.0,8994.0,-3585.0,357051.0
386,-11080.0,-26140.0,32172.0,-3024.0,-2349.0,8086.0,-1131.0,357057.0
387,-11760.0,-24948.0,31912.0,-2992.0,1227.0,6892.0,1446.0,357063.0
388,-12788.0,-23972.0,31708.0,-2992.0,4428.0,5143.0,2591.0,357069.0
389,-12992.0,-23640.0,30448.0,-2992.0,7386.0,2572.0,3275.0,357076.0
390,-11964.0,-23048.0,28100.0,-2976.0,9929.0,-209.0,3613.0,357083.0
391,-10628.0,-22876.0,26000.0,-3008.0,12287.0,-2923.0,3698.0,357089.0
392,-8876.0,-22140.0,22728.0,-3008.0,14241.0,-5557.0,3657.0,357095.0
393,-6748.0,-21136.0,16592.0,-3008.0,15416.0,-7978.0,3397.0,357101.0
394,-2344.0,-12444.0,1168.0,-3024.0,14169.0,-10615.0,2500.0,357107.0
395,20004.0,5708.0,-32768.0,-2992.0,7.0,-13444.0,-5324.0,357113.0
396,32767.0,-24620.0,-32768.0,-3008.0,-3374.0,-15526.0,-20206.0,357120.0
397,28352.0,-32768.0,-18320.0,-3024.0,12981.0,-20823.0,-8761.0,357127.0
398,3792.0,-32768.0,4148.0,-3008.0,18761.0,-5938.0,11230.0,357133.0
399,-14104.0,-28476.0,22328.0,-3040.0,19174.0,10601.0,12277.0,357139.0
400,-24920.0,-29612.0,32767.0,-2976.0,19328.0,10728.0,9089.0,357145.0
401,-23368.0,-29772.0,21320.0,-2992.0,19213.0,-192.0,3304.0,357152.0
402,-15352.0,-23444.0,-2420.0,-2976.0,17209.0,-9313.0,394.0,357158.0
403,2556.0,-15036.0,-9504.0,-3040.0,16606.0,-14154.0,-202.0,357165.0
404,23508.0,-8616.0,-1032.0,-3024.0,17581.0,-17641.0,-1886.0,357171.0
405,25600.0,-5008.0,6728.0,-3008.0,16155.0,-14236.0,-3009.0,357177.0
406,11540.0,-9736.0,7652.0,-2992.0,13154.0,-5526.0,-1112.0,357183.0
407,808.0,-15888.0,3160.0,-2992.0,11691.0,-508.0,1617.0,357190.0
408,-448.0,-16160.0,860.0,-3024.0,11359.0,-2128.0,405.0,357195.0
409,460.0,-16636.0,164.0,-2976.0,11212.0,-4959.0,-529.0,357201.0
410,3056.0,-18864.0,464.0,-3040.0,11099.0,-4388.0,422.0,357208.0
411,4316.0,-20988.0,828.0,-2992.0,11257.0,-1170.0,1475.0,357214.0
412,2300.0,-21920.0,476.0,-3008.0,11683.0,1001.0,1817.0,357220.0
413,-232.0,-20988.0,-952.0,-3008.0,12184.0,313.0,1525.0,357226.0
414,-984.0,-18472.0,-1720.0,-3024.0,12521.0,-1506.0,731.0,357232.0
415,76.0,-16004.0,-816.0,-3024.0,12298.0,-2568.0,117.0,357238.0
416,1816.0,-14580.0,608.0,-2992.0,11468.0,-2547.0,33.0,357243.0
417,2736.0,-14500.0,1220.0,-3024.0,10449.0,-1653.0,237.0,357250.0
418,3124.0,-15000.0,848.0,-3008.0,9576.0,-612.0,253.0,357256.0
419,3192.0,-15108.0,32.0,-3008.0,8986.0,-10.0,16.0,357262.0
420,3460.0,-15692.0,-364.0,-2992.0,8702.0,473.0,-213.0,357268.0
421,3492.0,-16012.0,-856.0,-3040.0,8638.0,996.0,-332.0,357274.0
422,3012.0,-16324.0,-840.0,-3008.0,8531.0,1375.0,-465.0,357279.0
423,2104.0,-16676.0,-448.0,-2992.0,8396.0,1528.0,-576.0,357285.0
424,1624.0,-16752.0,-96.0,-2992.0,8247.0,1537.0,-732.0,357292.0
425,1880.0,-16564.0,4.0,-2992.0,7969.0,1281.0,-806.0,357298.0
426,2624.0,-16260.0,40.0,-3008.0,7728.0,1133.0,-925.0,357304.0
427,3952.0,-16168.0,-116.0,-3008.0,7528.0,1240.0,-928.0,357309.0
428,5288.0,-16244.0,-220.0,-3008.0,7374.0,1484.0,-731.0,357315.0
429,6836.0,-15640.0,-664.0,-3008.0,7191.0,2155.0,-313.0,357321.0
430,7404.0,-14876.0,-556.0,-2976.0,6870.0,3135.0,184.0,357327.0
431,6800.0,-14520.0,-404.0,-3056.0,6477.0,4482.0,647.0,357334.0
432,5480.0,-14464.0,-8.0,-2992.0,6035.0,5548.0,912.0,357340.0
433,3776.0,-14832.0,200.0,-3040.0,5744.0,6039.0,1035.0,357345.0
434,2752.0,-15296.0,296.0,-3024.0,5543.0,5981.0,988.0,357351.0
435,2256.0,-15820.0,-104.0,-2992.0,5478.0,5607.0,815.0,357357.0
436,2140.0,-16132.0,-112.0,-2992.0,5534.0,5190.0,638.0,357363.0
437,2264.0,-16352.0,-308.0,-2992.0,5651.0,4950.0,368.0,357369.0
438,2128.0,-16416.0,-296.0,-3008.0,5795.0,4619.0,187.0,357376.0
439,2268.0,-16092.0,-160.0,-3008.0,5830.0,4239.0,54.0,357382.0
440,2212.0,-15932.0,20.0,-3008.0,5795.0,3711.0,-114.0,357387.0
441,2156.0,-15608.0,292.0,-3024.0,5690.0,3081.0,-283.0,357393.0
442,2268.0,-15504.0,152.0,-2992.0,5569.0,2337.0,-392.0,357399.0
443,2708.0,-15660.0,28.0,-3024.0,5465.0,1660.0,-409.0,357405.0
444,3340.0,-15640.0,268.0,-2992.0,5397.0,1241.0,-355.0,357411.0
445,3980.0,-15752.0,300.0,-2992.0,5301.0,1099.0,-253.0,357416.0
446,4412.0,-15664.0,376.0,-2992.0,5198.0,1242.0,-44.0,357423.0
447,4500.0,-15752.0,460.0,-3008.0,5088.0,1554.0,128.0,357429.0
448,4260.0,-15884.0,556.0,-3008.0,5035.0,1893.0,354.0,357435.0
449,4092.0,-16000.0,524.0,-2976.0,4904.0,2215.0,653.0,357441.0
450,3236.0,-16260.0,196.0,-3040.0,4914.0,2269.0,570.0,357446.0
451,2484.0,-16200.0,300.0,-3040.0,4822.0,1887.0,597.0,357452.0
452,2084.0,-16484.0,988.0,-3008.0,4871.0,1280.0,572.0,357458.0
453,2724.0,-16400.0,992.0,-3008.0,4948.0,856.0,525.0,357465.0
454,3232.0,-16016.0,1112.0,-3024.0,4984.0,833.0,491.0,357471.0
455,3452.0,-15940.0,1192.0,-3024.0,5041.0,865.0,535.0,357476.0
456,3300.0,-15804.0,1404.0,-2992.0,5097.0,881.0,566.0,357482.0
457,3116.0,-15972.0,1248.0,-2992.0,5190.0,844.0,489.0,357488.0
458,3152.0,-16096.0,1244.0,-2992.0,5344.0,903.0,450.0,357494.0
459,3328.0,-16068.0,1428.0,-2992.0,5421.0,967.0,438.0,357500.0
460,3428.0,-16320.0,1452.0,-3008.0,5525.0,1141.0,487.0,357507.0
461,3760.0,-16512.0,1200.0,-2992.0,5707.0,1298.0,602.0,357512.0
462,3920.0,-16388.0,1208.0,-3024.0,5875.0,1252.0,648.0,357518.0
463,4060.0,-16188.0,1252.0,-3024.0,6024.0,1258.0,709.0,357524.0
464,4112.0,-16276.0,1316.0,-3008.0,6121.0,1289.0,751.0,357530.0
465,4012.0,-16532.0,1496.0,-3008.0,6223.0,1432.0,846.0,357536.0
466,3852.0,-16784.0,1448.0,-3040.0,6389.0,1602.0,922.0,357542.0
467,3344.0,-16740.0,1024.0,-3008.0,6621.0,1718.0,941.0,357549.0
468,3100.0,-16344.0,1244.0,-2992.0,6853.0,1581.0,982.0,357554.0
469,3348.0,-16304.0,1632.0,-3024.0,7075.0,1313.0,994.0,357560.0
470,3660.0,-16648.0,1568.0,-2992.0,7301.0,1012.0,980.0,357566.0
471,3796.0,-16556.0,1656.0,-2992.0,7419.0,920.0,1187.0,357572.0
472,5184.0,-16904.0,1632.0,-3008.0,7730.0,1158.0,1487.0,357578.0
473,4776.0,-16984.0,1380.0,-3024.0,7984.0,1591.0,1596.0,357584.0
474,4528.0,-17208.0,1524.0,-2992.0,8306.0,1748.0,1783.0,357591.0
475,4164.0,-17624.0,1908.0,-3008.0,8564.0,1719.0,1846.0,357597.0
476,4436.0,-17968.0,1952.0,-2992.0,8908.0,1562.0,1949.0,357603.0
477,4660.0,-18204.0,2080.0,-3008.0,9254.0,1506.0,2140.0,357608.0
478,4632.0,-18392.0,2200.0,-3008.0,9564.0,1590.0,2319.0,357614.0
479,4712.0,-18868.0,2456.0,-2992.0,9920.0,1796.0,2651.0,357620.0
480,4836.0,-19368.0,2476.0,-3040.0,10307.0,2069.0,3033.0,357626.0
481,5192.0,-19976.0,2148.0,-2992.0,10809.0,2382.0,3396.0,357633.0
482,5604.0,-20756.0,1860.0,-2976.0,11372.0,2761.0,3766.0,357639.0
483,6440.0,-22560.0,2000.0,-2992.0,11994.0,3292.0,4062.0,357645.0
484,10256.0,-20752.0,752.0,-3008.0,12697.0,3225.0,3503.0,357651.0
485,9180.0,-22932.0,388.0,-2992.0,13481.0,3865.0,4758.0,357657.0
486,8772.0,-24964.0,1052.0,-3008.0,14359.0,5416.0,5448.0,357663.0
487,6972.0,-27336.0,1728.0,-3024.0,15442.0,6063.0,6140.0,357669.0
488,4256.0,-30996.0,1160.0,-3008.0,16619.0,6714.0,7722.0,357676.0
489,3512.0,-32768.0,1052.0,-3008.0,17902.0,7275.0,8516.0,357682.0
490,3908.0,-32768.0,604.0,-3024.0,19345.0,7274.0,8964.0,357688.0
491,2676.0,-32768.0,-556.0,-2992.0,21393.0,7008.0,10117.0,357694.0
492,628.0,-32768.0,-1180.0,-2992.0,22660.0,7582.0,9280.0,357700.0
493,368.0,-32768.0,-1816.0,-3040.0,24400.0,6704.0,10705.0,357706.0
494,96.0,-32768.0,-3724.0,-2992.0,25821.0,7269.0,10763.0,357712.0
495,-196.0,-32768.0,-6300.0,-3008.0,27119.0,7120.0,10842.0,357719.0
496,796.0,-32768.0,-8336.0,-2992.0,28238.0,6538.0,11038.0,357725.0
497,2872.0,-32768.0,-9764.0,-2992.0,29000.0,6331.0,10875.0,357731.0
498,5940.0,-32768.0,-11600.0,-3008.0,29291.0,6537.0,10720.0,357737.0
499,8288.0,-32768.0,-17220.0,-2960.0,28781.0,7088.0,10560.0,357743.0
500,10076.0,-32768.0,-23980.0,-2992.0,27209.0,8844.0,10598.0,357749.0
501,10624.0,-32768.0,-31196.0,-2992.0,24476.0,10788.0,10714.0,357755.0
502,7968.0,-26304.0,-32768.0,-3008.0,20380.0,10661.0,11001.0,357762.0
503,6724.0,-15132.0,-32768.0,-3056.0,14540.0,8809.0,10807.0,357768.0
504,5788.0,-11864.0,-22124.0,-2992.0,12316.0,5564.0,9421.0,357774.0
505,2024.0,-4380.0,5320.0,-3024.0,15846.0,2015.0,6912.0,357780.0
506,-4076.0,3140.0,13992.0,-3008.0,16078.0,-2250.0,6028.0,357786.0
507,-8892.0,7844.0,-6084.0,-2992.0,9939.0,-4708.0,4850.0,357792.0
508,512.0,7076.0,-27392.0,-3008.0,3244.0,-4380.0,1486.0,357798.0
509,5280.0,5644.0,-32768.0,-3008.0,-1049.0,359.0,141.0,357805.0
510,-812.0,13576.0,-32768.0,-3008.0,-6643.0,-581.0,-777.0,357811.0
511,-2200.0,9232.0,-32768.0,-2992.0,-10563.0,-7698.0,-1819.0,357817.0
512,3780.0,3308.0,-32768.0,-3008.0,-12499.0,-15250.0,-2175.0,357823.0
513,17052.0,5696.0,-32768.0,-3008.0,-16201.0,-18831.0,-4167.0,357829.0
514,30892.0,9224.0,-32768.0,-2992.0,-21416.0,-17409.0,-6658.0,357835.0
515,30168.0,10352.0,-32768.0,-2992.0,-26513.0,-12818.0,-8419.0,357841.0
516,27380.0,9460.0,-32768.0,-2992.0,-31599.0,-6381.0,-5902.0,357848.0
517,17656.0,4260.0,-32768.0,-3024.0,-32768.0,1153.0,-4903.0,357854.0
518,3588.0,-3300.0,-27604.0,-3024.0,-32768.0,4580.0,-3718.0,357860.0
519,-8796.0,-5844.0,-19644.0,-3024.0,-32768.0,3355.0,-4584.0,357866.0
520,-17812.0,-7392.0,-14932.0,-3008.0,-32768.0,-2157.0,-4940.0,357872.0
521,-20820.0,-9876.0,-10112.0,-3008.0,-32768.0,-8546.0,-5551.0,357878.0
522,-15860.0,-13504.0,-5296.0,-3040.0,-32768.0,-14466.0,-7207.0,357885.0
523,-7372.0,-15936.0,-424.0,-3024.0,-32768.0,-20386.0,-8679.0,357892.0
524,840.0,-17844.0,5812.0,-2992.0,-32768.0,-24449.0,-8245.0,357898.0
525,9116.0,-20760.0,16004.0,-3008.0,-32768.0,-25257.0,-6658.0,357904.0
526,13360.0,-24824.0,25852.0,-3024.0,-32768.0,-23002.0,-4556.0,357910.0
527,13924.0,-30948.0,32767.0,-3024.0,-32768.0,-16994.0,-2202.0,357916.0
528,12388.0,-32768.0,32767.0,-3008.0,-32768.0,-9159.0,-713.0,357923.0
529,10200.0,-32768.0,32767.0,-2992.0,-32768.0,-2217.0,-313.0,357929.0
530,5708.0,-32768.0,32767.0,-2992.0,-32768.0,3072.0,-799.0,357936.0
531,-704.0,-32768.0,32767.0,-2992.0,-28488.0,5001.0,-1603.0,357942.0
532,-6632.0,-32768.0,32767.0,-3024.0,-23039.0,2958.0,-2249.0,357948.0
533,-10220.0,-29564.0,32767.0,-2992.0,-17431.0,-2226.0,-2436.0,357955.0
534,-8800.0,-24144.0,32767.0,-2992.0,-12414.0,-7473.0,-2166.0,357961.0
535,-3836.0,-17260.0,32767.0,-2992.0,-8165.0,-10064.0,-2018.0,357967.0
536,1200.0,-13812.0,32767.0,-3024.0,-4598.0,-10067.0,-1961.0,357975.0
537,11876.0,-16304.0,32767.0,-3008.0,-303.0,-9292.0,-2769.0,357981.0
538,32767.0,-32768.0,32767.0,-3024.0,13316.0,-15479.0,-9732.0,357987.0
539,16796.0,-32768.0,32767.0,-2992.0,23795.0,-11374.0,-6046.0,357993.0
540,-6472.0,-32768.0,-5640.0,-2992.0,12495.0,12503.0,9894.0,358000.0
541,-5568.0,-15812.0,-32768.0,-3024.0,10661.0,18108.0,6454.0,358006.0
542,-10244.0,-4032.0,-32768.0,-3024.0,12835.0,10948.0,-879.0,358012.0
543,-4936.0,-15680.0,-20688.0,-2976.0,16628.0,341.0,2450.0,358019.0
544,12560.0,-21612.0,12292.0,-3008.0,17905.0,-3584.0,-248.0,358025.0
545,6512.0,-24072.0,28764.0,-3024.0,17570.0,-3498.0,2151.0,358031.0
546,-13580.0,-18732.0,28044.0,-3008.0,16543.0,1349.0,7412.0,358037.0
547,-26148.0,-4732.0,20064.0,-3024.0,13187.0,573.0,2013.0,358044.0
548,-18800.0,-632.0,6792.0,-3008.0,10864.0,-6963.0,-4341.0,358050.0
549,920.0,-13092.0,-880.0,-3040.0,10183.0,-13532.0,-5361.0,358056.0
550,14100.0,-23088.0,-532.0,-3008.0,11616.0,-12607.0,-2926.0,358063.0
551,16112.0,-22152.0,3360.0,-2992.0,12145.0,-5968.0,-617.0,358069.0
552,9060.0,-16468.0,5668.0,-3024.0,11464.0,360.0,1247.0,358075.0
553,4140.0,-13576.0,4540.0,-3008.0,10407.0,3385.0,1424.0,358081.0
554,2716.0,-13296.0,4832.0,-3024.0,9553.0,3247.0,229.0,358087.0
555,1928.0,-14488.0,4892.0,-3040.0,9047.0,2275.0,-8.0,358093.0
556,960.0,-14864.0,5648.0,-3040.0,8752.0,1648.0,-61.0,358099.0
557,-1544.0,-16176.0,6556.0,-3040.0,8504.0,2497.0,-87.0,358105.0
558,-3556.0,-17148.0,4780.0,-3040.0,8246.0,3172.0,-822.0,358111.0
559,-2468.0,-16796.0,4408.0,-3008.0,7875.0,2200.0,-1440.0,358117.0
560,1496.0,-16180.0,4732.0,-3008.0,7365.0,1674.0,-1805.0,358123.0
561,5288.0,-15660.0,4588.0,-3008.0,7082.0,1508.0,-1663.0,358129.0
562,6296.0,-15036.0,4520.0,-2992.0,6633.0,1996.0,-977.0,358135.0
563,3756.0,-14516.0,5784.0,-3040.0,5930.0,2631.0,-654.0,358141.0
564,2428.0,-16012.0,4996.0,-3024.0,5528.0,2609.0,-727.0,358148.0
565,2036.0,-16488.0,4368.0,-3024.0,5307.0,2297.0,-671.0,358154.0
566,2976.0,-16340.0,4460.0,-3008.0,5046.0,2204.0,-445.0,358160.0
567,3276.0,-16468.0,4560.0,-2992.0,4915.0,2472.0,-124.0,358165.0
568,4040.0,-16420.0,5232.0,-3056.0,4725.0,2875.0,314.0,358171.0
569,3928.0,-16888.0,5016.0,-3008.0,4602.0,3374.0,685.0,358177.0
570,2808.0,-17516.0,4824.0,-3024.0,4632.0,3549.0,1184.0,358183.0
571,2260.0,-18444.0,4716.0,-3056.0,4812.0,3518.0,1407.0,358190.0
572,2048.0,-19432.0,4212.0,-3008.0,5122.0,3149.0,1502.0,358196.0
573,2548.0,-20588.0,3728.0,-2992.0,5510.0,2573.0,1660.0,358202.0
574,3360.0,-22536.0,2856.0,-2976.0,5940.0,2275.0,1752.0,358208.0
575,4860.0,-24812.0,1848.0,-3024.0,6383.0,2349.0,1525.0,358214.0
576,7032.0,-26448.0,1440.0,-3040.0,6987.0,1993.0,1005.0,358220.0
577,6624.0,-30052.0,1400.0,-3024.0,7667.0,2691.0,1874.0,358226.0
578,8132.0,-32768.0,296.0,-3040.0,8398.0,3562.0,1243.0,358233.0
579,6976.0,-32768.0,648.0,-3024.0,9344.0,4169.0,1546.0,358239.0
580,4596.0,-32768.0,1316.0,-2992.0,10492.0,5193.0,2439.0,358244.0
581,-72.0,-32768.0,488.0,-3024.0,11799.0,6913.0,3539.0,358250.0
582,-2104.0,-32768.0,-1452.0,-3024.0,12757.0,8028.0,3532.0,358256.0
583,-3960.0,-32768.0,-3500.0,-3008.0,13329.0,8636.0,3937.0,358262.0
584,-6520.0,-32768.0,-7144.0,-3040.0,12948.0,9124.0,4851.0,358268.0
585,-7920.0,-32768.0,-9684.0,-3024.0,12734.0,8582.0,5050.0,358275.0
586,-5416.0,-32768.0,-9016.0,-2992.0,13099.0,6778.0,5121.0,358281.0
587,-5516.0,-32768.0,-4768.0,-3040.0,15046.0,4473.0,5346.0,358287.0
588,-4716.0,-15240.0,-9836.0,-3024.0,14235.0,3070.0,5519.0,358293.0
589,-3960.0,-8200.0,-9616.0,-2992.0,13141.0,1269.0,4385.0,358299.0
590,-3628.0,-1300.0,-7340.0,-3040.0,11869.0,-1926.0,4240.0,358305.0
591,-532.0,6260.0,-968.0,-3056.0,10517.0,-5788.0,3392.0,358311.0
592,3620.0,18432.0,-23868.0,-3024.0,5312.0,-8300.0,1736.0,358318.0
593,9336.0,27452.0,-32768.0,-3024.0,77.0,-6195.0,582.0,358324.0
594,11144.0,32767.0,-32768.0,-2992.0,-5151.0,-4632.0,-537.0,358330.0
595,8972.0,30168.0,-32768.0,-2992.0,-10694.0,-5246.0,-688.0,358336.0
596,9112.0,22944.0,-32768.0,-3008.0,-15241.0,-6648.0,-855.0,358342.0
597,10996.0,19020.0,-32768.0,-3040.0,-20291.0,-8118.0,-1879.0,358348.0
598,12852.0,14464.0,-32768.0,-3008.0,-25033.0,-8222.0,-2069.0,358354.0
599,11996.0,9392.0,-32768.0,-3008.0,-29331.0,-6318.0,-2362.0,358361.0
600,7304.0,2372.0,-24340.0,-3008.0,-32420.0,-4159.0,-2231.0,358367.0
601,2356.0,-3528.0,-15568.0,-3008.0,-32768.0,-3148.0,-1698.0,358373.0
602,-1804.0,-10088.0,-5532.0,-2992.0,-32768.0,-2722.0,-784.0,358379.0
603,-4636.0,-16392.0,5296.0,-3024.0,-32768.0,-2319.0,-365.0,358385.0
604,-5968.0,-20716.0,16152.0,-3008.0,-32768.0,-2461.0,-400.0,358391.0
605,-5408.0,-24584.0,27764.0,-2992.0,-32768.0,-3759.0,-1254.0,358397.0
606,2440.0,-27156.0,32767.0,-2992.0,-29783.0,-6744.0,-3865.0,358404.0
607,12616.0,-28688.0,32767.0,-2992.0,-26516.0,-9315.0,-7342.0,358410.0
608,20388.0,-32768.0,32767.0,-3040.0,-21908.0,-8465.0,-6873.0,358417.0
609,32767.0,-32768.0,32767.0,-3008.0,1598.0,-15714.0,-15377.0,358423.0
610,-19520.0,-32768.0,32767.0,-2992.0,22574.0,-2380.0,3372.0,358429.0
611,-32768.0,-22624.0,32767.0,-3024.0,10427.0,32767.0,12101.0,358435.0
612,-14512.0,32767.0,-17352.0,-3056.0,6984.0,14690.0,-2841.0,358441.0
613,-30100.0,32767.0,-21196.0,-3008.0,9585.0,6815.0,-3920.0,358448.0
614,-11140.0,16628.0,-31744.0,-3008.0,5138.0,-1701.0,2209.0,358455.0
615,26584.0,-22944.0,-20368.0,-3024.0,6075.0,4777.0,-2907.0,358461.0
616,28160.0,-29464.0,5860.0,-3008.0,9208.0,2854.0,-1556.0,358467.0
617,28168.0,-32768.0,3692.0,-2992.0,8213.0,-3771.0,-4781.0,358473.0
618,16972.0,-32768.0,-3420.0,-2992.0,8117.0,-4311.0,-2422.0,358479.0
619,11220.0,-8876.0,7644.0,-3024.0,9212.0,2157.0,2274.0,358486.0
620,-12044.0,-5868.0,15352.0,-3008.0,9279.0,6763.0,1611.0,358492.0
621,-24896.0,-16272.0,12412.0,-3040.0,8059.0,4450.0,1671.0,358498.0
622,-16152.0,-20312.0,5176.0,-3024.0,8096.0,107.0,-2062.0,358504.0
623,-5012.0,-19508.0,4420.0,-3008.0,8484.0,-2785.0,-2589.0,358510.0
624,6028.0,-16516.0,4172.0,-3024.0,7967.0,-1604.0,-1449.0,358516.0
625,12832.0,-13872.0,3276.0,-2992.0,7220.0,1186.0,-592.0,358522.0
626,12716.0,-13496.0,2516.0,-2976.0,6621.0,3964.0,858.0,358529.0
627,8072.0,-12896.0,2616.0,-2992.0,6135.0,5601.0,1281.0,358535.0
628,676.0,-13260.0,5716.0,-3040.0,5788.0,5247.0,1249.0,358541.0
629,-5568.0,-14068.0,8852.0,-3040.0,5277.0,3018.0,950.0,358547.0
630,-7716.0,-14596.0,8700.0,-3024.0,4708.0,34.0,195.0,358553.0
631,-4560.0,-14068.0,7384.0,-2992.0,4331.0,-2992.0,-629.0,358558.0
632,152.0,-14620.0,6080.0,-3008.0,4060.0,-4155.0,-946.0,358564.0
633,3580.0,-16248.0,5232.0,-3008.0,3701.0,-2989.0,-423.0,358571.0
634,5096.0,-17912.0,4844.0,-3024.0,3514.0,-552.0,375.0,358577.0
635,3908.0,-17316.0,5832.0,-3024.0,3347.0,1778.0,853.0,358583.0
636,1084.0,-16156.0,5988.0,-2992.0,3090.0,2608.0,793.0,358589.0
637,-916.0,-15564.0,6192.0,-3024.0,2809.0,1889.0,358.0,358595.0
638,-1068.0,-16328.0,5824.0,-3040.0,2636.0,811.0,-42.0,358601.0
639,196.0,-16660.0,5776.0,-3008.0,2522.0,-85.0,-297.0,358606.0
640,1776.0,-17148.0,5704.0,-3024.0,2380.0,-284.0,-275.0,358612.0
641,3216.0,-17684.0,5656.0,-3024.0,2269.0,5.0,-62.0,358619.0
642,3972.0,-18036.0,5324.0,-3024.0,2185.0,846.0,218.0,358625.0
643,4188.0,-18244.0,5040.0,-3024.0,2177.0,1741.0,491.0,358630.0
644,3564.0,-17808.0,5060.0,-2992.0,2138.0,2325.0,724.0,358636.0
645,2564.0,-18708.0,5188.0,-3024.0,2223.0,2784.0,986.0,358642.0
646,2492.0,-19464.0,5092.0,-3008.0,2369.0,2665.0,970.0,358648.0
647,3020.0,-19900.0,4608.0,-3024.0,2595.0,2338.0,1012.0,358654.0
648,3836.0,-20400.0,4260.0,-3008.0,2945.0,2240.0,1069.0,358661.0
649,4260.0,-20764.0,3780.0,-3024.0,3298.0,2426.0,1197.0,358667.0
650,4328.0,-22248.0,3616.0,-3040.0,3721.0,3097.0,1428.0,358673.0
651,3956.0,-24540.0,3488.0,-3056.0,4305.0,3837.0,1668.0,358679.0
652,2488.0,-27548.0,3616.0,-3040.0,5062.0,4436.0,2115.0,358685.0
653,72.0,-30208.0,3476.0,-3024.0,5890.0,5133.0,2797.0,358691.0
654,-532.0,-32228.0,2760.0,-3024.0,6839.0,5306.0,2754.0,358697.0
655,-1100.0,-32768.0,2016.0,-3024.0,7908.0,5004.0,3130.0,358703.0
656,-428.0,-32768.0,1000.0,-3024.0,8988.0,4857.0,3507.0,358709.0
657,212.0,-32768.0,480.0,-3040.0,9811.0,5113.0,3633.0,358715.0
658,772.0,-32768.0,244.0,-3024.0,10180.0,5225.0,3938.0,358721.0
659,2412.0,-32768.0,-1172.0,-3008.0,10463.0,5117.0,4259.0,358727.0
660,3780.0,-32768.0,-4016.0,-2992.0,10792.0,4955.0,4324.0,358733.0
661,2604.0,-29576.0,-8108.0,-3008.0,9693.0,4379.0,4041.0,358739.0
662,3428.0,-29840.0,-8532.0,-3024.0,8184.0,3480.0,3493.0,358746.0
663,7056.0,-28924.0,892.0,-3040.0,9678.0,3223.0,2799.0,358752.0
664,5460.0,-11480.0,-2808.0,-3024.0,10088.0,2225.0,4197.0,358758.0
665,6812.0,1012.0,-1932.0,-3008.0,8606.0,3103.0,1532.0,358764.0
666,3732.0,3492.0,-516.0,-3008.0,7756.0,1929.0,1166.0,358769.0
667,4280.0,6764.0,3876.0,-3008.0,6906.0,4.0,398.0,358775.0
668,5476.0,11960.0,4344.0,-3056.0,5838.0,-1310.0,-965.0,358781.0
669,7608.0,19664.0,-12236.0,-2992.0,1641.0,-1558.0,-2116.0,358788.0
670,10752.0,23648.0,-22820.0,-2976.0,-2183.0,496.0,-2750.0,358794.0
671,8644.0,24232.0,-28852.0,-3024.0,-6171.0,2743.0,-2360.0,358800.0
672,2456.0,20696.0,-31400.0,-2992.0,-10142.0,3385.0,-1944.0,358806.0
673,-2432.0,16576.0,-27936.0,-3024.0,-13483.0,2037.0,-1501.0,358812.0
674,-4080.0,13980.0,-25200.0,-2992.0,-17144.0,-270.0,-1667.0,358818.0
675,-3476.0,8912.0,-23188.0,-3008.0,-19924.0,-2597.0,-3203.0,358824.0
676,-2392.0,3692.0,-19756.0,-3008.0,-22389.0,-4452.0,-3624.0,358831.0
677,-2540.0,-6596.0,-12828.0,-3008.0,-23711.0,-5395.0,-4657.0,358837.0
678,2816.0,-4044.0,-7824.0,-3024.0,-25795.0,-5009.0,-311.0,358843.0
679,-736.0,-9336.0,-920.0,-3008.0,-25857.0,-3347.0,-481.0,358849.0
680,-7204.0,-11272.0,5464.0,-3008.0,-26033.0,-2562.0,-196.0,358855.0
681,-11072.0,-14428.0,13032.0,-3024.0,-25788.0,-4445.0,-222.0,358861.0
682,-9740.0,-17828.0,22332.0,-2992.0,-24422.0,-7871.0,-1169.0,358867.0
683,-3152.0,-21528.0,32504.0,-2992.0,-22618.0,-10606.0,-2547.0,358874.0
684,4560.0,-25676.0,32767.0,-2992.0,-20330.0,-11503.0,-4009.0,358880.0
685,9956.0,-29868.0,32767.0,-3008.0,-16981.0,-10854.0,-4121.0,358886.0
686,12640.0,-32768.0,32767.0,-3008.0,-12971.0,-7279.0,-2358.0,358892.0
687,11732.0,-32768.0,32767.0,-3008.0,-8032.0,-3002.0,-1646.0,358898.0
688,15492.0,-32768.0,32767.0,-3008.0,2875.0,-2082.0,-3194.0,358904.0
689,-10320.0,-32768.0,32767.0,-3056.0,7781.0,3368.0,2341.0,358910.0
690,-22228.0,-32620.0,6516.0,-3056.0,4126.0,12949.0,4736.0,358917.0
691,-18924.0,2324.0,-32768.0,-3008.0,1627.0,10779.0,738.0,358924.0
692,-14476.0,3684.0,-32768.0,-3040.0,-476.0,7835.0,-832.0,358930.0
693,8788.0,-29756.0,-32768.0,-3024.0,711.0,1775.0,-3968.0,358935.0
694,28256.0,-32768.0,-4552.0,-3040.0,6522.0,-2617.0,-4832.0,358941.0
695,21680.0,-18708.0,6428.0,-3024.0,6989.0,-950.0,1446.0,358948.0
696,8936.0,-4232.0,8352.0,-2976.0,5107.0,3913.0,2374.0,358955.0
697,-4316.0,-6584.0,14120.0,-3008.0,3518.0,7598.0,491.0,358960.0
698,-14548.0,-11608.0,16668.0,-2992.0,3649.0,7152.0,-1905.0,358966.0
699,-17364.0,-10584.0,13156.0,-3024.0,3645.0,3267.0,-2555.0,358972.0
700,-7404.0,-12668.0,7208.0,-3008.0,3369.0,-352.0,-3023.0,358978.0
701,6128.0,-18100.0,536.0,-3024.0,3834.0,-2133.0,-3602.0,358984.0
702,14716.0,-20808.0,-2652.0,-3024.0,4845.0,-1383.0,-3141.0,358990.0
703,14764.0,-19104.0,392.0,-3008.0,5330.0,2419.0,-741.0,358996.0
704,9472.0,-16560.0,4068.0,-3008.0,4916.0,7154.0,1433.0,359003.0
705,4280.0,-14652.0,5444.0,-3024.0,4293.0,9344.0,2175.0,359009.0
706,764.0,-14224.0,5612.0,-3008.0,4020.0,8633.0,2173.0,359015.0
707,-2452.0,-14324.0,5404.0,-3024.0,3673.0,6709.0,1962.0,359021.0
708,-4008.0,-15560.0,5268.0,-3040.0,3377.0,3860.0,1440.0,359027.0
709,-3128.0,-16564.0,4896.0,-3024.0,3345.0,598.0,1223.0,359033.0
710,-368.0,-16684.0,5428.0,-3024.0,3165.0,-1314.0,1318.0,359040.0
711,2508.0,-17376.0,5008.0,-3008.0,3058.0,-1485.0,1719.0,359046.0
712,3872.0,-17304.0,5000.0,-2992.0,2936.0,-801.0,2544.0,359052.0
713,4664.0,-17056.0,5184.0,-3040.0,2848.0,-116.0,2897.0,359058.0
714,4232.0,-16836.0,5612.0,-3040.0,2639.0,344.0,2957.0,359063.0
715,2856.0,-17064.0,5084.0,-3024.0,2508.0,973.0,2969.0,359069.0
716,396.0,-17860.0,4944.0,-3024.0,2486.0,1659.0,2931.0,359075.0
717,-980.0,-18516.0,4820.0,-3040.0,2506.0,2263.0,2677.0,359081.0
718,-852.0,-19908.0,4964.0,-3040.0,2645.0,2619.0,2511.0,359088.0
719,-252.0,-20660.0,5092.0,-3024.0,2875.0,3080.0,2186.0,359094.0
720,616.0,-22300.0,5188.0,-3024.0,3142.0,3454.0,1691.0,359100.0
721,1348.0,-22836.0,4196.0,-3008.0,3479.0,3513.0,1217.0,359106.0
722,1224.0,-25596.0,3780.0,-3024.0,4030.0,4028.0,1259.0,359112.0
723,2016.0,-29240.0,2864.0,-3040.0,4834.0,4531.0,889.0,359118.0
724,3068.0,-31800.0,1020.0,-3024.0,5705.0,4960.0,706.0,359123.0
725,4064.0,-32768.0,44.0,-3024.0,6848.0,5400.0,663.0,359130.0
726,1756.0,-32768.0,1184.0,-3024.0,8219.0,6169.0,1519.0,359136.0
727,-248.0,-32768.0,1056.0,-3040.0,9321.0,7764.0,2352.0,359142.0
728,44.0,-32768.0,-404.0,-3040.0,10325.0,8429.0,1562.0,359148.0
729,-220.0,-32768.0,-1392.0,-3024.0,11078.0,8475.0,2167.0,359154.0
730,-696.0,-32768.0,-3460.0,-3040.0,11455.0,8271.0,3130.0,359160.0
731,-3772.0,-32768.0,-7740.0,-3024.0,10852.0,7294.0,3413.0,359166.0
732,-5244.0,-32768.0,-9044.0,-3008.0,9696.0,4612.0,2903.0,359173.0
733,-1692.0,-32768.0,-4080.0,-3024.0,10176.0,1792.0,2836.0,359179.0
734,-1780.0,-17224.0,-984.0,-3024.0,11562.0,-1435.0,3902.0,359185.0
735,2692.0,-1592.0,-2988.0,-3040.0,10334.0,-2356.0,3012.0,359191.0
736,3472.0,1276.0,-3076.0,-2992.0,9245.0,-3001.0,1852.0,359197.0
737,3836.0,3920.0,-2768.0,-3008.0,8109.0,-4347.0,1530.0,359203.0
738,4192.0,9148.0,3148.0,-3008.0,7925.0,-6172.0,1148.0,359208.0
739,5620.0,20928.0,-6448.0,-3024.0,4788.0,-6780.0,-83.0,359215.0
740,8456.0,27172.0,-20856.0,-3024.0,-511.0,-5407.0,-1511.0,359221.0
741,6772.0,24920.0,-26568.0,-3008.0,-4463.0,-4177.0,-1689.0,359227.0
742,1536.0,22000.0,-25552.0,-2992.0,-7232.0,-5769.0,-1070.0,359233.0
743,-668.0,18876.0,-21764.0,-3024.0,-10593.0,-8053.0,-1453.0,359239.0
744,3472.0,15160.0,-22732.0,-3024.0,-14430.0,-9992.0,-2871.0,359245.0
745,8496.0,10196.0,-22524.0,-3056.0,-17486.0,-10780.0,-4464.0,359251.0
746,10840.0,4732.0,-18864.0,-3024.0,-19072.0,-10074.0,-3143.0,359258.0
747,8968.0,2736.0,-12296.0,-3024.0,-20514.0,-7684.0,-2269.0,359264.0
748,3144.0,152.0,-6820.0,-3024.0,-22163.0,-5083.0,-1238.0,359270.0
749,-2264.0,-4176.0,-1468.0,-3008.0,-23657.0,-2999.0,-723.0,359276.0
750,-7436.0,-9616.0,3616.0,-3008.0,-24272.0,-2661.0,-626.0,359282.0
751,-10660.0,-13476.0,9572.0,-2992.0,-23739.0,-5081.0,-752.0,359288.0
752,-10912.0,-14888.0,15064.0,-2992.0,-22769.0,-9142.0,-1368.0,359294.0
753,-6824.0,-16008.0,19264.0,-2992.0,-21991.0,-12576.0,-2291.0,359301.0
754,-668.0,-18128.0,21500.0,-3008.0,-21041.0,-14539.0,-2854.0,359308.0
755,5600.0,-21296.0,29428.0,-3040.0,-18772.0,-13908.0,-3021.0,359314.0
756,17608.0,-20880.0,32767.0,-3008.0,-14483.0,-13638.0,-5701.0,359320.0
757,23616.0,-23956.0,32767.0,-3024.0,-13003.0,-13837.0,-6777.0,359326.0
758,32767.0,-32768.0,32767.0,-2992.0,1715.0,-10691.0,-5467.0,359332.0
759,-8688.0,-32768.0,32767.0,-2976.0,8923.0,2036.0,4896.0,359339.0
760,-30080.0,-32768.0,14380.0,-2992.0,5612.0,22231.0,11381.0,359345.0
761,-21988.0,16180.0,-23932.0,-3024.0,1918.0,15747.0,4901.0,359352.0
762,-25508.0,20948.0,-32768.0,-2992.0,-238.0,11490.0,95.0,359358.0
763,-9432.0,-9776.0,-32768.0,-3040.0,-1160.0,2470.0,-691.0,359364.0
764,19488.0,-32768.0,-17340.0,-3008.0,2291.0,-2767.0,-2834.0,359370.0
765,23900.0,-29492.0,3448.0,-2992.0,4740.0,-4241.0,-1151.0,359376.0
766,13480.0,-18348.0,8040.0,-3024.0,3536.0,-4491.0,1079.0,359383.0
767,4492.0,-13848.0,8712.0,-2992.0,1948.0,-3434.0,462.0,359389.0
768,-3548.0,-9640.0,10180.0,-2976.0,999.0,-1585.0,-1966.0,359395.0
769,-12656.0,-9968.0,14328.0,-3008.0,1221.0,-1551.0,-3027.0,359401.0
770,-15844.0,-13232.0,16020.0,-3040.0,1588.0,-2892.0,-1958.0,359407.0
771,-6688.0,-16588.0,9612.0,-3040.0,798.0,-3729.0,-2340.0,359413.0
772,5092.0,-19024.0,1852.0,-3024.0,-41.0,-2123.0,-3536.0,359419.0
773,13032.0,-19612.0,-1420.0,-2992.0,318.0,1227.0,-2576.0,359426.0
774,12828.0,-17272.0,12.0,-3024.0,1015.0,5356.0,-1213.0,359432.0
775,6704.0,-16548.0,2348.0,-3024.0,1073.0,7735.0,99.0,359438.0
776,2192.0,-17388.0,2600.0,-3024.0,1213.0,7391.0,234.0,359444.0
777,-716.0,-16008.0,3676.0,-3040.0,1461.0,5124.0,-134.0,359450.0
778,-1284.0,-15004.0,6252.0,-3008.0,1325.0,3980.0,-492.0,359456.0
779,-1968.0,-16192.0,5964.0,-3024.0,1269.0,3763.0,-1408.0,359461.0
780,-568.0,-16180.0,4616.0,-3008.0,1464.0,2351.0,-1754.0,359468.0
781,3200.0,-15784.0,3668.0,-3024.0,1812.0,734.0,-1658.0,359474.0
782,5260.0,-16092.0,3708.0,-3024.0,1647.0,934.0,-935.0,359480.0
783,4776.0,-17112.0,3284.0,-3008.0,1504.0,2859.0,-181.0,359486.0
784,2788.0,-16780.0,3564.0,-3040.0,1365.0,4281.0,331.0,359492.0
785,772.0,-16264.0,3768.0,-3024.0,1199.0,4752.0,540.0,359498.0
786,-12.0,-16576.0,3964.0,-2992.0,1101.0,4171.0,384.0,359504.0
787,308.0,-17368.0,3860.0,-3024.0,938.0,3360.0,303.0,359511.0
788,720.0,-18392.0,3164.0,-3040.0,938.0,2829.0,606.0,359516.0
789,1264.0,-18508.0,2992.0,-2976.0,896.0,2316.0,998.0,359522.0
790,1852.0,-18512.0,3584.0,-3024.0,891.0,2166.0,1313.0,359528.0
791,1892.0,-18548.0,3648.0,-3024.0,867.0,2252.0,1476.0,359534.0
792,1852.0,-18568.0,3732.0,-3040.0,894.0,2192.0,1619.0,359540.0
793,1384.0,-19052.0,3584.0,-3008.0,949.0,2468.0,1712.0,359546.0
794,560.0,-20252.0,3628.0,-3056.0,1073.0,2732.0,1764.0,359553.0
795,-160.0,-21876.0,3588.0,-2992.0,1355.0,2853.0,1919.0,359558.0
796,-872.0,-23336.0,3200.0,-3008.0,1730.0,2900.0,2110.0,359564.0
797,-1752.0,-25188.0,2504.0,-3008.0,2247.0,2943.0,2458.0,359570.0
798,-2372.0,-27676.0,2288.0,-2992.0,2969.0,2823.0,2854.0,359576.0
799,-2224.0,-29276.0,988.0,-3040.0,3769.0,2393.0,2974.0,359582.0
800,-2272.0,-32768.0,-152.0,-3024.0,4640.0,2032.0,3394.0,359588.0
801,-3028.0,-32768.0,-332.0,-3024.0,5539.0,2011.0,4029.0,359595.0
802,-4304.0,-32768.0,-992.0,-3008.0,6094.0,2009.0,5074.0,359601.0
803,-4152.0,-32768.0,-4968.0,-2992.0,6094.0,104.0,4753.0,359607.0
804,-4512.0,-32768.0,-9284.0,-3024.0,5634.0,-3141.0,4497.0,359613.0
805,552.0,-32768.0,-7260.0,-3024.0,5680.0,-4957.0,4575.0,359619.0
806,4104.0,-32768.0,1628.0,-3024.0,8202.0,-5052.0,4935.0,359625.0
807,5364.0,-9728.0,-2584.0,-3040.0,7979.0,-4410.0,5444.0,359630.0
808,4000.0,-5648.0,-1272.0,-3024.0,7323.0,-4034.0,4096.0,359636.0
809,3784.0,-5864.0,-760.0,-3024.0,6953.0,-4402.0,3680.0,359643.0
810,4108.0,-3364.0,728.0,-3056.0,6635.0,-4808.0,2898.0,359649.0
811,3540.0,3852.0,3544.0,-3008.0,6275.0,-5885.0,2043.0,359655.0
812,4720.0,13196.0,3164.0,-3008.0,4948.0,-7110.0,1384.0,359661.0
813,4612.0,16592.0,1984.0,-3024.0,2331.0,-6346.0,578.0,359667.0
814,4904.0,16612.0,-13452.0,-3024.0,-1207.0,-7433.0,-694.0,359673.0
815,8132.0,14024.0,-14952.0,-3008.0,-4083.0,-7864.0,-994.0,359680.0
816,8624.0,13580.0,-12828.0,-3024.0,-6214.0,-6420.0,-392.0,359686.0
817,10652.0,11452.0,-14696.0,-3024.0,-8797.0,-5299.0,-1905.0,359692.0
818,12096.0,7924.0,-15436.0,-2992.0,-10855.0,-4230.0,-2946.0,359698.0
819,11652.0,3780.0,-12428.0,-3024.0,-12471.0,-1945.0,-2271.0,359704.0
820,8548.0,640.0,-8872.0,-3008.0,-13498.0,346.0,-1547.0,359710.0
821,3780.0,-1728.0,-4588.0,-3024.0,-14360.0,2272.0,-906.0,359716.0
822,-1488.0,-4396.0,-752.0,-3008.0,-15156.0,3711.0,-625.0,359723.0
823,-5376.0,-7204.0,3324.0,-3040.0,-15556.0,3604.0,-780.0,359728.0
824,-7896.0,-9316.0,6964.0,-3024.0,-15475.0,1810.0,-1132.0,359734.0
825,-8900.0,-10520.0,10424.0,-3040.0,-15069.0,-753.0,-1578.0,359740.0
826,-7928.0,-10836.0,13232.0,-2992.0,-14561.0,-3457.0,-2029.0,359746.0
827,-5212.0,-10964.0,15460.0,-3024.0,-14104.0,-5757.0,-2401.0,359752.0
828,-2512.0,-12320.0,16224.0,-3024.0,-13539.0,-6907.0,-2570.0,359758.0
829,-332.0,-13164.0,17536.0,-3024.0,-12602.0,-7193.0,-2615.0,359764.0
830,996.0,-12080.0,19316.0,-2992.0,-11491.0,-7324.0,-2827.0,359771.0
831,2192.0,-10312.0,20560.0,-3008.0,-10607.0,-7218.0,-3174.0,359777.0
832,7080.0,-12628.0,30380.0,-3040.0,-8756.0,-6431.0,-3994.0,359784.0
833,17032.0,-7676.0,32767.0,-3008.0,-6110.0,-8814.0,-7208.0,359790.0
834,27144.0,-25188.0,32767.0,-3056.0,-5045.0,-10778.0,-10231.0,359796.0
835,21704.0,-32768.0,32767.0,-3008.0,2192.0,-4103.0,-3555.0,359802.0
836,-9600.0,-32768.0,-8568.0,-3008.0,2577.0,20688.0,8555.0,359809.0
837,-32768.0,-32768.0,-32768.0,-2992.0,5071.0,25787.0,11708.0,359815.0
838,-18256.0,22132.0,-32768.0,-3040.0,-304.0,15488.0,2090.0,359821.0
839,-7520.0,12568.0,-22324.0,-2992.0,1345.0,7044.0,-5424.0,359827.0
840,8812.0,-13284.0,2024.0,-3008.0,3777.0,-3010.0,-3687.0,359833.0
841,12380.0,-18424.0,9492.0,-2992.0,3854.0,-6177.0,-2.0,359839.0
842,5520.0,-8944.0,17256.0,-3056.0,2805.0,-3865.0,1163.0,359845.0
843,-2648.0,-8888.0,18016.0,-2976.0,678.0,-1092.0,-1360.0,359852.0
844,-9000.0,-13924.0,10660.0,-3024.0,12.0,-1380.0,-2923.0,359858.0
845,-8740.0,-14592.0,6608.0,-2976.0,293.0,-2117.0,-3083.0,359864.0
846,-6408.0,-16232.0,6896.0,-3024.0,749.0,-2150.0,-2886.0,359870.0
847,712.0,-19560.0,2416.0,-3008.0,572.0,-3434.0,-3248.0,359876.0
848,9472.0,-20912.0,-2052.0,-3024.0,690.0,-4674.0,-3247.0,359882.0
849,15744.0,-19296.0,-20.0,-3024.0,1672.0,-3364.0,-1721.0,359887.0
850,15496.0,-17052.0,2872.0,-2992.0,2052.0,1068.0,636.0,359894.0
851,9064.0,-16588.0,3852.0,-2976.0,1712.0,5748.0,2058.0,359900.0
852,1636.0,-16916.0,3920.0,-3008.0,1278.0,8112.0,2386.0,359906.0
853,-2612.0,-16096.0,4152.0,-3056.0,1147.0,7790.0,2074.0,359912.0
854,-4608.0,-14572.0,4656.0,-3008.0,983.0,6130.0,1611.0,359918.0
855,-4856.0,-16068.0,6424.0,-3024.0,1068.0,4732.0,981.0,359924.0
856,-3888.0,-19100.0,3708.0,-2992.0,1529.0,3993.0,-117.0,359930.0
857,472.0,-18260.0,368.0,-2976.0,2099.0,1706.0,-641.0,359937.0
858,4780.0,-16924.0,1500.0,-3008.0,2207.0,-10.0,48.0,359943.0
859,6768.0,-17236.0,1620.0,-2992.0,2408.0,602.0,952.0,359948.0
860,5740.0,-17756.0,2956.0,-3024.0,2621.0,2253.0,1525.0,359954.0
861,2760.0,-17844.0,2088.0,-3008.0,2941.0,4153.0,1641.0,359960.0
862,492.0,-17768.0,1720.0,-3024.0,3327.0,4607.0,1723.0,359966.0
863,232.0,-17912.0,2260.0,-3008.0,3423.0,3804.0,1969.0,359972.0
864,60.0,-19484.0,2592.0,-3008.0,3637.0,3597.0,2247.0,359979.0
865,-404.0,-21572.0,2740.0,-3040.0,3876.0,3929.0,2514.0,359985.0
866,-16.0,-23952.0,1864.0,-2992.0,4460.0,4251.0,2963.0,359991.0
867,768.0,-25872.0,900.0,-3024.0,5146.0,4385.0,3543.0,359997.0
868,612.0,-28184.0,-512.0,-3008.0,5978.0,4183.0,4286.0,360002.0
869,96.0,-30648.0,-1068.0,-2976.0,6832.0,3886.0,5026.0,360008.0
870,-1336.0,-32768.0,-1396.0,-3040.0,7583.0,3509.0,5717.0,360014.0
871,-1904.0,-32768.0,1004.0,-3024.0,8508.0,3110.0,6511.0,360020.0
872,-3912.0,-32768.0,-4496.0,-3040.0,8269.0,1203.0,7008.0,360027.0
873,-6324.0,-32768.0,-6708.0,-3024.0,7937.0,-425.0,7928.0,360033.0
874,-5724.0,-32768.0,-7744.0,-2992.0,7944.0,-2456.0,8314.0,360039.0
875,-384.0,-32768.0,-1100.0,-3056.0,8744.0,-3981.0,7800.0,360045.0
876,-716.0,-23544.0,-1836.0,-3008.0,10131.0,-6438.0,7853.0,360051.0
877,904.0,-10116.0,-2920.0,-2992.0,9746.0,-7914.0,7271.0,360057.0
878,1696.0,-5668.0,-1796.0,-3008.0,9416.0,-8812.0,6216.0,360064.0
879,4028.0,-1560.0,-1320.0,-3040.0,8630.0,-9386.0,5274.0,360070.0
880,5572.0,1864.0,-540.0,-2992.0,7754.0,-9466.0,4234.0,360075.0
881,6116.0,6760.0,124.0,-2992.0,6736.0,-9502.0,3094.0,360081.0
882,5764.0,10828.0,-1012.0,-2992.0,5090.0,-9267.0,2117.0,360087.0
883,5428.0,11732.0,-696.0,-2976.0,3271.0,-7975.0,1328.0,360093.0
884,4720.0,12192.0,-8096.0,-3024.0,767.0,-6083.0,654.0,360099.0
885,4072.0,9052.0,-6424.0,-2992.0,-146.0,-3876.0,382.0,360105.0
886,3428.0,6104.0,-2060.0,-3056.0,-772.0,-2640.0,-127.0,360112.0
887,3620.0,1712.0,4060.0,-3024.0,-1452.0,-1820.0,-417.0,360117.0
888,4396.0,-5260.0,12204.0,-2992.0,-1174.0,-79.0,-498.0,360123.0
889,3488.0,-13092.0,19948.0,-3024.0,-63.0,2589.0,-342.0,360129.0
890,700.0,-20984.0,32416.0,-2992.0,2307.0,4672.0,223.0,360135.0
891,-3092.0,-24616.0,32767.0,-3024.0,3576.0,6616.0,742.0,360141.0
892,-9116.0,-29152.0,32767.0,-2992.0,4666.0,8080.0,707.0,360147.0
893,-10560.0,-28232.0,24424.0,-3008.0,4843.0,8072.0,779.0,360154.0
894,-8028.0,-25100.0,9248.0,-3024.0,4879.0,7930.0,1061.0,360160.0
895,-6308.0,-21032.0,-3864.0,-3008.0,4796.0,8368.0,1810.0,360166.0
896,-6160.0,-19744.0,-12204.0,-3024.0,3993.0,8477.0,2964.0,360172.0
897,-5836.0,-22760.0,-16588.0,-3024.0,3265.0,7688.0,3379.0,360178.0
898,-4800.0,-28092.0,-12376.0,-3040.0,3451.0,5259.0,3077.0,360184.0
899,-3452.0,-31032.0,-3216.0,-3040.0,3895.0,1571.0,2661.0,360190.0
900,-896.0,-31752.0,2384.0,-2992.0,3768.0,-1724.0,2059.0,360197.0
901,1396.0,-31068.0,1924.0,-2992.0,2993.0,-3877.0,1213.0,360203.0
902,3124.0,-29048.0,-384.0,-3008.0,1812.0,-5231.0,220.0,360208.0
903,3776.0,-25644.0,-1216.0,-2992.0,976.0,-6337.0,-501.0,360214.0
904,4360.0,-20324.0,400.0,-3024.0,872.0,-6950.0,-473.0,360220.0
905,5648.0,-13680.0,2428.0,-3024.0,924.0,-6168.0,-400.0,360226.0
906,5756.0,-7964.0,5304.0,-3056.0,1072.0,-4753.0,-153.0,360232.0
907,5568.0,-3736.0,6768.0,-3024.0,1091.0,-3135.0,-248.0,360239.0
908,4660.0,160.0,8148.0,-3024.0,959.0,-1464.0,-308.0,360245.0
909,3588.0,3068.0,9784.0,-3040.0,636.0,-342.0,-611.0,360250.0
910,2536.0,5144.0,8788.0,-3008.0,-204.0,-151.0,-1207.0,360256.0
911,2052.0,8592.0,-1404.0,-3024.0,-2458.0,-429.0,-1958.0,360262.0
912,5724.0,8176.0,-5540.0,-3024.0,-4249.0,-189.0,-3211.0,360268.0
913,6028.0,7164.0,-5664.0,-3024.0,-5030.0,321.0,-3625.0,360273.0
914,4944.0,6964.0,-6956.0,-3008.0,-6473.0,-227.0,-3653.0,360280.0
915,4828.0,5376.0,-7104.0,-2976.0,-7934.0,-832.0,-3999.0,360286.0
916,5108.0,4760.0,-5988.0,-3008.0,-9226.0,-1250.0,-4395.0,360292.0
917,5260.0,4352.0,-4964.0,-3024.0,-10565.0,-1310.0,-4708.0,360298.0
918,4908.0,3348.0,-3836.0,-3008.0,-11807.0,-1161.0,-4830.0,360304.0
919,4184.0,2824.0,-2708.0,-2992.0,-12974.0,-864.0,-4564.0,360310.0
920,2904.0,1392.0,-960.0,-3008.0,-14021.0,-608.0,-4298.0,360316.0
921,800.0,-1052.0,1032.0,-3040.0,-14792.0,-177.0,-3893.0,360323.0
922,-1496.0,-4296.0,3536.0,-2992.0,-15213.0,355.0,-3291.0,360329.0
923,-4072.0,-7812.0,6264.0,-2992.0,-15237.0,922.0,-2640.0,360334.0
924,-6436.0,-10592.0,8600.0,-3008.0,-14932.0,877.0,-2220.0,360340.0
925,-8172.0,-11980.0,11168.0,-2992.0,-14363.0,-436.0,-2086.0,360346.0
926,-8216.0,-12408.0,14144.0,-3024.0,-13595.0,-2829.0,-2210.0,360352.0
927,-6300.0,-12860.0,18108.0,-2992.0,-12608.0,-5525.0,-2690.0,360358.0
928,0.0,-15700.0,30664.0,-2992.0,-10136.0,-7756.0,-3547.0,360365.0
929,7128.0,-16344.0,30960.0,-3024.0,-8818.0,-8445.0,-5171.0,360371.0
930,9044.0,-21124.0,23436.0,-3024.0,-8583.0,-6773.0,-6085.0,360377.0
931,13132.0,-29908.0,29032.0,-3008.0,-4434.0,-2372.0,-4147.0,360383.0
932,9912.0,-29308.0,32767.0,-3008.0,-797.0,3032.0,-1875.0,360389.0
933,48.0,-23560.0,28544.0,-3024.0,-517.0,8264.0,608.0,360395.0
934,-6632.0,-19456.0,13524.0,-3024.0,-768.0,11041.0,499.0,360401.0
935,-7740.0,-12232.0,-6488.0,-3008.0,-1480.0,9545.0,-846.0,360408.0
936,-4696.0,-2744.0,-31940.0,-2992.0,-4562.0,6252.0,-2660.0,360414.0
937,12052.0,-32768.0,-31732.0,-2976.0,-6366.0,3884.0,-6125.0,360420.0
938,32767.0,-32768.0,-13232.0,-3008.0,-1588.0,-705.0,-14842.0,360426.0
939,7320.0,-32768.0,-32068.0,-3040.0,3794.0,-2361.0,-2919.0,360432.0
940,-12848.0,-32768.0,-6692.0,-3024.0,8823.0,-4383.0,19034.0,360438.0
941,2988.0,32767.0,18396.0,-3024.0,5394.0,-2144.0,9232.0,360444.0
942,-19236.0,32767.0,27568.0,-2992.0,-426.0,5756.0,-1809.0,360451.0
943,-25680.0,-4616.0,14696.0,-2976.0,-776.0,3058.0,-893.0,360457.0
944,-14660.0,-13900.0,6272.0,-3024.0,1049.0,-3370.0,-5099.0,360463.0
945,-6720.0,-12980.0,4860.0,-3008.0,1381.0,-5131.0,-3108.0,360469.0
946,4524.0,-17792.0,-1380.0,-3024.0,913.0,-4779.0,-3355.0,360475.0
947,13720.0,-21376.0,-4748.0,-3056.0,1639.0,-5536.0,-4293.0,360481.0
948,17316.0,-19976.0,1532.0,-3024.0,2185.0,-5532.0,-2389.0,360487.0
949,13564.0,-19244.0,4256.0,-2992.0,1522.0,-2375.0,-205.0,360494.0
950,3724.0,-20348.0,3444.0,-3008.0,1378.0,2452.0,686.0,360500.0
951,-6448.0,-19092.0,3428.0,-3008.0,1762.0,5793.0,42.0,360506.0
952,-11492.0,-16144.0,6996.0,-3024.0,1300.0,4622.0,-1423.0,360512.0
953,-7040.0,-15076.0,7732.0,-3008.0,602.0,1422.0,-2588.0,360518.0
954,2904.0,-14296.0,5488.0,-2992.0,37.0,-860.0,-2552.0,360524.0
955,10132.0,-14956.0,3092.0,-3024.0,-234.0,-572.0,-2021.0,360529.0
956,9620.0,-16812.0,2516.0,-3024.0,-536.0,1884.0,-615.0,360536.0
957,5196.0,-18144.0,3592.0,-3024.0,-679.0,4886.0,558.0,360542.0
958,-752.0,-17120.0,4264.0,-3040.0,-727.0,6501.0,781.0,360548.0
959,-3496.0,-16196.0,4540.0,-3024.0,-901.0,5829.0,108.0,360554.0
960,-2068.0,-15976.0,3660.0,-3040.0,-975.0,3353.0,-578.0,360560.0
961,1540.0,-16540.0,2656.0,-3040.0,-1014.0,1252.0,-859.0,360566.0
962,3068.0,-17352.0,2300.0,-3024.0,-923.0,410.0,-591.0,360571.0
963,1980.0,-18152.0,3072.0,-2992.0,-988.0,413.0,53.0,360578.0
964,440.0,-19092.0,3440.0,-3008.0,-982.0,821.0,539.0,360584.0
965,188.0,-19800.0,3292.0,-3024.0,-1001.0,1410.0,715.0,360590.0
966,968.0,-20612.0,3068.0,-3040.0,-881.0,1938.0,870.0,360596.0
967,1604.0,-20724.0,2664.0,-3024.0,-692.0,2532.0,1157.0,360601.0
968,1656.0,-21228.0,1880.0,-3008.0,-381.0,3199.0,1448.0,360607.0
969,860.0,-22404.0,1424.0,-3024.0,75.0,3499.0,1677.0,360613.0
970,-32.0,-24492.0,612.0,-3024.0,589.0,3574.0,1846.0,360620.0
971,-616.0,-26704.0,-192.0,-3040.0,1223.0,3363.0,2027.0,360626.0
972,-476.0,-29176.0,-1312.0,-3008.0,1929.0,3135.0,2312.0,360632.0
973,584.0,-32612.0,-956.0,-2992.0,2992.0,2820.0,2547.0,360638.0
974,-1516.0,-32768.0,-2196.0,-2992.0,3779.0,2854.0,3497.0,360643.0
975,-1868.0,-32768.0,-2704.0,-3040.0,4326.0,3307.0,4229.0,360649.0
976,-248.0,-32768.0,-4016.0,-2992.0,4927.0,2060.0,3567.0,360655.0
977,-1352.0,-32344.0,-7268.0,-3008.0,5055.0,29.0,3975.0,360662.0
978,-2568.0,-31944.0,-9892.0,-3008.0,4500.0,-2651.0,4037.0,360668.0
979,-312.0,-31552.0,-10312.0,-3024.0,3657.0,-4978.0,3959.0,360674.0
980,5804.0,-28612.0,-40.0,-2976.0,5644.0,-4728.0,4258.0,360680.0
981,5456.0,-6084.0,-2180.0,-3024.0,6208.0,-4752.0,5326.0,360686.0
982,5760.0,5156.0,-2900.0,-2992.0,5345.0,-4135.0,4045.0,360692.0
983,5384.0,6992.0,680.0,-3008.0,4465.0,-4584.0,3907.0,360698.0
984,4896.0,9812.0,4076.0,-3008.0,3317.0,-5162.0,3083.0,360705.0
985,2212.0,13100.0,9144.0,-2992.0,1791.0,-5446.0,2004.0,360710.0
986,-820.0,19808.0,-2768.0,-3008.0,-2130.0,-6833.0,803.0,360716.0
987,1504.0,23992.0,-13460.0,-3008.0,-4970.0,-8916.0,-267.0,360722.0
988,5992.0,27432.0,-18064.0,-2992.0,-7796.0,-9401.0,-672.0,360728.0
989,6116.0,26792.0,-20556.0,-3040.0,-10855.0,-7861.0,-298.0,360734.0
990,3360.0,22560.0,-20520.0,-3008.0,-13725.0,-5862.0,-605.0,360740.0
991,1708.0,18068.0,-18660.0,-2992.0,-16183.0,-5194.0,-1328.0,360747.0
992,1836.0,10652.0,-14604.0,-3024.0,-18057.0,-3297.0,-1462.0,360753.0
993,-768.0,1536.0,-9444.0,-2992.0,-18994.0,-326.0,-1163.0,360759.0
994,-4184.0,-10920.0,-5864.0,-2992.0,-17516.0,510.0,-881.0,360765.0
995,-3336.0,-21572.0,26720.0,-3008.0,-11416.0,-2173.0,-497.0,360771.0
996,4016.0,-11900.0,32767.0,-3008.0,-11592.0,-7031.0,-3379.0,360777.0
997,5636.0,-30392.0,32767.0,-2992.0,-11590.0,-4240.0,-2949.0,360783.0
998,14344.0,-32768.0,32767.0,-3024.0,-5951.0,887.0,-2793.0,360790.0
999,8180.0,-32768.0,32767.0,-3024.0,-350.0,5297.0,-1061.0,360796.0
1000,-356.0,-32768.0,32767.0,-3008.0,2062.0,7008.0,-471.0,360802.0
1001,892.0,-32768.0,-3596.0,-3024.0,384.0,5332.0,-2242.0,360808.0
1002,9620.0,-32768.0,-32768.0,-3024.0,1098.0,4118.0,-2103.0,360814.0
1003,4900.0,-32768.0,-32768.0,-3008.0,2450.0,4482.0,4449.0,360820.0
1004,2712.0,-24572.0,-14152.0,-3024.0,2846.0,6803.0,6897.0,360826.0
1005,-4732.0,-10280.0,4740.0,-3024.0,3268.0,6229.0,5212.0,360833.0
1006,-6520.0,-11328.0,8844.0,-2976.0,2985.0,2639.0,2695.0,360839.0
1007,-5020.0,-17740.0,7832.0,-3024.0,3251.0,604.0,887.0,360845.0
1008,-5760.0,-16340.0,6404.0,-3024.0,3559.0,-416.0,-226.0,360851.0
1009,-7064.0,-13340.0,4300.0,-3040.0,3572.0,-1229.0,-943.0,360857.0
1010,-6280.0,-12492.0,2052.0,-2976.0,3546.0,-2373.0,-1635.0,360863.0
1011,-3908.0,-13776.0,232.0,-2992.0,3389.0,-3280.0,-1409.0,360868.0
1012,-1884.0,-15288.0,940.0,-3008.0,3244.0,-2846.0,-598.0,360875.0
1013,-2040.0,-16196.0,2216.0,-3040.0,2973.0,-1557.0,110.0,360881.0
1014,-2056.0,-16208.0,3760.0,-3024.0,2679.0,-528.0,443.0,360887.0
1015,-1604.0,-15348.0,5016.0,-3024.0,2237.0,0.0,816.0,360893.0
1016,-1196.0,-14140.0,5544.0,-3040.0,1873.0,141.0,1081.0,360899.0
1017,-1044.0,-12244.0,6612.0,-2992.0,1566.0,426.0,1154.0,360905.0
1018,-240.0,-12948.0,6748.0,-2992.0,1591.0,1045.0,779.0,360911.0
1019,984.0,-16268.0,4560.0,-2992.0,2461.0,1061.0,571.0,360916.0
1020,2060.0,-17212.0,3436.0,-3056.0,2755.0,598.0,958.0,360923.0
1021,3768.0,-18668.0,2120.0,-2976.0,2249.0,960.0,989.0,360929.0
1022,3548.0,-22848.0,292.0,-2976.0,2113.0,1838.0,777.0,360935.0
1023,3980.0,-25544.0,-1060.0,-3008.0,2064.0,1981.0,927.0,360941.0
1024,4268.0,-27412.0,-1828.0,-3024.0,2109.0,1812.0,1139.0,360947.0
1025,4108.0,-27924.0,-2156.0,-3008.0,2259.0,1671.0,1383.0,360953.0
1026,3816.0,-27320.0,-2024.0,-2992.0,2384.0,1502.0,1502.0,360960.0
1027,3472.0,-25940.0,-1980.0,-3008.0,2448.0,1367.0,1440.0,360966.0
1028,2264.0,-23004.0,-4740.0,-3024.0,1832.0,1023.0,1320.0,360971.0
1029,-1136.0,-22912.0,-7420.0,-3040.0,232.0,-935.0,983.0,360977.0
1030,-728.0,-25924.0,-4080.0,-3040.0,222.0,-2563.0,744.0,360983.0
1031,2148.0,-23868.0,3972.0,-3008.0,1943.0,-2809.0,1073.0,360989.0
1032,952.0,-13016.0,3612.0,-2992.0,3284.0,-2773.0,2044.0,360995.0
1033,1408.0,-4876.0,1136.0,-2992.0,3412.0,-1855.0,1071.0,361001.0
1034,-404.0,-2136.0,1716.0,-3024.0,3206.0,-2143.0,1379.0,361008.0
1035,-608.0,1380.0,2428.0,-2976.0,2654.0,-3130.0,1449.0,361014.0
1036,-1072.0,4328.0,4684.0,-3008.0,1756.0,-4479.0,857.0,361019.0
1037,-88.0,8064.0,2332.0,-3008.0,179.0,-6290.0,110.0,361025.0
1038,280.0,9904.0,-912.0,-3024.0,-2059.0,-7725.0,-458.0,361031.0
1039,2712.0,9864.0,-6364.0,-3024.0,-4621.0,-8936.0,-1636.0,361037.0
1040,6616.0,7168.0,-8732.0,-3024.0,-6398.0,-8723.0,-2566.0,361043.0
1041,8428.0,5624.0,-11472.0,-3040.0,-8122.0,-7809.0,-2926.0,361050.0
1042,9752.0,3580.0,-12028.0,-2992.0,-9719.0,-6311.0,-2573.0,361056.0
1043,10448.0,300.0,-9016.0,-2992.0,-10528.0,-3573.0,-1984.0,361062.0
1044,8516.0,-1976.0,-7104.0,-3008.0,-11350.0,797.0,-963.0,361068.0
1045,3244.0,-5160.0,-4860.0,-3008.0,-11999.0,4708.0,308.0,361073.0
1046,-4124.0,-7772.0,-1364.0,-2992.0,-11926.0,6583.0,1029.0,361079.0
1047,-9712.0,-8464.0,1736.0,-3008.0,-11713.0,5153.0,690.0,361085.0
1048,-12048.0,-9412.0,3860.0,-3008.0,-11589.0,1525.0,211.0,361092.0
1049,-10724.0,-12596.0,3052.0,-3024.0,-11005.0,-1901.0,-622.0,361098.0
1050,-3984.0,-15264.0,10048.0,-2992.0,-9230.0,-5366.0,-2489.0,361104.0
1051,9256.0,-18400.0,32767.0,-3008.0,-2973.0,-6708.0,-4914.0,361110.0
1052,17128.0,-8668.0,30620.0,-3008.0,-5544.0,-11413.0,-9368.0,361116.0
1053,18956.0,-24240.0,31132.0,-3008.0,-3516.0,-4147.0,-5103.0,361122.0
1054,22672.0,-32768.0,32767.0,-2992.0,1780.0,3126.0,-3058.0,361128.0
1055,4544.0,-32768.0,28776.0,-2992.0,2625.0,11613.0,-1741.0,361135.0
1056,-8740.0,-32768.0,-32768.0,-2992.0,1761.0,17322.0,1210.0,361141.0
1057,-14636.0,-32768.0,-32768.0,-2992.0,4775.0,10774.0,826.0,361147.0
1058,-11236.0,-15872.0,-30868.0,-2992.0,6587.0,5644.0,3584.0,361153.0
1059,272.0,20848.0,5636.0,-2960.0,6590.0,3416.0,3970.0,361160.0
1060,-1760.0,7612.0,18628.0,-2992.0,4168.0,5748.0,5161.0,361165.0
1061,-3528.0,-17524.0,14300.0,-3008.0,3570.0,6465.0,2194.0,361171.0
1062,-7696.0,-15140.0,7160.0,-2976.0,4225.0,1418.0,-2689.0,361178.0
1063,-8420.0,-3088.0,2776.0,-3024.0,3598.0,-4113.0,-3487.0,361184.0
1064,-6008.0,-7664.0,2848.0,-2992.0,3135.0,-5339.0,-2898.0,361190.0
1065,-2700.0,-15684.0,2880.0,-3008.0,3078.0,-5023.0,-2504.0,361196.0
1066,1480.0,-19532.0,2996.0,-3024.0,2855.0,-4056.0,-2309.0,361202.0
1067,5732.0,-19916.0,2832.0,-3008.0,2677.0,-3117.0,-1422.0,361208.0
1068,8256.0,-17596.0,2864.0,-3056.0,2464.0,-2120.0,-778.0,361214.0
1069,9072.0,-15104.0,3376.0,-3008.0,1925.0,-1001.0,-353.0,361221.0
1070,8380.0,-15920.0,2980.0,-3024.0,1459.0,554.0,83.0,361227.0
1071,5636.0,-16700.0,2196.0,-3008.0,1240.0,2058.0,572.0,361233.0
1072,2504.0,-15824.0,2872.0,-3024.0,838.0,3273.0,849.0,361239.0
1073,-352.0,-15440.0,3740.0,-2992.0,454.0,3726.0,775.0,361244.0
1074,-2184.0,-15504.0,3824.0,-3024.0,181.0,3293.0,753.0,361250.0
1075,-2664.0,-15472.0,3612.0,-3024.0,-73.0,2443.0,705.0,361256.0
1076,-2504.0,-15608.0,3212.0,-3024.0,-288.0,1722.0,518.0,361263.0
1077,-1752.0,-16028.0,3012.0,-2992.0,-430.0,1197.0,220.0,361269.0
1078,-1208.0,-16516.0,2580.0,-2992.0,-560.0,774.0,-22.0,361275.0
1079,-948.0,-16872.0,2328.0,-2992.0,-581.0,311.0,-204.0,361280.0
1080,-884.0,-17248.0,2076.0,-3040.0,-509.0,-335.0,-374.0,361286.0
1081,-868.0,-17332.0,1936.0,-3008.0,-493.0,-1278.0,-544.0,361292.0
1082,-232.0,-16952.0,1996.0,-3008.0,-546.0,-2203.0,-694.0,361298.0
1083,988.0,-16624.0,2216.0,-3008.0,-604.0,-2663.0,-702.0,361304.0
1084,2364.0,-15948.0,2484.0,-3040.0,-690.0,-2506.0,-734.0,361310.0
1085,3036.0,-15972.0,2400.0,-2976.0,-802.0,-1829.0,-699.0,361316.0
1086,3184.0,-16336.0,2108.0,-3024.0,-857.0,-758.0,-533.0,361322.0
1087,2732.0,-16632.0,2104.0,-3008.0,-978.0,220.0,-256.0,361328.0
1088,2032.0,-16896.0,2112.0,-3040.0,-1045.0,1152.0,-47.0,361334.0
1089,1108.0,-16936.0,2208.0,-3024.0,-1062.0,1562.0,114.0,361340.0
1090,456.0,-16516.0,2480.0,-3024.0,-1108.0,1437.0,170.0,361346.0
1091,152.0,-16408.0,2848.0,-2992.0,-1151.0,1008.0,104.0,361352.0
1092,356.0,-16464.0,2396.0,-2992.0,-1084.0,724.0,-39.0,361358.0
1093,468.0,-16452.0,1904.0,-3024.0,-1075.0,344.0,-85.0,361364.0
1094,960.0,-16376.0,1392.0,-2976.0,-1031.0,179.0,-99.0,361370.0
1095,1448.0,-16048.0,1568.0,-3040.0,-945.0,44.0,-61.0,361375.0
1096,1812.0,-16104.0,1924.0,-2976.0,-875.0,74.0,-74.0,361381.0
1097,1864.0,-16172.0,2288.0,-2992.0,-837.0,229.0,-148.0,361388.0
1098,1892.0,-17128.0,1956.0,-2992.0,-707.0,623.0,-240.0,361394.0
1099,1624.0,-17972.0,1964.0,-2976.0,-696.0,982.0,-38.0,361399.0
1100,1608.0,-18872.0,1584.0,-2976.0,-639.0,1496.0,41.0,361405.0
1101,892.0,-19292.0,1588.0,-2992.0,-407.0,1793.0,21.0,361411.0
1102,648.0,-19016.0,1516.0,-3040.0,-272.0,1815.0,130.0,361417.0
1103,620.0,-19252.0,1264.0,-3008.0,-132.0,1944.0,129.0,361422.0
1104,620.0,-19936.0,628.0,-2960.0,279.0,1945.0,103.0,361428.0
1105,784.0,-19836.0,664.0,-3040.0,438.0,1839.0,123.0,361435.0
1106,1136.0,-20288.0,536.0,-3008.0,639.0,1980.0,2.0,361441.0
1107,1384.0,-20268.0,168.0,-3008.0,880.0,2031.0,-83.0,361446.0
1108,1620.0,-19672.0,312.0,-2992.0,986.0,2022.0,-97.0,361452.0
1109,1456.0,-19564.0,748.0,-3008.0,1092.0,2046.0,-118.0,361458.0
1110,1472.0,-19544.0,1436.0,-3008.0,1212.0,2186.0,-178.0,361463.0
1111,1580.0,-19524.0,1492.0,-3040.0,1397.0,2335.0,-250.0,361469.0
1112,1324.0,-18992.0,1252.0,-2992.0,1497.0,2520.0,-149.0,361476.0
1113,980.0,-18236.0,968.0,-3024.0,1624.0,2737.0,-2.0,361482.0
1114,684.0,-16772.0,992.0,-2976.0,1676.0,2662.0,142.0,361488.0
1115,244.0,-15496.0,1748.0,-3024.0,1625.0,2416.0,226.0,361493.0
1116,212.0,-14708.0,2476.0,-2992.0,1606.0,2212.0,228.0,361499.0
1117,104.0,-13984.0,2572.0,-2992.0,1629.0,1884.0,244.0,361505.0
1118,-124.0,-12924.0,2560.0,-3008.0,1585.0,1493.0,333.0,361511.0
1119,-400.0,-11388.0,2640.0,-3008.0,1503.0,1083.0,387.0,361518.0
1120,-588.0,-9944.0,3140.0,-3008.0,1379.0,599.0,447.0,361523.0
1121,-484.0,-8884.0,4104.0,-3024.0,1232.0,-28.0,394.0,361529.0
1122,-104.0,-8532.0,4536.0,-3008.0,1087.0,-638.0,316.0,361535.0
1123,496.0,-8164.0,4596.0,-3024.0,933.0,-1084.0,164.0,361541.0
1124,1020.0,-6928.0,4900.0,-3008.0,556.0,-1563.0,144.0,361546.0
1125,1196.0,-5924.0,5376.0,-2992.0,-112.0,-1594.0,159.0,361552.0
1126,1724.0,-6556.0,4608.0,-3024.0,-196.0,-1629.0,81.0,361559.0
1127,2220.0,-5572.0,5324.0,-3040.0,-414.0,-1857.0,8.0,361565.0
1128,2664.0,-5216.0,5764.0,-2992.0,-832.0,-1598.0,-155.0,361570.0
1129,2976.0,-6212.0,5176.0,-2992.0,-1011.0,-1293.0,-418.0,361576.0
1130,3288.0,-6912.0,4500.0,-3024.0,-1152.0,-1256.0,-567.0,361582.0
1131,3316.0,-7272.0,4260.0,-3024.0,-1335.0,-1332.0,-684.0,361588.0
1132,3336.0,-8748.0,3632.0,-3008.0,-1344.0,-1391.0,-794.0,361594.0
1133,4248.0,-10608.0,3036.0,-3040.0,-1294.0,-1583.0,-864.0,361600.0
1134,4380.0,-12360.0,2584.0,-2992.0,-1444.0,-1680.0,-950.0,361606.0
1135,4428.0,-14836.0,1692.0,-2992.0,-1661.0,-1736.0,-832.0,361612.0
1136,4696.0,-17544.0,1016.0,-3008.0,-1744.0,-1887.0,-699.0,361618.0
1137,4256.0,-19100.0,780.0,-2992.0,-1829.0,-1995.0,-487.0,361624.0
1138,3492.0,-20764.0,732.0,-2992.0,-1939.0,-1887.0,-250.0,361630.0
1139,2704.0,-21640.0,388.0,-2992.0,-2019.0,-1934.0,-74.0,361636.0
1140,552.0,-23804.0,760.0,-2992.0,-1972.0,-1880.0,450.0,361643.0
1141,-800.0,-26804.0,336.0,-2992.0,-1731.0,-1794.0,935.0,361648.0
1142,-2080.0,-30000.0,-480.0,-2992.0,-1430.0,-1712.0,1068.0,361654.0
1143,-3212.0,-31280.0,-728.0,-3008.0,-990.0,-1836.0,1569.0,361660.0
1144,-3984.0,-29712.0,-440.0,-3008.0,-483.0,-2092.0,1817.0,361666.0
1145,-4180.0,-25808.0,184.0,-3008.0,-72.0,-2617.0,1829.0,361672.0
1146,-3436.0,-21144.0,1120.0,-3008.0,131.0,-3293.0,1670.0,361678.0
1147,-2276.0,-17164.0,1860.0,-3024.0,169.0,-3900.0,1391.0,361684.0
1148,-876.0,-14916.0,2688.0,-2992.0,77.0,-4101.0,1119.0,361691.0
1149,232.0,-14220.0,2800.0,-2992.0,-35.0,-3849.0,793.0,361696.0
1150,1076.0,-14076.0,2096.0,-2992.0,69.0,-3654.0,553.0,361702.0
1151,1744.0,-13176.0,1848.0,-3008.0,64.0,-3346.0,392.0,361708.0
1152,2556.0,-12872.0,2096.0,-2976.0,-40.0,-2823.0,209.0,361714.0
1153,2888.0,-13060.0,2648.0,-3008.0,-153.0,-2170.0,62.0,361720.0
1154,3128.0,-14056.0,3256.0,-3008.0,-323.0,-1452.0,-32.0,361725.0
1155,2804.0,-15300.0,3424.0,-2992.0,-428.0,-785.0,-41.0,361732.0
1156,2260.0,-16160.0,3164.0,-2992.0,-509.0,-101.0,66.0,361738.0
1157,1628.0,-16856.0,2440.0,-3008.0,-589.0,437.0,159.0,361744.0
1158,1296.0,-17304.0,2184.0,-2992.0,-672.0,868.0,241.0,361749.0
1159,852.0,-17644.0,1892.0,-3024.0,-658.0,1006.0,256.0,361755.0
1160,524.0,-17368.0,1916.0,-2992.0,-621.0,894.0,258.0,361761.0
1161,476.0,-16672.0,1956.0,-3008.0,-658.0,635.0,126.0,361767.0
1162,452.0,-16268.0,2548.0,-3024.0,-758.0,386.0,10.0,361773.0
1163,372.0,-16248.0,2540.0,-2976.0,-820.0,278.0,-116.0,361779.0
1164,332.0,-16320.0,2528.0,-2992.0,-872.0,271.0,-238.0,361785.0
1165,484.0,-16244.0,2252.0,-3008.0,-924.0,315.0,-313.0,361791.0
1166,512.0,-16204.0,1872.0,-2976.0,-997.0,347.0,-320.0,361796.0
1167,684.0,-16184.0,1764.0,-2992.0,-991.0,313.0,-347.0,361802.0
1168,952.0,-15860.0,1824.0,-3008.0,-1015.0,188.0,-423.0,361808.0
1169,1472.0,-16084.0,2136.0,-2992.0,-1059.0,45.0,-487.0,361815.0
1170,1768.0,-16248.0,2392.0,-3024.0,-1122.0,105.0,-465.0,361820.0
1171,1888.0,-16416.0,2364.0,-2992.0,-1163.0,346.0,-448.0,361826.0
1172,1656.0,-16392.0,2100.0,-3024.0,-1226.0,643.0,-436.0,361832.0
1173,1344.0,-16432.0,1992.0,-2992.0,-1240.0,875.0,-404.0,361838.0
1174,1072.0,-16628.0,1708.0,-3024.0,-1219.0,1017.0,-285.0,361844.0
1175,896.0,-16448.0,1480.0,-3040.0,-1184.0,1049.0,-241.0,361850.0
1176,856.0,-16152.0,1684.0,-2976.0,-1126.0,860.0,-197.0,361856.0
1177,960.0,-16004.0,2000.0,-3008.0,-1095.0,525.0,-313.0,361862.0
1178,636.0,-15788.0,2360.0,-3024.0,-1142.0,87.0,-324.0,361868.0
1179,1316.0,-15832.0,2200.0,-2992.0,-1178.0,-122.0,-301.0,361874.0
1180,1420.0,-15840.0,2260.0,-2992.0,-1211.0,-104.0,-210.0,361880.0
1181,1352.0,-15772.0,2076.0,-3024.0,-1189.0,-88.0,-191.0,361885.0
1182,996.0,-15820.0,1760.0,-2992.0,-1164.0,-86.0,-190.0,361891.0
1183,1216.0,-15632.0,1712.0,-3008.0,-1137.0,-190.0,-94.0,361897.0
1184,1456.0,-15564.0,1856.0,-3008.0,-1121.0,-238.0,-60.0,361904.0
1185,1700.0,-15840.0,2064.0,-2976.0,-1135.0,-262.0,-28.0,361910.0
1186,1552.0,-16380.0,1916.0,-3008.0,-1050.0,-198.0,-53.0,361915.0
1187,1452.0,-16792.0,1756.0,-2960.0,-974.0,-108.0,-7.0,361921.0
1188,1480.0,-16812.0,1332.0,-2976.0,-948.0,38.0,-14.0,361927.0
1189,1244.0,-16772.0,1100.0,-2992.0,-845.0,76.0,-23.0,361933.0
1190,1076.0,-16688.0,1320.0,-2976.0,-759.0,75.0,-9.0,361938.0
1191,896.0,-16736.0,1428.0,-2960.0,-727.0,50.0,-52.0,361945.0
1192,744.0,-16748.0,1712.0,-3024.0,-676.0,21.0,-87.0,361951.0
1193,740.0,-16640.0,1708.0,-2992.0,-637.0,46.0,-163.0,361956.0
1194,736.0,-16352.0,1672.0,-3008.0,-636.0,68.0,-255.0,361962.0
1195,572.0,-16284.0,1828.0,-2992.0,-615.0,46.0,-440.0,361967.0
1196,768.0,-16228.0,1788.0,-2992.0,-674.0,96.0,-405.0,361973.0
1197,844.0,-16324.0,1600.0,-2976.0,-669.0,327.0,-406.0,361979.0
1198,764.0,-16320.0,1648.0,-2960.0,-648.0,410.0,-468.0,361986.0
1199,572.0,-16160.0,1596.0,-3024.0,-650.0,440.0,-490.0,361991.0
1200,588.0,-16056.0,1600.0,-3008.0,-641.0,315.0,-567.0,361997.0
1201,808.0,-15928.0,1988.0,-2992.0,-689.0,83.0,-629.0,362003.0
1202,996.0,-15988.0,2296.0,-3008.0,-766.0,59.0,-711.0,362008.0
1203,1024.0,-16428.0,2072.0,-2992.0,-808.0,156.0,-774.0,362014.0
1204,1148.0,-16488.0,1764.0,-2976.0,-805.0,261.0,-763.0,362020.0
1205,1176.0,-16256.0,1636.0,-3008.0,-831.0,334.0,-784.0,362027.0
1206,1152.0,-16144.0,1712.0,-3024.0,-840.0,416.0,-778.0,362032.0
1207,1148.0,-16344.0,1796.0,-2992.0,-851.0,513.0,-787.0,362038.0
1208,1140.0,-16316.0,1724.0,-2992.0,-854.0,570.0,-798.0,362044.0
1209,1260.0,-16256.0,1504.0,-3008.0,-844.0,545.0,-816.0,362050.0
1210,1336.0,-15852.0,1524.0,-3008.0,-891.0,522.0,-835.0,362056.0
1211,1292.0,-15684.0,1948.0,-2992.0,-925.0,424.0,-891.0,362061.0
1212,1296.0,-15640.0,1996.0,-2992.0,-980.0,322.0,-1000.0,362067.0
1213,1000.0,-15760.0,1996.0,-3024.0,-1080.0,289.0,-1030.0,362074.0
1214,1192.0,-16076.0,2204.0,-2992.0,-1144.0,330.0,-962.0,362080.0
1215,1180.0,-16444.0,1632.0,-2976.0,-1151.0,525.0,-962.0,362086.0
1216,1008.0,-16460.0,1684.0,-3040.0,-1146.0,608.0,-996.0,362092.0
1217,920.0,-16436.0,1720.0,-2976.0,-1191.0,639.0,-987.0,362097.0
1218,1104.0,-16560.0,1752.0,-3008.0,-1200.0,549.0,-986.0,362103.0
1219,1216.0,-16500.0,1652.0,-3008.0,-1221.0,485.0,-977.0,362109.0
1220,1240.0,-16304.0,1452.0,-2976.0,-1215.0,397.0,-1010.0,362116.0
1221,1396.0,-16020.0,1456.0,-2960.0,-1230.0,277.0,-1117.0,362122.0
1222,1228.0,-15936.0,1660.0,-2992.0,-1279.0,89.0,-1096.0,362128.0
1223,1496.0,-16076.0,1756.0,-2992.0,-1298.0,26.0,-1088.0,362133.0
1224,1664.0,-16168.0,1536.0,-2992.0,-1306.0,88.0,-1042.0,362139.0
1225,1536.0,-16300.0,1188.0,-2976.0,-1307.0,198.0,-1051.0,362145.0
1226,1544.0,-16012.0,1320.0,-2976.0,-1323.0,177.0,-1003.0,362151.0
1227,1508.0,-16112.0,1320.0,-2976.0,-1340.0,49.0,-1022.0,362158.0
1228,1440.0,-16084.0,1572.0,-2960.0,-1347.0,-60.0,-1001.0,362164.0
1229,1492.0,-16452.0,1628.0,-2992.0,-1354.0,-59.0,-973.0,362170.0
1230,1288.0,-16500.0,1612.0,-2992.0,-1336.0,-9.0,-956.0,362175.0
1231,1364.0,-16456.0,1260.0,-2976.0,-1323.0,12.0,-958.0,362181.0
1232,1352.0,-16320.0,1148.0,-3008.0,-1253.0,18.0,-959.0,362187.0
1233,1400.0,-16292.0,1052.0,-2992.0,-1180.0,-68.0,-938.0,362193.0
1234,1728.0,-16656.0,1104.0,-2992.0,-1060.0,-209.0,-928.0,362200.0
1235,1804.0,-16740.0,860.0,-3024.0,-908.0,-323.0,-912.0,362205.0
1236,2180.0,-16928.0,816.0,-2992.0,-742.0,-266.0,-895.0,362211.0
1237,2152.0,-16896.0,456.0,-3008.0,-568.0,67.0,-927.0,362217.0
1238,2128.0,-16720.0,352.0,-2992.0,-385.0,108.0,-966.0,362223.0
1239,2072.0,-16564.0,528.0,-3008.0,-273.0,-73.0,-886.0,362228.0
1240,1976.0,-16608.0,1020.0,-2992.0,-161.0,-207.0,-802.0,362234.0
1241,2100.0,-16560.0,1028.0,-2992.0,-73.0,-144.0,-712.0,362241.0
1242,1848.0,-16432.0,1124.0,-2976.0,-13.0,-101.0,-659.0,362247.0
1243,1772.0,-16448.0,1060.0,-3024.0,96.0,8.0,-620.0,362252.0
1244,1768.0,-16572.0,1180.0,-2976.0,166.0,34.0,-554.0,362258.0
1245,1732.0,-17028.0,1504.0,-2992.0,305.0,199.0,-494.0,362264.0
1246,1928.0,-17452.0,328.0,-3008.0,614.0,429.0,-524.0,362269.0
1247,2092.0,-17092.0,56.0,-2992.0,989.0,175.0,-467.0,362275.0
1248,2364.0,-16268.0,648.0,-3008.0,1120.0,-143.0,-344.0,362281.0
1249,2368.0,-16364.0,1336.0,-2992.0,1188.0,-233.0,-332.0,362288.0
1250,2032.0,-16616.0,1412.0,-2992.0,1254.0,-103.0,-217.0,362293.0
1251,1868.0,-16560.0,892.0,-2960.0,1370.0,-5.0,-209.0,362299.0
1252,1832.0,-16188.0,724.0,-2976.0,1488.0,-240.0,-164.0,362305.0
1253,2088.0,-16068.0,1228.0,-2976.0,1597.0,-438.0,-84.0,362311.0
1254,2196.0,-16164.0,1172.0,-2992.0,1640.0,-503.0,-70.0,362316.0
1255,2176.0,-16268.0,1240.0,-2992.0,1665.0,-447.0,-5.0,362322.0
1256,2092.0,-16336.0,1092.0,-2976.0,1743.0,-276.0,41.0,362329.0
1257,1884.0,-16360.0,1144.0,-3008.0,1869.0,-115.0,51.0,362335.0
1258,1680.0,-16384.0,1316.0,-2960.0,1965.0,-189.0,77.0,362341.0
1259,1568.0,-16396.0,1616.0,-2992.0,1988.0,-311.0,128.0,362346.0
1260,1480.0,-16516.0,1912.0,-2992.0,1969.0,-382.0,112.0,362352.0
1261,1512.0,-16444.0,1632.0,-2992.0,1929.0,-374.0,118.0,362358.0
1262,1724.0,-16128.0,1752.0,-2992.0,1944.0,-422.0,106.0,362364.0
1263,1740.0,-16340.0,2072.0,-2992.0,1941.0,-437.0,137.0,362371.0
1264,1864.0,-16716.0,1480.0,-2992.0,2067.0,-395.0,145.0,362376.0
1265,1940.0,-16748.0,1072.0,-2992.0,2182.0,-369.0,210.0,362382.0
1266,2072.0,-16376.0,1228.0,-2992.0,2307.0,-484.0,199.0,362388.0
1267,2184.0,-16072.0,1780.0,-3024.0,2321.0,-610.0,226.0,362394.0
1268,1892.0,-16316.0,1992.0,-2992.0,2237.0,-634.0,228.0,362400.0
1269,1672.0,-16204.0,1944.0,-3008.0,2235.0,-642.0,190.0,362405.0
1270,1492.0,-15952.0,2252.0,-2976.0,2148.0,-720.0,190.0,362412.0
1271,1396.0,-15860.0,2592.0,-2944.0,2062.0,-876.0,212.0,362418.0
1272,1564.0,-16052.0,2472.0,-3008.0,1942.0,-887.0,194.0,362424.0
1273,1756.0,-16064.0,2392.0,-2976.0,1861.0,-796.0,196.0,362430.0
1274,1820.0,-16148.0,2120.0,-3008.0,1823.0,-605.0,181.0,362436.0
1275,1828.0,-16028.0,2080.0,-2976.0,1783.0,-431.0,192.0,362441.0
1276,1808.0,-15912.0,2104.0,-2976.0,1725.0,-406.0,193.0,362447.0
1277,1624.0,-15944.0,2160.0,-3008.0,1648.0,-364.0,167.0,362454.0
1278,1492.0,-15736.0,2576.0,-3008.0,1563.0,-357.0,113.0,362460.0
1279,1232.0,-15892.0,2856.0,-2976.0,1422.0,-324.0,151.0,362466.0
1280,888.0,-16352.0,2676.0,-3008.0,1370.0,-289.0,-31.0,362472.0
1281,928.0,-16220.0,2244.0,-2992.0,1365.0,-411.0,-130.0,362477.0
1282,1340.0,-16152.0,2336.0,-2992.0,1320.0,-541.0,-203.0,362483.0
1283,1616.0,-16096.0,2572.0,-2992.0,1202.0,-609.0,-257.0,362489.0
1284,1824.0,-16172.0,2736.0,-2992.0,1126.0,-540.0,-271.0,362496.0
1285,1848.0,-16332.0,2528.0,-3024.0,1062.0,-401.0,-289.0,362502.0
1286,1804.0,-16292.0,2620.0,-2992.0,1031.0,-325.0,-277.0,362507.0
1287,1772.0,-16268.0,2344.0,-2960.0,978.0,-208.0,-336.0,362513.0
1288,1748.0,-16144.0,2380.0,-2992.0,931.0,-159.0,-341.0,362519.0
1289,1740.0,-16156.0,2464.0,-2944.0,900.0,-142.0,-368.0,362525.0
1290,1732.0,-16020.0,2328.0,-3008.0,894.0,-141.0,-355.0,362531.0
1291,1852.0,-15872.0,2408.0,-3008.0,853.0,-243.0,-341.0,362536.0
1292,1720.0,-15956.0,2404.0,-2992.0,807.0,-258.0,-373.0,362543.0
1293,1772.0,-15984.0,2344.0,-2992.0,796.0,-294.0,-398.0,362549.0
1294,1900.0,-15924.0,2672.0,-3008.0,762.0,-390.0,-385.0,362555.0
1295,1968.0,-16136.0,2596.0,-2976.0,736.0,-371.0,-370.0,362561.0
1296,1944.0,-16328.0,2304.0,-2976.0,704.0,-246.0,-353.0,362566.0
1297,1984.0,-16364.0,2240.0,-2992.0,724.0,-204.0,-349.0,362572.0
1298,1932.0,-16188.0,2364.0,-2992.0,732.0,-265.0,-312.0,362578.0
1299,1836.0,-16220.0,2500.0,-2992.0,703.0,-241.0,-276.0,362585.0
1300,2016.0,-16112.0,2720.0,-2944.0,671.0,-203.0,-227.0,362590.0
1301,2260.0,-16372.0,2128.0,-2976.0,666.0,-78.0,-191.0,362596.0
1302,1892.0,-16196.0,2108.0,-3024.0,765.0,-105.0,-212.0,362602.0
1303,2072.0,-15768.0,2416.0,-2992.0,731.0,-309.0,-191.0,362608.0
1304,1996.0,-15708.0,2652.0,-2976.0,668.0,-369.0,-177.0,362613.0
1305,1984.0,-15912.0,2672.0,-3024.0,641.0,-358.0,-137.0,362619.0
1306,1860.0,-15984.0,2756.0,-2992.0,599.0,-242.0,-126.0,362626.0
1307,1884.0,-16104.0,2388.0,-2992.0,609.0,-236.0,-121.0,362632.0
1308,1768.0,-16284.0,2488.0,-2992.0,645.0,-220.0,-134.0,362638.0
1309,1844.0,-16228.0,2356.0,-2976.0,676.0,-204.0,-138.0,362643.0
1310,1908.0,-16348.0,2176.0,-3008.0,730.0,-226.0,-106.0,362649.0
1311,1944.0,-16212.0,2164.0,-2992.0,771.0,-328.0,-84.0,362655.0
1312,1996.0,-16208.0,2352.0,-3008.0,796.0,-412.0,-113.0,362661.0
1313,1828.0,-16028.0,2636.0,-3008.0,799.0,-488.0,-160.0,362667.0
1314,1792.0,-16268.0,2600.0,-2976.0,836.0,-439.0,-186.0,362673.0
1315,1760.0,-16420.0,2524.0,-2992.0,896.0,-400.0,-177.0,362679.0
1316,2084.0,-16564.0,2436.0,-2992.0,937.0,-250.0,-80.0,362685.0
1317,1804.0,-16660.0,2364.0,-3008.0,1019.0,-107.0,-228.0,362690.0
1318,1724.0,-16344.0,2252.0,-2976.0,1058.0,-209.0,-226.0,362696.0
1319,1880.0,-16112.0,2564.0,-3008.0,1103.0,-387.0,-240.0,362702.0
1320,2148.0,-16048.0,2460.0,-2976.0,1111.0,-308.0,-194.0,362708.0
1321,2212.0,-15820.0,2704.0,-2976.0,1122.0,-215.0,-180.0,362715.0
1322,1988.0,-15912.0,2628.0,-2976.0,1133.0,-166.0,-198.0,362721.0
1323,1892.0,-15980.0,2700.0,-2976.0,1160.0,-160.0,-208.0,362726.0
1324,1960.0,-15976.0,2796.0,-2976.0,1143.0,-93.0,-217.0,362732.0
1325,2104.0,-16140.0,2588.0,-2976.0,1184.0,-62.0,-200.0,362738.0
1326,2048.0,-15844.0,2576.0,-2992.0,1205.0,-133.0,-151.0,362744.0
1327,2032.0,-15640.0,2788.0,-2960.0,1184.0,-173.0,-123.0,362750.0
1328,1940.0,-15728.0,2772.0,-2992.0,1179.0,-254.0,-157.0,362757.0
1329,2072.0,-15612.0,2704.0,-2960.0,1182.0,-274.0,-164.0,362762.0
1330,2000.0,-15404.0,3196.0,-2992.0,1123.0,-357.0,-182.0,362768.0
1331,1844.0,-15448.0,3256.0,-2992.0,1054.0,-384.0,-218.0,362774.0
1332,1788.0,-15816.0,3208.0,-2960.0,990.0,-282.0,-177.0,362780.0
1333,1696.0,-16084.0,3388.0,-2992.0,957.0,-154.0,-141.0,362786.0
1334,1716.0,-16412.0,2776.0,-2992.0,1002.0,-61.0,-185.0,362791.0
1335,1728.0,-16280.0,2696.0,-2976.0,1004.0,-146.0,-108.0,362798.0
1336,2068.0,-16212.0,2848.0,-2976.0,987.0,-212.0,-146.0,362804.0
1337,2288.0,-15988.0,2852.0,-2960.0,979.0,-275.0,-154.0,362810.0
1338,2388.0,-15736.0,3188.0,-2960.0,921.0,-308.0,-125.0,362816.0
1339,2208.0,-15552.0,3292.0,-2992.0,873.0,-227.0,-141.0,362821.0
1340,2352.0,-15736.0,3172.0,-3024.0,815.0,-149.0,-145.0,362827.0
1341,2088.0,-15728.0,3028.0,-2976.0,819.0,-1.0,-73.0,362833.0
1342,1996.0,-15732.0,3080.0,-2960.0,794.0,37.0,-59.0,362840.0
1343,2032.0,-15672.0,3020.0,-2992.0,742.0,24.0,-86.0,362845.0
1344,2144.0,-15472.0,3280.0,-2976.0,736.0,-82.0,-113.0,362851.0
1345,1844.0,-15336.0,3248.0,-2992.0,657.0,-104.0,-102.0,362857.0
1346,1768.0,-15444.0,3384.0,-2992.0,540.0,-110.0,-163.0,362862.0
1347,1516.0,-15600.0,3444.0,-2976.0,488.0,-53.0,-214.0,362868.0
1348,1604.0,-15656.0,3336.0,-3024.0,425.0,-41.0,-260.0,362874.0
1349,1680.0,-15840.0,3064.0,-2992.0,448.0,-11.0,-241.0,362881.0
1350,1724.0,-15916.0,3184.0,-2976.0,416.0,42.0,-276.0,362886.0
1351,1680.0,-16096.0,3104.0,-2992.0,428.0,-27.0,-324.0,362892.0
1352,1768.0,-16020.0,3216.0,-2944.0,408.0,-59.0,-335.0,362898.0
1353,1768.0,-16036.0,3192.0,-2992.0,371.0,-93.0,-353.0,362904.0
1354,1944.0,-15900.0,3336.0,-2976.0,353.0,-147.0,-386.0,362909.0
1355,2048.0,-16084.0,2932.0,-2976.0,358.0,-129.0,-394.0,362915.0
1356,2064.0,-16024.0,3080.0,-2976.0,341.0,-62.0,-419.0,362921.0
1357,2136.0,-16160.0,3028.0,-2992.0,350.0,-44.0,-425.0,362928.0
1358,2252.0,-16188.0,3048.0,-3008.0,352.0,18.0,-418.0,362933.0
1359,2132.0,-16160.0,2980.0,-2992.0,365.0,26.0,-405.0,362939.0
1360,2132.0,-16040.0,3156.0,-3008.0,375.0,-5.0,-405.0,362945.0
1361,1888.0,-15996.0,3040.0,-2992.0,392.0,12.0,-397.0,362950.0
1362,2024.0,-16056.0,3068.0,-2976.0,373.0,-31.0,-363.0,362956.0
1363,1912.0,-15544.0,3440.0,-2992.0,310.0,-180.0,-433.0,362962.0
1364,1972.0,-15248.0,3520.0,-2992.0,256.0,-263.0,-439.0,362969.0
1365,1816.0,-15476.0,3592.0,-2976.0,194.0,-175.0,-484.0,362974.0
1366,1584.0,-15768.0,3488.0,-3008.0,129.0,-139.0,-503.0,362980.0
1367,1448.0,-15720.0,3656.0,-2992.0,84.0,-136.0,-560.0,362986.0
1368,1416.0,-15860.0,3432.0,-2992.0,50.0,-134.0,-605.0,362992.0
1369,1680.0,-15852.0,3360.0,-2960.0,61.0,-179.0,-577.0,362997.0
1370,1856.0,-15780.0,3280.0,-2992.0,58.0,-233.0,-615.0,363003.0
1371,1908.0,-15820.0,3336.0,-3008.0,48.0,-353.0,-643.0,363010.0
1372,2136.0,-15756.0,3200.0,-2992.0,65.0,-404.0,-682.0,363016.0
1373,2332.0,-15892.0,3160.0,-2976.0,56.0,-353.0,-652.0,363021.0
1374,2456.0,-16024.0,3192.0,-2960.0,112.0,-245.0,-658.0,363027.0
1375,2304.0,-15840.0,2940.0,-2992.0,134.0,-228.0,-623.0,363033.0
1376,2356.0,-16044.0,2980.0,-2992.0,159.0,-256.0,-604.0,363039.0
1377,2508.0,-16156.0,3124.0,-3040.0,192.0,-251.0,-577.0,363044.0
1378,2408.0,-16224.0,3180.0,-2976.0,207.0,-201.0,-532.0,363051.0
1379,2292.0,-16144.0,3044.0,-2992.0,226.0,-169.0,-496.0,363057.0
1380,2236.0,-15968.0,3252.0,-2992.0,257.0,-234.0,-454.0,363063.0
1381,2268.0,-15900.0,3300.0,-2960.0,250.0,-272.0,-454.0,363068.0
1382,2192.0,-15888.0,3288.0,-3008.0,239.0,-272.0,-433.0,363074.0
1383,2168.0,-15956.0,3300.0,-2960.0,224.0,-283.0,-437.0,363080.0
1384,2116.0,-15968.0,3528.0,-2960.0,205.0,-316.0,-483.0,363086.0
1385,1892.0,-16004.0,3320.0,-2960.0,188.0,-345.0,-497.0,363092.0
1386,2076.0,-15868.0,3232.0,-2960.0,173.0,-422.0,-551.0,363098.0
1387,2288.0,-15720.0,3596.0,-2976.0,124.0,-495.0,-615.0,363104.0
1388,2616.0,-15576.0,3412.0,-2944.0,38.0,-419.0,-662.0,363110.0
1389,2624.0,-15548.0,3456.0,-2960.0,-30.0,-274.0,-711.0,363116.0
1390,2492.0,-15200.0,3688.0,-2992.0,-188.0,-132.0,-711.0,363121.0
1391,2324.0,-15284.0,3920.0,-2976.0,-326.0,2.0,-792.0,363127.0
1392,2100.0,-15300.0,3940.0,-2960.0,-468.0,232.0,-878.0,363133.0
1393,2044.0,-15424.0,4072.0,-2992.0,-571.0,370.0,-956.0,363140.0
1394,1744.0,-15588.0,3724.0,-2960.0,-694.0,501.0,-1031.0,363145.0
1395,1800.0,-15628.0,3740.0,-2960.0,-767.0,564.0,-1080.0,363151.0
1396,2032.0,-15812.0,3400.0,-2992.0,-834.0,677.0,-1144.0,363157.0
1397,1932.0,-15956.0,3492.0,-2992.0,-882.0,731.0,-1214.0,363163.0
1398,1888.0,-16228.0,3268.0,-2992.0,-881.0,758.0,-1241.0,363169.0
1399,1608.0,-16388.0,3368.0,-2992.0,-861.0,716.0,-1195.0,363175.0
1400,1528.0,-16232.0,3124.0,-2992.0,-798.0,536.0,-1192.0,363182.0
1401,2012.0,-15952.0,3040.0,-2992.0,-774.0,266.0,-1229.0,363187.0
1402,2624.0,-15528.0,3004.0,-2992.0,-727.0,86.0,-1282.0,363193.0
1403,3056.0,-15472.0,3060.0,-2992.0,-678.0,82.0,-1313.0,363199.0
1404,3260.0,-15576.0,3012.0,-2960.0,-649.0,227.0,-1227.0,363205.0
1405,3088.0,-15724.0,3012.0,-2992.0,-573.0,374.0,-1140.0,363211.0
1406,3080.0,-15884.0,2664.0,-2992.0,-460.0,476.0,-1054.0,363216.0
1407,3236.0,-15848.0,2576.0,-2992.0,-348.0,536.0,-964.0,363223.0
1408,3472.0,-16000.0,2748.0,-2992.0,-232.0,536.0,-853.0,363229.0
1409,3456.0,-16080.0,2664.0,-2976.0,-105.0,549.0,-776.0,363235.0
1410,3364.0,-16228.0,2588.0,-2976.0,36.0,565.0,-666.0,363241.0
1411,3168.0,-16248.0,2756.0,-2960.0,167.0,554.0,-545.0,363246.0
1412,3164.0,-16244.0,2800.0,-2976.0,270.0,572.0,-458.0,363252.0
1413,3012.0,-16296.0,2880.0,-2992.0,380.0,484.0,-303.0,363258.0
1414,3312.0,-16272.0,2676.0,-2960.0,515.0,403.0,-202.0,363265.0
1415,3352.0,-16268.0,2600.0,-2992.0,610.0,335.0,-88.0,363270.0
1416,3356.0,-16316.0,2912.0,-3008.0,696.0,282.0,102.0,363276.0
1417,3208.0,-16156.0,3044.0,-2960.0,801.0,211.0,269.0,363282.0
1418,2968.0,-16132.0,2792.0,-2960.0,871.0,125.0,417.0,363288.0
1419,2672.0,-16168.0,3048.0,-3008.0,956.0,40.0,511.0,363293.0
1420,2656.0,-16072.0,3020.0,-2992.0,1068.0,-67.0,587.0,363299.0
1421,2760.0,-16100.0,2968.0,-2992.0,1137.0,-82.0,650.0,363305.0
1422,2716.0,-16064.0,2888.0,-2976.0,1231.0,-157.0,702.0,363312.0
1423,2828.0,-15940.0,2856.0,-2976.0,1291.0,-205.0,719.0,363317.0
1424,2972.0,-15844.0,3464.0,-3008.0,1306.0,-228.0,732.0,363323.0
1425,2848.0,-15800.0,3232.0,-3008.0,1296.0,-113.0,756.0,363329.0
1426,2700.0,-15820.0,3496.0,-2976.0,1319.0,-73.0,797.0,363335.0
1427,2648.0,-15756.0,3432.0,-2960.0,1297.0,-40.0,794.0,363341.0
1428,2560.0,-15616.0,3600.0,-2960.0,1223.0,46.0,761.0,363346.0
1429,2656.0,-15540.0,3736.0,-3008.0,1196.0,150.0,781.0,363353.0
1430,2564.0,-15408.0,3684.0,-2976.0,1118.0,194.0,786.0,363359.0
1431,2464.0,-15348.0,3844.0,-2976.0,1028.0,208.0,741.0,363365.0
1432,2408.0,-15292.0,3884.0,-2976.0,919.0,240.0,702.0,363371.0
1433,2364.0,-15312.0,3924.0,-2960.0,840.0,269.0,682.0,363376.0
1434,2152.0,-15436.0,3876.0,-2960.0,756.0,261.0,644.0,363382.0
1435,2100.0,-15472.0,3956.0,-3008.0,651.0,192.0,634.0,363388.0
1436,2060.0,-15520.0,3816.0,-2976.0,557.0,119.0,574.0,363395.0
1437,2116.0,-15572.0,3924.0,-2992.0,489.0,43.0,517.0,363400.0
1438,2228.0,-15528.0,3864.0,-2976.0,388.0,1.0,517.0,363406.0
1439,2460.0,-15552.0,3836.0,-2960.0,270.0,-15.0,470.0,363412.0
1440,2512.0,-15460.0,4180.0,-2976.0,152.0,7.0,369.0,363418.0
1441,3068.0,-15460.0,3944.0,-2960.0,103.0,28.0,484.0,363423.0
1442,2632.0,-15464.0,3856.0,-2960.0,12.0,277.0,396.0,363429.0
1443,2640.0,-15324.0,3896.0,-2976.0,-77.0,369.0,415.0,363436.0
1444,2352.0,-15444.0,3936.0,-2960.0,-167.0,433.0,409.0,363441.0
1445,2268.0,-15456.0,3872.0,-2960.0,-259.0,485.0,329.0,363447.0
1446,2268.0,-15576.0,3644.0,-2976.0,-318.0,505.0,301.0,363453.0
1447,2072.0,-15780.0,3848.0,-2976.0,-399.0,523.0,268.0,363459.0
1448,1984.0,-15788.0,3760.0,-2976.0,-447.0,466.0,206.0,363464.0
1449,1872.0,-15856.0,3572.0,-2960.0,-473.0,396.0,202.0,363470.0
1450,1868.0,-15752.0,3700.0,-2960.0,-515.0,353.0,183.0,363476.0
1451,1964.0,-15620.0,3800.0,-2976.0,-552.0,268.0,147.0,363483.0
1452,2040.0,-15596.0,3812.0,-2976.0,-590.0,138.0,114.0,363488.0
1453,2144.0,-15408.0,3796.0,-2992.0,-633.0,82.0,97.0,363494.0
1454,2380.0,-15344.0,3572.0,-2960.0,-681.0,57.0,26.0,363500.0
1455,2768.0,-14992.0,3696.0,-2960.0,-751.0,93.0,11.0,363506.0
1456,2828.0,-15396.0,3692.0,-2992.0,-776.0,102.0,-52.0,363511.0
1457,2932.0,-15428.0,3844.0,-2976.0,-843.0,198.0,-79.0,363517.0
1458,2624.0,-15600.0,3700.0,-2944.0,-913.0,412.0,-86.0,363524.0
1459,2368.0,-15748.0,3640.0,-2992.0,-954.0,603.0,-96.0,363529.0
1460,2104.0,-15668.0,3644.0,-2976.0,-1011.0,656.0,-122.0,363535.0
1461,2180.0,-15716.0,3640.0,-2944.0,-1072.0,662.0,-182.0,363541.0
1462,2320.0,-15756.0,3688.0,-3008.0,-1133.0,691.0,-260.0,363547.0
1463,2104.0,-15932.0,3696.0,-2976.0,-1232.0,754.0,-341.0,363553.0
1464,1968.0,-15776.0,3756.0,-2976.0,-1281.0,812.0,-374.0,363559.0
1465,1764.0,-15572.0,3764.0,-2976.0,-1381.0,845.0,-449.0,363565.0
1466,1684.0,-15392.0,3680.0,-2992.0,-1448.0,788.0,-540.0,363571.0
1467,1748.0,-15292.0,3796.0,-2992.0,-1495.0,672.0,-634.0,363577.0
