id,AcX,AcY,AcZ,Tmp,GyX,GyY,GyZ,Timer
0,4320.0,-16008.0,356.0,-2816.0,4031.0,209.0,1047.0,33823.0
1,4764.0,-15932.0,436.0,-2848.0,4062.0,198.0,1113.0,33829.0
2,4736.0,-15984.0,536.0,-2864.0,4113.0,348.0,1118.0,33835.0
3,4652.0,-15872.0,664.0,-2832.0,4107.0,439.0,1173.0,33841.0
4,4604.0,-16184.0,812.0,-2832.0,4115.0,656.0,1218.0,33847.0
5,4156.0,-16272.0,832.0,-2848.0,4162.0,791.0,1240.0,33853.0
6,3584.0,-16236.0,832.0,-2848.0,4186.0,787.0,1277.0,33858.0
7,3736.0,-16220.0,952.0,-2832.0,4227.0,691.0,1194.0,33864.0
8,4096.0,-16356.0,896.0,-2832.0,4267.0,638.0,1169.0,33870.0
9,4524.0,-16284.0,780.0,-2864.0,4370.0,631.0,1153.0,33876.0
10,4692.0,-15992.0,736.0,-2848.0,4346.0,702.0,1114.0,33883.0
11,4752.0,-15952.0,960.0,-2816.0,4355.0,818.0,1115.0,33888.0
12,4436.0,-16072.0,1348.0,-2864.0,4320.0,973.0,1136.0,33894.0
13,3764.0,-16204.0,1536.0,-2832.0,4346.0,1096.0,1225.0,33900.0
14,3252.0,-16448.0,1540.0,-2848.0,4386.0,1199.0,1152.0,33906.0
15,3440.0,-16588.0,1472.0,-2848.0,4427.0,1200.0,1192.0,33912.0
16,3684.0,-16432.0,1400.0,-2864.0,4485.0,1210.0,1148.0,33918.0
17,3932.0,-16508.0,1356.0,-2832.0,4507.0,1210.0,1102.0,33924.0
18,4616.0,-16404.0,1448.0,-2816.0,4567.0,1289.0,1146.0,33930.0
19,4788.0,-16420.0,1632.0,-2816.0,4615.0,1498.0,1148.0,33936.0
20,4928.0,-16596.0,1380.0,-2848.0,4696.0,1717.0,1174.0,33942.0
21,5152.0,-16512.0,1400.0,-2800.0,4768.0,1991.0,1047.0,33948.0
22,5204.0,-16372.0,1600.0,-2832.0,4850.0,2316.0,1109.0,33954.0
23,4604.0,-16664.0,1680.0,-2864.0,4903.0,2590.0,1236.0,33960.0
24,4172.0,-16712.0,1880.0,-2848.0,4988.0,2778.0,1297.0,33967.0
25,3848.0,-17096.0,2028.0,-2848.0,5110.0,2846.0,1279.0,33972.0
26,3764.0,-16800.0,1860.0,-2864.0,5254.0,2796.0,1276.0,33978.0
27,3824.0,-16652.0,1972.0,-2864.0,5372.0,2755.0,1293.0,33984.0
28,3892.0,-16504.0,2104.0,-2848.0,5430.0,2857.0,1332.0,33990.0
29,4092.0,-16780.0,2216.0,-2848.0,5539.0,2978.0,1329.0,33996.0
30,3980.0,-16860.0,2412.0,-2816.0,5677.0,3046.0,1316.0,34002.0
31,4076.0,-16840.0,2536.0,-2864.0,5765.0,3152.0,1359.0,34009.0
32,6312.0,-17596.0,3812.0,-2832.0,6020.0,3567.0,1035.0,34015.0
33,5816.0,-15820.0,1692.0,-2816.0,5940.0,3668.0,1041.0,34020.0
34,4572.0,-16364.0,2368.0,-2848.0,6100.0,4161.0,1696.0,34026.0
35,3164.0,-16368.0,3192.0,-2864.0,6267.0,4454.0,1578.0,34032.0
36,1788.0,-16412.0,3224.0,-2832.0,6439.0,4068.0,1791.0,34038.0
37,1436.0,-16576.0,2932.0,-2864.0,6610.0,3542.0,1843.0,34044.0
38,1480.0,-16608.0,2744.0,-2848.0,6731.0,3108.0,1840.0,34051.0
39,1544.0,-16888.0,3012.0,-2880.0,6840.0,2685.0,1896.0,34057.0
40,1692.0,-17164.0,2808.0,-2832.0,6944.0,2219.0,1979.0,34063.0
41,1732.0,-17396.0,2880.0,-2864.0,7034.0,1934.0,2059.0,34068.0
42,1924.0,-17656.0,2800.0,-2832.0,7150.0,1600.0,2121.0,34074.0
43,2060.0,-17888.0,2916.0,-2848.0,7265.0,1311.0,2162.0,34080.0
44,2500.0,-18108.0,3368.0,-2848.0,7334.0,1109.0,2210.0,34086.0
45,3096.0,-18272.0,3524.0,-2832.0,7389.0,1051.0,2243.0,34093.0
46,3676.0,-18324.0,3604.0,-2832.0,7447.0,1098.0,2391.0,34099.0
47,4100.0,-18416.0,3388.0,-2848.0,7515.0,1310.0,2527.0,34105.0
48,4404.0,-18388.0,3524.0,-2848.0,7577.0,1562.0,2707.0,34111.0
49,4156.0,-18368.0,3240.0,-2848.0,7655.0,1973.0,2891.0,34116.0
50,3880.0,-18528.0,3524.0,-2832.0,7766.0,2234.0,3117.0,34122.0
51,3396.0,-18692.0,3580.0,-2832.0,7933.0,2448.0,3352.0,34128.0
52,2976.0,-18836.0,3600.0,-2848.0,8108.0,2506.0,3559.0,34135.0
53,2664.0,-19016.0,3576.0,-2848.0,8329.0,2456.0,3807.0,34141.0
54,2436.0,-19076.0,3348.0,-2816.0,8578.0,2328.0,3976.0,34147.0
55,2400.0,-19260.0,3384.0,-2832.0,8854.0,2110.0,4171.0,34153.0
56,2788.0,-19368.0,3336.0,-2832.0,9142.0,1966.0,4392.0,34159.0
57,3220.0,-19504.0,3340.0,-2848.0,9401.0,1970.0,4575.0,34164.0
58,3556.0,-19868.0,3264.0,-2848.0,9662.0,2103.0,4765.0,34170.0
59,2900.0,-20344.0,3348.0,-2816.0,9881.0,2229.0,5109.0,34177.0
60,1084.0,-20816.0,4176.0,-2832.0,9967.0,2214.0,5802.0,34183.0
61,1008.0,-22376.0,4776.0,-2832.0,10005.0,1398.0,6312.0,34189.0
62,3208.0,-22824.0,3072.0,-2848.0,10229.0,619.0,6513.0,34195.0
63,5888.0,-21816.0,1552.0,-2864.0,10572.0,555.0,6082.0,34201.0
64,7476.0,-20912.0,1848.0,-2832.0,10833.0,974.0,5866.0,34207.0
65,7756.0,-21400.0,2356.0,-2832.0,11089.0,2311.0,5910.0,34213.0
66,6396.0,-21684.0,2052.0,-2816.0,11391.0,3767.0,6066.0,34219.0
67,4836.0,-21420.0,1752.0,-2832.0,11740.0,4815.0,6398.0,34225.0
68,3500.0,-21340.0,1532.0,-2816.0,12090.0,5264.0,6586.0,34231.0
69,3248.0,-21372.0,1484.0,-2864.0,12418.0,5374.0,6864.0,34237.0
70,3692.0,-21552.0,1276.0,-2816.0,12728.0,5546.0,7036.0,34243.0
71,4008.0,-22148.0,1412.0,-2864.0,13033.0,5720.0,7347.0,34249.0
72,4232.0,-22548.0,1232.0,-2832.0,13274.0,5949.0,7637.0,34255.0
73,5004.0,-22928.0,404.0,-2816.0,13590.0,6393.0,7831.0,34262.0
74,5444.0,-23900.0,-256.0,-2832.0,13887.0,6703.0,8029.0,34268.0
75,5844.0,-24304.0,-880.0,-2864.0,14031.0,6828.0,8193.0,34274.0
76,6248.0,-24696.0,-2024.0,-2816.0,14254.0,6976.0,8298.0,34280.0
77,7400.0,-25004.0,-3132.0,-2832.0,14415.0,7409.0,8361.0,34286.0
78,8588.0,-24660.0,-4548.0,-2816.0,14428.0,8068.0,8235.0,34292.0
79,9320.0,-25136.0,-6484.0,-2832.0,14576.0,9021.0,8207.0,34297.0
80,9172.0,-24776.0,-8340.0,-2816.0,14667.0,9913.0,8182.0,34304.0
81,7940.0,-23396.0,-9508.0,-2832.0,14531.0,10635.0,8141.0,34310.0
82,6024.0,-21624.0,-8788.0,-2816.0,14254.0,11290.0,8249.0,34316.0
83,3588.0,-20728.0,-7228.0,-2880.0,13900.0,11467.0,8435.0,34322.0
84,-12.0,-21264.0,-1816.0,-2832.0,14213.0,10462.0,8857.0,34328.0
85,-3012.0,-21908.0,5232.0,-2816.0,14911.0,8551.0,9249.0,34334.0
86,-5548.0,-23004.0,9892.0,-2832.0,15607.0,5879.0,9271.0,34340.0
87,-6620.0,-23572.0,9920.0,-2848.0,15791.0,2702.0,9017.0,34347.0
88,-5592.0,-22416.0,5972.0,-2896.0,15107.0,-908.0,8244.0,34353.0
89,-2640.0,-20460.0,820.0,-2832.0,13964.0,-4604.0,7490.0,34359.0
90,952.0,-18400.0,-2036.0,-2880.0,12742.0,-6838.0,7112.0,34365.0
91,2820.0,-17740.0,-2148.0,-2832.0,11669.0,-7358.0,6631.0,34371.0
92,3188.0,-18460.0,1632.0,-2848.0,11692.0,-7253.0,6330.0,34377.0
93,3072.0,-18356.0,2328.0,-2864.0,12485.0,-6532.0,6660.0,34383.0
94,3176.0,-17048.0,1816.0,-2848.0,12913.0,-4925.0,6611.0,34390.0
95,2736.0,-14216.0,1524.0,-2832.0,12599.0,-3616.0,6363.0,34396.0
96,2500.0,-11328.0,1624.0,-2816.0,11513.0,-3868.0,5891.0,34402.0
97,2740.0,-9040.0,236.0,-2832.0,10057.0,-4164.0,5602.0,34408.0
98,3584.0,-7820.0,-1648.0,-2864.0,8046.0,-3399.0,5483.0,34413.0
99,4048.0,-9048.0,-2784.0,-2832.0,6223.0,-1999.0,5182.0,34419.0
100,3804.0,-11016.0,-3988.0,-2864.0,5224.0,-1212.0,4592.0,34425.0
101,2528.0,-10612.0,-5628.0,-2848.0,4330.0,-1845.0,4534.0,34432.0
102,2232.0,-8504.0,-6796.0,-2864.0,3013.0,-3063.0,4729.0,34438.0
103,2260.0,-6216.0,-7216.0,-2832.0,1275.0,-4090.0,4447.0,34444.0
104,2188.0,-4696.0,-7424.0,-2816.0,-493.0,-4776.0,3989.0,34450.0
105,2548.0,-3536.0,-7104.0,-2832.0,-2172.0,-4963.0,3831.0,34455.0
106,3124.0,-2904.0,-6396.0,-2816.0,-3861.0,-4776.0,3691.0,34461.0
107,3412.0,-2656.0,-5688.0,-2848.0,-5467.0,-4382.0,3326.0,34467.0
108,3216.0,-2296.0,-5600.0,-2832.0,-7174.0,-4241.0,2803.0,34473.0
109,2588.0,-2240.0,-5496.0,-2832.0,-8796.0,-4436.0,2360.0,34480.0
110,2064.0,-2264.0,-5516.0,-2848.0,-10460.0,-4775.0,2041.0,34486.0
111,1344.0,-2208.0,-5344.0,-2832.0,-12214.0,-5321.0,1866.0,34492.0
112,-1528.0,-3888.0,-4652.0,-2832.0,-13625.0,-6375.0,1776.0,34498.0
113,2288.0,-3940.0,-4240.0,-2848.0,-15107.0,-6496.0,3245.0,34504.0
114,-384.0,-3684.0,-4576.0,-2832.0,-16856.0,-7662.0,-450.0,34510.0
115,-4236.0,-4176.0,-5732.0,-2832.0,-18718.0,-10236.0,242.0,34515.0
116,-2304.0,-4864.0,-5932.0,-2832.0,-20813.0,-12947.0,1058.0,34522.0
117,-40.0,-6080.0,-6480.0,-2816.0,-22553.0,-14872.0,683.0,34528.0
118,2392.0,-7612.0,-6464.0,-2816.0,-23965.0,-16038.0,212.0,34534.0
119,7268.0,2320.0,-6128.0,-2800.0,-28033.0,-15503.0,6716.0,34540.0
120,10984.0,-13828.0,-8104.0,-2784.0,-25500.0,-13622.0,-957.0,34546.0
121,6300.0,-11048.0,-3592.0,-2848.0,-26382.0,-13279.0,-2942.0,34552.0
122,5652.0,-9820.0,-2244.0,-2832.0,-27999.0,-13326.0,-1307.0,34558.0
123,10220.0,-11504.0,-2364.0,-2864.0,-29621.0,-12446.0,-1143.0,34565.0
124,11776.0,-12552.0,-1944.0,-2832.0,-30865.0,-10502.0,-444.0,34571.0
125,11488.0,-14516.0,-1888.0,-2832.0,-31363.0,-8986.0,-2283.0,34577.0
126,9164.0,-16048.0,-440.0,-2816.0,-31964.0,-8070.0,-1471.0,34583.0
127,9284.0,-17440.0,-256.0,-2832.0,-32324.0,-7308.0,-1502.0,34589.0
128,9096.0,-16656.0,1136.0,-2848.0,-32768.0,-5974.0,-2020.0,34595.0
129,8460.0,-19200.0,908.0,-2864.0,-32768.0,-5170.0,-2212.0,34601.0
130,8292.0,-19380.0,1824.0,-2816.0,-32768.0,-4999.0,-2781.0,34608.0
131,8156.0,-20556.0,1752.0,-2864.0,-32768.0,-5232.0,-3524.0,34614.0
132,7780.0,-21376.0,2960.0,-2864.0,-32768.0,-4550.0,-3665.0,34620.0
133,8976.0,-23192.0,3480.0,-2848.0,-32768.0,-4137.0,-3210.0,34626.0
134,9964.0,-23572.0,3832.0,-2864.0,-32768.0,-3170.0,-3851.0,34632.0
135,9704.0,-24348.0,4288.0,-2816.0,-32768.0,-2530.0,-4574.0,34638.0
136,9924.0,-24968.0,4484.0,-2848.0,-32768.0,-2137.0,-5238.0,34644.0
137,8984.0,-24848.0,5080.0,-2864.0,-32768.0,-1353.0,-6966.0,34651.0
138,7972.0,-26412.0,4936.0,-2848.0,-32768.0,-1440.0,-7634.0,34657.0
139,7840.0,-26928.0,4920.0,-2832.0,-32768.0,-1859.0,-8404.0,34663.0
140,8000.0,-27464.0,5240.0,-2864.0,-32768.0,-2179.0,-9202.0,34669.0
141,8088.0,-27796.0,5284.0,-2864.0,-32768.0,-2261.0,-9782.0,34675.0
142,8288.0,-28156.0,5576.0,-2832.0,-32768.0,-1957.0,-10136.0,34681.0
143,8404.0,-28028.0,5508.0,-2832.0,-32768.0,-1269.0,-10313.0,34688.0
144,8888.0,-27836.0,5540.0,-2816.0,-32768.0,-122.0,-10380.0,34694.0
145,9416.0,-27800.0,5072.0,-2864.0,-32768.0,1384.0,-10413.0,34700.0
146,10244.0,-28064.0,5268.0,-2816.0,-32768.0,3141.0,-10418.0,34706.0
147,10392.0,-28156.0,5488.0,-2880.0,-32691.0,5002.0,-10503.0,34712.0
148,10164.0,-28220.0,6036.0,-2864.0,-31988.0,6753.0,-10617.0,34719.0
149,9732.0,-28264.0,6508.0,-2864.0,-31186.0,8235.0,-10783.0,34725.0
150,9020.0,-28572.0,7352.0,-2832.0,-30206.0,9549.0,-11016.0,34732.0
151,8196.0,-28728.0,8420.0,-2832.0,-29158.0,10709.0,-11263.0,34738.0
152,7236.0,-28464.0,9392.0,-2816.0,-28082.0,11888.0,-11624.0,34744.0
153,6068.0,-28372.0,10092.0,-2832.0,-26952.0,12980.0,-12054.0,34750.0
154,5080.0,-28120.0,10816.0,-2816.0,-25735.0,13948.0,-12451.0,34756.0
155,3664.0,-28116.0,11540.0,-2832.0,-24297.0,14657.0,-12878.0,34763.0
156,1844.0,-27988.0,12208.0,-2848.0,-22657.0,15049.0,-12769.0,34769.0
157,256.0,-27320.0,12732.0,-2832.0,-21015.0,15286.0,-12397.0,34776.0
158,-1524.0,-26852.0,13492.0,-2848.0,-19400.0,15560.0,-11894.0,34782.0
159,-3860.0,-26604.0,14312.0,-2816.0,-17619.0,15773.0,-11078.0,34788.0
160,-7044.0,-26036.0,15076.0,-2848.0,-15744.0,15640.0,-10124.0,34795.0
161,-10420.0,-25536.0,16064.0,-2880.0,-13816.0,15048.0,-8878.0,34801.0
162,-14556.0,-24512.0,17588.0,-2816.0,-11785.0,13948.0,-7359.0,34807.0
163,-16964.0,-23560.0,18532.0,-2816.0,-9684.0,11721.0,-6043.0,34814.0
164,-18212.0,-23140.0,19024.0,-2832.0,-7457.0,8346.0,-4978.0,34821.0
165,-18048.0,-23164.0,19740.0,-2848.0,-5022.0,4162.0,-3862.0,34827.0
166,-17172.0,-23292.0,20596.0,-2864.0,-2383.0,241.0,-2678.0,34833.0
167,-15552.0,-22932.0,21024.0,-2848.0,69.0,-2757.0,-1699.0,34839.0
168,-13860.0,-22476.0,20596.0,-2848.0,2469.0,-4997.0,-1021.0,34845.0
169,-12220.0,-21876.0,19616.0,-2848.0,4643.0,-6815.0,-428.0,34851.0
170,-10708.0,-21284.0,18764.0,-2816.0,6617.0,-8203.0,213.0,34857.0
171,-9500.0,-20800.0,17892.0,-2832.0,8385.0,-9057.0,999.0,34864.0
172,-8372.0,-20384.0,16416.0,-2848.0,9889.0,-9507.0,1866.0,34870.0
173,-7584.0,-20016.0,15400.0,-2832.0,11178.0,-9704.0,2695.0,34876.0
174,-6620.0,-19832.0,14232.0,-2832.0,12383.0,-9854.0,3434.0,34882.0
175,-5348.0,-19460.0,13452.0,-2832.0,13431.0,-9996.0,4058.0,34888.0
176,-3928.0,-19088.0,12168.0,-2832.0,14366.0,-9989.0,4450.0,34894.0
177,-2556.0,-18484.0,10756.0,-2832.0,15073.0,-9919.0,4676.0,34900.0
178,-1736.0,-17704.0,9428.0,-2832.0,15556.0,-9820.0,4831.0,34908.0
179,-1060.0,-13328.0,5656.0,-2816.0,15446.0,-9577.0,4680.0,34914.0
180,5128.0,-2340.0,-17324.0,-2832.0,11055.0,-8320.0,2963.0,34920.0
181,32767.0,13088.0,-32768.0,-2864.0,-8529.0,-3464.0,-8574.0,34925.0
182,32767.0,-29556.0,-32768.0,-2832.0,-12309.0,-14330.0,-32120.0,34932.0
183,31768.0,-32768.0,-21968.0,-2848.0,11727.0,-19927.0,-524.0,34938.0
184,1388.0,-32768.0,4124.0,-2816.0,14375.0,13078.0,24563.0,34945.0
185,-32768.0,-31044.0,29888.0,-2848.0,14256.0,32767.0,20256.0,34951.0
186,-32768.0,-32768.0,32767.0,-2848.0,16019.0,24892.0,11362.0,34958.0
187,-32768.0,-31940.0,21604.0,-2864.0,16104.0,1452.0,-160.0,34964.0
188,-21100.0,-19460.0,-6564.0,-2864.0,13097.0,-13906.0,-2743.0,34970.0
189,7116.0,-6824.0,-16472.0,-2832.0,10858.0,-15824.0,-2282.0,34976.0
190,29412.0,2076.0,-9520.0,-2848.0,9308.0,-13019.0,-4838.0,34982.0
191,28272.0,-5344.0,4480.0,-2832.0,9327.0,-8548.0,-4435.0,34989.0
192,18088.0,-20408.0,11668.0,-2816.0,10120.0,-1387.0,-1801.0,34995.0
193,4156.0,-29988.0,11300.0,-2880.0,11297.0,3231.0,-84.0,35001.0
194,-2092.0,-25868.0,5608.0,-2864.0,10992.0,1111.0,254.0,35007.0
195,-284.0,-18196.0,-800.0,-2832.0,10404.0,-5515.0,-381.0,35013.0
196,7680.0,-15536.0,-4076.0,-2848.0,10803.0,-10469.0,-281.0,35019.0
197,13024.0,-16016.0,-4464.0,-2864.0,12050.0,-11727.0,690.0,35025.0
198,13708.0,-15000.0,-2188.0,-2832.0,12652.0,-10050.0,2526.0,35032.0
199,9740.0,-12420.0,636.0,-2864.0,11717.0,-6558.0,3885.0,35038.0
200,4292.0,-10952.0,1480.0,-2816.0,9750.0,-3489.0,4195.0,35044.0
201,380.0,-11732.0,548.0,-2832.0,7980.0,-1939.0,3347.0,35050.0
202,-1444.0,-13972.0,-376.0,-2864.0,6939.0,-1305.0,1991.0,35056.0
203,-1124.0,-16740.0,-1100.0,-2864.0,6809.0,-1023.0,490.0,35062.0
204,-236.0,-18580.0,-1204.0,-2864.0,7151.0,-223.0,-397.0,35067.0
205,208.0,-18912.0,-1300.0,-2832.0,7549.0,1032.0,-842.0,35074.0
206,-36.0,-18012.0,-1620.0,-2864.0,7729.0,1419.0,-1544.0,35080.0
207,-796.0,-17292.0,-1624.0,-2832.0,7807.0,295.0,-2350.0,35086.0
208,-76.0,-14960.0,-1540.0,-2864.0,7407.0,-1558.0,-2503.0,35092.0
209,3216.0,-14008.0,-932.0,-2864.0,6680.0,-2769.0,-2386.0,35098.0
210,6220.0,-14496.0,-588.0,-2848.0,6107.0,-3158.0,-2169.0,35103.0
211,7648.0,-14944.0,-516.0,-2816.0,5776.0,-2643.0,-1928.0,35109.0
212,7972.0,-14984.0,-444.0,-2864.0,5499.0,-1630.0,-1652.0,35116.0
213,7920.0,-14820.0,-436.0,-2832.0,5205.0,-573.0,-1252.0,35122.0
214,7688.0,-15056.0,-156.0,-2848.0,4907.0,600.0,-814.0,35128.0
215,6984.0,-15400.0,-256.0,-2896.0,4669.0,1751.0,-446.0,35134.0
216,5864.0,-15940.0,-156.0,-2864.0,4474.0,2649.0,-229.0,35140.0
217,4640.0,-16200.0,-348.0,-2832.0,4297.0,3067.0,-213.0,35145.0
218,3684.0,-16448.0,-532.0,-2832.0,4178.0,3001.0,-328.0,35151.0
219,3060.0,-16488.0,-640.0,-2832.0,4164.0,2596.0,-544.0,35158.0
220,2824.0,-16932.0,-448.0,-2832.0,4303.0,2119.0,-815.0,35164.0
221,3156.0,-17252.0,-1060.0,-2864.0,4586.0,1803.0,-1044.0,35170.0
222,4340.0,-16352.0,-1448.0,-2880.0,4882.0,1375.0,-1248.0,35176.0
223,5432.0,-15484.0,-1332.0,-2832.0,4914.0,1017.0,-1289.0,35182.0
224,6120.0,-15324.0,-804.0,-2848.0,4809.0,932.0,-1098.0,35187.0
225,6372.0,-15624.0,-656.0,-2848.0,4742.0,1234.0,-773.0,35193.0
226,6440.0,-15852.0,-600.0,-2848.0,4670.0,1791.0,-433.0,35200.0
227,6684.0,-15856.0,-696.0,-2880.0,4703.0,2286.0,-162.0,35206.0
228,6780.0,-15924.0,-1080.0,-2816.0,4799.0,2757.0,81.0,35212.0
229,6864.0,-16028.0,-1320.0,-2848.0,4959.0,3191.0,295.0,35218.0
230,6332.0,-16040.0,-1280.0,-2848.0,5202.0,3501.0,538.0,35224.0
231,5572.0,-16024.0,-808.0,-2832.0,5418.0,3791.0,796.0,35229.0
232,4988.0,-16012.0,-944.0,-2864.0,5634.0,3960.0,922.0,35235.0
233,4760.0,-15424.0,-864.0,-2864.0,5732.0,3789.0,943.0,35241.0
234,4644.0,-15348.0,-556.0,-2864.0,5732.0,3527.0,892.0,35248.0
235,5540.0,-16220.0,-4.0,-2864.0,6055.0,3371.0,1436.0,35254.0
236,4116.0,-16112.0,-112.0,-2848.0,6252.0,3533.0,583.0,35259.0
237,3400.0,-15784.0,-452.0,-2848.0,6362.0,2957.0,689.0,35265.0
238,4380.0,-15352.0,-116.0,-2848.0,6291.0,2111.0,584.0,35271.0
239,4968.0,-15332.0,-944.0,-2848.0,6238.0,2303.0,697.0,35277.0
240,11228.0,-13900.0,988.0,-2848.0,5381.0,6305.0,1060.0,35283.0
241,8720.0,-15756.0,868.0,-2848.0,5626.0,8171.0,963.0,35290.0
242,-2632.0,-21304.0,-1932.0,-2816.0,6145.0,-1081.0,44.0,35295.0
243,888.0,-12184.0,-1420.0,-2864.0,5835.0,784.0,982.0,35301.0
244,8296.0,-14428.0,916.0,-2832.0,5230.0,205.0,212.0,35307.0
245,6040.0,-16828.0,736.0,-2848.0,5682.0,1414.0,233.0,35313.0
246,4816.0,-15372.0,1040.0,-2832.0,5375.0,1254.0,598.0,35318.0
247,5576.0,-16888.0,740.0,-2832.0,5460.0,1696.0,626.0,35324.0
248,5000.0,-15816.0,708.0,-2832.0,5303.0,1940.0,690.0,35331.0
249,5152.0,-16152.0,844.0,-2864.0,5278.0,2252.0,708.0,35337.0
250,4840.0,-15732.0,1100.0,-2816.0,5173.0,2508.0,709.0,35343.0
251,4536.0,-15972.0,1164.0,-2880.0,5112.0,2719.0,740.0,35348.0
252,4516.0,-16112.0,1008.0,-2848.0,5124.0,2982.0,698.0,35354.0
253,4244.0,-15880.0,1244.0,-2848.0,5099.0,3010.0,651.0,35360.0
254,4200.0,-15748.0,1552.0,-2848.0,5014.0,3035.0,604.0,35366.0
255,4048.0,-16020.0,1604.0,-2864.0,4994.0,3009.0,505.0,35373.0
256,4116.0,-15900.0,1560.0,-2832.0,4953.0,2957.0,472.0,35379.0
257,4156.0,-15912.0,1748.0,-2832.0,4917.0,2937.0,407.0,35384.0
258,4456.0,-15992.0,1592.0,-2864.0,4922.0,2952.0,321.0,35390.0
259,4776.0,-16116.0,1644.0,-2864.0,4926.0,2973.0,294.0,35396.0
260,5132.0,-16048.0,1720.0,-2864.0,4919.0,3105.0,358.0,35402.0
261,5340.0,-16268.0,1608.0,-2864.0,5015.0,3305.0,386.0,35408.0
262,5392.0,-16124.0,1588.0,-2832.0,5077.0,3547.0,491.0,35415.0
263,5288.0,-16420.0,1780.0,-2832.0,5122.0,3836.0,507.0,35420.0
264,5156.0,-16652.0,1360.0,-2832.0,5313.0,4085.0,583.0,35426.0
265,5100.0,-16528.0,1476.0,-2864.0,5462.0,4281.0,711.0,35432.0
266,4820.0,-16512.0,1724.0,-2864.0,5632.0,4484.0,755.0,35438.0
267,4492.0,-16620.0,1780.0,-2832.0,5842.0,4569.0,864.0,35444.0
268,4516.0,-16740.0,1880.0,-2848.0,5992.0,4560.0,995.0,35450.0
269,4760.0,-16916.0,1884.0,-2848.0,6230.0,4377.0,1142.0,35456.0
270,5076.0,-16832.0,1728.0,-2848.0,6423.0,4239.0,1282.0,35462.0
271,5108.0,-16924.0,1624.0,-2864.0,6618.0,4152.0,1620.0,35468.0
272,5508.0,-17080.0,1600.0,-2832.0,6843.0,3925.0,1780.0,35474.0
273,5700.0,-17204.0,1928.0,-2864.0,7095.0,3847.0,2046.0,35480.0
274,5948.0,-16860.0,2068.0,-2848.0,7313.0,3769.0,2266.0,35486.0
275,5976.0,-17696.0,2288.0,-2816.0,7544.0,4045.0,2520.0,35492.0
276,5768.0,-16704.0,2012.0,-2864.0,7766.0,4197.0,2503.0,35499.0
277,4792.0,-17396.0,2624.0,-2864.0,8044.0,4243.0,3024.0,35504.0
278,4728.0,-18044.0,3064.0,-2864.0,8352.0,4309.0,3141.0,35510.0
279,5096.0,-17752.0,2808.0,-2848.0,8561.0,4045.0,3250.0,35516.0
280,5080.0,-18016.0,2704.0,-2848.0,8816.0,4019.0,3569.0,35522.0
281,5276.0,-18412.0,2844.0,-2832.0,9105.0,4204.0,3743.0,35528.0
282,5176.0,-18520.0,2872.0,-2832.0,9348.0,4294.0,3908.0,35534.0
283,5056.0,-19024.0,3216.0,-2832.0,9614.0,4552.0,4233.0,35540.0
284,4452.0,-19504.0,3300.0,-2864.0,9887.0,4912.0,4576.0,35547.0
285,3780.0,-20012.0,3496.0,-2848.0,10194.0,5173.0,4851.0,35552.0
286,3340.0,-20136.0,3376.0,-2832.0,10503.0,5304.0,5182.0,35558.0
287,3100.0,-20660.0,3620.0,-2848.0,10880.0,5441.0,5427.0,35564.0
288,3252.0,-20848.0,3704.0,-2864.0,11264.0,5456.0,5534.0,35570.0
289,3280.0,-21056.0,3580.0,-2848.0,11652.0,5456.0,5761.0,35576.0
290,3308.0,-21388.0,3252.0,-2848.0,12046.0,5507.0,5992.0,35582.0
291,3600.0,-22012.0,3176.0,-2864.0,12464.0,5550.0,6237.0,35589.0
292,2596.0,-22392.0,3828.0,-2848.0,12859.0,5774.0,6799.0,35595.0
293,1368.0,-23576.0,4692.0,-2864.0,13118.0,5446.0,7630.0,35601.0
294,2708.0,-26132.0,4300.0,-2848.0,13455.0,4344.0,8078.0,35607.0
295,5036.0,-26128.0,2608.0,-2864.0,13843.0,3875.0,8001.0,35613.0
296,7016.0,-25088.0,1716.0,-2848.0,14515.0,4186.0,7725.0,35619.0
297,7612.0,-25056.0,2212.0,-2832.0,15017.0,5126.0,7844.0,35625.0
298,7788.0,-25888.0,2436.0,-2848.0,15553.0,6647.0,8151.0,35632.0
299,7228.0,-26668.0,2164.0,-2848.0,16159.0,8056.0,8437.0,35637.0
300,6356.0,-27408.0,1944.0,-2864.0,16902.0,9081.0,8593.0,35643.0
301,5468.0,-27420.0,1176.0,-2848.0,17428.0,9756.0,8752.0,35649.0
302,5936.0,-27860.0,288.0,-2864.0,17941.0,10165.0,8788.0,35655.0
303,7148.0,-28192.0,-1252.0,-2848.0,18322.0,10738.0,8829.0,35661.0
304,8736.0,-28468.0,-3056.0,-2832.0,18517.0,11614.0,8752.0,35667.0
305,10064.0,-29132.0,-4456.0,-2896.0,18544.0,12628.0,8485.0,35674.0
306,10156.0,-30456.0,-7172.0,-2848.0,18396.0,14151.0,8287.0,35680.0
307,9812.0,-31672.0,-8976.0,-2848.0,18409.0,15377.0,8315.0,35686.0
308,8220.0,-30912.0,-11596.0,-2848.0,18301.0,15867.0,8762.0,35692.0
309,7288.0,-28824.0,-13412.0,-2848.0,17929.0,16436.0,9340.0,35698.0
310,6392.0,-26020.0,-15484.0,-2848.0,17103.0,17246.0,9689.0,35704.0
311,5064.0,-23332.0,-15716.0,-2848.0,16050.0,17390.0,9714.0,35710.0
312,3424.0,-20592.0,-14260.0,-2832.0,14946.0,16691.0,9911.0,35718.0
313,1424.0,-18376.0,-9908.0,-2832.0,13849.0,15110.0,10072.0,35724.0
314,-144.0,-18072.0,-1880.0,-2864.0,13528.0,12290.0,10187.0,35730.0
315,-1728.0,-18664.0,5728.0,-2864.0,14000.0,8631.0,10287.0,35736.0
316,-2472.0,-19200.0,8584.0,-2896.0,13989.0,4480.0,9678.0,35742.0
317,-3128.0,-19464.0,6908.0,-2832.0,13299.0,215.0,8413.0,35748.0
318,-2164.0,-19928.0,6360.0,-2848.0,12624.0,-3938.0,7180.0,35755.0
319,-276.0,-20268.0,6288.0,-2864.0,12593.0,-6833.0,5979.0,35761.0
320,1152.0,-18612.0,3152.0,-2848.0,12552.0,-8208.0,5071.0,35766.0
321,3608.0,-16940.0,2736.0,-2864.0,12426.0,-8938.0,4516.0,35772.0
322,6684.0,-15288.0,2368.0,-2880.0,12719.0,-7731.0,4282.0,35778.0
323,8820.0,-11144.0,-340.0,-2864.0,11673.0,-4240.0,4285.0,35784.0
324,8352.0,-7692.0,-3568.0,-2880.0,9038.0,835.0,4486.0,35790.0
325,6000.0,-7540.0,-3740.0,-2832.0,6787.0,5060.0,4759.0,35796.0
326,3292.0,-8188.0,-4236.0,-2880.0,5231.0,6993.0,4727.0,35803.0
327,1140.0,-6956.0,-5888.0,-2848.0,3568.0,7119.0,4721.0,35809.0
328,-384.0,-5428.0,-7268.0,-2848.0,1695.0,6814.0,4790.0,35814.0
329,-1468.0,-5016.0,-7104.0,-2848.0,38.0,5871.0,4550.0,35820.0
330,-2268.0,-5432.0,-6876.0,-2832.0,-1034.0,4405.0,3841.0,35826.0
331,-2780.0,-4764.0,-6148.0,-2864.0,-2251.0,2458.0,3305.0,35832.0
332,-2848.0,-3692.0,-5760.0,-2848.0,-3756.0,411.0,2869.0,35838.0
333,-2096.0,-3080.0,-5148.0,-2848.0,-5412.0,-1425.0,2160.0,35845.0
334,-1068.0,-2756.0,-4440.0,-2848.0,-6948.0,-3213.0,1150.0,35851.0
335,-12.0,-2508.0,-3828.0,-2832.0,-8382.0,-4972.0,-8.0,35856.0
336,1388.0,-2132.0,-3640.0,-2816.0,-9802.0,-6409.0,-987.0,35862.0
337,2672.0,-1688.0,-4116.0,-2848.0,-11420.0,-7315.0,-1807.0,35868.0
338,3760.0,-1500.0,-4668.0,-2832.0,-13182.0,-7701.0,-2612.0,35874.0
339,4696.0,-1532.0,-5224.0,-2800.0,-14964.0,-7557.0,-3153.0,35880.0
340,5320.0,-2460.0,-5084.0,-2864.0,-16680.0,-7136.0,-3453.0,35887.0
341,5268.0,-3844.0,-4592.0,-2848.0,-18070.0,-6481.0,-3659.0,35893.0
342,4816.0,-4840.0,-4184.0,-2896.0,-19271.0,-5687.0,-3831.0,35899.0
343,4256.0,-5380.0,-4480.0,-2848.0,-20545.0,-5127.0,-4071.0,35905.0
344,3444.0,-5828.0,-4164.0,-2896.0,-21794.0,-4736.0,-4252.0,35911.0
345,2880.0,-6152.0,-4368.0,-2864.0,-23061.0,-4631.0,-4564.0,35916.0
346,2572.0,-6768.0,-4396.0,-2848.0,-24415.0,-4790.0,-4963.0,35922.0
347,2388.0,-7704.0,-4144.0,-2864.0,-25634.0,-4916.0,-5250.0,35929.0
348,2632.0,-9024.0,-3188.0,-2848.0,-26759.0,-4880.0,-5495.0,35935.0
349,2608.0,-10200.0,-2184.0,-2832.0,-27650.0,-4718.0,-5737.0,35941.0
350,2892.0,-11140.0,-1440.0,-2864.0,-28497.0,-4310.0,-5865.0,35947.0
351,3192.0,-11548.0,-844.0,-2880.0,-29374.0,-3724.0,-6062.0,35953.0
352,3200.0,-12364.0,-480.0,-2832.0,-30288.0,-2997.0,-6251.0,35959.0
353,3156.0,-13448.0,52.0,-2880.0,-31123.0,-2380.0,-6519.0,35965.0
354,2880.0,-14576.0,852.0,-2816.0,-31733.0,-1945.0,-6735.0,35972.0
355,2432.0,-15604.0,1352.0,-2864.0,-32307.0,-1646.0,-6935.0,35978.0
356,1892.0,-16892.0,1896.0,-2864.0,-32768.0,-1618.0,-7194.0,35984.0
357,1712.0,-17852.0,2224.0,-2848.0,-32768.0,-1775.0,-7467.0,35990.0
358,1732.0,-18740.0,2492.0,-2896.0,-32768.0,-2057.0,-7808.0,35996.0
359,1720.0,-19532.0,2852.0,-2832.0,-32768.0,-2462.0,-8171.0,36002.0
360,1800.0,-20436.0,3040.0,-2848.0,-32768.0,-2915.0,-8532.0,36008.0
361,1936.0,-21148.0,3132.0,-2832.0,-32768.0,-3302.0,-8854.0,36015.0
362,2044.0,-21980.0,3276.0,-2880.0,-32768.0,-3683.0,-9247.0,36021.0
363,2136.0,-22696.0,3272.0,-2880.0,-32768.0,-4020.0,-9624.0,36027.0
364,2148.0,-23540.0,3404.0,-2832.0,-32768.0,-4318.0,-10021.0,36033.0
365,2208.0,-24248.0,3300.0,-2864.0,-32768.0,-4538.0,-10452.0,36039.0
366,2620.0,-24516.0,3416.0,-2880.0,-32768.0,-4617.0,-10788.0,36045.0
367,3464.0,-24960.0,3260.0,-2848.0,-32768.0,-4605.0,-11218.0,36051.0
368,3992.0,-25304.0,3068.0,-2848.0,-32768.0,-4495.0,-11646.0,36058.0
369,4460.0,-25788.0,2880.0,-2864.0,-32768.0,-4173.0,-11955.0,36064.0
370,4664.0,-26144.0,3024.0,-2848.0,-32768.0,-3553.0,-12374.0,36070.0
371,4556.0,-26724.0,3304.0,-2832.0,-32768.0,-2723.0,-12595.0,36076.0
372,4348.0,-27176.0,3368.0,-2832.0,-32768.0,-1855.0,-12871.0,36082.0
373,4064.0,-27444.0,3384.0,-2848.0,-32768.0,-1076.0,-12924.0,36089.0
374,3444.0,-28340.0,4300.0,-2848.0,-32768.0,-726.0,-13054.0,36096.0
375,1268.0,-30136.0,6192.0,-2848.0,-32768.0,-398.0,-12797.0,36102.0
376,3076.0,-30112.0,8024.0,-2848.0,-32073.0,447.0,-14374.0,36108.0
377,528.0,-30868.0,11572.0,-2816.0,-31405.0,784.0,-11914.0,36114.0
378,3604.0,-31280.0,13248.0,-2864.0,-30215.0,1692.0,-10564.0,36120.0
379,6816.0,-30620.0,14636.0,-2864.0,-28977.0,3380.0,-11430.0,36126.0
380,6568.0,-30304.0,15040.0,-2880.0,-27735.0,4876.0,-12922.0,36132.0
381,5800.0,-29580.0,15504.0,-2864.0,-26521.0,6174.0,-12639.0,36139.0
382,5504.0,-29928.0,15468.0,-2864.0,-24944.0,7346.0,-12099.0,36145.0
383,4708.0,-29544.0,15592.0,-2848.0,-23190.0,8939.0,-11843.0,36151.0
384,3460.0,-28748.0,15648.0,-2880.0,-21413.0,10661.0,-11282.0,36158.0
385,1116.0,-28056.0,16796.0,-2848.0,-19487.0,12469.0,-10228.0,36164.0
386,-612.0,-28848.0,20064.0,-2864.0,-17320.0,14121.0,-9333.0,36170.0
387,-5512.0,-27340.0,20712.0,-2864.0,-15082.0,14560.0,-8118.0,36176.0
388,-9148.0,-27012.0,23004.0,-2832.0,-12385.0,13856.0,-6675.0,36183.0
389,-11184.0,-26648.0,25148.0,-2880.0,-9509.0,12588.0,-4938.0,36190.0
390,-11404.0,-25624.0,26664.0,-2912.0,-6537.0,11333.0,-3282.0,36196.0
391,-11132.0,-25524.0,27568.0,-2864.0,-3496.0,10398.0,-1843.0,36202.0
392,-10096.0,-25316.0,27944.0,-2848.0,-277.0,9599.0,-603.0,36208.0
393,-10140.0,-25116.0,27392.0,-2864.0,2747.0,8404.0,306.0,36214.0
394,-11064.0,-25352.0,26488.0,-2832.0,5801.0,6430.0,1309.0,36220.0
395,-12184.0,-24484.0,24960.0,-2848.0,8422.0,3799.0,2250.0,36227.0
396,-13132.0,-23868.0,23572.0,-2848.0,10797.0,791.0,3076.0,36233.0
397,-14048.0,-23040.0,21676.0,-2864.0,12720.0,-2507.0,3659.0,36239.0
398,-14628.0,-21832.0,18792.0,-2864.0,14183.0,-5912.0,4171.0,36245.0
399,-15512.0,-17780.0,10448.0,-2864.0,14512.0,-9786.0,4637.0,36251.0
400,-5684.0,-6720.0,-24596.0,-2880.0,8320.0,-12381.0,2354.0,36258.0
401,32767.0,3112.0,-32768.0,-2896.0,-9426.0,-12706.0,-11502.0,36264.0
402,32767.0,-32768.0,-32768.0,-2832.0,-1533.0,-22986.0,-25040.0,36271.0
403,19100.0,-32768.0,-11216.0,-2864.0,14905.0,-27161.0,2726.0,36277.0
404,10488.0,-16972.0,6992.0,-2864.0,13053.0,-5593.0,11530.0,36283.0
405,-15380.0,-23304.0,24324.0,-2832.0,12054.0,10313.0,9933.0,36289.0
406,-26872.0,-29432.0,30044.0,-2864.0,13108.0,8739.0,8339.0,36296.0
407,-27088.0,-32768.0,18424.0,-2864.0,14764.0,-1195.0,1997.0,36302.0
408,-19236.0,-27444.0,-2496.0,-2848.0,13914.0,-8327.0,-893.0,36308.0
409,-500.0,-18100.0,-10920.0,-2848.0,12813.0,-12098.0,-1779.0,36315.0
410,21184.0,-10604.0,-6680.0,-2848.0,12385.0,-16027.0,-2982.0,36321.0
411,23744.0,-11608.0,4156.0,-2864.0,12127.0,-12719.0,-2305.0,36327.0
412,11200.0,-18056.0,9324.0,-2864.0,11471.0,-3188.0,-134.0,36334.0
413,-724.0,-19252.0,3032.0,-2864.0,10426.0,1435.0,1288.0,36340.0
414,188.0,-14812.0,-2828.0,-2848.0,9315.0,-1926.0,-265.0,36345.0
415,5364.0,-12704.0,-3944.0,-2816.0,8807.0,-6723.0,-1448.0,36352.0
416,8676.0,-14056.0,-2496.0,-2864.0,9133.0,-7358.0,-829.0,36358.0
417,8456.0,-15248.0,-1940.0,-2864.0,9341.0,-4893.0,173.0,36364.0
418,6656.0,-16220.0,-2532.0,-2848.0,9255.0,-2787.0,805.0,36370.0
419,6052.0,-17420.0,-2468.0,-2848.0,9191.0,-1520.0,1342.0,36376.0
420,5688.0,-18032.0,-2004.0,-2896.0,9241.0,-478.0,1271.0,36382.0
421,5880.0,-16652.0,-1840.0,-2864.0,8823.0,785.0,1403.0,36388.0
422,5916.0,-15688.0,-1904.0,-2880.0,8393.0,2168.0,1201.0,36395.0
423,4924.0,-14796.0,-1884.0,-2848.0,7896.0,3444.0,1187.0,36400.0
424,3280.0,-14348.0,-2120.0,-2832.0,7466.0,4350.0,1042.0,36406.0
425,944.0,-14380.0,-2568.0,-2848.0,7035.0,4373.0,516.0,36412.0
426,-768.0,-14868.0,-2812.0,-2848.0,6842.0,3212.0,-252.0,36418.0
427,-1480.0,-15752.0,-2320.0,-2880.0,6776.0,1403.0,-1090.0,36424.0
428,-1560.0,-17108.0,-1548.0,-2864.0,6963.0,-331.0,-1834.0,36430.0
429,-848.0,-18228.0,-1528.0,-2832.0,7231.0,-1408.0,-2295.0,36436.0
430,1160.0,-18188.0,-1692.0,-2880.0,7424.0,-2310.0,-2604.0,36443.0
431,3220.0,-17504.0,-2048.0,-2896.0,7506.0,-3134.0,-2803.0,36449.0
432,5356.0,-16492.0,-2052.0,-2880.0,7479.0,-3376.0,-2721.0,36455.0
433,6908.0,-15512.0,-1892.0,-2832.0,7379.0,-3077.0,-2453.0,36460.0
434,8188.0,-15192.0,-2156.0,-2880.0,7331.0,-2339.0,-2218.0,36466.0
435,8408.0,-14796.0,-2324.0,-2848.0,7306.0,-1410.0,-1889.0,36472.0
436,8560.0,-14020.0,-1948.0,-2864.0,7078.0,-305.0,-1433.0,36478.0
437,7936.0,-13852.0,-1524.0,-2864.0,6753.0,738.0,-1115.0,36485.0
438,6716.0,-14256.0,-956.0,-2848.0,6473.0,1486.0,-856.0,36491.0
439,5136.0,-15708.0,-908.0,-2880.0,6388.0,1704.0,-856.0,36497.0
440,4172.0,-15840.0,-800.0,-2816.0,6413.0,1413.0,-875.0,36503.0
441,4024.0,-16292.0,-776.0,-2880.0,6494.0,935.0,-842.0,36509.0
442,4116.0,-16140.0,-752.0,-2848.0,6521.0,298.0,-828.0,36514.0
443,4464.0,-16032.0,-580.0,-2864.0,6471.0,-198.0,-644.0,36520.0
444,4896.0,-16016.0,-456.0,-2864.0,6389.0,-384.0,-504.0,36527.0
445,5244.0,-16116.0,-728.0,-2832.0,6331.0,-291.0,-367.0,36533.0
446,5600.0,-15972.0,-1320.0,-2896.0,6272.0,-96.0,-221.0,36538.0
447,5976.0,-15620.0,-1420.0,-2880.0,6155.0,271.0,38.0,36544.0
448,6184.0,-15232.0,-1456.0,-2912.0,5946.0,769.0,324.0,36550.0
449,6076.0,-15376.0,-1208.0,-2848.0,5704.0,1408.0,577.0,36556.0
450,5640.0,-15740.0,-1232.0,-2880.0,5556.0,2106.0,852.0,36562.0
451,5488.0,-16464.0,-1128.0,-2848.0,5549.0,2535.0,906.0,36569.0
452,5176.0,-15908.0,-1144.0,-2896.0,5468.0,2632.0,1082.0,36574.0
453,5296.0,-16064.0,-1164.0,-2896.0,5415.0,2572.0,1173.0,36580.0
454,5088.0,-15900.0,-1232.0,-2848.0,5338.0,2378.0,1303.0,36586.0
455,4960.0,-15704.0,-1276.0,-2864.0,5318.0,2154.0,1384.0,36592.0
456,4932.0,-15720.0,-1044.0,-2848.0,5307.0,1864.0,1502.0,36598.0
457,4792.0,-15524.0,-832.0,-2864.0,5285.0,1564.0,1522.0,36604.0
458,4716.0,-15444.0,-532.0,-2864.0,5227.0,1213.0,1546.0,36611.0
459,4696.0,-15520.0,-356.0,-2832.0,5132.0,931.0,1506.0,36617.0
460,4564.0,-15644.0,68.0,-2864.0,4987.0,775.0,1504.0,36623.0
461,4468.0,-16008.0,28.0,-2864.0,4942.0,700.0,1486.0,36628.0
462,4392.0,-15932.0,-80.0,-2880.0,4912.0,752.0,1458.0,36634.0
463,4492.0,-15944.0,228.0,-2864.0,4867.0,873.0,1452.0,36640.0
464,4680.0,-15848.0,164.0,-2864.0,4833.0,1064.0,1434.0,36646.0
465,4588.0,-15872.0,220.0,-2832.0,4795.0,1373.0,1410.0,36652.0
466,4264.0,-15852.0,212.0,-2832.0,4759.0,1635.0,1351.0,36658.0
467,3856.0,-16056.0,376.0,-2832.0,4736.0,1777.0,1254.0,36664.0
468,3636.0,-16220.0,448.0,-2864.0,4772.0,1794.0,1121.0,36670.0
469,3620.0,-16188.0,496.0,-2832.0,4792.0,1594.0,979.0,36676.0
470,4036.0,-16052.0,636.0,-2880.0,4777.0,1330.0,881.0,36682.0
471,4288.0,-15900.0,960.0,-2880.0,4691.0,1196.0,841.0,36687.0
472,4528.0,-15892.0,704.0,-2896.0,4677.0,1278.0,823.0,36694.0
473,4680.0,-15756.0,684.0,-2864.0,4653.0,1370.0,814.0,36700.0
474,4584.0,-15712.0,716.0,-2864.0,4640.0,1481.0,811.0,36706.0
475,4948.0,-15748.0,920.0,-2848.0,4596.0,1758.0,955.0,36711.0
476,4360.0,-16100.0,1060.0,-2848.0,4592.0,1951.0,775.0,36717.0
477,3924.0,-16196.0,892.0,-2880.0,4634.0,1925.0,785.0,36723.0
478,4016.0,-16092.0,1076.0,-2880.0,4669.0,1812.0,752.0,36729.0
479,4212.0,-16056.0,844.0,-2848.0,4714.0,1694.0,733.0,36736.0
480,4492.0,-16072.0,892.0,-2832.0,4794.0,1679.0,738.0,36741.0
481,4724.0,-16092.0,864.0,-2896.0,4879.0,1673.0,748.0,36747.0
482,4820.0,-16156.0,1012.0,-2880.0,4943.0,1738.0,807.0,36753.0
483,4800.0,-16228.0,996.0,-2880.0,5015.0,1869.0,865.0,36759.0
484,4700.0,-16256.0,852.0,-2848.0,5144.0,1955.0,941.0,36765.0
485,4472.0,-16232.0,792.0,-2896.0,5295.0,2050.0,965.0,36770.0
486,4536.0,-16316.0,864.0,-2864.0,5450.0,1986.0,977.0,36776.0
487,4612.0,-16240.0,1056.0,-2880.0,5609.0,1915.0,1020.0,36783.0
488,4584.0,-16132.0,1228.0,-2864.0,5793.0,2009.0,1112.0,36789.0
489,4300.0,-16148.0,1092.0,-2896.0,5932.0,2057.0,1147.0,36795.0
490,4488.0,-16292.0,1408.0,-2880.0,6098.0,1993.0,1186.0,36800.0
491,4656.0,-16236.0,1432.0,-2880.0,6247.0,1964.0,1219.0,36806.0
492,5076.0,-16348.0,1600.0,-2848.0,6374.0,1919.0,1312.0,36812.0
493,5440.0,-16224.0,1652.0,-2832.0,6472.0,2052.0,1469.0,36818.0
494,5728.0,-16312.0,1576.0,-2864.0,6604.0,2216.0,1647.0,36825.0
495,5768.0,-16324.0,1796.0,-2848.0,6866.0,2455.0,1823.0,36831.0
496,4400.0,-16968.0,1296.0,-2848.0,6949.0,2368.0,2768.0,36837.0
497,6616.0,-15884.0,2144.0,-2864.0,6982.0,3123.0,2124.0,36843.0
498,4640.0,-16500.0,2068.0,-2896.0,7137.0,3421.0,2534.0,36849.0
499,4652.0,-16404.0,2080.0,-2864.0,7313.0,3324.0,2725.0,36854.0
500,4336.0,-16264.0,2052.0,-2864.0,7507.0,3091.0,2907.0,36860.0
501,3784.0,-16552.0,2720.0,-2816.0,7628.0,2912.0,2848.0,36867.0
502,4104.0,-16788.0,2952.0,-2864.0,7775.0,2595.0,3038.0,36873.0
503,3988.0,-16668.0,2712.0,-2832.0,7879.0,2339.0,3368.0,36879.0
504,4128.0,-16884.0,2948.0,-2864.0,7982.0,2313.0,3495.0,36885.0
505,4232.0,-16852.0,3112.0,-2848.0,8073.0,2242.0,3522.0,36891.0
506,4432.0,-16984.0,3248.0,-2880.0,8143.0,2147.0,3674.0,36897.0
507,4708.0,-17032.0,3184.0,-2864.0,8255.0,2227.0,3803.0,36902.0
508,4912.0,-17188.0,3332.0,-2864.0,8345.0,2355.0,3837.0,36909.0
509,5048.0,-17216.0,3444.0,-2864.0,8439.0,2596.0,3867.0,36915.0
510,5288.0,-17244.0,3388.0,-2880.0,8532.0,2860.0,4028.0,36921.0
511,5356.0,-17488.0,3612.0,-2848.0,8694.0,3202.0,4040.0,36927.0
512,4876.0,-17960.0,3316.0,-2832.0,8856.0,3515.0,4333.0,36933.0
513,4516.0,-18120.0,3600.0,-2832.0,8999.0,3859.0,4443.0,36939.0
514,3920.0,-18420.0,3688.0,-2864.0,9175.0,4088.0,4621.0,36945.0
515,3164.0,-18976.0,3732.0,-2848.0,9340.0,4275.0,4882.0,36951.0
516,1924.0,-19372.0,4376.0,-2848.0,9505.0,4388.0,5300.0,36957.0
517,224.0,-20692.0,5608.0,-2864.0,9511.0,3996.0,5997.0,36963.0
518,676.0,-22832.0,5840.0,-2864.0,9660.0,2753.0,6407.0,36969.0
519,2628.0,-23708.0,4088.0,-2896.0,9926.0,1973.0,6300.0,36975.0
520,5180.0,-23276.0,2488.0,-2832.0,10301.0,1937.0,5849.0,36981.0
521,6864.0,-23084.0,2908.0,-2848.0,10738.0,2563.0,5672.0,36987.0
522,6688.0,-23476.0,3156.0,-2864.0,11106.0,4005.0,5942.0,36994.0
523,5372.0,-24016.0,2924.0,-2848.0,11547.0,5425.0,6370.0,36999.0
524,3500.0,-23976.0,2664.0,-2864.0,12087.0,6297.0,6912.0,37005.0
525,2096.0,-24048.0,2632.0,-2864.0,12602.0,6655.0,7254.0,37011.0
526,1332.0,-24380.0,2580.0,-2880.0,13209.0,6472.0,7523.0,37017.0
527,1476.0,-25360.0,2796.0,-2864.0,13751.0,6148.0,7940.0,37023.0
528,2272.0,-26372.0,3512.0,-2880.0,14315.0,5907.0,8264.0,37029.0
529,3352.0,-26704.0,3380.0,-2864.0,14943.0,5848.0,8594.0,37036.0
530,4668.0,-27188.0,3592.0,-2864.0,15545.0,5723.0,8718.0,37042.0
531,6480.0,-27324.0,2468.0,-2864.0,15990.0,6007.0,8599.0,37048.0
532,8316.0,-27380.0,1336.0,-2880.0,16231.0,6506.0,8198.0,37054.0
533,9696.0,-27992.0,-852.0,-2848.0,16291.0,7744.0,7986.0,37060.0
534,10968.0,-29152.0,-3492.0,-2864.0,16436.0,9286.0,7877.0,37066.0
535,11072.0,-29076.0,-6140.0,-2848.0,16534.0,10738.0,7966.0,37072.0
536,10648.0,-28272.0,-8568.0,-2880.0,16455.0,12212.0,8219.0,37079.0
537,9452.0,-26428.0,-10412.0,-2880.0,16232.0,13430.0,8361.0,37085.0
538,7956.0,-24564.0,-11224.0,-2848.0,15786.0,14339.0,8519.0,37091.0
539,6316.0,-22592.0,-10764.0,-2848.0,15262.0,14711.0,8582.0,37097.0
540,4308.0,-20636.0,-10120.0,-2880.0,14502.0,14708.0,8506.0,37103.0
541,1980.0,-18708.0,-8528.0,-2880.0,13499.0,14027.0,8347.0,37109.0
542,264.0,-17312.0,-7276.0,-2896.0,12651.0,12536.0,8290.0,37115.0
543,-364.0,-16680.0,-2960.0,-2864.0,12084.0,10203.0,8335.0,37122.0
544,-572.0,-16520.0,2656.0,-2880.0,11885.0,7402.0,8185.0,37128.0
545,-1220.0,-17332.0,7064.0,-2880.0,12033.0,4880.0,8106.0,37134.0
546,-1800.0,-17600.0,8044.0,-2864.0,11892.0,2450.0,7812.0,37140.0
547,-2644.0,-17840.0,7044.0,-2848.0,11475.0,-139.0,7107.0,37146.0
548,-2220.0,-18344.0,8056.0,-2864.0,11372.0,-2991.0,6424.0,37152.0
549,-1136.0,-18652.0,7552.0,-2848.0,11798.0,-5292.0,5779.0,37158.0
550,532.0,-16232.0,4532.0,-2864.0,11781.0,-6438.0,5321.0,37165.0
551,3140.0,-14116.0,3072.0,-2880.0,11580.0,-6888.0,4951.0,37170.0
552,5832.0,-12160.0,2456.0,-2864.0,11849.0,-6128.0,4403.0,37176.0
553,7652.0,-8080.0,-980.0,-2880.0,10651.0,-3309.0,4011.0,37182.0
554,6492.0,-6040.0,-3900.0,-2880.0,8142.0,700.0,3866.0,37188.0
555,4392.0,-6988.0,-4148.0,-2848.0,6154.0,3624.0,3795.0,37194.0
556,3044.0,-7048.0,-5068.0,-2880.0,4864.0,4560.0,3514.0,37200.0
557,2552.0,-5912.0,-6464.0,-2880.0,3525.0,4154.0,3200.0,37207.0
558,1808.0,-5332.0,-6804.0,-2880.0,2009.0,3705.0,3176.0,37213.0
559,320.0,-5496.0,-6588.0,-2832.0,906.0,3159.0,3084.0,37218.0
560,-1044.0,-5440.0,-5104.0,-2880.0,-4.0,2395.0,3079.0,37224.0
561,-1860.0,-5204.0,-3772.0,-2864.0,-973.0,1419.0,2980.0,37230.0
562,-1968.0,-4584.0,-3568.0,-2864.0,-2211.0,529.0,2647.0,37236.0
563,-1748.0,-4136.0,-3560.0,-2864.0,-3735.0,-150.0,2004.0,37242.0
564,-1616.0,-3928.0,-3316.0,-2864.0,-5276.0,-975.0,1112.0,37248.0
565,-1468.0,-3804.0,-2988.0,-2896.0,-6699.0,-2002.0,202.0,37254.0
566,-1420.0,-3868.0,-2976.0,-2864.0,-8092.0,-3098.0,-546.0,37260.0
567,-1308.0,-4032.0,-2416.0,-2832.0,-9396.0,-4035.0,-1127.0,37266.0
568,-1348.0,-4400.0,-1584.0,-2864.0,-10554.0,-4700.0,-1512.0,37272.0
569,-1416.0,-4804.0,-1012.0,-2848.0,-11671.0,-5007.0,-1801.0,37278.0
570,-1476.0,-5124.0,-520.0,-2864.0,-12843.0,-5350.0,-2132.0,37284.0
571,-1336.0,-5360.0,-556.0,-2848.0,-14073.0,-5803.0,-2566.0,37291.0
572,-1220.0,-5540.0,-1000.0,-2864.0,-15314.0,-6360.0,-2959.0,37296.0
573,-848.0,-5688.0,-1388.0,-2880.0,-16579.0,-7078.0,-3309.0,37302.0
574,-224.0,-5872.0,-1580.0,-2880.0,-17814.0,-7787.0,-3505.0,37308.0
575,396.0,-6572.0,-1672.0,-2864.0,-18912.0,-8378.0,-3615.0,37314.0
576,1620.0,-7028.0,-1256.0,-2848.0,-19988.0,-8440.0,-3543.0,37320.0
577,2616.0,-7916.0,-876.0,-2864.0,-20898.0,-7902.0,-3810.0,37326.0
578,3444.0,-8496.0,-448.0,-2864.0,-21862.0,-6990.0,-3979.0,37332.0
579,4152.0,-9152.0,488.0,-2912.0,-22760.0,-5768.0,-4155.0,37339.0
580,4540.0,-9744.0,928.0,-2880.0,-23592.0,-4596.0,-4314.0,37345.0
581,4248.0,-10316.0,1696.0,-2864.0,-24335.0,-3693.0,-4408.0,37351.0
582,3480.0,-10956.0,1988.0,-2880.0,-24946.0,-3031.0,-4375.0,37357.0
583,2632.0,-11576.0,2696.0,-2896.0,-25539.0,-2708.0,-4417.0,37363.0
584,1644.0,-12144.0,3084.0,-2864.0,-26069.0,-2636.0,-4476.0,37369.0
585,1196.0,-12708.0,2820.0,-2880.0,-26699.0,-2765.0,-4691.0,37376.0
586,1184.0,-13276.0,2516.0,-2848.0,-27380.0,-3118.0,-5012.0,37382.0
587,1472.0,-14276.0,2256.0,-2864.0,-27919.0,-3544.0,-5447.0,37388.0
588,1600.0,-15124.0,2252.0,-2848.0,-28324.0,-4015.0,-5822.0,37394.0
589,1760.0,-15756.0,2284.0,-2896.0,-28707.0,-4474.0,-6101.0,37399.0
590,2028.0,-16372.0,2672.0,-2896.0,-29140.0,-4910.0,-6418.0,37405.0
591,2096.0,-17020.0,2904.0,-2880.0,-29591.0,-5332.0,-6749.0,37411.0
592,2188.0,-17640.0,2748.0,-2896.0,-30070.0,-5602.0,-7148.0,37417.0
593,2644.0,-18312.0,2640.0,-2880.0,-30630.0,-5952.0,-7591.0,37424.0
594,2416.0,-19320.0,3140.0,-2864.0,-31029.0,-6440.0,-8009.0,37430.0
595,1592.0,-20904.0,4680.0,-2864.0,-31084.0,-7246.0,-8304.0,37436.0
596,488.0,-22432.0,6572.0,-2880.0,-30962.0,-8404.0,-8653.0,37442.0
597,-216.0,-23648.0,8568.0,-2864.0,-30826.0,-9486.0,-8869.0,37448.0
598,-216.0,-24216.0,10036.0,-2848.0,-30525.0,-10106.0,-8987.0,37454.0
599,428.0,-24728.0,11608.0,-2832.0,-30091.0,-10455.0,-9178.0,37460.0
600,1052.0,-25708.0,13184.0,-2864.0,-29396.0,-10632.0,-9189.0,37468.0
601,1908.0,-26680.0,15268.0,-2880.0,-28332.0,-10588.0,-8795.0,37474.0
602,2928.0,-27184.0,17196.0,-2848.0,-26997.0,-10326.0,-8026.0,37480.0
603,1500.0,-27756.0,16224.0,-2864.0,-24886.0,-9735.0,-6688.0,37486.0
604,1716.0,-30064.0,19224.0,-2848.0,-23025.0,-8677.0,-7904.0,37492.0
605,5912.0,-27152.0,22936.0,-2880.0,-22123.0,-6443.0,-2431.0,37498.0
606,8564.0,-26280.0,23708.0,-2896.0,-20256.0,-4169.0,-4250.0,37506.0
607,4516.0,-26660.0,25096.0,-2864.0,-18214.0,-1928.0,-5477.0,37512.0
608,2868.0,-25752.0,26120.0,-2848.0,-16274.0,-577.0,-4680.0,37518.0
609,1960.0,-24952.0,26472.0,-2848.0,-14317.0,22.0,-4843.0,37524.0
610,188.0,-24664.0,26728.0,-2864.0,-12339.0,441.0,-4551.0,37530.0
611,-1152.0,-23372.0,26228.0,-2832.0,-10478.0,816.0,-3953.0,37536.0
612,-3168.0,-22276.0,26132.0,-2864.0,-8507.0,1182.0,-3390.0,37542.0
613,-5596.0,-21144.0,25172.0,-2864.0,-6660.0,1255.0,-3012.0,37549.0
614,-7972.0,-19988.0,25072.0,-2864.0,-4938.0,602.0,-2604.0,37555.0
615,-9824.0,-19304.0,23968.0,-2880.0,-3306.0,-817.0,-2047.0,37561.0
616,-9636.0,-17876.0,22744.0,-2880.0,-1887.0,-2778.0,-1486.0,37567.0
617,-9280.0,-16376.0,20848.0,-2864.0,-544.0,-4803.0,-1015.0,37573.0
618,-8352.0,-15516.0,19520.0,-2864.0,608.0,-6479.0,-533.0,37579.0
619,-7284.0,-14644.0,17360.0,-2864.0,1469.0,-8022.0,-259.0,37585.0
620,-5340.0,-12836.0,14936.0,-2848.0,2026.0,-9552.0,5.0,37592.0
621,-2092.0,-12892.0,14488.0,-2880.0,2525.0,-10731.0,15.0,37598.0
622,4984.0,-14180.0,17360.0,-2896.0,3327.0,-11414.0,-1039.0,37604.0
623,17388.0,-14760.0,13448.0,-2864.0,2957.0,-13407.0,-5144.0,37610.0
624,31368.0,-23696.0,8388.0,-2864.0,1851.0,-16609.0,-10640.0,37616.0
625,32767.0,-32768.0,-11864.0,-2864.0,1598.0,-16287.0,-10396.0,37622.0
626,21356.0,-32768.0,-23544.0,-2896.0,5216.0,-2714.0,-878.0,37628.0
627,-4432.0,-32768.0,-6820.0,-2864.0,12403.0,15097.0,8577.0,37635.0
628,-22892.0,-20868.0,2920.0,-2864.0,13652.0,18467.0,9493.0,37641.0
629,-25656.0,-14848.0,8244.0,-2864.0,13552.0,10380.0,7164.0,37647.0
630,-15688.0,-15312.0,6068.0,-2864.0,13299.0,-823.0,3541.0,37654.0
631,-3328.0,-11336.0,-320.0,-2864.0,11676.0,-8576.0,268.0,37660.0
632,5176.0,-4476.0,-1904.0,-2864.0,9807.0,-11266.0,-1641.0,37665.0
633,5480.0,-576.0,2672.0,-2848.0,7175.0,-8565.0,-2892.0,37671.0
634,892.0,-5736.0,5524.0,-2880.0,4825.0,-4873.0,-3080.0,37678.0
635,-408.0,-15876.0,4128.0,-2848.0,4440.0,-3610.0,-3251.0,37684.0
636,-212.0,-21176.0,1232.0,-2864.0,5021.0,-3516.0,-3502.0,37690.0
637,2104.0,-21300.0,364.0,-2896.0,5484.0,-3545.0,-3171.0,37696.0
638,5616.0,-20060.0,-1504.0,-2864.0,5710.0,-3757.0,-2654.0,37702.0
639,8252.0,-19220.0,-1428.0,-2864.0,6303.0,-2898.0,-2053.0,37708.0
640,7428.0,-17512.0,-492.0,-2848.0,6649.0,-1109.0,-1398.0,37714.0
641,5240.0,-15800.0,172.0,-2848.0,6424.0,382.0,-1197.0,37720.0
642,3612.0,-15052.0,720.0,-2880.0,5899.0,1020.0,-1134.0,37726.0
643,3092.0,-14684.0,1300.0,-2848.0,5439.0,1107.0,-1148.0,37732.0
644,3352.0,-14660.0,1228.0,-2864.0,5033.0,1432.0,-1004.0,37738.0
645,3524.0,-15184.0,868.0,-2880.0,4613.0,2225.0,-764.0,37744.0
646,3172.0,-16104.0,276.0,-2848.0,4401.0,2964.0,-683.0,37750.0
647,2608.0,-17492.0,212.0,-2912.0,4514.0,3078.0,-851.0,37756.0
648,1744.0,-17136.0,-272.0,-2848.0,4688.0,2459.0,-928.0,37763.0
649,1720.0,-16620.0,-256.0,-2880.0,4759.0,1508.0,-966.0,37768.0
650,1768.0,-16328.0,148.0,-2880.0,4762.0,255.0,-1099.0,37774.0
651,2144.0,-16088.0,200.0,-2848.0,4734.0,-1127.0,-1083.0,37780.0
652,3400.0,-15620.0,384.0,-2880.0,4628.0,-2091.0,-817.0,37786.0
653,4972.0,-15508.0,112.0,-2848.0,4515.0,-2444.0,-471.0,37792.0
654,6428.0,-15420.0,128.0,-2848.0,4505.0,-2432.0,-181.0,37797.0
655,6960.0,-15556.0,312.0,-2848.0,4479.0,-1724.0,274.0,37804.0
656,6252.0,-15656.0,492.0,-2912.0,4450.0,-473.0,737.0,37810.0
657,4716.0,-15912.0,440.0,-2880.0,4373.0,636.0,1042.0,37816.0
658,3112.0,-16188.0,836.0,-2848.0,4340.0,1329.0,1157.0,37822.0
659,1424.0,-16636.0,732.0,-2880.0,4286.0,1654.0,1110.0,37828.0
660,548.0,-16888.0,724.0,-2864.0,4215.0,1490.0,870.0,37833.0
661,556.0,-16508.0,956.0,-2848.0,4204.0,841.0,433.0,37839.0
662,1136.0,-16180.0,964.0,-2832.0,4128.0,13.0,12.0,37846.0
663,1640.0,-16468.0,1060.0,-2896.0,4144.0,-580.0,-255.0,37852.0
664,2128.0,-16480.0,1528.0,-2896.0,4191.0,-964.0,-372.0,37857.0
665,2768.0,-16200.0,1712.0,-2864.0,4073.0,-960.0,-232.0,37863.0
666,3464.0,-16492.0,1544.0,-2880.0,4057.0,-555.0,-259.0,37869.0
667,4028.0,-16296.0,1528.0,-2880.0,4038.0,30.0,-227.0,37875.0
668,4532.0,-16144.0,804.0,-2864.0,4083.0,648.0,-234.0,37880.0
669,4796.0,-16448.0,684.0,-2832.0,4329.0,1558.0,-139.0,37886.0
670,4560.0,-16736.0,264.0,-2848.0,4661.0,2374.0,-16.0,37893.0
671,4260.0,-16492.0,124.0,-2880.0,4877.0,2939.0,184.0,37899.0
672,3756.0,-15896.0,372.0,-2864.0,4943.0,3120.0,290.0,37904.0
673,3352.0,-15968.0,604.0,-2864.0,4982.0,3112.0,283.0,37910.0
674,3088.0,-15680.0,744.0,-2880.0,5082.0,2707.0,56.0,37916.0
675,2420.0,-15156.0,2004.0,-2848.0,4955.0,2065.0,12.0,37922.0
676,2948.0,-15348.0,2280.0,-2864.0,4753.0,1645.0,-31.0,37927.0
677,3308.0,-15816.0,1992.0,-2864.0,4666.0,1609.0,-42.0,37934.0
678,3600.0,-15816.0,1752.0,-2880.0,4661.0,1525.0,32.0,37940.0
679,3764.0,-16084.0,1528.0,-2880.0,4683.0,1487.0,166.0,37946.0
680,3424.0,-16300.0,1488.0,-2880.0,4746.0,1712.0,331.0,37952.0
681,2760.0,-16552.0,1780.0,-2880.0,4798.0,1970.0,485.0,37957.0
682,2140.0,-16516.0,1720.0,-2880.0,4850.0,2134.0,525.0,37963.0
683,2108.0,-16308.0,1748.0,-2848.0,4912.0,2023.0,460.0,37969.0
684,2584.0,-16092.0,1672.0,-2880.0,5009.0,1727.0,400.0,37976.0
685,3172.0,-16060.0,1620.0,-2912.0,5186.0,1560.0,374.0,37982.0
686,3616.0,-16136.0,1528.0,-2880.0,5380.0,1537.0,432.0,37988.0
687,3724.0,-16000.0,1540.0,-2880.0,5503.0,1575.0,579.0,37993.0
688,3668.0,-15856.0,2024.0,-2848.0,5621.0,1586.0,714.0,37999.0
689,3516.0,-15720.0,2604.0,-2880.0,5648.0,1652.0,933.0,38005.0
690,2888.0,-16156.0,2552.0,-2880.0,5784.0,1695.0,1028.0,38011.0
691,2664.0,-16044.0,2544.0,-2864.0,5950.0,1626.0,1096.0,38018.0
692,2652.0,-16140.0,2436.0,-2896.0,6068.0,1436.0,1105.0,38024.0
693,2572.0,-16252.0,2372.0,-2848.0,6272.0,1191.0,1160.0,38030.0
694,2576.0,-16452.0,2272.0,-2912.0,6380.0,1037.0,1272.0,38035.0
695,2672.0,-16720.0,2452.0,-2864.0,6516.0,925.0,1336.0,38041.0
696,2908.0,-16856.0,2320.0,-2864.0,6618.0,752.0,1389.0,38047.0
697,3308.0,-16940.0,2380.0,-2896.0,6771.0,650.0,1489.0,38053.0
698,3524.0,-17012.0,2436.0,-2864.0,6898.0,687.0,1659.0,38060.0
699,3632.0,-17180.0,2256.0,-2896.0,7012.0,889.0,1822.0,38066.0
700,3356.0,-17796.0,2464.0,-2864.0,7121.0,1214.0,2019.0,38072.0
701,2876.0,-18436.0,2012.0,-2832.0,7219.0,1613.0,2235.0,38077.0
702,2536.0,-19600.0,1696.0,-2848.0,7287.0,1918.0,2458.0,38083.0
703,2736.0,-20708.0,1976.0,-2880.0,7659.0,1792.0,2519.0,38089.0
704,3384.0,-21236.0,1888.0,-2832.0,8193.0,1573.0,2687.0,38095.0
705,5740.0,-22036.0,1568.0,-2864.0,8719.0,1688.0,1991.0,38102.0
706,4640.0,-25468.0,1248.0,-2864.0,9425.0,2226.0,4453.0,38108.0
707,5092.0,-27312.0,2228.0,-2896.0,9876.0,3711.0,3864.0,38114.0
708,2432.0,-30888.0,1568.0,-2848.0,10429.0,3933.0,5323.0,38120.0
709,3032.0,-32108.0,648.0,-2896.0,11010.0,3826.0,5427.0,38125.0
710,3600.0,-32768.0,-688.0,-2880.0,11475.0,3814.0,6771.0,38131.0
711,7012.0,-32768.0,-964.0,-2880.0,12530.0,3798.0,6032.0,38137.0
712,3856.0,-32768.0,-1448.0,-2832.0,13858.0,3743.0,6389.0,38144.0
713,3716.0,-32768.0,-2188.0,-2880.0,15301.0,3794.0,6278.0,38150.0
714,3220.0,-32576.0,-3032.0,-2864.0,16004.0,4406.0,5297.0,38156.0
715,1928.0,-31412.0,-3428.0,-2864.0,16692.0,4064.0,5072.0,38162.0
716,872.0,-29176.0,-2868.0,-2880.0,17172.0,3744.0,4694.0,38168.0
717,-648.0,-26184.0,-2764.0,-2864.0,17199.0,3286.0,4212.0,38174.0
718,-1752.0,-22496.0,-3368.0,-2864.0,16814.0,2191.0,3691.0,38180.0
719,-2140.0,-17392.0,-3764.0,-2864.0,16038.0,531.0,3175.0,38187.0
720,-1116.0,-12368.0,-4092.0,-2880.0,14901.0,-1146.0,2420.0,38193.0
721,12.0,-7716.0,-6048.0,-2864.0,13265.0,-2608.0,1621.0,38199.0
722,2424.0,504.0,-14376.0,-2864.0,10724.0,-3380.0,910.0,38204.0
723,3312.0,8836.0,-25688.0,-2864.0,6878.0,-2912.0,676.0,38210.0
724,4112.0,15236.0,-32768.0,-2896.0,2917.0,-2921.0,454.0,38216.0
725,4368.0,16896.0,-32768.0,-2880.0,-1632.0,-3449.0,-201.0,38222.0
726,5212.0,13840.0,-32768.0,-2848.0,-5928.0,-3539.0,-185.0,38228.0
727,5800.0,10364.0,-32768.0,-2864.0,-9927.0,-3177.0,-521.0,38235.0
728,5556.0,7436.0,-30520.0,-2848.0,-13564.0,-3072.0,-1038.0,38241.0
729,4632.0,3988.0,-25608.0,-2864.0,-16997.0,-2552.0,-1252.0,38247.0
730,1932.0,-2088.0,-19408.0,-2864.0,-20053.0,-1939.0,-1318.0,38253.0
731,448.0,-7124.0,-13932.0,-2880.0,-22276.0,-1814.0,-631.0,38259.0
732,-2236.0,-11396.0,-7636.0,-2896.0,-23956.0,-1310.0,-2175.0,38265.0
733,-5680.0,-16132.0,-824.0,-2848.0,-24861.0,-2479.0,-2057.0,38272.0
734,-3808.0,-20248.0,5260.0,-2864.0,-24749.0,-4603.0,-1388.0,38278.0
735,-1764.0,-22200.0,10712.0,-2880.0,-24365.0,-5993.0,-2029.0,38284.0
736,1932.0,-23640.0,15064.0,-2880.0,-23759.0,-7197.0,-2167.0,38290.0
737,5404.0,-24944.0,18056.0,-2848.0,-22890.0,-7359.0,-2319.0,38296.0
738,7136.0,-25384.0,20684.0,-2864.0,-21801.0,-6239.0,-2080.0,38302.0
739,7176.0,-25264.0,23352.0,-2864.0,-20401.0,-4457.0,-1610.0,38308.0
740,6388.0,-24268.0,25564.0,-2864.0,-18952.0,-2466.0,-1188.0,38315.0
741,5044.0,-21664.0,26532.0,-2864.0,-17462.0,-646.0,-1034.0,38321.0
742,3964.0,-18796.0,25668.0,-2880.0,-16090.0,814.0,-1212.0,38327.0
743,3224.0,-16408.0,25652.0,-2832.0,-14655.0,1657.0,-1680.0,38333.0
744,2588.0,-13380.0,26188.0,-2896.0,-13353.0,2013.0,-2242.0,38339.0
745,1864.0,-11852.0,27936.0,-2880.0,-11925.0,2028.0,-2292.0,38345.0
746,-488.0,-10896.0,28792.0,-2880.0,-10523.0,1815.0,-2164.0,38351.0
747,-3280.0,-14600.0,32767.0,-2864.0,-8678.0,559.0,-2549.0,38358.0
748,2684.0,-19524.0,32767.0,-2848.0,-5354.0,-237.0,-1064.0,38364.0
749,3348.0,-31968.0,32767.0,-2864.0,115.0,234.0,-2433.0,38370.0
750,-292.0,-32768.0,32767.0,-2864.0,5699.0,1517.0,-1679.0,38376.0
751,-10480.0,-25992.0,32767.0,-2848.0,6651.0,4538.0,38.0,38381.0
752,-16220.0,-4336.0,10936.0,-2864.0,2766.0,7444.0,1851.0,38387.0
753,-8576.0,124.0,-5828.0,-2848.0,2338.0,7106.0,-1557.0,38393.0
754,496.0,-5620.0,-7180.0,-2848.0,2720.0,3221.0,-4873.0,38400.0
755,10176.0,-20432.0,-2556.0,-2880.0,2968.0,1114.0,-4857.0,38406.0
756,14136.0,-29300.0,-5012.0,-2864.0,2479.0,1596.0,-3918.0,38412.0
757,11336.0,-26836.0,-7872.0,-2880.0,2378.0,1786.0,-2699.0,38418.0
758,8832.0,-17944.0,-1368.0,-2880.0,3102.0,1203.0,-1529.0,38424.0
759,3908.0,-15332.0,6980.0,-2848.0,3267.0,2828.0,-426.0,38430.0
760,-3000.0,-16600.0,9608.0,-2864.0,2971.0,5069.0,551.0,38436.0
761,-5460.0,-16096.0,6812.0,-2864.0,2957.0,4452.0,-1045.0,38443.0
762,-4772.0,-13808.0,3524.0,-2880.0,2878.0,1350.0,-2513.0,38449.0
763,-216.0,-13804.0,2056.0,-2896.0,2812.0,-1272.0,-2785.0,38454.0
764,4836.0,-15152.0,1952.0,-2864.0,2809.0,-1421.0,-2364.0,38460.0
765,6420.0,-16228.0,984.0,-2848.0,2930.0,-22.0,-1726.0,38466.0
766,5856.0,-16268.0,1912.0,-2880.0,2731.0,1093.0,-1144.0,38472.0
767,4372.0,-16332.0,2684.0,-2880.0,2511.0,1543.0,-950.0,38478.0
768,2776.0,-16292.0,3212.0,-2896.0,2329.0,1305.0,-820.0,38484.0
769,2080.0,-15724.0,3320.0,-2896.0,2164.0,1025.0,-968.0,38491.0
770,2252.0,-15356.0,2808.0,-2896.0,2068.0,757.0,-1058.0,38497.0
771,3412.0,-15596.0,2716.0,-2880.0,2038.0,880.0,-970.0,38502.0
772,3708.0,-16076.0,3376.0,-2912.0,1940.0,1512.0,-819.0,38508.0
773,3288.0,-16356.0,3156.0,-2912.0,1880.0,2298.0,-678.0,38514.0
774,2168.0,-16124.0,3292.0,-2832.0,1805.0,2499.0,-728.0,38520.0
775,1164.0,-16116.0,3876.0,-2864.0,1706.0,2070.0,-874.0,38526.0
776,1304.0,-16300.0,3516.0,-2864.0,1630.0,1540.0,-1035.0,38533.0
777,2660.0,-16084.0,3248.0,-2880.0,1549.0,1199.0,-1136.0,38539.0
778,3692.0,-16116.0,3072.0,-2848.0,1537.0,1268.0,-1070.0,38544.0
779,4240.0,-16112.0,2636.0,-2880.0,1577.0,1777.0,-878.0,38550.0
780,4124.0,-16252.0,2916.0,-2864.0,1626.0,2203.0,-719.0,38556.0
781,3088.0,-16796.0,3236.0,-2896.0,1713.0,2542.0,-484.0,38562.0
782,2228.0,-16736.0,3160.0,-2896.0,1814.0,2586.0,-309.0,38568.0
783,1676.0,-16464.0,2888.0,-2896.0,2003.0,2379.0,-169.0,38575.0
784,2140.0,-16316.0,2784.0,-2864.0,2229.0,1895.0,-120.0,38581.0
785,2652.0,-16468.0,2408.0,-2864.0,2514.0,1359.0,0.0,38586.0
786,3564.0,-16760.0,2436.0,-2848.0,2747.0,1014.0,209.0,38592.0
787,3960.0,-16784.0,2136.0,-2880.0,3038.0,784.0,526.0,38598.0
788,4148.0,-16692.0,2368.0,-2912.0,3379.0,590.0,735.0,38604.0
789,3936.0,-16660.0,2712.0,-2912.0,3646.0,433.0,1205.0,38610.0
790,3864.0,-17352.0,2688.0,-2880.0,3970.0,547.0,1351.0,38616.0
791,3116.0,-17940.0,2624.0,-2832.0,4352.0,562.0,1597.0,38622.0
792,2820.0,-18188.0,2340.0,-2880.0,4769.0,495.0,1808.0,38628.0
793,3024.0,-18124.0,2020.0,-2848.0,5208.0,432.0,2044.0,38634.0
794,3060.0,-18540.0,2508.0,-2848.0,5655.0,418.0,2242.0,38640.0
795,2880.0,-19536.0,3184.0,-2848.0,6113.0,341.0,2539.0,38646.0
796,2300.0,-19856.0,3036.0,-2848.0,6587.0,267.0,2775.0,38651.0
797,2092.0,-20924.0,2916.0,-2880.0,7057.0,198.0,3063.0,38658.0
798,2804.0,-23532.0,3584.0,-2912.0,7847.0,450.0,3351.0,38664.0
799,2728.0,-23880.0,2460.0,-2880.0,8638.0,673.0,3541.0,38670.0
800,2512.0,-26236.0,1692.0,-2880.0,9408.0,1186.0,3973.0,38676.0
801,1896.0,-28748.0,1408.0,-2848.0,10223.0,1619.0,4417.0,38682.0
802,920.0,-31652.0,244.0,-2864.0,11107.0,1796.0,4944.0,38688.0
803,-508.0,-32768.0,-1092.0,-2864.0,12316.0,1692.0,5476.0,38693.0
804,-624.0,-32768.0,-2576.0,-2880.0,13444.0,1510.0,5649.0,38700.0
805,204.0,-32768.0,-3496.0,-2880.0,14625.0,853.0,5786.0,38706.0
806,1728.0,-31936.0,-2872.0,-2880.0,15128.0,379.0,5949.0,38712.0
807,2924.0,-32172.0,-1736.0,-2864.0,15029.0,421.0,5889.0,38718.0
808,3636.0,-32768.0,-600.0,-2880.0,14929.0,704.0,5782.0,38724.0
809,3440.0,-31980.0,1004.0,-2880.0,15378.0,415.0,5636.0,38730.0
810,3076.0,-25424.0,716.0,-2880.0,15536.0,-1.0,5447.0,38736.0
811,2376.0,-19736.0,948.0,-2880.0,15154.0,90.0,4966.0,38742.0
812,1436.0,-17320.0,2152.0,-2864.0,14594.0,76.0,4681.0,38748.0
813,1324.0,-15684.0,2016.0,-2864.0,13913.0,-125.0,4320.0,38754.0
814,1580.0,-13788.0,736.0,-2912.0,13225.0,-318.0,3909.0,38760.0
815,1404.0,-11456.0,-224.0,-2848.0,12300.0,-395.0,3596.0,38766.0
816,872.0,-9248.0,600.0,-2880.0,11433.0,-853.0,3331.0,38771.0
817,236.0,-7140.0,4024.0,-2896.0,10936.0,-1959.0,2864.0,38777.0
818,708.0,-1528.0,4324.0,-2864.0,10159.0,-3365.0,2349.0,38784.0
819,4608.0,8268.0,-11008.0,-2880.0,6252.0,-3198.0,1090.0,38790.0
820,8004.0,14992.0,-20776.0,-2912.0,3195.0,-1691.0,859.0,38796.0
821,5464.0,17360.0,-27300.0,-2864.0,-751.0,-384.0,1081.0,38802.0
822,1024.0,12740.0,-27132.0,-2864.0,-3991.0,-573.0,1363.0,38808.0
823,32.0,10620.0,-25180.0,-2896.0,-6924.0,-3003.0,577.0,38813.0
824,2368.0,11316.0,-22704.0,-2864.0,-10634.0,-5457.0,-170.0,38819.0
825,6200.0,9728.0,-20404.0,-2880.0,-14229.0,-6058.0,-538.0,38825.0
826,7320.0,7280.0,-17364.0,-2832.0,-17058.0,-5456.0,-638.0,38832.0
827,5572.0,4636.0,-13580.0,-2880.0,-19536.0,-4434.0,-238.0,38838.0
828,1900.0,868.0,-9336.0,-2864.0,-21634.0,-3231.0,217.0,38844.0
829,-1532.0,-3376.0,-5796.0,-2896.0,-23157.0,-2979.0,408.0,38850.0
830,-3700.0,-7348.0,-1100.0,-2864.0,-23947.0,-3830.0,439.0,38856.0
831,-4828.0,-10220.0,4064.0,-2912.0,-24257.0,-5227.0,433.0,38862.0
832,-4848.0,-12460.0,8648.0,-2864.0,-24254.0,-6777.0,97.0,38868.0
833,-3476.0,-14484.0,12584.0,-2896.0,-23916.0,-8575.0,-470.0,38874.0
834,-1416.0,-16156.0,14884.0,-2896.0,-23290.0,-10169.0,-1055.0,38880.0
835,2028.0,-17484.0,17476.0,-2896.0,-22254.0,-11373.0,-1545.0,38886.0
836,5192.0,-17440.0,21932.0,-2864.0,-20786.0,-11957.0,-1792.0,38893.0
837,9044.0,-17100.0,26468.0,-2896.0,-19331.0,-11528.0,-2512.0,38899.0
838,10744.0,-19096.0,30344.0,-2896.0,-17553.0,-9972.0,-3404.0,38905.0
839,12700.0,-22436.0,32767.0,-2864.0,-15644.0,-6819.0,-940.0,38912.0
840,11396.0,-24644.0,32767.0,-2864.0,-12876.0,-1874.0,-389.0,38918.0
841,11456.0,-25936.0,32767.0,-2864.0,-9217.0,683.0,-733.0,38924.0
842,24816.0,-32768.0,32767.0,-2912.0,2828.0,-384.0,-2975.0,38930.0
843,7760.0,-32768.0,32767.0,-2864.0,10564.0,2923.0,731.0,38936.0
844,-24628.0,544.0,-2412.0,-2848.0,2183.0,13917.0,5405.0,38942.0
845,-18808.0,17896.0,-32768.0,-2864.0,-1376.0,11924.0,702.0,38948.0
846,-11092.0,-15732.0,-32768.0,-2864.0,-743.0,6187.0,-3238.0,38955.0
847,11980.0,-32768.0,-18120.0,-2880.0,2701.0,-29.0,-4096.0,38961.0
848,20796.0,-32768.0,-7824.0,-2864.0,5622.0,-912.0,-3007.0,38967.0
849,11372.0,-10912.0,2700.0,-2880.0,5677.0,1597.0,2701.0,38973.0
850,3928.0,-6924.0,11876.0,-2864.0,4195.0,3297.0,2456.0,38979.0
851,-7476.0,-16756.0,13184.0,-2848.0,4168.0,4655.0,108.0,38984.0
852,-17400.0,-12600.0,13892.0,-2912.0,4124.0,3573.0,-1597.0,38990.0
853,-12060.0,-11532.0,9792.0,-2880.0,3363.0,-394.0,-3591.0,38996.0
854,692.0,-14480.0,4016.0,-2864.0,2832.0,-3667.0,-4471.0,39003.0
855,9868.0,-17552.0,3028.0,-2864.0,3494.0,-3806.0,-3715.0,39009.0
856,12080.0,-17644.0,3716.0,-2880.0,3572.0,-764.0,-1884.0,39015.0
857,10732.0,-16528.0,4764.0,-2864.0,3037.0,2313.0,-284.0,39021.0
858,8076.0,-15372.0,5364.0,-2848.0,2458.0,4252.0,961.0,39027.0
859,3756.0,-13768.0,6268.0,-2880.0,1941.0,4973.0,1421.0,39033.0
860,-1180.0,-14852.0,7064.0,-2864.0,1476.0,4192.0,1164.0,39040.0
861,-2848.0,-15888.0,6992.0,-2864.0,1053.0,2681.0,742.0,39046.0
862,-1432.0,-16364.0,6108.0,-2864.0,911.0,1289.0,239.0,39052.0
863,2032.0,-16252.0,5604.0,-2896.0,680.0,368.0,165.0,39057.0
864,5220.0,-17272.0,5064.0,-2864.0,487.0,848.0,568.0,39063.0
865,5756.0,-17372.0,4464.0,-2848.0,482.0,2431.0,1300.0,39069.0
866,4244.0,-17240.0,4308.0,-2880.0,676.0,4127.0,1663.0,39075.0
867,1816.0,-17916.0,3764.0,-2912.0,1028.0,5021.0,1759.0,39080.0
868,1224.0,-18884.0,3984.0,-2864.0,1489.0,4985.0,1516.0,39087.0
869,1316.0,-20132.0,3112.0,-2864.0,1993.0,4701.0,1459.0,39093.0
870,1660.0,-20880.0,1252.0,-2896.0,2275.0,4483.0,1726.0,39099.0
871,1828.0,-23888.0,172.0,-2880.0,2501.0,4576.0,2110.0,39105.0
872,972.0,-29176.0,828.0,-2880.0,2927.0,5195.0,2741.0,39111.0
873,340.0,-31124.0,648.0,-2896.0,3625.0,5335.0,3389.0,39117.0
874,368.0,-30652.0,224.0,-2864.0,4418.0,4751.0,3808.0,39122.0
875,1224.0,-32072.0,944.0,-2896.0,5811.0,4641.0,4415.0,39129.0
876,772.0,-32012.0,124.0,-2864.0,7312.0,4417.0,5078.0,39135.0
877,1360.0,-32768.0,184.0,-2848.0,8798.0,3866.0,5582.0,39141.0
878,-576.0,-32768.0,-4936.0,-2912.0,9692.0,1482.0,5928.0,39147.0
879,-3548.0,-32768.0,-6296.0,-2896.0,11195.0,-942.0,7203.0,39152.0
880,-1656.0,-29008.0,-6536.0,-2896.0,11803.0,-3163.0,6717.0,39158.0
881,1156.0,-22140.0,-4744.0,-2880.0,11990.0,-5253.0,5326.0,39164.0
882,2732.0,-16464.0,-4220.0,-2880.0,11925.0,-7136.0,4492.0,39171.0
883,3804.0,-7840.0,-8104.0,-2864.0,10567.0,-8453.0,3825.0,39177.0
884,6604.0,-1216.0,-9500.0,-2864.0,8670.0,-8880.0,2758.0,39183.0
885,8176.0,3928.0,-10588.0,-2880.0,6544.0,-8598.0,1983.0,39189.0
886,6280.0,8088.0,-22392.0,-2880.0,2724.0,-7772.0,1812.0,39195.0
887,4600.0,8976.0,-24896.0,-2864.0,-367.0,-6413.0,1862.0,39201.0
888,3176.0,8388.0,-25356.0,-2864.0,-3127.0,-7981.0,733.0,39207.0
889,4740.0,5432.0,-25332.0,-2864.0,-6354.0,-10660.0,-968.0,39214.0
890,13264.0,2384.0,-23684.0,-2880.0,-9139.0,-12096.0,-2178.0,39219.0
891,18956.0,572.0,-20632.0,-2864.0,-11478.0,-11005.0,-2347.0,39226.0
892,18708.0,-2228.0,-15516.0,-2880.0,-13852.0,-7110.0,-2079.0,39232.0
893,13472.0,-5940.0,-10912.0,-2864.0,-15733.0,-3336.0,-1913.0,39238.0
894,7240.0,-9720.0,-6156.0,-2896.0,-17075.0,-1077.0,-1857.0,39244.0
895,1836.0,-12768.0,-1424.0,-2880.0,-17795.0,-427.0,-2315.0,39250.0
896,-1112.0,-14768.0,2912.0,-2864.0,-18142.0,-1247.0,-3100.0,39257.0
897,-1444.0,-16380.0,6888.0,-2880.0,-18208.0,-2457.0,-3781.0,39263.0
898,-208.0,-16504.0,9540.0,-2880.0,-17819.0,-3613.0,-4405.0,39269.0
899,1780.0,-15252.0,11212.0,-2864.0,-17302.0,-4506.0,-4950.0,39274.0
900,3316.0,-14104.0,13216.0,-2880.0,-16995.0,-4769.0,-6721.0,39281.0
901,5584.0,-15324.0,16044.0,-2848.0,-16193.0,-4537.0,-5258.0,39287.0
902,8508.0,-16592.0,22260.0,-2848.0,-14932.0,-2870.0,-6809.0,39293.0
903,10552.0,-19284.0,32004.0,-2880.0,-12597.0,-1933.0,-6912.0,39300.0
904,9500.0,-27368.0,32767.0,-2848.0,-8374.0,-1128.0,-5525.0,39306.0
905,4200.0,-32768.0,32767.0,-2864.0,-1353.0,2545.0,-2016.0,39312.0
906,-10204.0,-32768.0,32767.0,-2880.0,5376.0,11425.0,1974.0,39318.0
907,-31652.0,-23952.0,32767.0,-2880.0,6986.0,18945.0,4709.0,39324.0
908,-32768.0,-304.0,21328.0,-2880.0,4363.0,17522.0,4131.0,39330.0
909,-27976.0,5236.0,3004.0,-2880.0,4670.0,12123.0,1012.0,39336.0
910,-17156.0,8428.0,-8148.0,-2864.0,3933.0,4367.0,-1855.0,39343.0
911,-6388.0,1380.0,-9024.0,-2864.0,3095.0,379.0,-1179.0,39349.0
912,6296.0,-13740.0,-1256.0,-2880.0,3295.0,267.0,-1513.0,39354.0
913,20300.0,-29412.0,4196.0,-2880.0,3910.0,-2738.0,-5915.0,39360.0
914,27836.0,-32768.0,-9684.0,-2896.0,3454.0,-10225.0,-8938.0,39366.0
915,21740.0,-25792.0,-13264.0,-2864.0,5019.0,-9176.0,-2570.0,39372.0
916,14408.0,-8208.0,2036.0,-2896.0,5142.0,-1418.0,1823.0,39378.0
917,-144.0,-13848.0,12468.0,-2896.0,4759.0,5525.0,1917.0,39385.0
918,-10996.0,-18664.0,12972.0,-2848.0,4122.0,8949.0,1287.0,39391.0
919,-12940.0,-16036.0,9104.0,-2880.0,3527.0,7048.0,-1116.0,39397.0
920,-9472.0,-13632.0,7036.0,-2896.0,3304.0,3195.0,-1756.0,39403.0
921,-1304.0,-13316.0,5096.0,-2864.0,2871.0,1694.0,-1854.0,39409.0
922,6144.0,-13652.0,3180.0,-2896.0,2572.0,1797.0,-2120.0,39415.0
923,7152.0,-15040.0,3152.0,-2896.0,2365.0,1935.0,-1335.0,39421.0
924,5428.0,-16488.0,3012.0,-2880.0,2087.0,1732.0,-789.0,39428.0
925,3136.0,-16512.0,3364.0,-2880.0,1895.0,567.0,-636.0,39434.0
926,1692.0,-15704.0,4052.0,-2880.0,1791.0,-647.0,-666.0,39440.0
927,1024.0,-15380.0,4900.0,-2848.0,1608.0,-925.0,-572.0,39445.0
928,504.0,-15832.0,5096.0,-2912.0,1395.0,-674.0,-593.0,39451.0
929,1772.0,-15748.0,4512.0,-2880.0,1281.0,-487.0,-571.0,39457.0
930,3104.0,-15264.0,4228.0,-2848.0,1164.0,70.0,-442.0,39463.0
931,3324.0,-15580.0,4172.0,-2848.0,1066.0,865.0,-270.0,39470.0
932,1960.0,-16076.0,4200.0,-2848.0,917.0,1616.0,-231.0,39475.0
933,52.0,-16476.0,4292.0,-2896.0,840.0,1540.0,-458.0,39481.0
934,-784.0,-16416.0,4624.0,-2880.0,826.0,657.0,-735.0,39487.0
935,-268.0,-16332.0,4776.0,-2896.0,669.0,-191.0,-946.0,39493.0
936,1732.0,-16188.0,4512.0,-2880.0,529.0,-754.0,-1034.0,39498.0
937,3596.0,-15932.0,4536.0,-2880.0,428.0,-743.0,-886.0,39504.0
938,4160.0,-15716.0,4520.0,-2896.0,277.0,-129.0,-538.0,39511.0
939,4048.0,-15772.0,4396.0,-2896.0,170.0,556.0,-279.0,39517.0
940,3396.0,-15716.0,4052.0,-2880.0,137.0,1152.0,-61.0,39522.0
941,2844.0,-15892.0,3700.0,-2896.0,186.0,1561.0,12.0,39528.0
942,2316.0,-16408.0,3836.0,-2880.0,320.0,1608.0,62.0,39534.0
943,2148.0,-16972.0,3408.0,-2928.0,547.0,1504.0,77.0,39540.0
944,2188.0,-17344.0,3660.0,-2880.0,740.0,1087.0,226.0,39545.0
945,2640.0,-17732.0,3660.0,-2912.0,1003.0,936.0,337.0,39552.0
946,2996.0,-18068.0,3440.0,-2864.0,1308.0,904.0,464.0,39558.0
947,2752.0,-18804.0,3092.0,-2864.0,1685.0,1150.0,750.0,39564.0
948,2628.0,-19404.0,2824.0,-2864.0,2162.0,1462.0,936.0,39569.0
949,2580.0,-20404.0,2652.0,-2928.0,2746.0,1650.0,1130.0,39575.0
950,2500.0,-21420.0,2816.0,-2864.0,3350.0,1769.0,1330.0,39581.0
951,2268.0,-22584.0,2912.0,-2864.0,4055.0,1832.0,1651.0,39587.0
952,1208.0,-25780.0,3152.0,-2848.0,4775.0,2053.0,2106.0,39593.0
953,-376.0,-29388.0,3732.0,-2880.0,5555.0,2203.0,2912.0,39600.0
954,-1012.0,-29360.0,3816.0,-2864.0,6450.0,1703.0,3540.0,39606.0
955,1112.0,-24084.0,1460.0,-2896.0,7271.0,1031.0,3293.0,39611.0
956,-172.0,-27636.0,-2652.0,-2864.0,7455.0,1366.0,3881.0,39617.0
957,-684.0,-31740.0,-3104.0,-2912.0,8242.0,1815.0,4485.0,39623.0
958,-3380.0,-32768.0,-3108.0,-2912.0,8708.0,1932.0,5359.0,39629.0
959,-3196.0,-32768.0,-2832.0,-2880.0,9239.0,1969.0,6220.0,39635.0
960,-3360.0,-32768.0,-1332.0,-2896.0,11807.0,-1063.0,6172.0,39642.0
961,-1944.0,-29424.0,-3628.0,-2880.0,12487.0,-3121.0,6426.0,39648.0
962,112.0,-26484.0,-2976.0,-2864.0,12843.0,-4661.0,5785.0,39654.0
963,1444.0,-23100.0,-2744.0,-2880.0,13060.0,-5690.0,5216.0,39660.0
964,3124.0,-18000.0,-2796.0,-2864.0,12926.0,-6407.0,4537.0,39666.0
965,4488.0,-12596.0,-2584.0,-2896.0,12454.0,-6576.0,4044.0,39672.0
966,5068.0,-8108.0,-2232.0,-2880.0,11666.0,-6392.0,3747.0,39678.0
967,4972.0,-3728.0,-624.0,-2864.0,10704.0,-6490.0,3361.0,39685.0
968,3376.0,3844.0,-8164.0,-2864.0,8602.0,-7006.0,3125.0,39690.0
969,6128.0,11404.0,-20524.0,-2864.0,4689.0,-5704.0,1718.0,39696.0
970,8656.0,17556.0,-28296.0,-2880.0,1429.0,-6247.0,274.0,39702.0
971,8948.0,18280.0,-32584.0,-2832.0,-3019.0,-6540.0,463.0,39708.0
972,11300.0,14552.0,-32220.0,-2880.0,-7012.0,-5636.0,573.0,39714.0
973,11500.0,12888.0,-30152.0,-2896.0,-10819.0,-3618.0,904.0,39720.0
974,8604.0,11096.0,-24648.0,-2912.0,-14668.0,-987.0,1286.0,39727.0
975,3200.0,8188.0,-18624.0,-2864.0,-18194.0,1380.0,1406.0,39733.0
976,-3088.0,3012.0,-12260.0,-2880.0,-20997.0,1862.0,1757.0,39739.0
977,-7940.0,-2924.0,-5256.0,-2880.0,-22591.0,235.0,1672.0,39745.0
978,-8840.0,-7280.0,872.0,-2880.0,-23237.0,-2889.0,659.0,39751.0
979,-5700.0,-11608.0,7780.0,-2912.0,-23130.0,-6401.0,-644.0,39757.0
980,804.0,-15396.0,16908.0,-2864.0,-21923.0,-9015.0,-2116.0,39763.0
981,10408.0,-19128.0,28464.0,-2880.0,-19705.0,-10066.0,-4282.0,39770.0
982,17512.0,-28016.0,32767.0,-2864.0,-16953.0,-8476.0,-4579.0,39776.0
983,19668.0,-32768.0,32767.0,-2896.0,-12768.0,-2679.0,-3280.0,39782.0
984,12184.0,-32768.0,32767.0,-2896.0,-8294.0,3112.0,-1173.0,39788.0
985,7388.0,-32768.0,32767.0,-2864.0,-3936.0,7906.0,-498.0,39794.0
986,1124.0,-32768.0,32767.0,-2896.0,1140.0,8638.0,-824.0,39800.0
987,-4732.0,-29984.0,32767.0,-2912.0,4993.0,7586.0,60.0,39806.0
988,-10424.0,-14260.0,27112.0,-2896.0,4843.0,7193.0,608.0,39813.0
989,-7952.0,-9432.0,1940.0,-2880.0,4462.0,7177.0,527.0,39819.0
990,-4764.0,2752.0,-12932.0,-2880.0,4282.0,4854.0,-589.0,39824.0
991,-5672.0,4296.0,-21364.0,-2864.0,1380.0,3437.0,586.0,39830.0
992,1524.0,-8440.0,-15096.0,-2896.0,52.0,2610.0,-344.0,39836.0
993,12904.0,-26452.0,5504.0,-2880.0,1564.0,-694.0,-3265.0,39842.0
994,16608.0,-32768.0,14552.0,-2896.0,2718.0,-3637.0,-3294.0,39848.0
995,10052.0,-32768.0,3352.0,-2880.0,2486.0,-1774.0,-250.0,39855.0
996,560.0,-20908.0,-4428.0,-2896.0,2487.0,1305.0,1103.0,39861.0
997,-6612.0,-13832.0,1216.0,-2896.0,2857.0,1936.0,279.0,39867.0
998,-9592.0,-18972.0,9528.0,-2880.0,3096.0,1268.0,-277.0,39873.0
999,-6920.0,-19376.0,9000.0,-2880.0,3194.0,895.0,-1324.0,39878.0
1000,-3228.0,-14948.0,6056.0,-2880.0,3027.0,938.0,-1538.0,39884.0
1001,968.0,-12272.0,5480.0,-2880.0,2773.0,1801.0,-1689.0,39890.0
1002,3804.0,-12572.0,5980.0,-2880.0,2550.0,2775.0,-1429.0,39897.0
1003,3088.0,-14020.0,5536.0,-2896.0,2387.0,3168.0,-1316.0,39903.0
1004,1312.0,-15228.0,5084.0,-2896.0,2059.0,2402.0,-1417.0,39909.0
1005,560.0,-16468.0,4424.0,-2880.0,1912.0,997.0,-1629.0,39915.0
1006,1176.0,-15932.0,4976.0,-2896.0,1765.0,-83.0,-1668.0,39920.0
1007,1720.0,-15616.0,5876.0,-2864.0,1574.0,-581.0,-1593.0,39926.0
1008,2288.0,-15588.0,5680.0,-2864.0,1247.0,-639.0,-1394.0,39932.0
1009,2940.0,-16196.0,5120.0,-2880.0,965.0,137.0,-1198.0,39939.0
1010,2824.0,-16232.0,4540.0,-2864.0,850.0,1267.0,-924.0,39945.0
1011,2140.0,-16084.0,4100.0,-2896.0,778.0,2205.0,-750.0,39951.0
1012,1324.0,-16256.0,4536.0,-2896.0,659.0,2345.0,-628.0,39956.0
1013,816.0,-16392.0,5140.0,-2896.0,547.0,1879.0,-606.0,39962.0
1014,1028.0,-16564.0,4980.0,-2880.0,428.0,1060.0,-720.0,39968.0
1015,1536.0,-16668.0,4644.0,-2848.0,395.0,416.0,-709.0,39974.0
1016,2220.0,-16896.0,4588.0,-2896.0,354.0,172.0,-653.0,39980.0
1017,2548.0,-17268.0,5028.0,-2880.0,343.0,328.0,-455.0,39986.0
1018,2572.0,-17600.0,4868.0,-2864.0,352.0,672.0,-210.0,39992.0
1019,2292.0,-18384.0,4692.0,-2864.0,467.0,1207.0,-66.0,39998.0
1020,1892.0,-19580.0,4664.0,-2880.0,649.0,1664.0,235.0,40003.0
1021,1348.0,-21208.0,4604.0,-2896.0,919.0,1985.0,409.0,40009.0
1022,1000.0,-22788.0,4504.0,-2864.0,1310.0,2042.0,765.0,40015.0
1023,552.0,-24088.0,4228.0,-2864.0,1808.0,1965.0,962.0,40022.0
1024,676.0,-26280.0,4340.0,-2864.0,2393.0,1796.0,1574.0,40027.0
1025,2220.0,-25568.0,3332.0,-2896.0,3033.0,1544.0,1448.0,40033.0
1026,1588.0,-27316.0,2416.0,-2896.0,3590.0,1643.0,2210.0,40039.0
1027,1180.0,-30236.0,1212.0,-2896.0,3956.0,2258.0,2895.0,40045.0
1028,-1476.0,-32768.0,-1556.0,-2880.0,3875.0,2979.0,3760.0,40051.0
1029,-4884.0,-32768.0,-1988.0,-2880.0,3748.0,3480.0,5011.0,40057.0
1030,-4204.0,-32768.0,1652.0,-2896.0,5603.0,2897.0,5342.0,40064.0
1031,-5100.0,-30732.0,-2428.0,-2896.0,7930.0,-1231.0,5620.0,40070.0
1032,-1992.0,-21040.0,-4776.0,-2880.0,8289.0,-2456.0,5282.0,40076.0
1033,-132.0,-18172.0,-3988.0,-2864.0,8678.0,-3668.0,4789.0,40081.0
1034,1424.0,-14052.0,-2788.0,-2896.0,8579.0,-4617.0,4270.0,40087.0
1035,2672.0,-10260.0,-500.0,-2880.0,8247.0,-5462.0,3609.0,40093.0
1036,4188.0,-7356.0,1232.0,-2864.0,7746.0,-5560.0,2900.0,40099.0
1037,4596.0,-5068.0,2492.0,-2896.0,7181.0,-5214.0,2338.0,40105.0
1038,4676.0,-2652.0,2704.0,-2864.0,6609.0,-5180.0,1554.0,40112.0
1039,4508.0,976.0,2924.0,-2864.0,5899.0,-5535.0,1143.0,40118.0
1040,3784.0,8108.0,-10988.0,-2896.0,2720.0,-5429.0,782.0,40123.0
1041,5316.0,12412.0,-16556.0,-2896.0,63.0,-4153.0,311.0,40129.0
1042,5160.0,16404.0,-19432.0,-2896.0,-2856.0,-4644.0,-120.0,40135.0
1043,5336.0,14972.0,-22176.0,-2896.0,-6597.0,-5706.0,-566.0,40141.0
1044,9244.0,9984.0,-20124.0,-2848.0,-9610.0,-6146.0,-897.0,40147.0
1045,11416.0,7080.0,-16228.0,-2912.0,-12190.0,-4957.0,-1112.0,40154.0
1046,10964.0,3220.0,-12780.0,-2880.0,-14524.0,-2474.0,-1016.0,40160.0
1047,8312.0,-1692.0,-8676.0,-2880.0,-16063.0,-144.0,-806.0,40166.0
1048,4568.0,-6340.0,-3440.0,-2880.0,-16799.0,1512.0,-299.0,40172.0
1049,-32.0,-12648.0,-336.0,-2880.0,-16957.0,3446.0,46.0,40178.0
1050,-4492.0,-17492.0,4784.0,-2864.0,-15814.0,3097.0,-263.0,40183.0
1051,-6576.0,-18468.0,11208.0,-2880.0,-14510.0,775.0,-960.0,40189.0
1052,-1856.0,-19860.0,27040.0,-2896.0,-12011.0,-2585.0,-3306.0,40196.0
1053,11940.0,-18984.0,32767.0,-2864.0,-8955.0,-7488.0,-7083.0,40202.0
1054,19816.0,-32768.0,32767.0,-2880.0,-6633.0,-3896.0,-5153.0,40208.0
1055,20600.0,-32768.0,32767.0,-2848.0,-1692.0,4209.0,-3765.0,40214.0
1056,6300.0,-32768.0,32767.0,-2864.0,2901.0,10704.0,-2606.0,40220.0
1057,-9760.0,-26984.0,32767.0,-2864.0,4646.0,14114.0,775.0,40226.0
1058,-13396.0,-17840.0,21664.0,-2880.0,5267.0,10958.0,-1248.0,40232.0
1059,-4812.0,-6468.0,-4436.0,-2880.0,5158.0,7459.0,-1528.0,40239.0
1060,-7716.0,-1676.0,-21972.0,-2848.0,3411.0,8048.0,144.0,40245.0
1061,-11792.0,-2176.0,-26332.0,-2864.0,1300.0,9010.0,2176.0,40251.0
1062,-7920.0,-8316.0,-12368.0,-2880.0,1063.0,6712.0,265.0,40257.0
1063,-1324.0,-14764.0,7860.0,-2880.0,1819.0,848.0,-1850.0,40263.0
1064,3968.0,-22764.0,21840.0,-2896.0,2459.0,-3043.0,-1767.0,40269.0
1065,7028.0,-25592.0,19592.0,-2880.0,2919.0,-5360.0,-2545.0,40275.0
1066,6040.0,-21600.0,3648.0,-2896.0,2550.0,-6746.0,-3484.0,40282.0
1067,5356.0,-17392.0,-5216.0,-2880.0,2461.0,-6907.0,-2946.0,40288.0
1068,5760.0,-19040.0,-2772.0,-2896.0,2590.0,-6247.0,-2386.0,40294.0
1069,5584.0,-25744.0,4216.0,-2832.0,2836.0,-4637.0,-1780.0,40300.0
1070,5688.0,-28956.0,5324.0,-2864.0,3140.0,-1129.0,-515.0,40306.0
1071,3696.0,-22860.0,3524.0,-2864.0,3164.0,3123.0,890.0,40311.0
1072,264.0,-16136.0,3936.0,-2896.0,2997.0,5735.0,1564.0,40317.0
1073,-3808.0,-13328.0,5712.0,-2880.0,2801.0,5699.0,1393.0,40324.0
1074,-6592.0,-11844.0,6612.0,-2880.0,2544.0,3551.0,828.0,40330.0
1075,-6376.0,-11064.0,6932.0,-2864.0,2248.0,228.0,-19.0,40336.0
1076,-2884.0,-10952.0,7252.0,-2848.0,1882.0,-3083.0,-709.0,40342.0
1077,804.0,-12328.0,7116.0,-2880.0,1535.0,-5217.0,-1009.0,40348.0
1078,3440.0,-13900.0,6524.0,-2848.0,1155.0,-5982.0,-839.0,40353.0
1079,5312.0,-15952.0,5504.0,-2864.0,828.0,-5549.0,-590.0,40359.0
1080,6216.0,-17416.0,4552.0,-2880.0,674.0,-4353.0,-341.0,40366.0
1081,5700.0,-17872.0,4032.0,-2880.0,521.0,-2619.0,14.0,40372.0
1082,4376.0,-17280.0,4492.0,-2896.0,434.0,-966.0,417.0,40378.0
1083,2432.0,-16384.0,5632.0,-2864.0,262.0,248.0,581.0,40383.0
1084,1016.0,-15984.0,5916.0,-2896.0,65.0,850.0,584.0,40389.0
1085,276.0,-16160.0,5832.0,-2880.0,-36.0,1008.0,366.0,40395.0
1086,-124.0,-16088.0,5484.0,-2896.0,-116.0,815.0,148.0,40400.0
1087,276.0,-16292.0,5224.0,-2880.0,-204.0,471.0,-65.0,40407.0
1088,704.0,-16340.0,4952.0,-2880.0,-249.0,64.0,-296.0,40413.0
1089,1396.0,-16132.0,5120.0,-2896.0,-324.0,-373.0,-437.0,40418.0
1090,2000.0,-15816.0,5624.0,-2880.0,-459.0,-552.0,-571.0,40424.0
1091,2156.0,-15752.0,5616.0,-2864.0,-608.0,-447.0,-456.0,40430.0
1092,2472.0,-15548.0,5692.0,-2896.0,-792.0,-78.0,-394.0,40436.0
1093,2668.0,-15788.0,5160.0,-2880.0,-861.0,337.0,-224.0,40441.0
1094,2880.0,-15796.0,4880.0,-2848.0,-872.0,815.0,-20.0,40448.0
1095,2828.0,-16004.0,4928.0,-2864.0,-862.0,1138.0,160.0,40454.0
1096,2500.0,-16332.0,5020.0,-2848.0,-853.0,1313.0,355.0,40460.0
1097,2188.0,-16584.0,4500.0,-2848.0,-753.0,1307.0,441.0,40465.0
1098,2032.0,-16924.0,4404.0,-2864.0,-653.0,1153.0,512.0,40471.0
1099,1804.0,-17636.0,4268.0,-2896.0,-482.0,1054.0,548.0,40477.0
1100,1628.0,-18372.0,4352.0,-2864.0,-261.0,1059.0,629.0,40483.0
1101,1332.0,-18844.0,4128.0,-2880.0,29.0,992.0,798.0,40489.0
1102,1980.0,-18972.0,4040.0,-2896.0,253.0,1054.0,1045.0,40495.0
1103,2244.0,-20620.0,4784.0,-2864.0,395.0,1423.0,1320.0,40501.0
1104,1492.0,-23124.0,3660.0,-2864.0,684.0,2019.0,1918.0,40507.0
1105,368.0,-24444.0,2292.0,-2864.0,1082.0,2206.0,2496.0,40513.0
1106,-1088.0,-27096.0,0.0,-2864.0,737.0,2488.0,3195.0,40519.0
1107,-2488.0,-31300.0,596.0,-2864.0,703.0,2448.0,3700.0,40524.0
1108,-1484.0,-32768.0,2816.0,-2864.0,1946.0,1519.0,4303.0,40530.0
1109,-2768.0,-30280.0,4240.0,-2864.0,4557.0,-825.0,5083.0,40537.0
1110,-4028.0,-26840.0,292.0,-2832.0,5507.0,-311.0,5854.0,40543.0
1111,-4008.0,-26812.0,-3904.0,-2832.0,6791.0,-1491.0,5231.0,40549.0
1112,-1040.0,-17856.0,-4900.0,-2880.0,7325.0,-4919.0,4659.0,40554.0
1113,3428.0,-12004.0,-1660.0,-2896.0,6854.0,-7370.0,4332.0,40560.0
1114,7520.0,-9784.0,2556.0,-2864.0,6238.0,-7090.0,3467.0,40566.0
1115,8676.0,-9848.0,6548.0,-2912.0,5714.0,-5900.0,2602.0,40572.0
1116,7524.0,-10576.0,9432.0,-2880.0,5550.0,-4749.0,2433.0,40579.0
1117,4928.0,-10428.0,9784.0,-2880.0,5494.0,-3669.0,2388.0,40585.0
1118,2828.0,-8524.0,7972.0,-2896.0,5240.0,-2898.0,2333.0,40591.0
1119,1820.0,-6540.0,6272.0,-2896.0,4732.0,-2575.0,2357.0,40597.0
1120,612.0,-5336.0,4528.0,-2864.0,3934.0,-2213.0,2708.0,40603.0
1121,-1100.0,-4696.0,3732.0,-2864.0,3126.0,-1975.0,2937.0,40608.0
1122,-2148.0,-3656.0,-876.0,-2864.0,1698.0,-2413.0,2799.0,40614.0
1123,-1492.0,-2756.0,-4844.0,-2896.0,318.0,-3118.0,2630.0,40621.0
1124,-2732.0,-1792.0,-7200.0,-2864.0,-849.0,-4157.0,2960.0,40627.0
1125,-2776.0,-2080.0,-9440.0,-2864.0,-2260.0,-5440.0,2867.0,40633.0
1126,-1016.0,-1040.0,-10648.0,-2896.0,-3662.0,-7250.0,2536.0,40639.0
1127,1864.0,104.0,-10524.0,-2880.0,-5452.0,-8544.0,2153.0,40644.0
1128,4148.0,-600.0,-8724.0,-2896.0,-7273.0,-8783.0,1742.0,40650.0
1129,5372.0,-1956.0,-5548.0,-2864.0,-8854.0,-8625.0,1363.0,40656.0
1130,7272.0,-4500.0,-1840.0,-2864.0,-10040.0,-8369.0,1141.0,40663.0
1131,8864.0,-7008.0,2560.0,-2880.0,-10618.0,-7777.0,635.0,40669.0
1132,10640.0,-9184.0,6000.0,-2880.0,-10793.0,-6853.0,-207.0,40675.0
1133,13872.0,-10276.0,10036.0,-2864.0,-10773.0,-5322.0,-279.0,40681.0
1134,13948.0,-12516.0,14728.0,-2864.0,-10118.0,-3049.0,-2245.0,40687.0
1135,14508.0,-14580.0,18552.0,-2864.0,-9511.0,-869.0,-2466.0,40693.0
1136,13844.0,-17104.0,21676.0,-2880.0,-8441.0,1837.0,-3022.0,40699.0
1137,11668.0,-18648.0,24364.0,-2880.0,-6988.0,4549.0,-3160.0,40706.0
1138,8164.0,-20308.0,26308.0,-2864.0,-5264.0,6978.0,-3452.0,40712.0
1139,5976.0,-21036.0,25688.0,-2880.0,-3102.0,9157.0,-3638.0,40718.0
1140,996.0,-16892.0,25244.0,-2848.0,-1288.0,9843.0,-3440.0,40724.0
1141,-8124.0,-12676.0,18320.0,-2912.0,-1122.0,10124.0,-1569.0,40730.0
1142,-15892.0,-13760.0,9224.0,-2880.0,-1296.0,11137.0,-212.0,40736.0
1143,-21544.0,-18796.0,1512.0,-2864.0,-1488.0,9923.0,93.0,40742.0
1144,-22988.0,-32768.0,-1068.0,-2880.0,-718.0,7722.0,768.0,40749.0
1145,-17764.0,-32768.0,-800.0,-2880.0,781.0,4111.0,-696.0,40755.0
1146,-5056.0,-32768.0,-6852.0,-2880.0,1964.0,-2130.0,-3488.0,40760.0
1147,11636.0,-22404.0,-10620.0,-2864.0,2279.0,-6343.0,-4690.0,40766.0
1148,21392.0,-12804.0,84.0,-2864.0,2441.0,-4353.0,-3076.0,40772.0
1149,14416.0,-13392.0,9824.0,-2864.0,2414.0,1211.0,-1073.0,40778.0
1150,1640.0,-12700.0,12912.0,-2880.0,2101.0,4593.0,-506.0,40784.0
1151,-6216.0,-9124.0,10248.0,-2864.0,1594.0,4506.0,-1247.0,40791.0
1152,-6176.0,-8392.0,6924.0,-2880.0,1139.0,3257.0,-1561.0,40797.0
1153,-2060.0,-12008.0,5932.0,-2912.0,1056.0,2645.0,-1585.0,40803.0
1154,2692.0,-14940.0,5936.0,-2896.0,970.0,2387.0,-1637.0,40809.0
1155,6160.0,-17208.0,4652.0,-2864.0,923.0,2397.0,-1230.0,40815.0
1156,7424.0,-17076.0,3508.0,-2848.0,982.0,2684.0,-693.0,40821.0
1157,5788.0,-16296.0,3796.0,-2880.0,1031.0,3079.0,-187.0,40827.0
1158,1904.0,-16188.0,5076.0,-2880.0,1010.0,3124.0,109.0,40833.0
1159,-1860.0,-16148.0,5832.0,-2880.0,886.0,2172.0,-67.0,40839.0
1160,-3692.0,-15944.0,5772.0,-2896.0,668.0,719.0,-360.0,40845.0
1161,-2172.0,-15032.0,5264.0,-2864.0,465.0,-920.0,-744.0,40851.0
1162,972.0,-14544.0,5092.0,-2848.0,291.0,-1955.0,-902.0,40856.0
1163,3524.0,-15100.0,4888.0,-2896.0,66.0,-1835.0,-713.0,40862.0
1164,4088.0,-15924.0,4592.0,-2848.0,-148.0,-912.0,-461.0,40868.0
1165,3092.0,-16476.0,4536.0,-2880.0,-285.0,197.0,-216.0,40875.0
1166,1368.0,-16564.0,4632.0,-2864.0,-371.0,889.0,-87.0,40880.0
1167,168.0,-16356.0,4836.0,-2880.0,-432.0,848.0,-206.0,40886.0
1168,192.0,-15992.0,4956.0,-2864.0,-484.0,315.0,-470.0,40892.0
1169,1000.0,-15960.0,5096.0,-2912.0,-578.0,-90.0,-504.0,40898.0
1170,2312.0,-16260.0,4880.0,-2896.0,-635.0,-32.0,-452.0,40903.0
1171,3100.0,-16556.0,4632.0,-2880.0,-642.0,499.0,-276.0,40909.0
1172,3060.0,-17100.0,4568.0,-2896.0,-608.0,1180.0,-141.0,40915.0
1173,2368.0,-17508.0,4668.0,-2864.0,-523.0,1847.0,-19.0,40922.0
1174,1536.0,-17728.0,4480.0,-2864.0,-360.0,2195.0,32.0,40927.0
1175,1244.0,-18004.0,4496.0,-2880.0,-190.0,2285.0,110.0,40933.0
1176,1380.0,-18736.0,4412.0,-2896.0,44.0,2248.0,201.0,40939.0
1177,1684.0,-19344.0,4276.0,-2848.0,332.0,2146.0,348.0,40945.0
1178,2156.0,-19960.0,4180.0,-2880.0,682.0,2016.0,443.0,40950.0
1179,2384.0,-20804.0,4100.0,-2864.0,1061.0,2081.0,687.0,40956.0
1180,2592.0,-22568.0,4512.0,-2864.0,1476.0,2350.0,1073.0,40963.0
1181,3952.0,-23608.0,6856.0,-2864.0,2190.0,2729.0,1332.0,40969.0
1182,-128.0,-27324.0,2736.0,-2848.0,1890.0,3730.0,2562.0,40975.0
1183,-404.0,-29828.0,1016.0,-2848.0,2577.0,3846.0,3083.0,40981.0
1184,-1716.0,-30224.0,-552.0,-2848.0,2747.0,3850.0,3548.0,40986.0
1185,-2296.0,-32768.0,-1452.0,-2880.0,2793.0,3264.0,3888.0,40992.0
1186,-2420.0,-32768.0,1580.0,-2864.0,4029.0,2657.0,4802.0,40998.0
1187,-2188.0,-32768.0,500.0,-2880.0,6417.0,630.0,5227.0,41005.0
1188,1776.0,-25476.0,-3096.0,-2896.0,7312.0,-508.0,4062.0,41011.0
1189,2780.0,-21792.0,-3544.0,-2896.0,8017.0,-1224.0,3792.0,41017.0
1190,3928.0,-17856.0,-2944.0,-2880.0,8318.0,-1542.0,3525.0,41023.0
1191,3712.0,-14800.0,-908.0,-2896.0,8237.0,-1913.0,2891.0,41028.0
1192,4624.0,-12472.0,1496.0,-2896.0,7953.0,-2158.0,2575.0,41034.0
1193,5120.0,-10852.0,3052.0,-2864.0,7631.0,-2080.0,2023.0,41040.0
1194,4772.0,-8748.0,3576.0,-2880.0,7203.0,-1947.0,1531.0,41047.0
1195,4652.0,-5800.0,3556.0,-2848.0,6725.0,-2059.0,1003.0,41053.0
1196,4828.0,-2008.0,3804.0,-2912.0,6097.0,-2574.0,440.0,41059.0
1197,6044.0,3720.0,-716.0,-2880.0,4580.0,-2989.0,-152.0,41065.0
1198,9016.0,9500.0,-10888.0,-2896.0,1483.0,-2395.0,-1150.0,41070.0
1199,9912.0,11312.0,-14852.0,-2848.0,-963.0,-719.0,-1360.0,41076.0
1200,7928.0,9928.0,-17456.0,-2880.0,-3574.0,213.0,-1320.0,41082.0
1201,5940.0,7452.0,-17000.0,-2880.0,-6178.0,503.0,-1053.0,41089.0
1202,5076.0,5848.0,-14340.0,-2864.0,-8549.0,1362.0,-941.0,41095.0
1203,3244.0,3400.0,-11724.0,-2864.0,-10859.0,2679.0,-737.0,41101.0
1204,-988.0,-360.0,-9684.0,-2880.0,-12656.0,3659.0,-473.0,41107.0
1205,-3396.0,-2784.0,-6404.0,-2864.0,-13994.0,3086.0,-353.0,41112.0
1206,-6772.0,-5624.0,-3136.0,-2880.0,-14494.0,854.0,-1755.0,41118.0
1207,-5668.0,-7240.0,172.0,-2880.0,-15114.0,-1543.0,-1838.0,41124.0
1208,-3268.0,-9852.0,2496.0,-2880.0,-15317.0,-3064.0,-2594.0,41131.0
1209,-1988.0,-12128.0,5308.0,-2864.0,-15182.0,-4025.0,-2784.0,41137.0
1210,136.0,-15484.0,16864.0,-2864.0,-13835.0,-4227.0,-2857.0,41143.0
1211,6980.0,-16160.0,32767.0,-2880.0,-10806.0,-4793.0,-4574.0,41149.0
1212,9816.0,-19116.0,31688.0,-2848.0,-10405.0,-5013.0,-6178.0,41155.0
1213,10332.0,-31540.0,32767.0,-2896.0,-7349.0,-40.0,-2110.0,41161.0
1214,7096.0,-31312.0,32767.0,-2880.0,-3424.0,5665.0,-1611.0,41167.0
1215,-4204.0,-27068.0,32767.0,-2896.0,-524.0,8780.0,364.0,41174.0
1216,-9620.0,-23652.0,32767.0,-2864.0,1167.0,9134.0,942.0,41180.0
1217,-9648.0,-15740.0,24944.0,-2880.0,1721.0,6146.0,368.0,41186.0
1218,-5040.0,-9536.0,10740.0,-2896.0,1704.0,4569.0,255.0,41192.0
1219,-6080.0,-5836.0,-3604.0,-2864.0,1436.0,4948.0,485.0,41198.0
1220,-8152.0,-2816.0,-16332.0,-2896.0,-151.0,4815.0,1388.0,41203.0
1221,-4816.0,-6832.0,-20332.0,-2912.0,-1918.0,3387.0,661.0,41209.0
1222,8096.0,-26104.0,-7940.0,-2880.0,-1248.0,757.0,-2814.0,41216.0
1223,22664.0,-32768.0,9048.0,-2864.0,1983.0,-4593.0,-6884.0,41222.0
1224,17848.0,-32768.0,416.0,-2880.0,3132.0,-7800.0,-4437.0,41228.0
1225,3988.0,-29456.0,-10608.0,-2848.0,2882.0,-4392.0,1998.0,41234.0
1226,-1668.0,-9868.0,-2856.0,-2880.0,2717.0,-744.0,2031.0,41240.0
1227,-6744.0,-11396.0,10080.0,-2880.0,2947.0,1267.0,79.0,41246.0
1228,-9152.0,-15952.0,13864.0,-2880.0,2473.0,1375.0,-1033.0,41252.0
1229,-7976.0,-13860.0,9696.0,-2864.0,2283.0,714.0,-1655.0,41259.0
1230,-4640.0,-9592.0,6840.0,-2864.0,1775.0,925.0,-1460.0,41264.0
1231,1060.0,-12200.0,6220.0,-2864.0,1336.0,2242.0,-1400.0,41270.0
1232,5236.0,-13572.0,5232.0,-2880.0,1133.0,2016.0,-1857.0,41276.0
1233,5964.0,-14648.0,4964.0,-2864.0,737.0,1465.0,-1444.0,41282.0
1234,3136.0,-16492.0,4764.0,-2864.0,380.0,1041.0,-1178.0,41288.0
1235,960.0,-17648.0,4640.0,-2864.0,195.0,-27.0,-1230.0,41294.0
1236,560.0,-17460.0,4336.0,-2880.0,228.0,-1079.0,-1408.0,41299.0
1237,640.0,-16456.0,5180.0,-2864.0,126.0,-1392.0,-1509.0,41306.0
1238,1068.0,-16284.0,5848.0,-2896.0,-93.0,-797.0,-1408.0,41312.0
1239,2424.0,-16656.0,5824.0,-2864.0,-317.0,95.0,-1075.0,41318.0
1240,3784.0,-16608.0,4800.0,-2880.0,-434.0,1198.0,-809.0,41324.0
1241,4216.0,-15640.0,4632.0,-2880.0,-598.0,2283.0,-446.0,41329.0
1242,3152.0,-15508.0,5044.0,-2880.0,-749.0,3195.0,-211.0,41335.0
1243,1204.0,-16164.0,5108.0,-2864.0,-862.0,3468.0,-152.0,41341.0
1244,-764.0,-16620.0,5032.0,-2864.0,-891.0,2847.0,-358.0,41348.0
1245,-904.0,-16596.0,4848.0,-2896.0,-972.0,1660.0,-621.0,41354.0
1246,492.0,-16860.0,4460.0,-2880.0,-1024.0,670.0,-878.0,41359.0
1247,2200.0,-16968.0,4428.0,-2848.0,-1032.0,245.0,-857.0,41365.0
1248,3332.0,-17248.0,4308.0,-2896.0,-1016.0,562.0,-647.0,41371.0
1249,3452.0,-17608.0,4100.0,-2864.0,-927.0,1328.0,-375.0,41377.0
1250,3268.0,-18072.0,4328.0,-2864.0,-839.0,2269.0,-185.0,41382.0
1251,2572.0,-18892.0,4036.0,-2880.0,-656.0,3014.0,-106.0,41389.0
1252,1832.0,-20088.0,3916.0,-2880.0,-401.0,3515.0,84.0,41395.0
1253,1656.0,-21312.0,3652.0,-2896.0,-82.0,3708.0,244.0,41401.0
1254,1424.0,-22504.0,3500.0,-2864.0,373.0,3781.0,479.0,41407.0
1255,1120.0,-23380.0,3300.0,-2848.0,926.0,3746.0,830.0,41412.0
1256,1288.0,-23976.0,2696.0,-2864.0,1441.0,3855.0,1247.0,41418.0
1257,1296.0,-25124.0,1864.0,-2848.0,2008.0,4086.0,1644.0,41424.0
1258,1992.0,-27348.0,1920.0,-2848.0,2826.0,4386.0,1901.0,41431.0
1259,868.0,-26144.0,-2832.0,-2864.0,2829.0,3663.0,1916.0,41437.0
1260,-136.0,-27544.0,-3492.0,-2864.0,2884.0,3057.0,2479.0,41443.0
1261,-972.0,-29596.0,-2104.0,-2896.0,2871.0,2812.0,3128.0,41448.0
1262,1376.0,-31300.0,2140.0,-2896.0,3783.0,2733.0,2932.0,41454.0
1263,-476.0,-25424.0,2496.0,-2896.0,5526.0,822.0,3333.0,41460.0
1264,116.0,-18832.0,1728.0,-2896.0,5751.0,98.0,3809.0,41466.0
1265,-152.0,-19036.0,1696.0,-2848.0,5864.0,-644.0,3447.0,41473.0
1266,-780.0,-18396.0,1624.0,-2864.0,5922.0,-1680.0,3662.0,41478.0
1267,-68.0,-15584.0,2300.0,-2880.0,5910.0,-2967.0,3707.0,41484.0
1268,556.0,-13256.0,2292.0,-2864.0,5825.0,-3635.0,3427.0,41490.0
1269,888.0,-10456.0,2100.0,-2832.0,5687.0,-4109.0,3265.0,41496.0
1270,1092.0,-7380.0,1832.0,-2864.0,5382.0,-4620.0,3174.0,41502.0
1271,936.0,-4088.0,1440.0,-2864.0,4936.0,-5446.0,2924.0,41508.0
1272,1556.0,68.0,2800.0,-2896.0,4124.0,-6684.0,2608.0,41513.0
1273,2532.0,3436.0,4852.0,-2864.0,2938.0,-7570.0,1996.0,41520.0
1274,2700.0,10188.0,-13800.0,-2864.0,-1308.0,-7387.0,1287.0,41526.0
1275,3744.0,13660.0,-16152.0,-2896.0,-3349.0,-7304.0,1169.0,41532.0
1276,1352.0,18364.0,-20180.0,-2896.0,-6788.0,-8044.0,1077.0,41538.0
1277,380.0,15208.0,-21668.0,-2848.0,-10318.0,-9000.0,1100.0,41544.0
1278,1884.0,10784.0,-21204.0,-2864.0,-13313.0,-10025.0,481.0,41550.0
1279,4056.0,6572.0,-18608.0,-2832.0,-15674.0,-10858.0,124.0,41556.0
1280,5224.0,3272.0,-15220.0,-2880.0,-17653.0,-10475.0,256.0,41563.0
1281,4948.0,-400.0,-11252.0,-2864.0,-19279.0,-9381.0,296.0,41569.0
1282,3488.0,-4100.0,-6708.0,-2864.0,-20432.0,-8229.0,334.0,41575.0
1283,1856.0,-8272.0,-1712.0,-2896.0,-21106.0,-6992.0,398.0,41581.0
1284,516.0,-14856.0,6752.0,-2880.0,-20610.0,-5712.0,19.0,41586.0
1285,3952.0,-19980.0,15844.0,-2880.0,-18457.0,-6456.0,-1677.0,41592.0
1286,10396.0,-25392.0,25208.0,-2880.0,-15543.0,-9165.0,-3669.0,41598.0
1287,21428.0,-32768.0,32767.0,-2880.0,-12207.0,-9210.0,-3351.0,41605.0
1288,32767.0,-32768.0,32767.0,-2848.0,7602.0,-12488.0,-9828.0,41611.0
1289,-15644.0,-32768.0,32767.0,-2880.0,3934.0,9089.0,4057.0,41618.0
1290,-25408.0,-32768.0,-21336.0,-2880.0,5312.0,17841.0,8160.0,41624.0
1291,-20192.0,24172.0,-32768.0,-2864.0,2584.0,13539.0,5195.0,41630.0
1292,-17924.0,22264.0,-32768.0,-2832.0,-859.0,8438.0,-364.0,41636.0
1293,12520.0,-26772.0,-15320.0,-2848.0,2515.0,1843.0,-3297.0,41643.0
1294,25216.0,-32768.0,3360.0,-2864.0,5807.0,854.0,-1601.0,41649.0
1295,10484.0,-15696.0,5096.0,-2864.0,4766.0,2166.0,2457.0,41655.0
1296,3832.0,-6148.0,7388.0,-2848.0,3215.0,1562.0,474.0,41661.0
1297,448.0,-9016.0,13548.0,-2880.0,2614.0,1538.0,-1209.0,41666.0
1298,-7556.0,-14872.0,16964.0,-2880.0,2797.0,2604.0,-629.0,41672.0
1299,-16916.0,-18696.0,10308.0,-2896.0,2675.0,2924.0,-681.0,41678.0
1300,-14876.0,-18424.0,2792.0,-2864.0,3286.0,-301.0,-2656.0,41684.0
1301,-6144.0,-16308.0,3280.0,-2848.0,3328.0,-3552.0,-3796.0,41691.0
1302,4212.0,-17384.0,4364.0,-2864.0,3071.0,-4753.0,-3696.0,41697.0
1303,12912.0,-17664.0,2992.0,-2880.0,2555.0,-3820.0,-3364.0,41703.0
1304,16916.0,-16644.0,1704.0,-2864.0,2042.0,-580.0,-2333.0,41709.0
1305,14484.0,-15256.0,2420.0,-2864.0,1653.0,3761.0,-914.0,41715.0
1306,5592.0,-15488.0,3472.0,-2848.0,1468.0,7261.0,208.0,41721.0
1307,-1440.0,-15756.0,4508.0,-2848.0,1062.0,8426.0,374.0,41726.0
1308,-5192.0,-16276.0,4948.0,-2880.0,984.0,7544.0,-324.0,41733.0
1309,-5736.0,-16556.0,5492.0,-2880.0,827.0,5221.0,-1189.0,41739.0
1310,-3592.0,-16636.0,5316.0,-2880.0,682.0,2677.0,-1627.0,41745.0
1311,-252.0,-17192.0,4300.0,-2848.0,650.0,1115.0,-1705.0,41751.0
1312,2416.0,-18064.0,3316.0,-2880.0,756.0,714.0,-1595.0,41757.0
1313,3784.0,-18952.0,2836.0,-2848.0,777.0,1141.0,-1272.0,41762.0
1314,4040.0,-19404.0,2556.0,-2848.0,857.0,1915.0,-961.0,41768.0
1315,3284.0,-19552.0,2488.0,-2864.0,999.0,2461.0,-783.0,41775.0
1316,2312.0,-18824.0,2760.0,-2864.0,1162.0,2599.0,-787.0,41781.0
1317,1600.0,-18180.0,3368.0,-2896.0,1265.0,2234.0,-916.0,41787.0
1318,1688.0,-17768.0,3556.0,-2864.0,1325.0,1878.0,-869.0,41793.0
1319,3028.0,-18804.0,4056.0,-2848.0,1446.0,2176.0,-756.0,41798.0
1320,4476.0,-17652.0,2928.0,-2880.0,1517.0,2557.0,-934.0,41804.0
1321,3388.0,-18164.0,2596.0,-2912.0,1627.0,3357.0,-393.0,41810.0
1322,2892.0,-18020.0,2932.0,-2912.0,1804.0,4095.0,-216.0,41817.0
1323,2244.0,-18252.0,3024.0,-2864.0,1941.0,4375.0,-247.0,41823.0
1324,1972.0,-19096.0,3116.0,-2864.0,2121.0,4275.0,-165.0,41829.0
1325,1688.0,-20068.0,2944.0,-2864.0,2341.0,4024.0,-92.0,41834.0
1326,240.0,-21468.0,3104.0,-2880.0,2600.0,4033.0,449.0,41840.0
1327,-100.0,-22328.0,2760.0,-2848.0,2911.0,4094.0,649.0,41846.0
1328,-40.0,-22580.0,2272.0,-2864.0,3265.0,3818.0,647.0,41852.0
1329,-248.0,-23160.0,2228.0,-2864.0,3589.0,3586.0,1091.0,41859.0
1330,-468.0,-23816.0,2492.0,-2864.0,3842.0,3586.0,1458.0,41864.0
1331,-1356.0,-24480.0,1188.0,-2864.0,3680.0,3285.0,1733.0,41870.0
1332,-2260.0,-27256.0,180.0,-2864.0,3530.0,2372.0,1765.0,41876.0
1333,-2160.0,-28668.0,-692.0,-2896.0,3652.0,1125.0,1869.0,41882.0
1334,100.0,-27952.0,-1204.0,-2864.0,3651.0,468.0,2304.0,41888.0
1335,1124.0,-26776.0,680.0,-2864.0,4119.0,-152.0,2530.0,41894.0
1336,-200.0,-20908.0,2164.0,-2864.0,5137.0,-1597.0,2989.0,41900.0
1337,1896.0,-12176.0,1828.0,-2864.0,5143.0,-2184.0,2448.0,41906.0
1338,3028.0,-10828.0,1568.0,-2896.0,5167.0,-2250.0,1621.0,41912.0
1339,3516.0,-8436.0,2284.0,-2864.0,4917.0,-2405.0,1490.0,41918.0
1340,4104.0,-6212.0,3552.0,-2896.0,4476.0,-2095.0,1194.0,41924.0
1341,3088.0,-2896.0,3296.0,-2864.0,3513.0,-2187.0,812.0,41930.0
1342,4144.0,-448.0,2104.0,-2864.0,2529.0,-2742.0,-101.0,41935.0
1343,5396.0,3044.0,2280.0,-2864.0,1729.0,-3519.0,-554.0,41942.0
1344,5508.0,7408.0,-600.0,-2880.0,-192.0,-3573.0,-836.0,41948.0
1345,6000.0,9964.0,-7644.0,-2864.0,-2756.0,-3399.0,-1520.0,41954.0
1346,6080.0,11508.0,-11396.0,-2880.0,-5134.0,-3068.0,-1815.0,41960.0
1347,5548.0,9784.0,-13088.0,-2864.0,-7675.0,-2521.0,-2022.0,41966.0
1348,4992.0,5564.0,-11732.0,-2864.0,-9598.0,-2123.0,-2250.0,41971.0
1349,4368.0,1588.0,-9124.0,-2896.0,-11117.0,-1650.0,-2115.0,41977.0
1350,1940.0,-2640.0,-5356.0,-2880.0,-12178.0,-424.0,-1758.0,41984.0
1351,2020.0,-5692.0,-1668.0,-2880.0,-13082.0,1102.0,-177.0,41990.0
1352,-788.0,-9472.0,1152.0,-2848.0,-13297.0,2905.0,-1232.0,41996.0
1353,-6208.0,-13084.0,4412.0,-2864.0,-13057.0,3423.0,-887.0,42002.0
1354,-7632.0,-16916.0,6680.0,-2880.0,-11952.0,2210.0,-1004.0,42008.0
1355,-6696.0,-18928.0,5108.0,-2832.0,-10428.0,-592.0,-2043.0,42014.0
1356,-3888.0,-17268.0,9028.0,-2880.0,-9259.0,-3749.0,-2203.0,42020.0
1357,5104.0,-20040.0,32767.0,-2864.0,-4513.0,-4797.0,-2934.0,42027.0
1358,14256.0,-12384.0,32767.0,-2880.0,-4745.0,-7323.0,-7466.0,42033.0
1359,15816.0,-32768.0,32767.0,-2848.0,-2893.0,-1741.0,-4506.0,42039.0
1360,14832.0,-32768.0,32767.0,-2848.0,2096.0,5651.0,-2323.0,42045.0
1361,-4276.0,-25888.0,32767.0,-2864.0,2942.0,12258.0,569.0,42051.0
1362,-11080.0,-20052.0,16240.0,-2880.0,2561.0,12235.0,964.0,42057.0
1363,-6064.0,-12748.0,-4140.0,-2864.0,2210.0,6998.0,-1028.0,42063.0
1364,-4384.0,-7528.0,-22036.0,-2864.0,1342.0,3705.0,-1118.0,42070.0
1365,-4024.0,-6952.0,-26296.0,-2832.0,-369.0,3654.0,1194.0,42076.0
1366,5564.0,-15216.0,-11792.0,-2848.0,-182.0,2060.0,-1012.0,42082.0
1367,12760.0,-23744.0,8544.0,-2864.0,1457.0,-1696.0,-3180.0,42088.0
1368,14704.0,-32768.0,17468.0,-2848.0,2328.0,-2897.0,-2526.0,42094.0
1369,6268.0,-32768.0,5340.0,-2880.0,2466.0,-3213.0,-1456.0,42100.0
1370,-780.0,-32768.0,-7936.0,-2864.0,2909.0,-1987.0,-259.0,42106.0
1371,-6248.0,-26436.0,-5256.0,-2864.0,3977.0,-929.0,-157.0,42112.0
1372,-9420.0,-19928.0,3848.0,-2864.0,4357.0,-1828.0,-306.0,42118.0
1373,-5404.0,-19492.0,6736.0,-2864.0,4331.0,-2495.0,-811.0,42124.0
1374,-132.0,-17860.0,5356.0,-2896.0,4361.0,-1930.0,-795.0,42130.0
1375,3920.0,-12920.0,4804.0,-2864.0,4205.0,-363.0,-640.0,42136.0
1376,5372.0,-9476.0,5476.0,-2896.0,3819.0,1151.0,-493.0,42142.0
1377,4012.0,-9132.0,5040.0,-2864.0,3336.0,2123.0,-386.0,42147.0
1378,1720.0,-10804.0,4408.0,-2864.0,2947.0,1802.0,-752.0,42153.0
1379,-496.0,-11984.0,5656.0,-2896.0,2570.0,140.0,-678.0,42160.0
1380,500.0,-13572.0,6836.0,-2864.0,2242.0,-1708.0,-713.0,42166.0
1381,1152.0,-14816.0,6672.0,-2864.0,1837.0,-2925.0,-708.0,42172.0
1382,2984.0,-15740.0,5588.0,-2864.0,1471.0,-3433.0,-678.0,42178.0
1383,4156.0,-16664.0,4580.0,-2848.0,1204.0,-2872.0,-499.0,42184.0
1384,4296.0,-16644.0,4428.0,-2864.0,983.0,-1738.0,55.0,42189.0
1385,3916.0,-16436.0,4860.0,-2880.0,719.0,-407.0,372.0,42195.0
1386,2528.0,-16224.0,4936.0,-2864.0,505.0,550.0,656.0,42202.0
1387,1104.0,-15948.0,5172.0,-2848.0,308.0,709.0,711.0,42208.0
1388,172.0,-15852.0,5100.0,-2848.0,146.0,421.0,542.0,42213.0
1389,4.0,-15784.0,4824.0,-2848.0,16.0,-91.0,227.0,42219.0
1390,412.0,-15920.0,4392.0,-2896.0,-62.0,-546.0,-36.0,42225.0
1391,1068.0,-16136.0,4164.0,-2864.0,-198.0,-815.0,-213.0,42230.0
1392,1700.0,-16292.0,4276.0,-2864.0,-288.0,-928.0,-421.0,42236.0
1393,1984.0,-16228.0,4376.0,-2880.0,-395.0,-865.0,-483.0,42243.0
1394,2116.0,-15808.0,4240.0,-2880.0,-539.0,-650.0,-560.0,42248.0
1395,2464.0,-15256.0,4732.0,-2832.0,-702.0,-421.0,-617.0,42254.0
1396,2412.0,-15076.0,4748.0,-2832.0,-927.0,-75.0,-625.0,42260.0
1397,2072.0,-15172.0,4816.0,-2880.0,-1114.0,331.0,-597.0,42266.0
1398,2020.0,-15200.0,4780.0,-2880.0,-1274.0,556.0,-612.0,42271.0
1399,2084.0,-15272.0,4844.0,-2864.0,-1467.0,633.0,-660.0,42277.0
1400,2120.0,-15456.0,4752.0,-2896.0,-1613.0,625.0,-664.0,42284.0
1401,2312.0,-15464.0,4612.0,-2864.0,-1786.0,626.0,-639.0,42290.0
1402,2648.0,-15304.0,4504.0,-2896.0,-1915.0,593.0,-556.0,42296.0
1403,2804.0,-15192.0,4548.0,-2848.0,-2048.0,631.0,-515.0,42301.0
1404,2780.0,-15348.0,4484.0,-2848.0,-2177.0,729.0,-437.0,42307.0
1405,2636.0,-15508.0,4240.0,-2880.0,-2254.0,895.0,-370.0,42313.0
1406,2544.0,-15624.0,4084.0,-2848.0,-2297.0,996.0,-273.0,42319.0
1407,2480.0,-15792.0,3748.0,-2864.0,-2271.0,1080.0,-226.0,42326.0
1408,2508.0,-15956.0,3492.0,-2880.0,-2208.0,1127.0,-184.0,42332.0
1409,2420.0,-16236.0,3296.0,-2848.0,-2082.0,1077.0,-145.0,42337.0
1410,2472.0,-16168.0,3432.0,-2880.0,-2040.0,983.0,-38.0,42343.0
1411,2576.0,-16272.0,3456.0,-2864.0,-1912.0,888.0,-12.0,42349.0
1412,2772.0,-16268.0,3512.0,-2864.0,-1851.0,865.0,102.0,42355.0
1413,2252.0,-16444.0,3612.0,-2880.0,-1766.0,810.0,98.0,42361.0
1414,2600.0,-16312.0,3372.0,-2864.0,-1649.0,694.0,228.0,42366.0
1415,2336.0,-16368.0,3432.0,-2896.0,-1501.0,847.0,234.0,42373.0
1416,2324.0,-16776.0,3204.0,-2864.0,-1321.0,913.0,349.0,42379.0
1417,2188.0,-17352.0,3148.0,-2864.0,-1074.0,1019.0,450.0,42385.0
1418,2556.0,-17676.0,2656.0,-2864.0,-810.0,1146.0,595.0,42390.0
1419,2672.0,-18152.0,2296.0,-2880.0,-591.0,1246.0,702.0,42396.0
1420,1996.0,-19968.0,2048.0,-2848.0,-423.0,1479.0,940.0,42402.0
1421,1872.0,-20748.0,2052.0,-2848.0,-243.0,1418.0,1163.0,42408.0
1422,1764.0,-19880.0,1788.0,-2848.0,-106.0,980.0,1207.0,42415.0
1423,2052.0,-18712.0,1404.0,-2864.0,83.0,645.0,1003.0,42420.0
1424,2440.0,-18740.0,560.0,-2864.0,265.0,725.0,937.0,42426.0
1425,2764.0,-19860.0,-928.0,-2864.0,178.0,1349.0,1280.0,42432.0
1426,3400.0,-23276.0,488.0,-2896.0,331.0,2541.0,1858.0,42438.0
1427,2684.0,-26016.0,4744.0,-2848.0,1675.0,2416.0,2537.0,42443.0
1428,2280.0,-21192.0,2644.0,-2864.0,2644.0,1821.0,3021.0,42449.0
1429,2384.0,-19948.0,1348.0,-2864.0,2954.0,1421.0,2839.0,42456.0
1430,1968.0,-19804.0,148.0,-2848.0,3197.0,701.0,2946.0,42462.0
1431,3204.0,-19748.0,684.0,-2864.0,3665.0,108.0,2344.0,42468.0
1432,3180.0,-18900.0,1816.0,-2864.0,3957.0,-663.0,2092.0,42474.0
1433,3104.0,-18596.0,2740.0,-2864.0,4137.0,-560.0,2177.0,42479.0
1434,3328.0,-17812.0,2732.0,-2864.0,4251.0,-131.0,1674.0,42485.0
1435,2580.0,-16664.0,2824.0,-2864.0,4349.0,63.0,1471.0,42491.0
1436,1500.0,-15580.0,2928.0,-2864.0,4336.0,7.0,1528.0,42498.0
1437,380.0,-14504.0,3140.0,-2880.0,4215.0,-330.0,1427.0,42504.0
1438,-168.0,-13536.0,3352.0,-2848.0,4043.0,-939.0,1118.0,42509.0
1439,-76.0,-12412.0,3676.0,-2896.0,3776.0,-1584.0,806.0,42515.0
1440,532.0,-11300.0,3872.0,-2864.0,3434.0,-2209.0,491.0,42521.0
1441,1304.0,-9864.0,3028.0,-2848.0,2958.0,-2602.0,281.0,42527.0
1442,388.0,-6296.0,-6624.0,-2848.0,1190.0,-2569.0,400.0,42533.0
1443,36.0,-3368.0,-10512.0,-2864.0,-338.0,-2048.0,623.0,42539.0
