id,AcX,AcY,AcZ,Tmp,GyX,GyY,GyZ,Timer
0,4680.0,-16508.0,1364.0,-2896.0,5326.0,3948.0,1368.0,196281.0
1,4016.0,-17032.0,1980.0,-2864.0,5414.0,4364.0,1593.0,196287.0
2,2696.0,-17248.0,2352.0,-2816.0,5495.0,4497.0,1374.0,196293.0
3,2976.0,-17928.0,3280.0,-2864.0,5663.0,4252.0,1356.0,196299.0
4,3500.0,-17020.0,1968.0,-2848.0,5683.0,3878.0,1010.0,196305.0
5,3440.0,-17048.0,2340.0,-2864.0,5763.0,3858.0,1280.0,196312.0
6,3240.0,-16892.0,2776.0,-2832.0,5797.0,4008.0,1125.0,196317.0
7,2956.0,-17020.0,3032.0,-2848.0,5831.0,3993.0,1213.0,196323.0
8,3128.0,-17120.0,2884.0,-2832.0,5922.0,4014.0,1089.0,196329.0
9,3268.0,-17032.0,2768.0,-2848.0,6036.0,3994.0,1102.0,196335.0
10,3244.0,-16844.0,2652.0,-2848.0,6168.0,4072.0,1121.0,196341.0
11,2672.0,-16836.0,2752.0,-2832.0,6338.0,4077.0,1275.0,196347.0
12,2120.0,-16960.0,2948.0,-2832.0,6498.0,4027.0,1442.0,196354.0
13,1748.0,-16980.0,2588.0,-2896.0,6769.0,3722.0,1627.0,196360.0
14,1672.0,-16996.0,2700.0,-2864.0,7019.0,3329.0,1819.0,196366.0
15,1808.0,-17168.0,2796.0,-2848.0,7264.0,2795.0,1972.0,196372.0
16,2168.0,-17308.0,3056.0,-2832.0,7538.0,2370.0,2151.0,196378.0
17,2556.0,-17444.0,2844.0,-2880.0,7827.0,1998.0,2374.0,196384.0
18,3120.0,-17512.0,2884.0,-2864.0,8111.0,1707.0,2607.0,196389.0
19,3636.0,-17648.0,2972.0,-2832.0,8406.0,1510.0,2824.0,196396.0
20,4016.0,-17688.0,3060.0,-2848.0,8688.0,1461.0,3001.0,196402.0
21,4316.0,-17732.0,2896.0,-2832.0,8993.0,1501.0,3182.0,196408.0
22,4104.0,-17652.0,2972.0,-2832.0,9295.0,1543.0,3408.0,196414.0
23,3816.0,-17924.0,3168.0,-2848.0,9587.0,1566.0,3609.0,196420.0
24,3780.0,-18144.0,3344.0,-2832.0,9889.0,1544.0,3891.0,196426.0
25,3644.0,-18320.0,3712.0,-2880.0,10187.0,1487.0,4135.0,196432.0
26,3736.0,-18300.0,3844.0,-2864.0,10440.0,1447.0,4401.0,196439.0
27,3740.0,-18412.0,3688.0,-2848.0,10781.0,1440.0,4616.0,196445.0
28,4336.0,-18580.0,3660.0,-2832.0,11118.0,1436.0,4826.0,196451.0
29,4716.0,-18648.0,3484.0,-2848.0,11496.0,1570.0,5009.0,196457.0
30,5328.0,-18704.0,3284.0,-2864.0,11872.0,1751.0,5271.0,196463.0
31,5924.0,-19024.0,3440.0,-2832.0,12294.0,2137.0,5445.0,196469.0
32,6100.0,-19244.0,3296.0,-2880.0,12728.0,2531.0,5565.0,196475.0
33,6420.0,-19408.0,3460.0,-2832.0,13182.0,2958.0,5795.0,196482.0
34,6872.0,-19900.0,3408.0,-2880.0,13532.0,3570.0,5963.0,196487.0
35,6696.0,-20396.0,3576.0,-2832.0,13988.0,4282.0,6249.0,196493.0
36,5564.0,-21020.0,4416.0,-2848.0,14296.0,5164.0,6807.0,196499.0
37,4576.0,-22752.0,4888.0,-2832.0,14403.0,5433.0,7574.0,196505.0
38,5380.0,-25244.0,4476.0,-2848.0,14730.0,5393.0,8133.0,196511.0
39,7432.0,-26196.0,4624.0,-2848.0,15352.0,5719.0,8272.0,196517.0
40,9120.0,-26200.0,3668.0,-2832.0,15986.0,6389.0,8217.0,196524.0
41,10804.0,-27588.0,2520.0,-2848.0,16633.0,7763.0,8217.0,196530.0
42,11856.0,-30180.0,1924.0,-2864.0,17309.0,9419.0,8231.0,196536.0
43,12584.0,-31996.0,1008.0,-2864.0,17888.0,11421.0,8319.0,196542.0
44,13452.0,-32768.0,-844.0,-2864.0,18394.0,13569.0,8155.0,196548.0
45,14160.0,-32768.0,-2704.0,-2864.0,18641.0,15736.0,7704.0,196554.0
46,14432.0,-32768.0,-6040.0,-2864.0,18983.0,18292.0,7216.0,196560.0
47,13436.0,-32768.0,-10032.0,-2864.0,19467.0,20404.0,7386.0,196568.0
48,10388.0,-32768.0,-13924.0,-2848.0,19691.0,21751.0,8316.0,196574.0
49,7836.0,-32768.0,-17084.0,-2848.0,19269.0,22027.0,9110.0,196580.0
50,6360.0,-31304.0,-19464.0,-2864.0,18539.0,22601.0,9574.0,196586.0
51,3772.0,-27700.0,-20260.0,-2864.0,17654.0,22177.0,9929.0,196592.0
52,1112.0,-23032.0,-18000.0,-2864.0,16369.0,20821.0,10231.0,196598.0
53,-1692.0,-18984.0,-14080.0,-2816.0,14784.0,18852.0,10681.0,196604.0
54,-4484.0,-16828.0,-4568.0,-2880.0,13653.0,15523.0,10986.0,196611.0
55,-6760.0,-17176.0,5276.0,-2816.0,13548.0,11081.0,11846.0,196617.0
56,-6796.0,-18328.0,9732.0,-2864.0,13156.0,5713.0,11997.0,196624.0
57,-6172.0,-19168.0,8072.0,-2816.0,11937.0,-200.0,10646.0,196630.0
58,-4036.0,-21724.0,5412.0,-2880.0,10933.0,-5877.0,9044.0,196636.0
59,-480.0,-23204.0,6080.0,-2832.0,10732.0,-9502.0,7352.0,196642.0
60,1016.0,-23640.0,3460.0,-2864.0,11344.0,-11230.0,6176.0,196648.0
61,2324.0,-22616.0,3408.0,-2864.0,12252.0,-11697.0,5477.0,196655.0
62,3132.0,-22304.0,4824.0,-2848.0,14087.0,-11334.0,5345.0,196661.0
63,7276.0,-14184.0,2888.0,-2848.0,13554.0,-8289.0,5417.0,196667.0
64,8416.0,-7668.0,-1552.0,-2880.0,10881.0,-4052.0,5128.0,196673.0
65,7816.0,-5120.0,-4796.0,-2864.0,7343.0,-141.0,4815.0,196679.0
66,6760.0,-5580.0,-5792.0,-2896.0,4890.0,1761.0,4331.0,196685.0
67,5400.0,-5528.0,-6640.0,-2880.0,3195.0,1946.0,3766.0,196690.0
68,5180.0,-3716.0,-7272.0,-2864.0,1295.0,1822.0,3321.0,196697.0
69,5064.0,-2544.0,-7480.0,-2864.0,-739.0,2037.0,2659.0,196703.0
70,3900.0,-2896.0,-7908.0,-2880.0,-2346.0,2199.0,1694.0,196709.0
71,1980.0,-2452.0,-7660.0,-2880.0,-4013.0,2156.0,1574.0,196715.0
72,1212.0,-2584.0,-7200.0,-2832.0,-5390.0,1531.0,1018.0,196721.0
73,-1800.0,-2476.0,-6828.0,-2864.0,-7411.0,176.0,1673.0,196727.0
74,296.0,-2836.0,-5736.0,-2848.0,-8738.0,-886.0,1655.0,196733.0
75,-536.0,-2728.0,-5116.0,-2848.0,-10007.0,-2180.0,-307.0,196740.0
76,-2484.0,-2376.0,-4996.0,-2832.0,-11496.0,-4060.0,-1023.0,196745.0
77,-3376.0,-2320.0,-4412.0,-2880.0,-13025.0,-6111.0,-1383.0,196751.0
78,-3812.0,-2384.0,-3964.0,-2864.0,-14618.0,-8062.0,-1668.0,196757.0
79,-3484.0,-2392.0,-3476.0,-2880.0,-16378.0,-9734.0,-1837.0,196763.0
80,-2956.0,-2656.0,-3956.0,-2880.0,-18107.0,-11284.0,-2566.0,196769.0
81,-2916.0,-3352.0,-4616.0,-2864.0,-19678.0,-13118.0,-3297.0,196775.0
82,-2132.0,-3680.0,-4872.0,-2864.0,-21380.0,-14990.0,-3582.0,196782.0
83,-1020.0,-3936.0,-5308.0,-2848.0,-22998.0,-16640.0,-3843.0,196788.0
84,92.0,-4592.0,-4968.0,-2880.0,-24403.0,-18109.0,-4160.0,196794.0
85,1464.0,-4900.0,-4992.0,-2864.0,-25760.0,-18981.0,-4284.0,196800.0
86,2524.0,-6168.0,-6436.0,-2880.0,-26978.0,-19406.0,-4555.0,196806.0
87,6184.0,-5492.0,-5864.0,-2864.0,-28653.0,-19563.0,-4918.0,196813.0
88,8480.0,-6312.0,-6132.0,-2848.0,-30133.0,-18904.0,-5232.0,196819.0
89,10224.0,-7276.0,-6152.0,-2896.0,-31517.0,-17647.0,-5582.0,196826.0
90,11860.0,-9152.0,-5816.0,-2832.0,-32768.0,-15673.0,-5825.0,196832.0
91,12812.0,-10692.0,-4844.0,-2800.0,-32768.0,-13417.0,-5906.0,196839.0
92,13592.0,-12432.0,-3492.0,-2848.0,-32768.0,-10960.0,-5945.0,196845.0
93,13444.0,-13996.0,-2828.0,-2864.0,-32768.0,-8265.0,-5905.0,196851.0
94,13208.0,-14504.0,-1988.0,-2864.0,-32768.0,-5349.0,-5904.0,196858.0
95,12080.0,-15068.0,-1104.0,-2864.0,-32768.0,-2613.0,-6205.0,196865.0
96,10748.0,-16000.0,-744.0,-2864.0,-32768.0,-442.0,-6763.0,196871.0
97,9652.0,-17364.0,-808.0,-2864.0,-32768.0,1105.0,-7469.0,196877.0
98,8952.0,-19536.0,-1348.0,-2864.0,-32768.0,2218.0,-8224.0,196883.0
99,8964.0,-21184.0,-1000.0,-2880.0,-32768.0,3223.0,-8836.0,196890.0
100,9508.0,-22884.0,-1024.0,-2848.0,-32768.0,4402.0,-9439.0,196896.0
101,10172.0,-24844.0,-908.0,-2800.0,-32768.0,5733.0,-9973.0,196902.0
102,10448.0,-26676.0,-336.0,-2880.0,-32768.0,7090.0,-10620.0,196909.0
103,10220.0,-28304.0,212.0,-2864.0,-32768.0,8582.0,-11434.0,196915.0
104,9636.0,-29880.0,920.0,-2832.0,-32768.0,10033.0,-12384.0,196921.0
105,8264.0,-31500.0,1676.0,-2848.0,-32768.0,11388.0,-13669.0,196928.0
106,7216.0,-32232.0,2880.0,-2832.0,-32768.0,12125.0,-15281.0,196934.0
107,5040.0,-32768.0,4268.0,-2864.0,-32768.0,12382.0,-16757.0,196940.0
108,-2568.0,-32768.0,6996.0,-2848.0,-32768.0,10806.0,-16733.0,196946.0
109,-1612.0,-32768.0,8732.0,-2880.0,-32768.0,9403.0,-15735.0,196954.0
110,-2860.0,-32768.0,10056.0,-2864.0,-32768.0,8204.0,-16953.0,196960.0
111,-4592.0,-32768.0,11440.0,-2864.0,-32768.0,6496.0,-17131.0,196966.0
112,-4216.0,-32768.0,12592.0,-2864.0,-32768.0,4570.0,-16589.0,196972.0
113,-2928.0,-32768.0,13900.0,-2864.0,-31935.0,3356.0,-15609.0,196979.0
114,-2872.0,-32768.0,14644.0,-2864.0,-30307.0,3535.0,-13992.0,196985.0
115,-6808.0,-32768.0,16768.0,-2832.0,-28350.0,4135.0,-12757.0,196992.0
116,-4228.0,-32768.0,17912.0,-2864.0,-26454.0,4557.0,-8975.0,196999.0
117,-5964.0,-32436.0,19792.0,-2864.0,-24309.0,4703.0,-10032.0,197005.0
118,-10776.0,-31188.0,22544.0,-2848.0,-21801.0,3150.0,-10108.0,197011.0
119,-11248.0,-30252.0,24764.0,-2848.0,-19197.0,355.0,-9580.0,197018.0
120,-10080.0,-29896.0,26424.0,-2848.0,-16407.0,-2411.0,-8761.0,197024.0
121,-7868.0,-29928.0,28312.0,-2880.0,-13410.0,-4099.0,-7384.0,197030.0
122,-6168.0,-29216.0,29780.0,-2848.0,-10192.0,-4031.0,-6068.0,197037.0
123,-6008.0,-27760.0,30808.0,-2848.0,-6886.0,-2644.0,-5308.0,197044.0
124,-7540.0,-26204.0,30840.0,-2864.0,-3947.0,-1034.0,-3209.0,197050.0
125,-8176.0,-25828.0,30104.0,-2864.0,-779.0,-104.0,-1383.0,197056.0
126,-9428.0,-24940.0,29328.0,-2864.0,2366.0,-62.0,168.0,197062.0
127,-10488.0,-24336.0,28036.0,-2864.0,5251.0,-936.0,1712.0,197068.0
128,-10772.0,-23764.0,26376.0,-2880.0,7911.0,-2431.0,3075.0,197074.0
129,-10700.0,-23160.0,24772.0,-2864.0,10360.0,-4287.0,4055.0,197081.0
130,-9780.0,-22384.0,22932.0,-2848.0,12409.0,-6243.0,4593.0,197088.0
131,-8832.0,-21688.0,20880.0,-2832.0,14132.0,-8180.0,4677.0,197094.0
132,-7864.0,-21384.0,18792.0,-2864.0,15458.0,-9879.0,4668.0,197100.0
133,-6880.0,-20868.0,16860.0,-2896.0,16593.0,-11476.0,4856.0,197106.0
134,-5996.0,-17796.0,12904.0,-2896.0,17228.0,-12907.0,4516.0,197112.0
135,-3708.0,-10776.0,-2588.0,-2880.0,15048.0,-14370.0,4080.0,197118.0
136,21012.0,7568.0,-32768.0,-2880.0,1111.0,-13377.0,-2377.0,197126.0
137,32767.0,-8476.0,-32768.0,-2848.0,-11600.0,-15497.0,-22900.0,197132.0
138,32767.0,-32768.0,-28524.0,-2864.0,7121.0,-25252.0,-17359.0,197138.0
139,15576.0,-32768.0,-5644.0,-2880.0,14784.0,-11451.0,11968.0,197145.0
140,-2596.0,-22744.0,21808.0,-2848.0,13404.0,15420.0,14136.0,197151.0
141,-24468.0,-31636.0,32767.0,-2864.0,14495.0,19897.0,11642.0,197157.0
142,-31240.0,-32768.0,32767.0,-2864.0,16981.0,9016.0,5987.0,197165.0
143,-30840.0,-32768.0,13760.0,-2880.0,16385.0,-4737.0,620.0,197171.0
144,-14884.0,-23692.0,-7736.0,-2848.0,14397.0,-14092.0,-765.0,197177.0
145,11048.0,-13444.0,-13804.0,-2848.0,13554.0,-19872.0,-757.0,197183.0
146,23884.0,-8996.0,-3604.0,-2880.0,14371.0,-18165.0,-629.0,197189.0
147,16340.0,-8372.0,6276.0,-2864.0,13094.0,-7016.0,56.0,197196.0
148,2724.0,-14652.0,4792.0,-2896.0,11811.0,1055.0,1483.0,197201.0
149,-1928.0,-16844.0,-288.0,-2864.0,10803.0,1857.0,1361.0,197208.0
150,1520.0,-15676.0,-3184.0,-2848.0,10173.0,-1706.0,-657.0,197214.0
151,6196.0,-16180.0,-3412.0,-2864.0,10325.0,-4360.0,-1057.0,197220.0
152,7604.0,-18016.0,-2580.0,-2864.0,11170.0,-2952.0,123.0,197226.0
153,5188.0,-19836.0,-2188.0,-2848.0,12216.0,-55.0,1164.0,197232.0
154,3096.0,-18516.0,-1908.0,-2832.0,12733.0,1147.0,1329.0,197238.0
155,2600.0,-15048.0,-1192.0,-2848.0,12023.0,480.0,727.0,197244.0
156,3692.0,-12636.0,-72.0,-2864.0,10624.0,-385.0,377.0,197251.0
157,5164.0,-12220.0,360.0,-2864.0,9491.0,58.0,471.0,197257.0
158,4852.0,-13504.0,168.0,-2880.0,8866.0,1403.0,219.0,197263.0
159,2884.0,-15428.0,-804.0,-2848.0,8558.0,2508.0,-186.0,197269.0
160,1796.0,-17124.0,-1012.0,-2848.0,8661.0,3216.0,-371.0,197274.0
161,1012.0,-18200.0,-608.0,-2896.0,8878.0,3518.0,-652.0,197280.0
162,372.0,-18084.0,-692.0,-2864.0,8809.0,3463.0,-925.0,197286.0
163,448.0,-17544.0,-500.0,-2800.0,8669.0,2701.0,-1067.0,197293.0
164,1384.0,-16592.0,-488.0,-2832.0,8446.0,1626.0,-1163.0,197299.0
165,2256.0,-15924.0,-564.0,-2896.0,8198.0,642.0,-1446.0,197305.0
166,3068.0,-14928.0,-324.0,-2848.0,7907.0,-316.0,-1752.0,197311.0
167,4216.0,-14536.0,128.0,-2880.0,7617.0,-849.0,-1962.0,197317.0
168,5432.0,-14444.0,88.0,-2880.0,7286.0,-846.0,-1942.0,197322.0
169,6436.0,-14672.0,104.0,-2848.0,6958.0,-301.0,-1796.0,197328.0
170,7136.0,-15300.0,256.0,-2848.0,6801.0,789.0,-1495.0,197335.0
171,6764.0,-16236.0,324.0,-2848.0,6659.0,2175.0,-949.0,197341.0
172,6008.0,-16136.0,-56.0,-2864.0,6386.0,3440.0,-516.0,197347.0
173,5388.0,-15600.0,-240.0,-2864.0,5986.0,4040.0,-363.0,197353.0
174,5068.0,-15088.0,-164.0,-2864.0,5526.0,4201.0,-253.0,197358.0
175,4804.0,-15108.0,-416.0,-2832.0,5127.0,4012.0,-155.0,197364.0
176,4776.0,-15108.0,-496.0,-2832.0,4823.0,3761.0,76.0,197370.0
177,5144.0,-15100.0,-492.0,-2864.0,4529.0,3643.0,258.0,197377.0
178,4956.0,-15316.0,-532.0,-2832.0,4314.0,3820.0,302.0,197383.0
179,4428.0,-15724.0,-600.0,-2864.0,4176.0,3975.0,320.0,197389.0
180,4004.0,-15844.0,-488.0,-2880.0,4094.0,3905.0,267.0,197394.0
181,3580.0,-16184.0,-440.0,-2848.0,4057.0,3705.0,177.0,197400.0
182,3544.0,-16544.0,-216.0,-2848.0,4049.0,3470.0,124.0,197406.0
183,3720.0,-16772.0,-468.0,-2848.0,4063.0,3361.0,127.0,197412.0
184,3828.0,-16892.0,-696.0,-2880.0,4202.0,3238.0,136.0,197419.0
185,5016.0,-16328.0,-508.0,-2880.0,4299.0,3109.0,431.0,197425.0
186,4864.0,-16368.0,-500.0,-2864.0,4458.0,2867.0,267.0,197431.0
187,4908.0,-15704.0,-328.0,-2864.0,4500.0,2614.0,452.0,197436.0
188,5100.0,-15804.0,200.0,-2864.0,4520.0,2462.0,525.0,197442.0
189,5308.0,-15964.0,92.0,-2864.0,4579.0,2491.0,685.0,197448.0
190,5532.0,-15912.0,44.0,-2864.0,4659.0,2567.0,797.0,197454.0
191,5516.0,-15864.0,196.0,-2848.0,4669.0,2696.0,953.0,197460.0
192,5236.0,-15740.0,252.0,-2880.0,4691.0,2841.0,1088.0,197466.0
193,4856.0,-16036.0,680.0,-2848.0,4692.0,3001.0,1211.0,197472.0
194,4260.0,-16444.0,632.0,-2848.0,4742.0,3054.0,1329.0,197478.0
195,4008.0,-16252.0,312.0,-2864.0,4834.0,2750.0,1347.0,197484.0
196,4200.0,-16024.0,464.0,-2864.0,4893.0,2413.0,1364.0,197490.0
197,4552.0,-15808.0,580.0,-2864.0,4963.0,2347.0,1399.0,197496.0
198,4720.0,-16008.0,760.0,-2896.0,4977.0,2477.0,1464.0,197502.0
199,4464.0,-16072.0,844.0,-2896.0,5015.0,2661.0,1525.0,197509.0
200,4100.0,-15996.0,980.0,-2848.0,5045.0,2689.0,1523.0,197514.0
201,3980.0,-16036.0,1292.0,-2848.0,5055.0,2583.0,1554.0,197520.0
202,4032.0,-15872.0,1356.0,-2864.0,5047.0,2429.0,1481.0,197526.0
203,3768.0,-15988.0,1684.0,-2880.0,5011.0,2261.0,1501.0,197532.0
204,3780.0,-16208.0,1840.0,-2880.0,4970.0,2165.0,1534.0,197538.0
205,3844.0,-16416.0,1684.0,-2864.0,4945.0,2077.0,1517.0,197544.0
206,4160.0,-16400.0,1876.0,-2848.0,4905.0,2020.0,1508.0,197551.0
207,4312.0,-16348.0,1836.0,-2880.0,4867.0,2114.0,1509.0,197557.0
208,4876.0,-16136.0,1812.0,-2864.0,4796.0,2225.0,1461.0,197563.0
209,4980.0,-16092.0,1728.0,-2848.0,4779.0,2513.0,1397.0,197569.0
210,5216.0,-15972.0,1784.0,-2864.0,4681.0,2871.0,1360.0,197574.0
211,6316.0,-15872.0,1736.0,-2896.0,4646.0,3348.0,932.0,197580.0
212,5484.0,-15648.0,1752.0,-2832.0,4566.0,3735.0,1240.0,197586.0
213,5332.0,-16180.0,2080.0,-2848.0,4573.0,4379.0,1085.0,197593.0
214,5068.0,-16028.0,1948.0,-2896.0,4580.0,4630.0,904.0,197599.0
215,5088.0,-16364.0,2028.0,-2864.0,4601.0,4894.0,948.0,197605.0
216,5252.0,-16384.0,2068.0,-2848.0,4651.0,5178.0,786.0,197611.0
217,4988.0,-16396.0,1836.0,-2848.0,4709.0,5479.0,835.0,197617.0
218,4332.0,-16464.0,1884.0,-2848.0,4819.0,5760.0,931.0,197623.0
219,3680.0,-16532.0,1968.0,-2848.0,4978.0,5831.0,1020.0,197628.0
220,3420.0,-16612.0,1760.0,-2832.0,5211.0,5739.0,1112.0,197635.0
221,3204.0,-16692.0,1868.0,-2848.0,5505.0,5596.0,1293.0,197641.0
222,3032.0,-16988.0,1832.0,-2848.0,5809.0,5360.0,1480.0,197647.0
223,4464.0,-17076.0,1588.0,-2864.0,6195.0,5237.0,1729.0,197653.0
224,3060.0,-16880.0,1720.0,-2880.0,6493.0,5055.0,1788.0,197659.0
225,3112.0,-17252.0,1752.0,-2848.0,6900.0,4464.0,2101.0,197665.0
226,2496.0,-17240.0,1900.0,-2864.0,7287.0,3933.0,2334.0,197671.0
227,2424.0,-17316.0,2172.0,-2832.0,7648.0,3442.0,2633.0,197678.0
228,2100.0,-17544.0,2440.0,-2880.0,8027.0,3074.0,2987.0,197684.0
229,1956.0,-17700.0,2588.0,-2864.0,8353.0,2626.0,3315.0,197690.0
230,1852.0,-18116.0,2988.0,-2880.0,8698.0,2205.0,3657.0,197695.0
231,2368.0,-18528.0,2760.0,-2832.0,9022.0,1768.0,3969.0,197701.0
232,1964.0,-18588.0,3080.0,-2864.0,9241.0,1451.0,4178.0,197707.0
233,2928.0,-18780.0,3364.0,-2848.0,9490.0,1223.0,4500.0,197713.0
234,3368.0,-19044.0,3508.0,-2832.0,9754.0,1250.0,4779.0,197720.0
235,3752.0,-19400.0,3392.0,-2896.0,10027.0,1330.0,5000.0,197726.0
236,4180.0,-19732.0,3080.0,-2880.0,10337.0,1497.0,5231.0,197732.0
237,4820.0,-19968.0,3312.0,-2832.0,10642.0,1732.0,5469.0,197738.0
238,5352.0,-20300.0,3888.0,-2864.0,10961.0,2090.0,5667.0,197744.0
239,5788.0,-20588.0,3536.0,-2848.0,11261.0,2669.0,5920.0,197750.0
240,5832.0,-21004.0,3012.0,-2864.0,11612.0,3399.0,6216.0,197756.0
241,5488.0,-21588.0,3012.0,-2880.0,11978.0,4107.0,6601.0,197763.0
242,4516.0,-22172.0,3300.0,-2864.0,12336.0,4702.0,7130.0,197769.0
243,3476.0,-23212.0,3940.0,-2848.0,12651.0,4910.0,7757.0,197775.0
244,3796.0,-24688.0,3684.0,-2864.0,12962.0,4612.0,8178.0,197781.0
245,5536.0,-25684.0,2684.0,-2848.0,13502.0,4591.0,8284.0,197787.0
246,7116.0,-25520.0,1860.0,-2864.0,14118.0,5062.0,8202.0,197793.0
247,7592.0,-25512.0,1860.0,-2880.0,14726.0,6086.0,8309.0,197799.0
248,6980.0,-26064.0,1728.0,-2880.0,15323.0,7479.0,8693.0,197806.0
249,6128.0,-27080.0,1828.0,-2864.0,16016.0,8807.0,9165.0,197812.0
250,5272.0,-28004.0,1620.0,-2880.0,16709.0,9901.0,9627.0,197817.0
251,4548.0,-28848.0,2248.0,-2864.0,17557.0,10570.0,10010.0,197823.0
252,4192.0,-29316.0,912.0,-2864.0,18114.0,11490.0,10499.0,197829.0
253,4948.0,-30032.0,-744.0,-2848.0,18576.0,12121.0,10464.0,197836.0
254,7396.0,-30572.0,-2028.0,-2880.0,18725.0,12850.0,10505.0,197842.0
255,10248.0,-31372.0,-5308.0,-2848.0,18484.0,14311.0,10071.0,197849.0
256,10604.0,-32768.0,-8904.0,-2864.0,18677.0,16612.0,9513.0,197855.0
257,9676.0,-32768.0,-11456.0,-2864.0,18517.0,18803.0,10124.0,197861.0
258,9024.0,-32768.0,-13496.0,-2896.0,18490.0,19756.0,11216.0,197867.0
259,6560.0,-30528.0,-15756.0,-2848.0,18170.0,20302.0,12068.0,197873.0
260,4488.0,-26352.0,-16464.0,-2864.0,17258.0,20002.0,12374.0,197879.0
261,2360.0,-22328.0,-17208.0,-2832.0,15953.0,19368.0,12617.0,197885.0
262,-120.0,-17400.0,-16868.0,-2880.0,14027.0,18532.0,13158.0,197893.0
263,-1472.0,-13648.0,-13308.0,-2848.0,11925.0,16844.0,13477.0,197899.0
264,-2204.0,-13036.0,-7180.0,-2864.0,10609.0,13797.0,13879.0,197905.0
265,-608.0,-12552.0,1124.0,-2864.0,10332.0,7965.0,14082.0,197911.0
266,-3848.0,-17072.0,6872.0,-2848.0,10691.0,1333.0,11180.0,197917.0
267,-7324.0,-21804.0,7472.0,-2816.0,10745.0,-7008.0,11622.0,197923.0
268,-4444.0,-22712.0,9016.0,-2848.0,10280.0,-13466.0,10867.0,197929.0
269,-980.0,-23444.0,9092.0,-2880.0,10393.0,-17351.0,8859.0,197936.0
270,1236.0,-23616.0,6480.0,-2864.0,11369.0,-19577.0,7049.0,197942.0
271,6644.0,-21184.0,6144.0,-2864.0,11710.0,-19361.0,5961.0,197948.0
272,9968.0,-17392.0,5516.0,-2864.0,12277.0,-17238.0,5279.0,197954.0
273,12892.0,-12840.0,4724.0,-2864.0,11998.0,-12701.0,4748.0,197960.0
274,13872.0,-7232.0,1232.0,-2864.0,9953.0,-6954.0,4405.0,197966.0
275,12036.0,-4008.0,-2176.0,-2880.0,6825.0,-1563.0,4497.0,197972.0
276,9852.0,-4184.0,-3324.0,-2864.0,4048.0,2828.0,4671.0,197979.0
277,6956.0,-5300.0,-3928.0,-2848.0,2318.0,5312.0,4277.0,197985.0
278,4556.0,-5000.0,-4412.0,-2848.0,1253.0,5827.0,3881.0,197991.0
279,3468.0,-3536.0,-5208.0,-2864.0,-148.0,5517.0,3704.0,197997.0
280,2600.0,-2668.0,-6460.0,-2864.0,-1803.0,4557.0,3024.0,198003.0
281,1448.0,-1848.0,-7012.0,-2848.0,-3632.0,3403.0,2154.0,198009.0
282,372.0,-1600.0,-6276.0,-2832.0,-5377.0,2056.0,1568.0,198016.0
283,-8.0,-1948.0,-5252.0,-2832.0,-6736.0,507.0,611.0,198022.0
284,-104.0,-2188.0,-4704.0,-2880.0,-7965.0,-1488.0,-335.0,198027.0
285,684.0,-2240.0,-4088.0,-2832.0,-9208.0,-3517.0,-1259.0,198033.0
286,1828.0,-2292.0,-3212.0,-2848.0,-10448.0,-5293.0,-2102.0,198039.0
287,2540.0,-2680.0,-2584.0,-2864.0,-11632.0,-6696.0,-2973.0,198045.0
288,3148.0,-2788.0,-2600.0,-2848.0,-12958.0,-7777.0,-3746.0,198051.0
289,4008.0,-2556.0,-2816.0,-2832.0,-14547.0,-8299.0,-4247.0,198057.0
290,5008.0,-2900.0,-2912.0,-2848.0,-16214.0,-8108.0,-4746.0,198064.0
291,5496.0,-3484.0,-3340.0,-2864.0,-17784.0,-7409.0,-5286.0,198070.0
292,5688.0,-4096.0,-3640.0,-2864.0,-19315.0,-6550.0,-5762.0,198076.0
293,5700.0,-4912.0,-3688.0,-2880.0,-20655.0,-5577.0,-6230.0,198082.0
294,5616.0,-5688.0,-3640.0,-2864.0,-21835.0,-4639.0,-6559.0,198088.0
295,5196.0,-6440.0,-3300.0,-2880.0,-22808.0,-3827.0,-6902.0,198094.0
296,4628.0,-6928.0,-2900.0,-2864.0,-23747.0,-3070.0,-7249.0,198100.0
297,3800.0,-7304.0,-3008.0,-2864.0,-24858.0,-2624.0,-7639.0,198107.0
298,2860.0,-7916.0,-2944.0,-2880.0,-25914.0,-2501.0,-8068.0,198113.0
299,2060.0,-8856.0,-2856.0,-2864.0,-26989.0,-2480.0,-8457.0,198119.0
300,2140.0,-9716.0,-2580.0,-2864.0,-28097.0,-2651.0,-8716.0,198125.0
301,2540.0,-10048.0,-1564.0,-2832.0,-29240.0,-2387.0,-8898.0,198131.0
302,1748.0,-12416.0,-1524.0,-2816.0,-29954.0,-2479.0,-9072.0,198137.0
303,1516.0,-13344.0,-976.0,-2848.0,-30628.0,-2314.0,-9395.0,198144.0
304,900.0,-14364.0,-508.0,-2880.0,-31270.0,-2201.0,-9853.0,198150.0
305,456.0,-15040.0,-412.0,-2848.0,-31892.0,-2308.0,-10213.0,198156.0
306,160.0,-15716.0,-16.0,-2864.0,-32585.0,-2604.0,-10562.0,198163.0
307,120.0,-16752.0,344.0,-2864.0,-32768.0,-2992.0,-10994.0,198169.0
308,-164.0,-17572.0,516.0,-2880.0,-32768.0,-3530.0,-11428.0,198175.0
309,-208.0,-18368.0,988.0,-2864.0,-32768.0,-4104.0,-11841.0,198181.0
310,-180.0,-19164.0,1212.0,-2896.0,-32768.0,-4707.0,-12241.0,198188.0
311,-28.0,-20232.0,1372.0,-2864.0,-32768.0,-5349.0,-12500.0,198194.0
312,-304.0,-21080.0,1448.0,-2864.0,-32768.0,-6155.0,-12899.0,198200.0
313,-908.0,-22044.0,2100.0,-2864.0,-32768.0,-7162.0,-13113.0,198207.0
314,-2092.0,-23040.0,2984.0,-2880.0,-32768.0,-8247.0,-13300.0,198213.0
315,-3000.0,-23916.0,3772.0,-2816.0,-32768.0,-9378.0,-13409.0,198219.0
316,-3620.0,-25140.0,5292.0,-2880.0,-32768.0,-10451.0,-13432.0,198225.0
317,-3860.0,-26548.0,6700.0,-2880.0,-32768.0,-11380.0,-13279.0,198233.0
318,-3820.0,-28804.0,8488.0,-2864.0,-32768.0,-12002.0,-12981.0,198239.0
319,-3360.0,-30756.0,10368.0,-2864.0,-32768.0,-12712.0,-12435.0,198246.0
320,-2580.0,-32372.0,12568.0,-2832.0,-32768.0,-13351.0,-11470.0,198252.0
321,-1152.0,-32768.0,14740.0,-2880.0,-32054.0,-13789.0,-10278.0,198259.0
322,228.0,-32768.0,16984.0,-2864.0,-30123.0,-13827.0,-9010.0,198265.0
323,1668.0,-32768.0,19720.0,-2864.0,-27997.0,-13465.0,-7971.0,198272.0
324,3060.0,-32768.0,21980.0,-2832.0,-25799.0,-12708.0,-7219.0,198279.0
325,4852.0,-32768.0,24124.0,-2848.0,-23535.0,-11819.0,-6791.0,198285.0
326,5848.0,-31908.0,25656.0,-2880.0,-21108.0,-10793.0,-6550.0,198291.0
327,6608.0,-29916.0,26656.0,-2880.0,-18738.0,-9520.0,-6498.0,198297.0
328,6440.0,-28352.0,27508.0,-2848.0,-16515.0,-7960.0,-6551.0,198304.0
329,5388.0,-27188.0,28136.0,-2896.0,-14307.0,-5828.0,-6471.0,198310.0
330,3120.0,-25044.0,27560.0,-2848.0,-11922.0,-3416.0,-5740.0,198317.0
331,-2364.0,-27924.0,29540.0,-2864.0,-9142.0,-1942.0,-5278.0,198323.0
332,1312.0,-27356.0,29752.0,-2864.0,-5821.0,-262.0,-1503.0,198330.0
333,-1900.0,-26720.0,29328.0,-2848.0,-2597.0,1231.0,-2502.0,198336.0
334,-7452.0,-25404.0,28832.0,-2896.0,275.0,2122.0,-1435.0,198342.0
335,-9584.0,-24484.0,26588.0,-2848.0,2975.0,1804.0,496.0,198348.0
336,-8268.0,-22812.0,24372.0,-2832.0,5017.0,1091.0,1709.0,198354.0
337,-9016.0,-22180.0,21432.0,-2864.0,7048.0,-463.0,2050.0,198361.0
338,-7424.0,-20288.0,19004.0,-2880.0,8427.0,-2729.0,2634.0,198367.0
339,-2240.0,-19392.0,20132.0,-2832.0,9576.0,-5425.0,1878.0,198373.0
340,7328.0,-17324.0,13316.0,-2864.0,8948.0,-8581.0,-1577.0,198379.0
341,13092.0,-23688.0,-4748.0,-2864.0,7243.0,-9948.0,-4397.0,198385.0
342,11568.0,-30176.0,-16060.0,-2864.0,6362.0,-9574.0,-4174.0,198391.0
343,6248.0,-32768.0,-18872.0,-2896.0,8221.0,-6079.0,536.0,198397.0
344,-2024.0,-31952.0,-12356.0,-2864.0,10821.0,-323.0,4825.0,198404.0
345,-8596.0,-28548.0,796.0,-2880.0,13146.0,3099.0,5401.0,198410.0
346,-7928.0,-27828.0,12852.0,-2832.0,15606.0,-870.0,2920.0,198416.0
347,-4480.0,-26796.0,18220.0,-2896.0,17825.0,-7469.0,762.0,198422.0
348,-1220.0,-20372.0,12436.0,-2864.0,17395.0,-11284.0,464.0,198428.0
349,4564.0,-11024.0,-1448.0,-2864.0,14545.0,-11682.0,537.0,198434.0
350,8356.0,-8580.0,-4856.0,-2896.0,12517.0,-10314.0,320.0,198440.0
351,7588.0,-9920.0,-992.0,-2880.0,11941.0,-7548.0,970.0,198447.0
352,5608.0,-11120.0,3376.0,-2864.0,10911.0,-3433.0,958.0,198453.0
353,1588.0,-14420.0,3812.0,-2864.0,9740.0,-491.0,760.0,198459.0
354,952.0,-17700.0,2088.0,-2848.0,9354.0,-503.0,561.0,198465.0
355,2040.0,-18356.0,16.0,-2864.0,9161.0,-1959.0,-98.0,198471.0
356,3232.0,-18224.0,-820.0,-2864.0,9101.0,-2139.0,-182.0,198477.0
357,3984.0,-18192.0,-668.0,-2832.0,9158.0,-483.0,293.0,198483.0
358,3496.0,-18180.0,32.0,-2832.0,9210.0,1903.0,575.0,198489.0
359,1460.0,-17908.0,336.0,-2864.0,9157.0,3465.0,552.0,198495.0
360,-1064.0,-17848.0,44.0,-2864.0,9128.0,3585.0,-99.0,198501.0
361,-2304.0,-16712.0,120.0,-2848.0,8908.0,2753.0,-870.0,198507.0
362,-1732.0,-15584.0,680.0,-2880.0,8456.0,1933.0,-1463.0,198513.0
363,-240.0,-14848.0,1016.0,-2864.0,7661.0,1453.0,-1683.0,198518.0
364,1644.0,-14940.0,848.0,-2864.0,6865.0,1117.0,-1662.0,198524.0
365,3172.0,-15224.0,660.0,-2848.0,6259.0,784.0,-1575.0,198531.0
366,4124.0,-15488.0,660.0,-2880.0,5834.0,669.0,-1497.0,198537.0
367,4220.0,-15752.0,700.0,-2848.0,5475.0,1090.0,-1386.0,198543.0
368,4292.0,-15864.0,360.0,-2848.0,5133.0,1735.0,-1216.0,198549.0
369,3948.0,-15804.0,32.0,-2864.0,4862.0,2174.0,-1100.0,198555.0
370,3760.0,-16084.0,-212.0,-2864.0,4701.0,2277.0,-1017.0,198561.0
371,3684.0,-15940.0,-32.0,-2896.0,4606.0,2257.0,-926.0,198567.0
372,3896.0,-16300.0,12.0,-2864.0,4617.0,2297.0,-756.0,198573.0
373,4352.0,-16352.0,-152.0,-2832.0,4679.0,2465.0,-553.0,198579.0
374,5004.0,-16388.0,-384.0,-2864.0,4688.0,2749.0,-215.0,198585.0
375,5860.0,-16068.0,-244.0,-2880.0,4647.0,3302.0,127.0,198591.0
376,6156.0,-16152.0,-168.0,-2880.0,4612.0,4102.0,552.0,198597.0
377,5520.0,-16800.0,-56.0,-2880.0,4669.0,5328.0,1022.0,198603.0
378,4748.0,-17128.0,-532.0,-2880.0,4913.0,6538.0,1310.0,198608.0
379,3812.0,-18312.0,-1016.0,-2864.0,5426.0,7130.0,1193.0,198615.0
380,3228.0,-17224.0,-1008.0,-2880.0,5860.0,6834.0,1163.0,198621.0
381,3040.0,-17856.0,244.0,-2864.0,6379.0,6801.0,1314.0,198627.0
382,3024.0,-19576.0,-224.0,-2896.0,7146.0,7671.0,1248.0,198633.0
383,3156.0,-19276.0,-1976.0,-2848.0,7873.0,8386.0,812.0,198639.0
384,3280.0,-17092.0,-1892.0,-2896.0,8171.0,7889.0,603.0,198645.0
385,3372.0,-14696.0,-860.0,-2896.0,7909.0,6760.0,679.0,198651.0
386,3676.0,-14576.0,696.0,-2896.0,7586.0,6454.0,692.0,198658.0
387,3428.0,-16408.0,-232.0,-2864.0,7544.0,6907.0,670.0,198664.0
388,4292.0,-16864.0,-1588.0,-2864.0,7818.0,6397.0,708.0,198669.0
389,5224.0,-15664.0,-984.0,-2880.0,7837.0,5837.0,1096.0,198675.0
390,5412.0,-15768.0,-368.0,-2848.0,7853.0,6185.0,1347.0,198681.0
391,5096.0,-16484.0,-120.0,-2880.0,7831.0,6624.0,1550.0,198687.0
392,4736.0,-17276.0,-184.0,-2864.0,7932.0,7218.0,1716.0,198693.0
393,3824.0,-18244.0,-296.0,-2864.0,8285.0,7678.0,1979.0,198700.0
394,2964.0,-18812.0,-676.0,-2864.0,8713.0,7655.0,2243.0,198706.0
395,3080.0,-19420.0,-836.0,-2832.0,9168.0,7239.0,2663.0,198711.0
396,4636.0,-20604.0,-1372.0,-2880.0,9868.0,6897.0,2943.0,198717.0
397,5380.0,-21264.0,-2172.0,-2896.0,10715.0,6621.0,3357.0,198723.0
398,5184.0,-22224.0,-2192.0,-2848.0,11615.0,6445.0,3969.0,198729.0
399,5120.0,-24036.0,-2284.0,-2864.0,12565.0,6219.0,4283.0,198735.0
400,6200.0,-26540.0,-2628.0,-2848.0,13664.0,5734.0,4655.0,198742.0
401,9684.0,-27472.0,-3184.0,-2832.0,14786.0,5173.0,4421.0,198748.0
402,10044.0,-29320.0,-3140.0,-2864.0,15961.0,5335.0,5261.0,198754.0
403,10868.0,-31564.0,-3088.0,-2880.0,17310.0,5908.0,5307.0,198760.0
404,9716.0,-32768.0,-3540.0,-2880.0,18843.0,6594.0,5697.0,198766.0
405,7664.0,-32768.0,-4688.0,-2864.0,20317.0,7675.0,6299.0,198772.0
406,5016.0,-32768.0,-5940.0,-2848.0,21622.0,9421.0,6743.0,198778.0
407,2560.0,-32768.0,-7300.0,-2880.0,23000.0,10749.0,6962.0,198785.0
408,-1400.0,-32768.0,-8404.0,-2864.0,23991.0,11486.0,7937.0,198791.0
409,-5216.0,-32768.0,-10296.0,-2832.0,24464.0,11237.0,8683.0,198797.0
410,-5740.0,-32768.0,-12396.0,-2880.0,24580.0,9876.0,9066.0,198803.0
411,-5256.0,-32768.0,-12612.0,-2864.0,25015.0,7953.0,9152.0,198809.0
412,-6280.0,-32768.0,-15244.0,-2864.0,24583.0,5296.0,9410.0,198815.0
413,-4136.0,-23696.0,-16360.0,-2864.0,23180.0,2797.0,8626.0,198822.0
414,-2096.0,-17264.0,-16576.0,-2864.0,21279.0,768.0,8115.0,198829.0
415,-904.0,-9952.0,-15708.0,-2880.0,19127.0,-1553.0,7438.0,198835.0
416,-2308.0,-420.0,-9948.0,-2864.0,17359.0,-5284.0,6612.0,198841.0
417,1660.0,15336.0,-10724.0,-2880.0,14420.0,-9292.0,5251.0,198846.0
418,9928.0,29932.0,-22568.0,-2896.0,8996.0,-9778.0,3026.0,198852.0
419,16140.0,31724.0,-32768.0,-2832.0,2352.0,-6487.0,996.0,198858.0
420,11168.0,16936.0,-32768.0,-2864.0,-3292.0,-3992.0,646.0,198864.0
421,9136.0,14104.0,-32768.0,-2848.0,-6892.0,-6434.0,-320.0,198872.0
422,13444.0,20532.0,-32768.0,-2864.0,-11745.0,-9810.0,-1753.0,198877.0
423,17716.0,20104.0,-32768.0,-2864.0,-17448.0,-9656.0,-2427.0,198884.0
424,16808.0,14216.0,-32768.0,-2880.0,-22597.0,-6826.0,-3312.0,198890.0
425,11076.0,11508.0,-32544.0,-2848.0,-27069.0,-4293.0,-3162.0,198896.0
426,3980.0,8892.0,-26668.0,-2848.0,-31206.0,-2140.0,-2604.0,198902.0
427,-3284.0,5080.0,-18072.0,-2864.0,-32768.0,-415.0,-1307.0,198908.0
428,-14488.0,-4816.0,-11408.0,-2864.0,-32768.0,-259.0,1005.0,198915.0
429,-10984.0,-8916.0,-6860.0,-2864.0,-32768.0,-1662.0,786.0,198921.0
430,-20380.0,-12816.0,28.0,-2848.0,-32768.0,-5403.0,-4638.0,198927.0
431,-20328.0,-17164.0,3536.0,-2864.0,-32768.0,-13402.0,-3876.0,198933.0
432,-9232.0,-21836.0,6192.0,-2864.0,-32768.0,-20783.0,-3384.0,198939.0
433,4760.0,-24616.0,10312.0,-2864.0,-32768.0,-24554.0,-3966.0,198945.0
434,13348.0,-24864.0,15572.0,-2896.0,-32768.0,-24638.0,-4546.0,198951.0
435,20012.0,-24964.0,21268.0,-2864.0,-32768.0,-21469.0,-5768.0,198958.0
436,18560.0,-28192.0,28196.0,-2880.0,-32768.0,-16186.0,-4439.0,198965.0
437,16796.0,-31808.0,32767.0,-2896.0,-31396.0,-9632.0,-4111.0,198971.0
438,7640.0,-32304.0,32767.0,-2848.0,-28360.0,-4872.0,-5496.0,198978.0
439,1224.0,-32768.0,32767.0,-2864.0,-24929.0,-3478.0,-5851.0,198984.0
440,696.0,-32276.0,32767.0,-2896.0,-21372.0,-4568.0,-5212.0,198990.0
441,8504.0,-30504.0,32767.0,-2912.0,-18212.0,-5836.0,-4357.0,198996.0
442,27216.0,-32768.0,32767.0,-2896.0,-10246.0,-10338.0,-6325.0,199003.0
443,32767.0,-32768.0,32767.0,-2864.0,8250.0,-17974.0,-8844.0,199010.0
444,-1984.0,-32768.0,32767.0,-2896.0,21219.0,7271.0,3095.0,199016.0
445,-32768.0,-32768.0,32767.0,-2896.0,15386.0,32767.0,14780.0,199022.0
446,-32768.0,1288.0,-16484.0,-2864.0,8140.0,32767.0,7427.0,199028.0
447,-18908.0,5764.0,-32768.0,-2864.0,7552.0,26213.0,-2627.0,199034.0
448,3516.0,124.0,-32768.0,-2864.0,10744.0,3802.0,-7320.0,199042.0
449,31628.0,-8868.0,-17136.0,-2880.0,12334.0,-12837.0,-7347.0,199048.0
450,27748.0,-24516.0,936.0,-2864.0,15343.0,-15824.0,-2971.0,199054.0
451,11276.0,-23620.0,21320.0,-2880.0,15157.0,-4919.0,8515.0,199060.0
452,-4996.0,-16156.0,22060.0,-2864.0,12855.0,7429.0,5406.0,199066.0
453,-20808.0,-10120.0,15332.0,-2864.0,10216.0,11426.0,-444.0,199072.0
454,-15668.0,-10928.0,1740.0,-2880.0,8895.0,3750.0,-1823.0,199078.0
455,1124.0,-17220.0,-4812.0,-2848.0,9174.0,-4617.0,-1154.0,199085.0
456,9820.0,-18652.0,-1520.0,-2880.0,9536.0,-5962.0,9.0,199091.0
457,10288.0,-15540.0,4740.0,-2880.0,8637.0,-1760.0,803.0,199097.0
458,9476.0,-13864.0,5476.0,-2864.0,7085.0,2561.0,491.0,199103.0
459,4040.0,-16136.0,3756.0,-2864.0,6267.0,4752.0,2497.0,199109.0
460,516.0,-15652.0,1412.0,-2880.0,5948.0,5692.0,2457.0,199115.0
461,-3880.0,-14528.0,2044.0,-2864.0,5559.0,3953.0,1952.0,199121.0
462,-3360.0,-15620.0,3572.0,-2880.0,5121.0,1149.0,1192.0,199128.0
463,-1012.0,-16024.0,4152.0,-2896.0,4681.0,-1192.0,554.0,199134.0
464,1136.0,-15208.0,4236.0,-2880.0,4243.0,-2547.0,400.0,199140.0
465,1876.0,-14752.0,4144.0,-2880.0,3649.0,-3033.0,653.0,199146.0
466,3100.0,-15804.0,2900.0,-2864.0,3200.0,-2510.0,1184.0,199152.0
467,3164.0,-16652.0,2892.0,-2848.0,2883.0,-1357.0,1438.0,199158.0
468,2460.0,-16860.0,3704.0,-2896.0,2580.0,-315.0,1568.0,199163.0
469,1020.0,-16680.0,4120.0,-2896.0,2246.0,-87.0,1647.0,199170.0
470,1040.0,-16568.0,2952.0,-2912.0,2058.0,-195.0,1528.0,199176.0
471,324.0,-17004.0,2824.0,-2880.0,1903.0,-769.0,1692.0,199182.0
472,1404.0,-18480.0,2544.0,-2896.0,1910.0,-923.0,1682.0,199188.0
473,2352.0,-20004.0,1624.0,-2864.0,2092.0,-621.0,1926.0,199194.0
474,3080.0,-21144.0,1184.0,-2880.0,2417.0,85.0,2220.0,199200.0
475,3320.0,-22620.0,572.0,-2848.0,2906.0,858.0,2489.0,199206.0
476,3048.0,-24668.0,332.0,-2848.0,3456.0,1573.0,2829.0,199212.0
477,1948.0,-27424.0,-64.0,-2928.0,4034.0,2316.0,3367.0,199218.0
478,612.0,-30436.0,-856.0,-2896.0,4561.0,2764.0,4011.0,199224.0
479,-1316.0,-32768.0,-3920.0,-2864.0,5134.0,2508.0,4183.0,199230.0
480,-3904.0,-32768.0,-8412.0,-2880.0,5321.0,1394.0,4804.0,199236.0
481,-2076.0,-32768.0,-6860.0,-2896.0,6389.0,244.0,4879.0,199242.0
482,-732.0,-32768.0,-4820.0,-2848.0,7577.0,-148.0,5745.0,199248.0
483,-676.0,-32768.0,-4452.0,-2848.0,9606.0,77.0,6162.0,199255.0
484,628.0,-29548.0,-9124.0,-2880.0,10726.0,-841.0,5629.0,199261.0
485,3484.0,-23404.0,-10360.0,-2896.0,11400.0,-2463.0,5281.0,199266.0
486,5756.0,-18336.0,-8056.0,-2864.0,11437.0,-3476.0,4992.0,199273.0
487,6876.0,-13724.0,-5636.0,-2848.0,10975.0,-3845.0,4130.0,199279.0
488,7152.0,-8656.0,-4892.0,-2912.0,10145.0,-3804.0,3310.0,199285.0
489,7304.0,-1688.0,-7932.0,-2864.0,8465.0,-4017.0,2382.0,199291.0
490,7288.0,6232.0,-15000.0,-2880.0,5789.0,-4300.0,1511.0,199297.0
491,7328.0,11756.0,-24556.0,-2896.0,1846.0,-3013.0,754.0,199303.0
492,7376.0,15544.0,-30328.0,-2896.0,-1890.0,-963.0,256.0,199309.0
493,6272.0,16220.0,-32768.0,-2880.0,-5737.0,766.0,-386.0,199315.0
494,5088.0,12244.0,-32768.0,-2896.0,-9520.0,1244.0,-1330.0,199321.0
495,5576.0,8272.0,-32316.0,-2864.0,-13074.0,628.0,-1927.0,199327.0
496,5648.0,4140.0,-29052.0,-2880.0,-16183.0,220.0,-2144.0,199333.0
497,4516.0,-496.0,-25084.0,-2896.0,-18784.0,685.0,-2081.0,199340.0
498,2860.0,-4028.0,-21036.0,-2880.0,-21065.0,1627.0,-2245.0,199346.0
499,-272.0,-6708.0,-16904.0,-2864.0,-22850.0,1597.0,-2412.0,199352.0
500,-4468.0,-10872.0,-11244.0,-2880.0,-24286.0,796.0,-2445.0,199358.0
501,-7124.0,-14816.0,-6236.0,-2880.0,-25308.0,-284.0,-2203.0,199364.0
502,-8024.0,-19208.0,-2400.0,-2896.0,-25645.0,-1662.0,-2257.0,199370.0
503,-7604.0,-23000.0,1872.0,-2864.0,-25304.0,-3687.0,-2563.0,199376.0
504,-7084.0,-24972.0,6748.0,-2880.0,-24512.0,-5985.0,-2740.0,199383.0
505,-5148.0,-25480.0,10500.0,-2896.0,-23502.0,-8048.0,-2675.0,199389.0
506,-2264.0,-25556.0,14928.0,-2864.0,-22469.0,-9531.0,-2988.0,199395.0
507,436.0,-26684.0,18728.0,-2864.0,-21257.0,-9951.0,-2776.0,199401.0
508,2020.0,-28180.0,21268.0,-2896.0,-19460.0,-9301.0,-2620.0,199407.0
509,2904.0,-28368.0,24872.0,-2896.0,-17209.0,-8739.0,-2326.0,199413.0
510,3904.0,-31712.0,32767.0,-2864.0,-14063.0,-9634.0,-1866.0,199419.0
511,7052.0,-32768.0,32767.0,-2864.0,-8158.0,-10180.0,-1483.0,199427.0
512,7632.0,-32768.0,32767.0,-2864.0,-667.0,-8984.0,-802.0,199433.0
513,2884.0,-32768.0,32767.0,-2896.0,4553.0,-3882.0,451.0,199439.0
514,2280.0,-18912.0,32767.0,-2880.0,5551.0,121.0,375.0,199445.0
515,2472.0,-4804.0,24360.0,-2880.0,4948.0,1882.0,-777.0,199451.0
516,1368.0,612.0,8376.0,-2864.0,4126.0,3773.0,-198.0,199457.0
517,1352.0,4448.0,-5708.0,-2864.0,1960.0,5358.0,347.0,199462.0
518,3724.0,664.0,-13712.0,-2896.0,-175.0,5876.0,-401.0,199469.0
519,8792.0,-9284.0,-16192.0,-2864.0,-1288.0,5130.0,-1994.0,199475.0
520,14148.0,-21520.0,-14728.0,-2880.0,-1167.0,4069.0,-3479.0,199481.0
521,17200.0,-32768.0,-9308.0,-2880.0,418.0,2115.0,-3574.0,199487.0
522,13912.0,-32768.0,1348.0,-2864.0,4402.0,1320.0,-1273.0,199493.0
523,4404.0,-31240.0,9936.0,-2896.0,7652.0,3583.0,2044.0,199499.0
524,-7188.0,-17272.0,13552.0,-2896.0,7822.0,4177.0,2843.0,199505.0
525,-13660.0,-12496.0,9956.0,-2880.0,6039.0,3446.0,2020.0,199512.0
526,-12072.0,-11376.0,5736.0,-2896.0,3435.0,2996.0,626.0,199518.0
527,-6224.0,-14284.0,3036.0,-2880.0,2248.0,1878.0,-1482.0,199524.0
528,124.0,-14332.0,836.0,-2864.0,2150.0,75.0,-2926.0,199530.0
529,5444.0,-14396.0,132.0,-2896.0,2414.0,-930.0,-3754.0,199536.0
530,5600.0,-15940.0,836.0,-2896.0,2689.0,505.0,-2922.0,199541.0
531,4312.0,-17880.0,960.0,-2896.0,2511.0,3375.0,-1770.0,199547.0
532,1976.0,-19872.0,252.0,-2864.0,2675.0,5032.0,-1121.0,199554.0
533,640.0,-19064.0,732.0,-2880.0,3015.0,4552.0,-999.0,199560.0
534,940.0,-17412.0,1856.0,-2912.0,3239.0,3239.0,-1451.0,199566.0
535,404.0,-16648.0,1632.0,-2880.0,3199.0,2491.0,-1692.0,199572.0
536,144.0,-15768.0,1036.0,-2864.0,2884.0,1752.0,-1651.0,199578.0
537,1204.0,-15212.0,1484.0,-2896.0,2635.0,725.0,-1546.0,199584.0
538,3376.0,-15852.0,2532.0,-2864.0,2553.0,286.0,-1249.0,199589.0
539,5356.0,-17096.0,1884.0,-2880.0,2533.0,1161.0,-748.0,199596.0
540,5576.0,-17036.0,1144.0,-2896.0,2497.0,2506.0,-403.0,199602.0
541,4756.0,-16040.0,1084.0,-2864.0,2282.0,3393.0,-58.0,199608.0
542,3816.0,-15780.0,1180.0,-2896.0,2092.0,3760.0,336.0,199614.0
543,3188.0,-17128.0,2320.0,-2880.0,2307.0,4180.0,667.0,199620.0
544,2640.0,-18464.0,708.0,-2864.0,2762.0,5114.0,940.0,199626.0
545,2344.0,-17980.0,-236.0,-2896.0,3267.0,5051.0,332.0,199632.0
546,2224.0,-16524.0,192.0,-2896.0,3267.0,3969.0,742.0,199638.0
547,3448.0,-16128.0,460.0,-2864.0,3306.0,3547.0,875.0,199644.0
548,3608.0,-16092.0,504.0,-2864.0,3338.0,3967.0,1208.0,199650.0
549,3900.0,-16820.0,-96.0,-2880.0,3586.0,4622.0,1458.0,199656.0
550,3816.0,-17296.0,-1192.0,-2912.0,3987.0,5234.0,1652.0,199662.0
551,3060.0,-17692.0,-1604.0,-2880.0,4328.0,5855.0,1880.0,199668.0
552,2440.0,-18548.0,-1868.0,-2896.0,4712.0,6472.0,1976.0,199674.0
553,1940.0,-19860.0,-2196.0,-2912.0,5258.0,6763.0,2068.0,199681.0
554,2084.0,-20104.0,-3284.0,-2864.0,5861.0,6710.0,2200.0,199687.0
555,2408.0,-20952.0,-3760.0,-2896.0,6577.0,6420.0,2319.0,199693.0
556,3244.0,-21836.0,-3692.0,-2864.0,7356.0,5834.0,2603.0,199698.0
557,4156.0,-24020.0,-3728.0,-2896.0,8058.0,5517.0,2920.0,199704.0
558,4076.0,-28080.0,-4000.0,-2880.0,8777.0,5783.0,3590.0,199710.0
559,4364.0,-29008.0,-2212.0,-2896.0,9261.0,5093.0,4161.0,199716.0
560,3928.0,-27948.0,-1720.0,-2880.0,9879.0,4647.0,4912.0,199723.0
561,3900.0,-26452.0,-2036.0,-2864.0,10624.0,4871.0,5034.0,199729.0
562,3280.0,-27932.0,-2720.0,-2848.0,11468.0,5007.0,5074.0,199735.0
563,3816.0,-32768.0,-2772.0,-2864.0,12374.0,4830.0,4933.0,199741.0
564,5608.0,-32768.0,-5516.0,-2896.0,12993.0,4101.0,4618.0,199747.0
565,936.0,-32768.0,-5328.0,-2880.0,13770.0,3644.0,6601.0,199753.0
566,-1860.0,-32768.0,-4944.0,-2864.0,14276.0,4006.0,7470.0,199759.0
567,-3984.0,-31480.0,-5520.0,-2880.0,14661.0,3404.0,6788.0,199766.0
568,-4596.0,-27304.0,-6080.0,-2896.0,14957.0,1322.0,6621.0,199772.0
569,-4492.0,-22540.0,-6736.0,-2896.0,14884.0,-881.0,6734.0,199778.0
570,-4196.0,-17172.0,-7576.0,-2864.0,13877.0,-3099.0,6536.0,199784.0
571,-4052.0,-13492.0,-7052.0,-2896.0,11900.0,-5715.0,5846.0,199790.0
572,-2268.0,-13008.0,-3696.0,-2864.0,10375.0,-8136.0,4982.0,199796.0
573,1464.0,-11660.0,2416.0,-2880.0,10139.0,-9497.0,4138.0,199802.0
574,3112.0,-6596.0,5116.0,-2880.0,10609.0,-10594.0,3215.0,199809.0
575,4652.0,176.0,2840.0,-2896.0,9566.0,-9662.0,1782.0,199815.0
576,5536.0,2360.0,2732.0,-2896.0,8138.0,-8078.0,1301.0,199821.0
577,5840.0,2284.0,2704.0,-2864.0,6860.0,-6375.0,914.0,199827.0
578,4920.0,5692.0,-4120.0,-2896.0,4677.0,-5139.0,332.0,199833.0
579,4588.0,9904.0,-8684.0,-2896.0,2442.0,-3305.0,-83.0,199838.0
580,1808.0,14864.0,-14348.0,-2896.0,-190.0,-2656.0,-378.0,199844.0
581,-788.0,15880.0,-14308.0,-2896.0,-3067.0,-3567.0,-1096.0,199851.0
582,-1244.0,14636.0,-17972.0,-2896.0,-6566.0,-5723.0,-1978.0,199857.0
583,-2048.0,11968.0,-18636.0,-2880.0,-9638.0,-7324.0,-1992.0,199863.0
584,-3292.0,10108.0,-18684.0,-2880.0,-12557.0,-9206.0,-2115.0,199869.0
585,-1804.0,7372.0,-18336.0,-2880.0,-15348.0,-11578.0,-2929.0,199875.0
586,2288.0,4300.0,-16580.0,-2896.0,-17465.0,-12979.0,-3751.0,199881.0
587,7404.0,2028.0,-13596.0,-2864.0,-19261.0,-12985.0,-4479.0,199887.0
588,9360.0,460.0,-10188.0,-2864.0,-20822.0,-12164.0,-4602.0,199894.0
589,9832.0,-1580.0,-5372.0,-2848.0,-22133.0,-10980.0,-4406.0,199900.0
590,8760.0,-4784.0,64.0,-2880.0,-23144.0,-9031.0,-3939.0,199906.0
591,6684.0,-10432.0,7268.0,-2880.0,-23480.0,-6138.0,-3368.0,199912.0
592,4408.0,-17188.0,15508.0,-2864.0,-23138.0,-2705.0,-3262.0,199918.0
593,1244.0,-23400.0,20860.0,-2848.0,-22483.0,-658.0,-3710.0,199924.0
594,-152.0,-29380.0,25512.0,-2928.0,-21167.0,188.0,-3518.0,199930.0
595,464.0,-32768.0,30980.0,-2912.0,-18408.0,714.0,-3163.0,199937.0
596,1020.0,-32768.0,32767.0,-2896.0,-15393.0,1127.0,-3094.0,199943.0
597,1812.0,-32768.0,32767.0,-2896.0,-11998.0,2419.0,-2991.0,199949.0
598,2504.0,-31696.0,32767.0,-2896.0,-8302.0,4125.0,-3087.0,199955.0
599,5904.0,-30260.0,32767.0,-2880.0,-3999.0,5542.0,-4107.0,199961.0
600,7980.0,-32768.0,32767.0,-2896.0,3289.0,4483.0,-5085.0,199967.0
601,-5540.0,-32768.0,32767.0,-2864.0,5319.0,7540.0,-2407.0,199973.0
602,-19268.0,-32768.0,-5748.0,-2880.0,2641.0,15334.0,670.0,199980.0
603,-13968.0,-32768.0,-32768.0,-2928.0,1797.0,12967.0,-2767.0,199986.0
604,-6084.0,-13428.0,-32768.0,-2880.0,3382.0,5195.0,-6108.0,199992.0
605,6784.0,-4036.0,-14412.0,-2896.0,5722.0,-1831.0,-4485.0,199998.0
606,17020.0,-12720.0,8016.0,-2880.0,6748.0,-4907.0,-1411.0,200004.0
607,13380.0,-18892.0,15860.0,-2912.0,5928.0,-1141.0,1113.0,200010.0
608,3392.0,-11792.0,14132.0,-2896.0,4389.0,2125.0,941.0,200016.0
609,-3668.0,-3884.0,7796.0,-2880.0,2895.0,1917.0,-695.0,200023.0
610,-5944.0,-7856.0,3360.0,-2896.0,2149.0,663.0,-1694.0,200029.0
611,-4340.0,-15356.0,2036.0,-2896.0,2582.0,-939.0,-1888.0,200035.0
612,460.0,-19256.0,1860.0,-2864.0,2997.0,-2517.0,-1611.0,200041.0
613,5816.0,-20908.0,1136.0,-2880.0,3178.0,-2569.0,-1101.0,200047.0
614,8652.0,-20664.0,464.0,-2896.0,3188.0,-1245.0,-384.0,200053.0
615,9048.0,-19236.0,1296.0,-2896.0,3127.0,1116.0,765.0,200059.0
616,5152.0,-17648.0,2600.0,-2880.0,3074.0,4470.0,1604.0,200066.0
617,-420.0,-16132.0,2688.0,-2896.0,2901.0,5727.0,1336.0,200072.0
618,-3084.0,-15160.0,3128.0,-2864.0,2698.0,4276.0,1295.0,200077.0
619,-4016.0,-14392.0,3240.0,-2880.0,2532.0,1283.0,-97.0,200083.0
620,-2128.0,-13892.0,2856.0,-2864.0,2154.0,-1625.0,-409.0,200089.0
621,1616.0,-15272.0,2620.0,-2864.0,1959.0,-3125.0,-545.0,200095.0
622,3852.0,-17104.0,1896.0,-2880.0,1905.0,-2956.0,-54.0,200101.0
623,3936.0,-17476.0,2276.0,-2880.0,1948.0,-1874.0,389.0,200108.0
624,3148.0,-17400.0,2416.0,-2896.0,1936.0,-488.0,637.0,200114.0
625,2068.0,-17452.0,2096.0,-2864.0,1968.0,604.0,780.0,200120.0
626,1884.0,-17288.0,2108.0,-2896.0,1921.0,1183.0,873.0,200126.0
627,1808.0,-16996.0,2000.0,-2864.0,1990.0,1276.0,773.0,200131.0
628,2156.0,-16552.0,2184.0,-2880.0,2057.0,991.0,881.0,200137.0
629,2632.0,-16368.0,2048.0,-2848.0,2016.0,726.0,957.0,200143.0
630,3016.0,-16752.0,1756.0,-2880.0,2044.0,689.0,1110.0,200150.0
631,3100.0,-17020.0,1572.0,-2896.0,2235.0,986.0,1339.0,200156.0
632,2984.0,-17280.0,1604.0,-2896.0,2466.0,1421.0,1515.0,200162.0
633,2504.0,-18160.0,1352.0,-2880.0,2738.0,1837.0,1684.0,200168.0
634,2008.0,-19036.0,1116.0,-2864.0,3087.0,2142.0,1799.0,200174.0
635,1856.0,-20048.0,696.0,-2880.0,3591.0,2254.0,1964.0,200180.0
636,1792.0,-20788.0,392.0,-2880.0,4191.0,2159.0,2178.0,200186.0
637,2272.0,-21904.0,-120.0,-2896.0,4795.0,2042.0,2506.0,200192.0
638,2428.0,-23880.0,0.0,-2896.0,5312.0,2054.0,2881.0,200198.0
639,1904.0,-26284.0,224.0,-2864.0,5723.0,2095.0,3549.0,200204.0
640,1160.0,-27148.0,640.0,-2896.0,6173.0,1881.0,4284.0,200210.0
641,1324.0,-26292.0,104.0,-2896.0,6651.0,1593.0,4642.0,200216.0
642,1528.0,-26088.0,-332.0,-2896.0,7016.0,1461.0,4821.0,200222.0
643,1324.0,-27376.0,-632.0,-2880.0,7093.0,1169.0,4959.0,200228.0
644,1416.0,-29404.0,-840.0,-2912.0,7200.0,629.0,5426.0,200233.0
645,-2272.0,-30796.0,-5092.0,-2880.0,6333.0,-265.0,6372.0,200240.0
646,-2832.0,-31828.0,-6744.0,-2896.0,5485.0,-1748.0,6089.0,200246.0
647,684.0,-29784.0,-3012.0,-2880.0,5601.0,-3209.0,4818.0,200252.0
648,2400.0,-21656.0,2140.0,-2880.0,7804.0,-4979.0,5166.0,200258.0
649,2448.0,-8188.0,832.0,-2896.0,7781.0,-4795.0,4583.0,200264.0
650,2504.0,-5852.0,2504.0,-2864.0,7179.0,-4645.0,4174.0,200270.0
651,2828.0,-7844.0,3444.0,-2880.0,6900.0,-4223.0,3656.0,200276.0
652,1884.0,-7404.0,4708.0,-2912.0,6517.0,-4164.0,3130.0,200283.0
653,812.0,-5052.0,5460.0,-2880.0,5932.0,-4559.0,2565.0,200288.0
654,28.0,-2368.0,4368.0,-2880.0,5058.0,-5056.0,2279.0,200294.0
655,-684.0,284.0,2016.0,-2880.0,3915.0,-5332.0,1957.0,200300.0
656,-1092.0,3708.0,-4372.0,-2864.0,1961.0,-5667.0,1600.0,200306.0
657,-144.0,6128.0,-7384.0,-2880.0,313.0,-6314.0,1052.0,200312.0
658,-32.0,7364.0,-9596.0,-2864.0,-1473.0,-6969.0,771.0,200318.0
659,-128.0,6532.0,-9176.0,-2896.0,-3496.0,-7775.0,675.0,200324.0
660,884.0,4648.0,-7664.0,-2880.0,-5654.0,-8412.0,313.0,200330.0
661,2852.0,1128.0,-6128.0,-2880.0,-7574.0,-8372.0,39.0,200336.0
662,3952.0,-3412.0,-3492.0,-2880.0,-8761.0,-7268.0,123.0,200342.0
663,2848.0,-6196.0,-720.0,-2880.0,-9351.0,-5986.0,442.0,200347.0
664,1056.0,-7756.0,2372.0,-2880.0,-9614.0,-5402.0,842.0,200353.0
665,-328.0,-9168.0,5340.0,-2880.0,-9773.0,-5228.0,1021.0,200359.0
666,-416.0,-11000.0,8900.0,-2912.0,-9619.0,-5161.0,980.0,200366.0
667,500.0,-12760.0,13164.0,-2880.0,-9066.0,-5113.0,753.0,200372.0
668,2008.0,-14320.0,16828.0,-2864.0,-8324.0,-5045.0,372.0,200378.0
669,2976.0,-16424.0,19852.0,-2880.0,-7328.0,-4703.0,249.0,200384.0
670,4116.0,-17828.0,22772.0,-2896.0,-6054.0,-3801.0,548.0,200390.0
671,4404.0,-18584.0,24540.0,-2880.0,-4627.0,-2449.0,246.0,200396.0
672,3340.0,-17924.0,24764.0,-2896.0,-3236.0,-1493.0,-270.0,200402.0
673,2744.0,-15964.0,23428.0,-2880.0,-2178.0,-1089.0,-701.0,200409.0
674,2848.0,-13984.0,20012.0,-2896.0,-1416.0,-857.0,-1078.0,200415.0
675,2888.0,-11396.0,14416.0,-2912.0,-1267.0,-516.0,-1378.0,200420.0
676,3764.0,-8216.0,7440.0,-2896.0,-1693.0,-206.0,-2020.0,200426.0
677,5304.0,-5060.0,-1100.0,-2880.0,-2908.0,-208.0,-3092.0,200432.0
678,5716.0,-7920.0,-10112.0,-2880.0,-4617.0,-659.0,-3482.0,200438.0
679,8956.0,-32768.0,-15228.0,-2864.0,-6004.0,-706.0,-4143.0,200444.0
680,11380.0,-32768.0,-5924.0,-2848.0,-2712.0,-146.0,-4451.0,200451.0
681,2600.0,-32768.0,-13380.0,-2864.0,2573.0,3379.0,306.0,200457.0
682,-10140.0,-25180.0,-16136.0,-2864.0,3344.0,2951.0,5725.0,200463.0
683,-9760.0,5712.0,-3144.0,-2880.0,1504.0,1198.0,3985.0,200469.0
684,-8788.0,-6112.0,9812.0,-2880.0,1443.0,760.0,45.0,200475.0
685,-11544.0,-15920.0,14576.0,-2864.0,1800.0,-866.0,-1470.0,200481.0
686,-8200.0,-10932.0,12668.0,-2896.0,769.0,-3175.0,-2574.0,200487.0
687,-1108.0,-4824.0,8392.0,-2880.0,-1031.0,-3815.0,-3642.0,200494.0
688,3256.0,-10980.0,5120.0,-2864.0,-1280.0,-2701.0,-3703.0,200500.0
689,3804.0,-17248.0,1936.0,-2848.0,-779.0,-1893.0,-3089.0,200506.0
690,4272.0,-18748.0,-592.0,-2896.0,-519.0,-1698.0,-2026.0,200511.0
691,5504.0,-18680.0,-684.0,-2864.0,-319.0,-1038.0,-1340.0,200517.0
692,6260.0,-18708.0,832.0,-2864.0,-176.0,-92.0,-1050.0,200523.0
693,6216.0,-18068.0,2064.0,-2896.0,-229.0,571.0,-684.0,200529.0
694,4944.0,-17088.0,3084.0,-2880.0,-253.0,1001.0,-151.0,200536.0
695,1968.0,-16504.0,4228.0,-2864.0,-127.0,1641.0,424.0,200542.0
696,-592.0,-15784.0,4716.0,-2896.0,-196.0,1812.0,526.0,200547.0
697,-260.0,-15056.0,4876.0,-2864.0,-356.0,1191.0,131.0,200553.0
698,1316.0,-15632.0,4628.0,-2848.0,-359.0,290.0,-381.0,200559.0
699,2412.0,-15660.0,3744.0,-2848.0,-399.0,-61.0,-51.0,200565.0
700,3224.0,-15532.0,3468.0,-2864.0,-530.0,209.0,313.0,200571.0
701,2460.0,-16116.0,2840.0,-2864.0,-559.0,570.0,369.0,200577.0
702,1584.0,-16680.0,2972.0,-2896.0,-504.0,411.0,491.0,200583.0
703,1056.0,-16956.0,3288.0,-2864.0,-383.0,289.0,572.0,200589.0
704,656.0,-18092.0,3384.0,-2880.0,-42.0,456.0,583.0,200595.0
705,736.0,-18192.0,3076.0,-2896.0,314.0,774.0,497.0,200601.0
706,1152.0,-17648.0,2852.0,-2896.0,667.0,1169.0,235.0,200606.0
707,1764.0,-16864.0,2596.0,-2880.0,963.0,1514.0,140.0,200612.0
708,2288.0,-15916.0,3320.0,-2848.0,1112.0,2109.0,51.0,200619.0
709,2160.0,-15700.0,3872.0,-2880.0,1102.0,2475.0,64.0,200625.0
710,1316.0,-16024.0,3368.0,-2880.0,897.0,3147.0,55.0,200631.0
711,880.0,-16656.0,2592.0,-2896.0,689.0,3383.0,-138.0,200636.0
712,672.0,-17248.0,2232.0,-2896.0,459.0,3631.0,-105.0,200642.0
713,596.0,-17548.0,1920.0,-2912.0,296.0,3973.0,-209.0,200648.0
714,588.0,-17952.0,1436.0,-2864.0,314.0,4170.0,-256.0,200654.0
715,1024.0,-18232.0,928.0,-2864.0,450.0,4124.0,-199.0,200659.0
716,1384.0,-18520.0,936.0,-2864.0,643.0,4126.0,-51.0,200666.0
717,1756.0,-18952.0,800.0,-2880.0,949.0,4174.0,162.0,200672.0
718,2012.0,-19396.0,772.0,-2896.0,1337.0,4216.0,401.0,200678.0
719,1832.0,-20208.0,536.0,-2864.0,1770.0,4086.0,538.0,200683.0
720,1836.0,-21464.0,484.0,-2896.0,2335.0,3670.0,693.0,200689.0
721,1636.0,-23136.0,652.0,-2864.0,2908.0,3466.0,1034.0,200695.0
722,1208.0,-25340.0,1036.0,-2864.0,3448.0,3474.0,1498.0,200701.0
723,876.0,-27052.0,556.0,-2896.0,4039.0,3240.0,2028.0,200708.0
724,404.0,-27772.0,-456.0,-2864.0,4450.0,2808.0,2638.0,200714.0
725,-436.0,-29492.0,-1716.0,-2864.0,4597.0,2235.0,3151.0,200719.0
726,-1084.0,-32156.0,-2608.0,-2880.0,4890.0,1198.0,3261.0,200725.0
727,240.0,-32768.0,696.0,-2896.0,6122.0,-352.0,3347.0,200731.0
728,-564.0,-29644.0,-3444.0,-2880.0,6115.0,-1688.0,4097.0,200737.0
729,-408.0,-27900.0,-6440.0,-2896.0,5852.0,-1483.0,4427.0,200743.0
730,-372.0,-28024.0,-2956.0,-2864.0,6624.0,-1958.0,3592.0,200750.0
731,-2376.0,-20336.0,-596.0,-2880.0,8024.0,-4196.0,3828.0,200756.0
732,-380.0,-12828.0,-1272.0,-2864.0,8059.0,-5404.0,3458.0,200762.0
733,-192.0,-11184.0,-116.0,-2912.0,7957.0,-6123.0,2886.0,200768.0
734,868.0,-8796.0,1384.0,-2880.0,7608.0,-6726.0,2924.0,200774.0
735,2520.0,-6420.0,1996.0,-2912.0,7071.0,-7089.0,2116.0,200779.0
736,3620.0,-3204.0,2396.0,-2864.0,6436.0,-7521.0,1425.0,200785.0
737,4656.0,964.0,2580.0,-2896.0,5358.0,-7779.0,649.0,200792.0
738,5788.0,5048.0,-300.0,-2896.0,3596.0,-7793.0,-94.0,200798.0
739,5852.0,7752.0,-6176.0,-2880.0,1572.0,-7307.0,-509.0,200804.0
740,5904.0,10848.0,-11240.0,-2880.0,-884.0,-7222.0,-1150.0,200810.0
741,7340.0,10252.0,-12604.0,-2896.0,-3838.0,-7745.0,-2224.0,200815.0
742,11924.0,7112.0,-11712.0,-2880.0,-6319.0,-7298.0,-2967.0,200821.0
743,14508.0,4076.0,-9940.0,-2880.0,-8295.0,-4456.0,-2561.0,200827.0
744,12308.0,1032.0,-7944.0,-2864.0,-9835.0,-179.0,-1916.0,200834.0
745,7176.0,-1956.0,-6248.0,-2896.0,-10936.0,3382.0,-1434.0,200840.0
746,1092.0,-4676.0,-3012.0,-2864.0,-11494.0,4851.0,-1219.0,200846.0
747,-2840.0,-6836.0,876.0,-2880.0,-11781.0,4803.0,-1218.0,200852.0
748,-4628.0,-9288.0,4012.0,-2880.0,-11949.0,4071.0,-1742.0,200858.0
749,-5500.0,-11284.0,7380.0,-2880.0,-11919.0,2568.0,-2252.0,200864.0
750,-4840.0,-13304.0,11516.0,-2896.0,-11570.0,957.0,-2884.0,200870.0
751,-464.0,-17080.0,24876.0,-2864.0,-9143.0,-1048.0,-4305.0,200877.0
752,6748.0,-17928.0,32767.0,-2896.0,-6894.0,-4308.0,-6517.0,200883.0
753,8992.0,-26664.0,32767.0,-2864.0,-5978.0,-2109.0,-4833.0,200889.0
754,5916.0,-32768.0,32767.0,-2864.0,-2748.0,3736.0,-1959.0,200895.0
755,1032.0,-31792.0,32767.0,-2848.0,-111.0,7725.0,-775.0,200901.0
756,-8784.0,-23764.0,28336.0,-2864.0,1578.0,9040.0,564.0,200907.0
757,-15672.0,-13388.0,13148.0,-2912.0,878.0,7469.0,556.0,200913.0
758,-9408.0,-7692.0,-1060.0,-2896.0,-275.0,2916.0,-1905.0,200920.0
759,-2948.0,-6632.0,-14396.0,-2864.0,-1609.0,115.0,-2595.0,200926.0
760,1228.0,-13848.0,-20316.0,-2896.0,-2895.0,521.0,-1152.0,200932.0
761,10152.0,-32768.0,-11064.0,-2896.0,-2332.0,1079.0,-2418.0,200938.0
762,14796.0,-32768.0,2988.0,-2864.0,235.0,-1249.0,-4437.0,200944.0
763,7888.0,-32768.0,1472.0,-2880.0,1502.0,-2635.0,-1198.0,200950.0
764,-2352.0,-30524.0,-4392.0,-2864.0,2083.0,-416.0,3491.0,200956.0
765,-7500.0,-8256.0,372.0,-2880.0,1785.0,47.0,2037.0,200963.0
766,-9432.0,-5688.0,8920.0,-2864.0,1443.0,-666.0,-328.0,200968.0
767,-9104.0,-13688.0,13052.0,-2864.0,1417.0,-1692.0,-1336.0,200974.0
768,-6556.0,-16768.0,9024.0,-2880.0,1501.0,-2216.0,-2170.0,200980.0
769,-1332.0,-13152.0,2056.0,-2896.0,1401.0,-2259.0,-2747.0,200986.0
770,6552.0,-13620.0,-1224.0,-2880.0,1137.0,-1359.0,-2522.0,200992.0
771,8932.0,-15780.0,-128.0,-2896.0,1377.0,382.0,-2341.0,200998.0
772,7184.0,-16904.0,2344.0,-2896.0,1365.0,1985.0,-1417.0,201005.0
773,4068.0,-17892.0,3528.0,-2880.0,1028.0,2668.0,-738.0,201011.0
774,808.0,-17756.0,3196.0,-2864.0,727.0,2024.0,-760.0,201017.0
775,-292.0,-16552.0,4060.0,-2864.0,575.0,470.0,-963.0,201023.0
776,-272.0,-15920.0,5460.0,-2912.0,393.0,-665.0,-1239.0,201028.0
777,292.0,-16228.0,4988.0,-2880.0,90.0,-785.0,-1308.0,201034.0
778,1992.0,-16860.0,4876.0,-2864.0,-231.0,-173.0,-1046.0,201040.0
779,3080.0,-17524.0,3288.0,-2880.0,-188.0,1293.0,-808.0,201047.0
780,3916.0,-17580.0,2972.0,-2880.0,-219.0,2347.0,-416.0,201053.0
781,3596.0,-17432.0,3484.0,-2848.0,-386.0,3696.0,-149.0,201058.0
782,1664.0,-17120.0,3136.0,-2912.0,-385.0,4422.0,-132.0,201064.0
783,-212.0,-16860.0,3132.0,-2880.0,-367.0,3830.0,-281.0,201070.0
784,-672.0,-16560.0,3864.0,-2880.0,-507.0,2636.0,-489.0,201076.0
785,800.0,-17108.0,3828.0,-2848.0,-682.0,1824.0,-830.0,201082.0
786,1944.0,-18180.0,2512.0,-2880.0,-644.0,1901.0,-922.0,201089.0
787,3204.0,-18260.0,1900.0,-2912.0,-451.0,2095.0,-597.0,201095.0
788,3132.0,-18604.0,2268.0,-2848.0,-311.0,2909.0,-261.0,201100.0
789,2320.0,-19532.0,2244.0,-2896.0,-70.0,3987.0,-58.0,201106.0
790,1332.0,-20592.0,1936.0,-2912.0,289.0,4702.0,166.0,201112.0
791,900.0,-21120.0,1956.0,-2912.0,608.0,5049.0,367.0,201118.0
792,840.0,-21956.0,1652.0,-2880.0,1040.0,5008.0,429.0,201124.0
793,1000.0,-22756.0,1004.0,-2912.0,1588.0,4632.0,721.0,201129.0
794,1180.0,-23552.0,500.0,-2880.0,2174.0,4319.0,987.0,201136.0
795,1444.0,-24648.0,-88.0,-2880.0,2806.0,4031.0,1294.0,201142.0
796,1720.0,-26128.0,-836.0,-2880.0,3430.0,4000.0,1611.0,201148.0
797,1792.0,-28620.0,-844.0,-2896.0,4127.0,4115.0,2023.0,201154.0
798,260.0,-26692.0,-1604.0,-2864.0,4682.0,3357.0,2680.0,201160.0
799,760.0,-26036.0,-1352.0,-2912.0,4897.0,3187.0,3078.0,201166.0
800,1328.0,-25852.0,-696.0,-2880.0,5474.0,2519.0,2861.0,201172.0
801,1356.0,-25216.0,-256.0,-2864.0,5756.0,2066.0,3213.0,201178.0
802,1104.0,-24452.0,-672.0,-2864.0,5878.0,1612.0,3481.0,201184.0
803,884.0,-22796.0,-504.0,-2864.0,5871.0,1295.0,3659.0,201190.0
804,564.0,-20428.0,-148.0,-2896.0,5809.0,791.0,3678.0,201196.0
805,-32.0,-17720.0,528.0,-2864.0,5603.0,384.0,3740.0,201202.0
806,-716.0,-16188.0,1636.0,-2880.0,5417.0,-36.0,3668.0,201208.0
807,-1196.0,-15096.0,1856.0,-2864.0,5157.0,-558.0,3470.0,201213.0
808,-1500.0,-14432.0,968.0,-2880.0,4578.0,-1254.0,3389.0,201220.0
809,-2232.0,-14240.0,-1232.0,-2848.0,3402.0,-2352.0,3209.0,201226.0
810,-2684.0,-16736.0,-1888.0,-2864.0,2156.0,-4104.0,3105.0,201232.0
811,540.0,-19212.0,-736.0,-2880.0,2013.0,-5089.0,2363.0,201238.0
812,2584.0,-16068.0,4396.0,-2848.0,2949.0,-6077.0,2262.0,201244.0
813,4192.0,-7584.0,3448.0,-2896.0,3428.0,-6389.0,2473.0,201250.0
814,5536.0,-3124.0,3336.0,-2880.0,2975.0,-5657.0,1866.0,201256.0
815,5456.0,-2508.0,5492.0,-2880.0,2683.0,-5243.0,1411.0,201263.0
816,4472.0,-212.0,7480.0,-2832.0,2018.0,-4785.0,1095.0,201268.0
817,2348.0,1424.0,9544.0,-2880.0,1190.0,-5032.0,512.0,201274.0
818,2104.0,3248.0,9164.0,-2880.0,1043.0,-6618.0,-37.0,201280.0
819,2848.0,7688.0,2832.0,-2864.0,-662.0,-8100.0,-648.0,201286.0
820,7128.0,11624.0,-3432.0,-2864.0,-3220.0,-8021.0,-1690.0,201292.0
821,10156.0,11332.0,-6204.0,-2880.0,-5058.0,-6399.0,-2314.0,201298.0
822,9236.0,9056.0,-7168.0,-2880.0,-6980.0,-4231.0,-2289.0,201305.0
823,7268.0,4392.0,-6320.0,-2880.0,-8481.0,-2292.0,-1868.0,201310.0
824,6160.0,688.0,-4124.0,-2864.0,-9306.0,-906.0,-1605.0,201316.0
825,4272.0,-1992.0,-1404.0,-2896.0,-9911.0,-51.0,-1678.0,201322.0
826,2264.0,-4808.0,852.0,-2864.0,-10523.0,936.0,-1266.0,201328.0
827,576.0,-7360.0,2468.0,-2864.0,-11062.0,1704.0,-819.0,201334.0
828,-976.0,-9760.0,3968.0,-2896.0,-11283.0,1760.0,-696.0,201340.0
829,-2684.0,-12280.0,5856.0,-2880.0,-11351.0,1204.0,-563.0,201347.0
830,-3528.0,-14760.0,7496.0,-2864.0,-11175.0,341.0,-451.0,201353.0
831,-3512.0,-17036.0,8624.0,-2864.0,-10791.0,-581.0,-623.0,201359.0
832,-2872.0,-18104.0,9740.0,-2848.0,-10255.0,-1786.0,-1031.0,201364.0
833,-1676.0,-18528.0,10944.0,-2864.0,-9577.0,-3192.0,-1592.0,201370.0
834,72.0,-18508.0,12988.0,-2896.0,-8750.0,-4428.0,-2144.0,201376.0
835,2524.0,-19344.0,17588.0,-2880.0,-7354.0,-4993.0,-2836.0,201382.0
836,6084.0,-19060.0,19720.0,-2864.0,-6129.0,-5422.0,-4116.0,201389.0
837,7860.0,-18316.0,16312.0,-2864.0,-5835.0,-6114.0,-5093.0,201395.0
838,8548.0,-19988.0,15240.0,-2848.0,-5052.0,-4626.0,-3888.0,201401.0
839,8968.0,-21140.0,15940.0,-2896.0,-3616.0,-819.0,-2449.0,201407.0
840,4240.0,-19288.0,14588.0,-2864.0,-2594.0,3244.0,-1692.0,201413.0
841,-164.0,-15536.0,9632.0,-2880.0,-2248.0,5803.0,-828.0,201419.0
842,-2392.0,-9684.0,-1100.0,-2880.0,-3418.0,6635.0,-677.0,201425.0
843,-2632.0,-13880.0,-10160.0,-2864.0,-5107.0,7042.0,-682.0,201432.0
844,6408.0,-32768.0,-18032.0,-2880.0,-6128.0,7798.0,-3828.0,201438.0
845,11080.0,-32768.0,-11656.0,-2864.0,-610.0,8543.0,-5496.0,201444.0
846,1564.0,-32768.0,-24000.0,-2864.0,4868.0,9548.0,0.0,201450.0
847,-8428.0,-31508.0,-14084.0,-2864.0,7592.0,6946.0,6486.0,201456.0
848,-4568.0,6168.0,1324.0,-2880.0,5711.0,5139.0,4995.0,201462.0
849,-2912.0,2344.0,10328.0,-2864.0,3569.0,5000.0,1.0,201468.0
850,-7488.0,-10300.0,13620.0,-2848.0,3160.0,4309.0,-1647.0,201475.0
851,-9736.0,-12284.0,12348.0,-2912.0,3224.0,1707.0,-3230.0,201481.0
852,-9132.0,-5752.0,7732.0,-2864.0,2688.0,-2320.0,-5066.0,201487.0
853,-4300.0,-6328.0,6120.0,-2912.0,1935.0,-4732.0,-4398.0,201493.0
854,1728.0,-13908.0,4056.0,-2896.0,1943.0,-4137.0,-3353.0,201498.0
855,7248.0,-18820.0,96.0,-2848.0,2014.0,-2436.0,-3209.0,201504.0
856,10872.0,-20596.0,-2344.0,-2880.0,1997.0,-892.0,-3096.0,201510.0
857,11512.0,-20504.0,-356.0,-2864.0,1990.0,525.0,-2051.0,201517.0
858,10032.0,-18672.0,2272.0,-2864.0,2084.0,1784.0,-849.0,201523.0
859,6064.0,-16520.0,3196.0,-2880.0,1699.0,3130.0,127.0,201529.0
860,2224.0,-16580.0,2804.0,-2864.0,1339.0,4255.0,279.0,201535.0
861,112.0,-16440.0,3376.0,-2864.0,1195.0,4221.0,339.0,201541.0
862,-276.0,-15616.0,3960.0,-2896.0,1168.0,3710.0,207.0,201547.0
863,-360.0,-15040.0,4068.0,-2880.0,1021.0,2925.0,-143.0,201553.0
864,980.0,-15676.0,3092.0,-2848.0,965.0,2352.0,-276.0,201559.0
865,2148.0,-16408.0,1920.0,-2864.0,1053.0,2350.0,-377.0,201565.0
866,2120.0,-16860.0,1640.0,-2880.0,1109.0,2796.0,-325.0,201571.0
867,872.0,-17036.0,2012.0,-2880.0,1263.0,2647.0,-343.0,201577.0
868,-56.0,-16772.0,2700.0,-2896.0,1285.0,1997.0,-301.0,201583.0
869,-932.0,-17804.0,2644.0,-2880.0,1354.0,1401.0,-438.0,201589.0
870,-856.0,-18168.0,2548.0,-2864.0,1502.0,483.0,-614.0,201595.0
871,716.0,-17656.0,2468.0,-2880.0,1573.0,-353.0,-576.0,201601.0
872,2612.0,-16604.0,2272.0,-2848.0,1685.0,-820.0,-548.0,201607.0
873,4108.0,-15340.0,2308.0,-2880.0,1663.0,-802.0,-483.0,201613.0
874,4796.0,-14544.0,2384.0,-2896.0,1564.0,-423.0,-142.0,201619.0
875,4644.0,-15052.0,2892.0,-2896.0,1513.0,462.0,88.0,201625.0
876,3188.0,-15420.0,2936.0,-2880.0,1481.0,1310.0,232.0,201631.0
877,1496.0,-16188.0,2928.0,-2896.0,1496.0,1850.0,365.0,201636.0
878,728.0,-16840.0,3060.0,-2880.0,1491.0,1853.0,504.0,201643.0
879,872.0,-17248.0,2800.0,-2912.0,1568.0,1565.0,485.0,201649.0
880,1084.0,-17320.0,2392.0,-2864.0,1697.0,1015.0,516.0,201655.0
881,1692.0,-16996.0,2496.0,-2880.0,1817.0,517.0,602.0,201661.0
882,2156.0,-17300.0,2580.0,-2864.0,1907.0,186.0,723.0,201667.0
883,2528.0,-17852.0,2648.0,-2896.0,2042.0,108.0,1006.0,201672.0
884,2420.0,-18636.0,2184.0,-2896.0,2220.0,268.0,1288.0,201678.0
885,2200.0,-18988.0,1568.0,-2912.0,2435.0,453.0,1635.0,201684.0
886,1924.0,-18972.0,2176.0,-2848.0,2568.0,279.0,1989.0,201691.0
887,1720.0,-19884.0,3580.0,-2880.0,2562.0,4.0,2374.0,201697.0
888,976.0,-20048.0,3528.0,-2864.0,2473.0,-318.0,2863.0,201703.0
889,888.0,-20992.0,2780.0,-2864.0,2295.0,-303.0,3264.0,201708.0
890,1168.0,-21540.0,2688.0,-2896.0,2239.0,-663.0,3678.0,201714.0
891,916.0,-21848.0,1260.0,-2912.0,1709.0,-1161.0,4111.0,201720.0
892,-580.0,-24568.0,-2148.0,-2912.0,604.0,-2014.0,4094.0,201726.0
893,-644.0,-28772.0,-1692.0,-2848.0,469.0,-2901.0,3576.0,201733.0
894,2876.0,-27024.0,-956.0,-2880.0,494.0,-2958.0,3560.0,201739.0
895,4184.0,-22820.0,5552.0,-2848.0,2199.0,-2315.0,4341.0,201745.0
896,3748.0,-11336.0,2264.0,-2896.0,2569.0,-734.0,4501.0,201751.0
897,300.0,-10836.0,1980.0,-2912.0,2635.0,-565.0,3865.0,201756.0
898,-64.0,-12644.0,1172.0,-2880.0,2717.0,-1491.0,3375.0,201762.0
899,36.0,-11312.0,1876.0,-2848.0,2526.0,-2449.0,2825.0,201768.0
900,948.0,-8868.0,3068.0,-2848.0,2158.0,-3276.0,2300.0,201775.0
901,1460.0,-7468.0,4356.0,-2912.0,1851.0,-3776.0,1808.0,201781.0
902,1796.0,-6424.0,5200.0,-2880.0,1463.0,-4376.0,1404.0,201787.0
903,2360.0,-4968.0,5064.0,-2848.0,971.0,-4974.0,1020.0,201792.0
904,3000.0,-3152.0,4648.0,-2848.0,507.0,-5429.0,485.0,201798.0
905,4036.0,-912.0,4300.0,-2912.0,-97.0,-5813.0,-38.0,201804.0
906,5400.0,936.0,4408.0,-2880.0,-845.0,-5780.0,-572.0,201810.0
907,5600.0,2248.0,0.0,-2896.0,-2302.0,-4901.0,-963.0,201816.0
908,5688.0,1548.0,-1788.0,-2880.0,-3426.0,-3080.0,-1249.0,201822.0
909,6888.0,384.0,-4840.0,-2880.0,-4616.0,-1817.0,-2002.0,201828.0
910,6524.0,-3460.0,-2420.0,-2880.0,-4849.0,-233.0,-1948.0,201834.0
911,4828.0,-7472.0,2324.0,-2864.0,-4603.0,632.0,-1410.0,201840.0
912,5572.0,-10820.0,7904.0,-2864.0,-4010.0,1552.0,-1874.0,201846.0
913,6228.0,-15428.0,9996.0,-2880.0,-2807.0,3014.0,-3060.0,201852.0
914,6648.0,-18056.0,16332.0,-2896.0,-1163.0,3622.0,-3296.0,201858.0
915,5108.0,-18772.0,21736.0,-2896.0,-500.0,5133.0,-2827.0,201864.0
916,536.0,-21204.0,20796.0,-2864.0,-157.0,7380.0,-2248.0,201870.0
917,-4104.0,-22228.0,14188.0,-2880.0,356.0,7909.0,-1640.0,201876.0
918,-4828.0,-20236.0,6004.0,-2864.0,774.0,7004.0,-1582.0,201882.0
919,-5136.0,-17564.0,-3596.0,-2880.0,473.0,6407.0,-1355.0,201888.0
920,-6120.0,-17056.0,-12924.0,-2864.0,-387.0,5862.0,-400.0,201894.0
921,-4684.0,-21136.0,-16232.0,-2864.0,-898.0,4833.0,-358.0,201901.0
922,308.0,-30912.0,-8528.0,-2848.0,105.0,2433.0,-1605.0,201907.0
923,5472.0,-32768.0,3156.0,-2880.0,1914.0,-33.0,-1971.0,201913.0
924,6420.0,-32768.0,6088.0,-2880.0,2920.0,-497.0,-1076.0,201919.0
925,3108.0,-29896.0,876.0,-2864.0,3323.0,800.0,28.0,201925.0
926,-1124.0,-16588.0,-1240.0,-2848.0,3294.0,1934.0,-100.0,201930.0
927,-4560.0,-10332.0,2556.0,-2864.0,3454.0,1661.0,-981.0,201936.0
928,-5356.0,-9916.0,7600.0,-2896.0,3520.0,399.0,-1697.0,201943.0
929,-4424.0,-11660.0,9336.0,-2864.0,3467.0,-459.0,-2307.0,201949.0
930,-2564.0,-11564.0,8048.0,-2880.0,3231.0,-647.0,-2476.0,201955.0
931,-396.0,-11112.0,5684.0,-2864.0,2830.0,-228.0,-2425.0,201961.0
932,1892.0,-11932.0,4784.0,-2896.0,2347.0,370.0,-2369.0,201967.0
933,3876.0,-14316.0,3804.0,-2896.0,1975.0,580.0,-2255.0,201973.0
934,5200.0,-16720.0,2700.0,-2880.0,1735.0,377.0,-2019.0,201978.0
935,5692.0,-17860.0,2876.0,-2896.0,1571.0,-160.0,-1805.0,201985.0
936,5360.0,-18080.0,3712.0,-2864.0,1350.0,-609.0,-1464.0,201991.0
937,4108.0,-17692.0,4368.0,-2848.0,1093.0,-564.0,-930.0,201997.0
938,1948.0,-16992.0,5052.0,-2912.0,847.0,-184.0,-481.0,202003.0
939,680.0,-16500.0,5460.0,-2880.0,549.0,-29.0,-159.0,202009.0
940,344.0,-16784.0,4968.0,-2864.0,369.0,-16.0,-81.0,202015.0
941,916.0,-16632.0,4556.0,-2864.0,203.0,-119.0,-93.0,202020.0
942,1988.0,-16364.0,4244.0,-2880.0,81.0,-86.0,37.0,202027.0
943,2356.0,-16436.0,4032.0,-2880.0,-15.0,48.0,249.0,202032.0
944,2164.0,-16528.0,4064.0,-2864.0,-54.0,91.0,431.0,202038.0
945,1584.0,-16732.0,4156.0,-2896.0,-55.0,-112.0,490.0,202044.0
946,1152.0,-17140.0,4048.0,-2848.0,-1.0,-497.0,504.0,202049.0
947,1280.0,-17584.0,3728.0,-2864.0,69.0,-883.0,428.0,202055.0
948,1676.0,-17916.0,3356.0,-2880.0,235.0,-1073.0,425.0,202061.0
949,1956.0,-17888.0,3384.0,-2880.0,323.0,-847.0,440.0,202067.0
950,2244.0,-17664.0,3540.0,-2864.0,418.0,-440.0,494.0,202073.0
951,2244.0,-17424.0,3836.0,-2864.0,500.0,-16.0,601.0,202079.0
952,1980.0,-17552.0,3912.0,-2880.0,563.0,461.0,687.0,202085.0
953,1636.0,-18176.0,3864.0,-2864.0,644.0,915.0,725.0,202091.0
954,1288.0,-19028.0,3924.0,-2864.0,801.0,1273.0,750.0,202096.0
955,616.0,-19944.0,3260.0,-2896.0,969.0,1563.0,787.0,202102.0
956,364.0,-20288.0,2188.0,-2880.0,1329.0,1475.0,822.0,202108.0
957,640.0,-19156.0,2096.0,-2880.0,1627.0,911.0,907.0,202115.0
958,1396.0,-18080.0,2840.0,-2864.0,1821.0,304.0,915.0,202121.0
959,2176.0,-17928.0,3432.0,-2864.0,1940.0,-83.0,896.0,202126.0
960,2552.0,-18192.0,3492.0,-2896.0,2064.0,-123.0,949.0,202132.0
961,2568.0,-18304.0,3324.0,-2864.0,2224.0,49.0,1016.0,202138.0
962,1912.0,-17528.0,2364.0,-2848.0,2401.0,206.0,1178.0,202144.0
963,1300.0,-16408.0,1964.0,-2864.0,2470.0,280.0,1387.0,202150.0
964,1536.0,-13992.0,2396.0,-2864.0,2497.0,-41.0,1243.0,202157.0
965,2040.0,-11636.0,3940.0,-2864.0,2319.0,-446.0,995.0,202162.0
966,2108.0,-10176.0,5572.0,-2832.0,2062.0,-729.0,778.0,202168.0
967,2044.0,-9268.0,6212.0,-2896.0,1695.0,-793.0,587.0,202174.0
968,1912.0,-8328.0,6084.0,-2880.0,1287.0,-803.0,365.0,202180.0
969,1636.0,-7572.0,5760.0,-2896.0,862.0,-831.0,252.0,202186.0
970,1768.0,-6940.0,5568.0,-2896.0,462.0,-839.0,132.0,202191.0
971,1856.0,-6460.0,5728.0,-2880.0,50.0,-909.0,62.0,202198.0
972,2360.0,-6316.0,6164.0,-2912.0,-374.0,-1014.0,-94.0,202204.0
973,2948.0,-6640.0,6516.0,-2864.0,-877.0,-1137.0,-250.0,202209.0
974,3580.0,-7260.0,6268.0,-2864.0,-1328.0,-1107.0,-496.0,202215.0
975,4040.0,-8124.0,6004.0,-2832.0,-1695.0,-957.0,-702.0,202221.0
976,3948.0,-9204.0,5716.0,-2864.0,-2188.0,-771.0,-770.0,202227.0
977,3900.0,-10904.0,5204.0,-2864.0,-2584.0,-474.0,-822.0,202233.0
978,3492.0,-12780.0,4796.0,-2864.0,-2885.0,-216.0,-734.0,202238.0
979,2908.0,-14512.0,3932.0,-2864.0,-3038.0,72.0,-693.0,202245.0
980,2220.0,-15612.0,3948.0,-2864.0,-3171.0,136.0,-633.0,202251.0
981,1792.0,-16912.0,3876.0,-2864.0,-3261.0,151.0,-530.0,202257.0
982,652.0,-19304.0,3896.0,-2880.0,-3219.0,203.0,-184.0,202263.0
983,332.0,-21308.0,3596.0,-2832.0,-3081.0,221.0,-162.0,202269.0
984,-216.0,-23304.0,2596.0,-2864.0,-2813.0,-94.0,-119.0,202274.0
985,-508.0,-24292.0,2188.0,-2912.0,-2455.0,-482.0,45.0,202280.0
986,-560.0,-24268.0,2064.0,-2864.0,-2130.0,-851.0,30.0,202287.0
987,16.0,-22892.0,2476.0,-2896.0,-1815.0,-1245.0,20.0,202293.0
988,624.0,-21208.0,2800.0,-2896.0,-1616.0,-1383.0,-87.0,202298.0
989,860.0,-18576.0,3020.0,-2864.0,-1529.0,-1420.0,-239.0,202304.0
990,1272.0,-16476.0,3668.0,-2832.0,-1511.0,-1364.0,-415.0,202310.0
991,1192.0,-14812.0,4216.0,-2848.0,-1605.0,-1158.0,-627.0,202316.0
992,984.0,-13828.0,4416.0,-2864.0,-1788.0,-971.0,-809.0,202322.0
993,1164.0,-13048.0,4684.0,-2896.0,-1975.0,-815.0,-1013.0,202329.0
994,1284.0,-13044.0,4844.0,-2896.0,-2203.0,-663.0,-1187.0,202335.0
995,1640.0,-13576.0,4724.0,-2848.0,-2433.0,-443.0,-1297.0,202340.0
996,2008.0,-14400.0,4480.0,-2896.0,-2659.0,-113.0,-1337.0,202346.0
997,2404.0,-15028.0,4264.0,-2896.0,-2797.0,159.0,-1355.0,202352.0
998,2584.0,-15836.0,4180.0,-2880.0,-2945.0,392.0,-1333.0,202358.0
999,2436.0,-16576.0,4064.0,-2912.0,-3064.0,649.0,-1277.0,202364.0
1000,2172.0,-17320.0,3576.0,-2864.0,-3140.0,899.0,-1304.0,202371.0
1001,1932.0,-17576.0,3020.0,-2880.0,-3128.0,1030.0,-1281.0,202377.0
1002,1436.0,-17452.0,3232.0,-2832.0,-3102.0,1003.0,-1285.0,202383.0
1003,1400.0,-16880.0,3300.0,-2864.0,-3116.0,799.0,-1322.0,202389.0
1004,1632.0,-16256.0,3664.0,-2880.0,-3134.0,593.0,-1417.0,202395.0
1005,1736.0,-15832.0,3580.0,-2864.0,-3219.0,576.0,-1503.0,202401.0
1006,1744.0,-15720.0,3372.0,-2848.0,-3258.0,613.0,-1506.0,202407.0
1007,1788.0,-15732.0,3208.0,-2880.0,-3275.0,638.0,-1487.0,202413.0
1008,1932.0,-15808.0,3284.0,-2864.0,-3264.0,732.0,-1453.0,202419.0
1009,1988.0,-15964.0,3144.0,-2848.0,-3254.0,765.0,-1453.0,202425.0
1010,2048.0,-16228.0,2912.0,-2880.0,-3244.0,798.0,-1454.0,202431.0
1011,2144.0,-16212.0,2828.0,-2864.0,-3207.0,689.0,-1389.0,202437.0
1012,2360.0,-16052.0,2824.0,-2896.0,-3168.0,498.0,-1320.0,202443.0
1013,2584.0,-15864.0,3052.0,-2880.0,-3170.0,409.0,-1297.0,202449.0
1014,2536.0,-15736.0,2896.0,-2864.0,-3155.0,358.0,-1274.0,202456.0
1015,2376.0,-15648.0,2980.0,-2864.0,-3168.0,416.0,-1224.0,202462.0
1016,2256.0,-15780.0,2800.0,-2848.0,-3153.0,477.0,-1138.0,202468.0
1017,2208.0,-15880.0,2852.0,-2864.0,-3121.0,439.0,-1100.0,202474.0
1018,2364.0,-15880.0,2640.0,-2864.0,-3092.0,388.0,-1036.0,202479.0
1019,2240.0,-16052.0,2792.0,-2848.0,-3055.0,384.0,-1020.0,202485.0
1020,2364.0,-16124.0,2844.0,-2848.0,-3078.0,358.0,-962.0,202491.0
1021,2400.0,-16268.0,2496.0,-2896.0,-3026.0,350.0,-879.0,202498.0
1022,2308.0,-16096.0,2404.0,-2864.0,-2998.0,255.0,-817.0,202504.0
1023,2324.0,-16088.0,2304.0,-2864.0,-2945.0,120.0,-748.0,202510.0
1024,2556.0,-16056.0,2356.0,-2896.0,-2858.0,-133.0,-685.0,202516.0
1025,2720.0,-15972.0,2396.0,-2832.0,-2869.0,-183.0,-614.0,202522.0
1026,2688.0,-15940.0,2124.0,-2864.0,-2827.0,-181.0,-584.0,202527.0
1027,2644.0,-15812.0,2048.0,-2848.0,-2738.0,-208.0,-594.0,202533.0
1028,2344.0,-15540.0,2444.0,-2848.0,-2716.0,-341.0,-579.0,202540.0
1029,2240.0,-15788.0,2544.0,-2880.0,-2727.0,-374.0,-554.0,202546.0
1030,2160.0,-16196.0,2408.0,-2912.0,-2705.0,-337.0,-522.0,202552.0
1031,2344.0,-16192.0,2148.0,-2864.0,-2650.0,-360.0,-531.0,202558.0
1032,2372.0,-16268.0,2024.0,-2864.0,-2587.0,-399.0,-538.0,202564.0
1033,2600.0,-16532.0,1952.0,-2864.0,-2542.0,-379.0,-588.0,202569.0
1034,2464.0,-17020.0,1676.0,-2880.0,-2379.0,-387.0,-664.0,202575.0
1035,2480.0,-16460.0,1788.0,-2848.0,-2299.0,-475.0,-641.0,202582.0
1036,2792.0,-16388.0,1900.0,-2848.0,-2236.0,-432.0,-626.0,202588.0
1037,2732.0,-16468.0,1892.0,-2880.0,-2159.0,-228.0,-617.0,202594.0
1038,2476.0,-16476.0,1736.0,-2864.0,-2083.0,-35.0,-616.0,202600.0
1039,2412.0,-16220.0,1908.0,-2848.0,-2065.0,24.0,-677.0,202606.0
1040,2452.0,-16328.0,2096.0,-2880.0,-2055.0,126.0,-738.0,202611.0
1041,2336.0,-16348.0,1944.0,-2848.0,-2038.0,307.0,-765.0,202617.0
1042,2392.0,-16424.0,1868.0,-2880.0,-2022.0,507.0,-774.0,202624.0
1043,2448.0,-16360.0,1964.0,-2864.0,-1981.0,674.0,-823.0,202630.0
1044,2628.0,-16176.0,1912.0,-2864.0,-1982.0,722.0,-874.0,202636.0
1045,2616.0,-16208.0,2024.0,-2864.0,-2018.0,907.0,-893.0,202642.0
1046,2664.0,-16096.0,2000.0,-2864.0,-2051.0,1061.0,-898.0,202648.0
1047,2368.0,-15964.0,2028.0,-2880.0,-2121.0,1210.0,-893.0,202653.0
1048,2340.0,-15892.0,2260.0,-2864.0,-2161.0,1230.0,-879.0,202659.0
1049,1956.0,-15700.0,2440.0,-2864.0,-2244.0,1017.0,-1096.0,202665.0
1050,2304.0,-15556.0,2388.0,-2880.0,-2413.0,809.0,-966.0,202672.0
1051,2632.0,-15980.0,2404.0,-2880.0,-2500.0,919.0,-966.0,202678.0
1052,2640.0,-16392.0,1972.0,-2848.0,-2487.0,1046.0,-929.0,202684.0
1053,2636.0,-16608.0,1492.0,-2832.0,-2431.0,988.0,-923.0,202690.0
1054,2680.0,-16256.0,1384.0,-2864.0,-2420.0,822.0,-863.0,202696.0
1055,2820.0,-16136.0,1488.0,-2864.0,-2371.0,673.0,-825.0,202701.0
1056,2916.0,-16104.0,1496.0,-2896.0,-2357.0,531.0,-799.0,202707.0
1057,2888.0,-15984.0,1548.0,-2864.0,-2331.0,434.0,-708.0,202714.0
1058,2712.0,-15892.0,1572.0,-2864.0,-2281.0,310.0,-738.0,202720.0
1059,2532.0,-15964.0,1784.0,-2864.0,-2283.0,211.0,-735.0,202726.0
1060,2392.0,-16228.0,1600.0,-2864.0,-2253.0,234.0,-779.0,202732.0
1061,2476.0,-16380.0,1184.0,-2864.0,-2147.0,260.0,-786.0,202738.0
1062,2640.0,-16268.0,1264.0,-2816.0,-2116.0,237.0,-792.0,202743.0
1063,2712.0,-16228.0,1236.0,-2912.0,-2074.0,127.0,-794.0,202749.0
1064,2888.0,-16284.0,1248.0,-2880.0,-2001.0,37.0,-781.0,202756.0
1065,2972.0,-16236.0,1284.0,-2864.0,-1978.0,-32.0,-757.0,202762.0
1066,2804.0,-16228.0,1160.0,-2864.0,-1960.0,15.0,-730.0,202768.0
1067,2740.0,-16228.0,1204.0,-2864.0,-1884.0,92.0,-729.0,202773.0
1068,2552.0,-16428.0,1204.0,-2880.0,-1805.0,142.0,-729.0,202779.0
1069,2536.0,-16360.0,1056.0,-2880.0,-1717.0,102.0,-718.0,202785.0
1070,2752.0,-16360.0,884.0,-2880.0,-1629.0,99.0,-756.0,202791.0
1071,2896.0,-16252.0,1000.0,-2896.0,-1572.0,68.0,-783.0,202798.0
1072,3028.0,-16232.0,932.0,-2864.0,-1510.0,-3.0,-757.0,202803.0
1073,2900.0,-16324.0,920.0,-2832.0,-1457.0,54.0,-724.0,202809.0
1074,3020.0,-16140.0,1256.0,-2864.0,-1443.0,51.0,-730.0,202815.0
1075,2972.0,-16288.0,1320.0,-2832.0,-1484.0,43.0,-704.0,202821.0
1076,2760.0,-16284.0,1384.0,-2880.0,-1493.0,87.0,-659.0,202826.0
1077,2832.0,-16404.0,1144.0,-2880.0,-1433.0,198.0,-676.0,202832.0
1078,2964.0,-16380.0,1112.0,-2880.0,-1377.0,243.0,-639.0,202839.0
1079,3108.0,-16412.0,1060.0,-2880.0,-1291.0,283.0,-623.0,202845.0
1080,3124.0,-16268.0,1056.0,-2880.0,-1181.0,380.0,-580.0,202851.0
1081,3080.0,-16700.0,532.0,-2848.0,-1016.0,565.0,-553.0,202857.0
1082,3212.0,-16640.0,288.0,-2880.0,-837.0,614.0,-460.0,202862.0
1083,3180.0,-16496.0,200.0,-2864.0,-657.0,549.0,-408.0,202868.0
1084,2832.0,-16512.0,-284.0,-2848.0,-355.0,219.0,-593.0,202874.0
1085,3304.0,-15888.0,484.0,-2896.0,-291.0,-270.0,-275.0,202881.0
1086,3780.0,-16300.0,504.0,-2864.0,-143.0,-344.0,-131.0,202886.0
1087,3512.0,-16436.0,612.0,-2848.0,-14.0,-223.0,-47.0,202892.0
1088,3280.0,-16352.0,860.0,-2880.0,87.0,-247.0,8.0,202898.0
1089,3248.0,-16240.0,744.0,-2848.0,160.0,-339.0,76.0,202903.0
1090,3496.0,-16484.0,896.0,-2864.0,266.0,-230.0,149.0,202909.0
1091,3456.0,-16868.0,700.0,-2848.0,452.0,71.0,222.0,202915.0
1092,3384.0,-16912.0,516.0,-2848.0,654.0,329.0,325.0,202920.0
1093,3072.0,-17000.0,256.0,-2864.0,881.0,466.0,437.0,202927.0
1094,3152.0,-16664.0,64.0,-2848.0,1072.0,434.0,522.0,202933.0
1095,3172.0,-16408.0,472.0,-2896.0,1230.0,240.0,543.0,202938.0
1096,3032.0,-16256.0,860.0,-2848.0,1311.0,13.0,553.0,202944.0
1097,2768.0,-16132.0,1208.0,-2896.0,1331.0,-183.0,552.0,202950.0
1098,2672.0,-16056.0,1524.0,-2864.0,1296.0,-324.0,520.0,202956.0
1099,2584.0,-15952.0,1796.0,-2864.0,1227.0,-349.0,495.0,202961.0
1100,2640.0,-16004.0,1844.0,-2864.0,1141.0,-323.0,457.0,202968.0
1101,2760.0,-15952.0,1700.0,-2832.0,1033.0,-216.0,409.0,202974.0
1102,2772.0,-15876.0,1668.0,-2832.0,913.0,-68.0,390.0,202980.0
1103,2796.0,-15868.0,1928.0,-2880.0,774.0,7.0,369.0,202986.0
1104,2556.0,-15824.0,2036.0,-2848.0,628.0,91.0,337.0,202991.0
1105,2328.0,-15856.0,2004.0,-2864.0,477.0,145.0,256.0,202997.0
1106,1968.0,-16008.0,1988.0,-2880.0,312.0,200.0,166.0,203003.0
1107,1736.0,-15988.0,2044.0,-2864.0,168.0,201.0,45.0,203010.0
1108,1872.0,-16116.0,1964.0,-2864.0,59.0,134.0,-80.0,203015.0
1109,2032.0,-16084.0,1832.0,-2832.0,-56.0,-2.0,-156.0,203021.0
1110,2416.0,-16044.0,1516.0,-2816.0,-143.0,-76.0,-271.0,203026.0
1111,2668.0,-15816.0,1632.0,-2832.0,-262.0,-126.0,-341.0,203032.0
1112,2620.0,-15832.0,1784.0,-2880.0,-356.0,-113.0,-398.0,203038.0
1113,2552.0,-15852.0,1828.0,-2816.0,-472.0,-119.0,-417.0,203044.0
1114,2384.0,-16012.0,1528.0,-2848.0,-582.0,-50.0,-490.0,203051.0
1115,2404.0,-15916.0,1496.0,-2864.0,-648.0,-78.0,-554.0,203056.0
1116,2564.0,-15876.0,1456.0,-2832.0,-722.0,-195.0,-585.0,203062.0
1117,2824.0,-15972.0,1360.0,-2880.0,-781.0,-223.0,-618.0,203068.0
1118,2828.0,-16020.0,1496.0,-2848.0,-854.0,-198.0,-635.0,203074.0
1119,2836.0,-16152.0,1440.0,-2864.0,-850.0,-194.0,-633.0,203080.0
1120,2816.0,-16176.0,1416.0,-2832.0,-830.0,-129.0,-659.0,203085.0
1121,2940.0,-16172.0,1096.0,-2864.0,-739.0,-61.0,-699.0,203091.0
1122,2924.0,-16212.0,1268.0,-2864.0,-650.0,-41.0,-700.0,203098.0
1123,2916.0,-16084.0,1236.0,-2880.0,-625.0,-24.0,-684.0,203104.0
1124,2880.0,-16368.0,1228.0,-2832.0,-501.0,50.0,-702.0,203109.0
1125,2848.0,-16476.0,864.0,-2832.0,-363.0,132.0,-696.0,203115.0
1126,3020.0,-16328.0,536.0,-2880.0,-191.0,88.0,-685.0,203121.0
1127,3100.0,-16252.0,664.0,-2864.0,-33.0,-30.0,-689.0,203127.0
1128,3328.0,-16480.0,472.0,-2864.0,147.0,-160.0,-586.0,203132.0
1129,3484.0,-16632.0,448.0,-2848.0,309.0,-219.0,-489.0,203139.0
1130,3664.0,-16444.0,856.0,-2864.0,435.0,-235.0,-409.0,203145.0
1131,3508.0,-16508.0,940.0,-2848.0,569.0,-309.0,-284.0,203150.0
1132,3464.0,-16448.0,948.0,-2880.0,700.0,-366.0,-129.0,203156.0
1133,3544.0,-16404.0,676.0,-2864.0,760.0,-372.0,-7.0,203162.0
1134,3784.0,-16372.0,660.0,-2864.0,807.0,-440.0,147.0,203167.0
1135,3800.0,-16192.0,784.0,-2848.0,878.0,-511.0,223.0,203173.0
1136,3680.0,-16076.0,1172.0,-2832.0,902.0,-665.0,385.0,203180.0
1137,3468.0,-16076.0,1388.0,-2896.0,874.0,-681.0,501.0,203186.0
1138,3236.0,-16324.0,1308.0,-2848.0,893.0,-563.0,541.0,203191.0
1139,3280.0,-16380.0,1384.0,-2880.0,972.0,-487.0,511.0,203197.0
1140,3280.0,-16316.0,1164.0,-2864.0,1116.0,-420.0,443.0,203203.0
1141,3188.0,-16224.0,1408.0,-2864.0,1169.0,-395.0,403.0,203209.0
1142,3080.0,-15804.0,1804.0,-2864.0,1095.0,-329.0,393.0,203215.0
1143,2812.0,-15776.0,2092.0,-2864.0,932.0,-119.0,403.0,203220.0
1144,2528.0,-15976.0,2196.0,-2832.0,820.0,104.0,334.0,203227.0
1145,2264.0,-16412.0,1892.0,-2880.0,759.0,339.0,250.0,203233.0
1146,2480.0,-16496.0,1844.0,-2848.0,782.0,276.0,129.0,203239.0
1147,2568.0,-16064.0,1820.0,-2864.0,718.0,310.0,42.0,203245.0
1148,2408.0,-15864.0,2104.0,-2848.0,533.0,261.0,-48.0,203250.0
1149,2456.0,-15888.0,2148.0,-2896.0,406.0,239.0,-116.0,203256.0
1150,2472.0,-15980.0,1772.0,-2848.0,373.0,256.0,-216.0,203262.0
1151,2504.0,-15900.0,1860.0,-2880.0,348.0,126.0,-267.0,203268.0
1152,2680.0,-15940.0,1884.0,-2864.0,224.0,85.0,-326.0,203274.0
1153,2672.0,-15780.0,1968.0,-2880.0,97.0,181.0,-402.0,203280.0
1154,2828.0,-15984.0,1672.0,-2896.0,41.0,265.0,-437.0,203286.0
1155,2844.0,-16168.0,1608.0,-2848.0,26.0,370.0,-464.0,203291.0
1156,3120.0,-16324.0,1508.0,-2864.0,79.0,439.0,-457.0,203297.0
1157,3340.0,-16284.0,1088.0,-2848.0,236.0,370.0,-497.0,203303.0
1158,3100.0,-15988.0,1220.0,-2848.0,261.0,242.0,-449.0,203310.0
1159,2852.0,-15872.0,1308.0,-2864.0,323.0,297.0,-481.0,203315.0
1160,2616.0,-15944.0,1480.0,-2864.0,383.0,277.0,-521.0,203321.0
1161,2648.0,-16028.0,1632.0,-2864.0,428.0,258.0,-541.0,203327.0
1162,2788.0,-16096.0,1348.0,-2880.0,489.0,230.0,-560.0,203333.0
1163,3200.0,-16072.0,1244.0,-2848.0,591.0,202.0,-575.0,203338.0
1164,3596.0,-16080.0,1108.0,-2832.0,732.0,208.0,-547.0,203344.0
1165,3620.0,-16200.0,892.0,-2864.0,909.0,205.0,-465.0,203351.0
1166,3644.0,-16328.0,1040.0,-2864.0,1058.0,257.0,-390.0,203357.0
1167,3476.0,-16232.0,1040.0,-2864.0,1175.0,322.0,-288.0,203362.0
1168,3280.0,-16452.0,1120.0,-2864.0,1316.0,371.0,-191.0,203368.0
1169,3316.0,-16684.0,1228.0,-2864.0,1444.0,334.0,-97.0,203374.0
1170,3372.0,-16688.0,1124.0,-2864.0,1602.0,279.0,-47.0,203380.0
1171,3592.0,-16512.0,1160.0,-2864.0,1710.0,161.0,44.0,203386.0
1172,3512.0,-16392.0,1596.0,-2848.0,1776.0,50.0,104.0,203392.0
1173,3492.0,-15860.0,1900.0,-2864.0,1726.0,-18.0,247.0,203398.0
1174,3140.0,-15900.0,2208.0,-2864.0,1610.0,-56.0,265.0,203404.0
1175,2844.0,-15680.0,2612.0,-2864.0,1445.0,-74.0,238.0,203410.0
1176,2676.0,-15648.0,2772.0,-2880.0,1234.0,-121.0,241.0,203415.0
1177,2612.0,-15608.0,2832.0,-2848.0,983.0,-86.0,208.0,203421.0
1178,2388.0,-15812.0,2980.0,-2864.0,762.0,26.0,92.0,203427.0
1179,2276.0,-15964.0,2888.0,-2880.0,589.0,144.0,27.0,203433.0
1180,2356.0,-16080.0,2460.0,-2832.0,429.0,132.0,-10.0,203439.0
1181,2284.0,-16132.0,2412.0,-2896.0,317.0,-62.0,-58.0,203445.0
1182,2436.0,-15720.0,2544.0,-2880.0,160.0,-216.0,-159.0,203451.0
1183,2352.0,-15820.0,2488.0,-2848.0,8.0,-330.0,-266.0,203457.0
1184,2428.0,-15732.0,2424.0,-2864.0,-68.0,-448.0,-318.0,203462.0
1185,2468.0,-15640.0,2192.0,-2848.0,-187.0,-556.0,-334.0,203468.0
1186,2476.0,-15592.0,2192.0,-2848.0,-322.0,-700.0,-409.0,203474.0
1187,2764.0,-15696.0,2388.0,-2880.0,-412.0,-795.0,-418.0,203481.0
1188,2860.0,-15800.0,2300.0,-2832.0,-482.0,-769.0,-414.0,203486.0
1189,3088.0,-16012.0,2148.0,-2864.0,-476.0,-752.0,-417.0,203492.0
1190,3100.0,-16004.0,1840.0,-2864.0,-469.0,-735.0,-414.0,203498.0
1191,3056.0,-16164.0,1596.0,-2896.0,-401.0,-756.0,-412.0,203504.0
1192,2984.0,-16076.0,1364.0,-2832.0,-283.0,-767.0,-415.0,203510.0
1193,2900.0,-16180.0,1388.0,-2832.0,-190.0,-764.0,-481.0,203515.0
1194,3044.0,-16176.0,1428.0,-2832.0,-87.0,-860.0,-507.0,203522.0
1195,3120.0,-15740.0,1508.0,-2848.0,-13.0,-964.0,-483.0,203528.0
1196,3376.0,-16180.0,1656.0,-2864.0,135.0,-928.0,-520.0,203534.0
1197,3460.0,-16252.0,1376.0,-2864.0,254.0,-846.0,-521.0,203540.0
1198,3264.0,-16268.0,1388.0,-2864.0,401.0,-682.0,-499.0,203545.0
1199,3292.0,-16256.0,1364.0,-2848.0,519.0,-510.0,-477.0,203551.0
1200,3308.0,-16164.0,1536.0,-2880.0,615.0,-445.0,-465.0,203557.0
1201,3476.0,-16100.0,1524.0,-2832.0,670.0,-411.0,-414.0,203564.0
1202,3512.0,-16096.0,1792.0,-2832.0,725.0,-415.0,-387.0,203569.0
1203,3472.0,-16040.0,1892.0,-2832.0,751.0,-353.0,-326.0,203575.0
1204,3448.0,-16180.0,1780.0,-2832.0,814.0,-271.0,-269.0,203581.0
1205,3596.0,-16268.0,1724.0,-2880.0,967.0,-260.0,-231.0,203587.0
1206,3856.0,-16128.0,1516.0,-2848.0,1049.0,-306.0,-143.0,203593.0
1207,4076.0,-16008.0,1328.0,-2848.0,1205.0,-338.0,-26.0,203598.0
1208,4444.0,-15936.0,1292.0,-2880.0,1366.0,-312.0,130.0,203604.0
1209,4196.0,-16256.0,1300.0,-2848.0,1578.0,-178.0,193.0,203611.0
1210,3792.0,-15992.0,1140.0,-2848.0,1772.0,-173.0,282.0,203617.0
1211,3428.0,-16240.0,1344.0,-2880.0,1943.0,-229.0,414.0,203623.0
1212,3440.0,-16352.0,1416.0,-2864.0,2103.0,-304.0,456.0,203628.0
1213,3540.0,-16728.0,1640.0,-2832.0,2280.0,-337.0,569.0,203634.0
1214,3784.0,-16640.0,1580.0,-2880.0,2404.0,-413.0,706.0,203640.0
1215,3828.0,-16500.0,1772.0,-2896.0,2474.0,-556.0,862.0,203646.0
1216,3940.0,-16204.0,2336.0,-2864.0,2512.0,-696.0,1020.0,203653.0
1217,4004.0,-15924.0,2412.0,-2880.0,2445.0,-730.0,1172.0,203659.0
1218,4008.0,-15712.0,2736.0,-2880.0,2369.0,-651.0,1304.0,203665.0
1219,3692.0,-15752.0,2840.0,-2864.0,2291.0,-464.0,1341.0,203670.0
1220,3164.0,-15876.0,2888.0,-2864.0,2150.0,-223.0,1383.0,203676.0
1221,2732.0,-15920.0,2832.0,-2864.0,1992.0,-91.0,1400.0,203682.0
1222,2636.0,-15892.0,3124.0,-2896.0,1836.0,-141.0,1300.0,203688.0
1223,2408.0,-15580.0,3352.0,-2832.0,1642.0,-190.0,1252.0,203695.0
1224,2160.0,-15568.0,3564.0,-2848.0,1389.0,-259.0,1096.0,203701.0
1225,1732.0,-15720.0,3484.0,-2832.0,1154.0,-314.0,937.0,203707.0
1226,1504.0,-15576.0,3660.0,-2864.0,927.0,-462.0,789.0,203712.0
1227,1536.0,-15560.0,3392.0,-2848.0,725.0,-675.0,559.0,203718.0
1228,1744.0,-15636.0,3332.0,-2880.0,510.0,-830.0,384.0,203724.0
1229,1976.0,-15792.0,3240.0,-2864.0,321.0,-809.0,232.0,203730.0
1230,2088.0,-15812.0,3224.0,-2864.0,170.0,-713.0,106.0,203737.0
1231,2140.0,-15936.0,2932.0,-2864.0,78.0,-767.0,-26.0,203742.0
1232,2252.0,-15836.0,2880.0,-2864.0,-21.0,-820.0,-128.0,203748.0
1233,2568.0,-15732.0,2656.0,-2832.0,-81.0,-886.0,-200.0,203754.0
1234,2984.0,-15700.0,2840.0,-2848.0,-166.0,-941.0,-307.0,203759.0
1235,3048.0,-15656.0,2704.0,-2880.0,-281.0,-1016.0,-366.0,203765.0
1236,3220.0,-15720.0,2828.0,-2848.0,-305.0,-941.0,-411.0,203771.0
1237,3528.0,-15576.0,2640.0,-2848.0,-356.0,-820.0,-464.0,203778.0
1238,3520.0,-15580.0,2504.0,-2848.0,-367.0,-669.0,-462.0,203784.0
1239,3560.0,-15744.0,2448.0,-2880.0,-373.0,-470.0,-448.0,203790.0
1240,3524.0,-15576.0,2304.0,-2848.0,-356.0,-273.0,-494.0,203795.0
1241,3288.0,-15680.0,2192.0,-2848.0,-329.0,-124.0,-513.0,203801.0
1242,2968.0,-15908.0,2396.0,-2864.0,-301.0,76.0,-593.0,203807.0
1243,2660.0,-16140.0,2468.0,-2864.0,-221.0,103.0,-660.0,203813.0
1244,2700.0,-16244.0,2436.0,-2848.0,-152.0,61.0,-707.0,203820.0
1245,2908.0,-16172.0,2168.0,-2880.0,-63.0,-50.0,-706.0,203825.0
1246,3236.0,-15952.0,2120.0,-2848.0,-22.0,-146.0,-724.0,203831.0
1247,3360.0,-15736.0,2408.0,-2864.0,24.0,-286.0,-735.0,203837.0
1248,3520.0,-15812.0,2524.0,-2864.0,51.0,-344.0,-737.0,203842.0
1249,3644.0,-15764.0,2276.0,-2880.0,92.0,-307.0,-700.0,203848.0
1250,3736.0,-15668.0,2356.0,-2864.0,137.0,-235.0,-647.0,203854.0
1251,3884.0,-15636.0,2292.0,-2864.0,153.0,-110.0,-611.0,203860.0
1252,3732.0,-15812.0,2380.0,-2864.0,188.0,35.0,-551.0,203866.0
1253,3444.0,-15936.0,2428.0,-2880.0,212.0,138.0,-526.0,203872.0
1254,3180.0,-16000.0,2320.0,-2896.0,268.0,273.0,-498.0,203878.0
1255,3156.0,-16168.0,2468.0,-2832.0,349.0,288.0,-483.0,203884.0
1256,3192.0,-16192.0,2308.0,-2848.0,403.0,197.0,-478.0,203889.0
1257,3124.0,-16440.0,2356.0,-2848.0,487.0,126.0,-450.0,203895.0
1258,3140.0,-16664.0,2444.0,-2864.0,541.0,-73.0,-374.0,203901.0
1259,3412.0,-16836.0,2168.0,-2832.0,636.0,-167.0,-281.0,203908.0
1260,3532.0,-16564.0,2176.0,-2848.0,782.0,-291.0,-140.0,203914.0
