id,AcX,AcY,AcZ,Tmp,GyX,GyY,GyZ,Timer
0,4232.0,-16284.0,484.0,-2816.0,5416.0,1514.0,739.0,141673.0
1,4324.0,-16532.0,-36.0,-2832.0,5543.0,1861.0,721.0,141678.0
2,4740.0,-16072.0,-380.0,-2800.0,5670.0,2138.0,723.0,141684.0
3,4972.0,-15616.0,348.0,-2800.0,5685.0,2335.0,744.0,141690.0
4,4876.0,-15624.0,896.0,-2800.0,5587.0,2704.0,819.0,141697.0
5,4432.0,-15904.0,928.0,-2800.0,5498.0,3054.0,946.0,141703.0
6,4000.0,-15940.0,696.0,-2800.0,5430.0,3183.0,995.0,141708.0
7,3968.0,-15776.0,676.0,-2800.0,5359.0,3016.0,1075.0,141714.0
8,3708.0,-15568.0,800.0,-2800.0,5219.0,2805.0,1110.0,141720.0
9,3708.0,-15716.0,1312.0,-2800.0,5189.0,2582.0,1065.0,141726.0
10,3596.0,-15964.0,1144.0,-2816.0,5145.0,2416.0,1218.0,141732.0
11,3732.0,-16020.0,980.0,-2768.0,5181.0,2333.0,1120.0,141739.0
12,3712.0,-15920.0,1212.0,-2800.0,5135.0,2218.0,1129.0,141745.0
13,3760.0,-16008.0,1436.0,-2816.0,5107.0,2121.0,1072.0,141751.0
14,3764.0,-15900.0,1540.0,-2800.0,5052.0,2096.0,1088.0,141756.0
15,4004.0,-15964.0,1492.0,-2800.0,5011.0,2198.0,1088.0,141762.0
16,4000.0,-15956.0,1496.0,-2784.0,4955.0,2323.0,1072.0,141768.0
17,3936.0,-16140.0,1544.0,-2800.0,4913.0,2457.0,1105.0,141774.0
18,3452.0,-16200.0,1672.0,-2784.0,4945.0,2627.0,1066.0,141780.0
19,3952.0,-16132.0,1568.0,-2784.0,5034.0,2759.0,1132.0,141787.0
20,3240.0,-16036.0,1792.0,-2800.0,5037.0,2921.0,1020.0,141793.0
21,3388.0,-16064.0,1780.0,-2816.0,5078.0,2845.0,1032.0,141799.0
22,3392.0,-16204.0,1876.0,-2800.0,5129.0,2820.0,942.0,141805.0
23,3180.0,-16276.0,1836.0,-2768.0,5167.0,2863.0,886.0,141811.0
24,3056.0,-16204.0,2028.0,-2800.0,5160.0,2841.0,866.0,141817.0
25,3044.0,-16296.0,1924.0,-2816.0,5184.0,2799.0,823.0,141822.0
26,2924.0,-16088.0,2132.0,-2784.0,5145.0,2638.0,767.0,141829.0
27,3132.0,-16252.0,2200.0,-2784.0,5187.0,2417.0,719.0,141835.0
28,3496.0,-16424.0,2224.0,-2800.0,5232.0,2349.0,639.0,141841.0
29,3672.0,-16336.0,2504.0,-2864.0,5232.0,2422.0,662.0,141847.0
30,3876.0,-16440.0,2588.0,-2800.0,5252.0,2589.0,689.0,141853.0
31,3968.0,-16680.0,2452.0,-2800.0,5301.0,2822.0,839.0,141859.0
32,3824.0,-16684.0,2348.0,-2816.0,5400.0,3026.0,945.0,141864.0
33,3852.0,-16660.0,2640.0,-2816.0,5459.0,3041.0,1009.0,141871.0
34,4060.0,-16736.0,2468.0,-2832.0,5628.0,2986.0,1131.0,141877.0
35,4304.0,-16736.0,2600.0,-2816.0,5788.0,2983.0,1252.0,141883.0
36,3900.0,-16532.0,2436.0,-2784.0,5964.0,3107.0,1420.0,141889.0
37,3476.0,-16728.0,2248.0,-2800.0,6218.0,3128.0,1603.0,141895.0
38,3224.0,-16804.0,2576.0,-2784.0,6448.0,2920.0,1800.0,141901.0
39,3180.0,-17176.0,2664.0,-2800.0,6698.0,2627.0,1964.0,141907.0
40,3568.0,-17252.0,2676.0,-2848.0,6917.0,2284.0,2211.0,141914.0
41,3856.0,-17344.0,2848.0,-2816.0,7121.0,2027.0,2373.0,141920.0
42,3996.0,-17488.0,3224.0,-2800.0,7318.0,1835.0,2688.0,141925.0
43,4364.0,-17760.0,3216.0,-2784.0,7486.0,1927.0,2842.0,141931.0
44,4496.0,-18548.0,3748.0,-2800.0,7663.0,2136.0,3148.0,141937.0
45,4668.0,-17388.0,3224.0,-2800.0,7710.0,2277.0,3257.0,141943.0
46,4360.0,-18052.0,3508.0,-2784.0,7857.0,2689.0,3737.0,141949.0
47,4384.0,-18788.0,4400.0,-2768.0,8056.0,3126.0,3849.0,141956.0
48,4016.0,-18728.0,4224.0,-2784.0,8171.0,3321.0,4143.0,141962.0
49,4276.0,-18792.0,3748.0,-2784.0,8333.0,3511.0,4300.0,141968.0
50,4320.0,-19184.0,3608.0,-2800.0,8487.0,3703.0,4546.0,141974.0
51,4192.0,-19880.0,3780.0,-2784.0,8660.0,4002.0,4772.0,141980.0
52,4152.0,-20380.0,3600.0,-2832.0,8876.0,4324.0,4940.0,141986.0
53,4004.0,-20760.0,3448.0,-2800.0,9098.0,4619.0,5127.0,141992.0
54,3756.0,-21392.0,3620.0,-2800.0,9449.0,4972.0,5427.0,141998.0
55,2176.0,-21980.0,4116.0,-2800.0,9668.0,5330.0,5909.0,142004.0
56,1300.0,-23208.0,5000.0,-2816.0,9865.0,5085.0,6621.0,142010.0
57,1820.0,-24596.0,4740.0,-2800.0,10171.0,4426.0,7088.0,142016.0
58,3868.0,-25048.0,3204.0,-2816.0,10557.0,4047.0,7137.0,142022.0
59,5920.0,-24752.0,2132.0,-2768.0,11040.0,4310.0,7013.0,142028.0
60,6720.0,-24680.0,1924.0,-2784.0,11502.0,5183.0,7051.0,142034.0
61,6116.0,-25316.0,2028.0,-2800.0,12012.0,6366.0,7303.0,142041.0
62,4300.0,-26020.0,1856.0,-2800.0,12616.0,7297.0,7712.0,142047.0
63,2736.0,-26432.0,1724.0,-2816.0,13302.0,7737.0,8109.0,142053.0
64,1720.0,-26692.0,1268.0,-2832.0,13858.0,7740.0,8478.0,142059.0
65,1540.0,-26956.0,968.0,-2784.0,14532.0,7537.0,8863.0,142065.0
66,1688.0,-27212.0,564.0,-2800.0,15170.0,7341.0,9347.0,142071.0
67,2120.0,-27828.0,108.0,-2784.0,15815.0,7076.0,9876.0,142077.0
68,3000.0,-28824.0,-428.0,-2784.0,16435.0,6704.0,10238.0,142084.0
69,4256.0,-29624.0,136.0,-2800.0,17174.0,6179.0,10376.0,142090.0
70,5996.0,-29588.0,-2000.0,-2768.0,17578.0,6019.0,10447.0,142096.0
71,8068.0,-29484.0,-3508.0,-2832.0,17804.0,6189.0,9986.0,142102.0
72,9832.0,-30268.0,-6012.0,-2784.0,17869.0,7359.0,9708.0,142108.0
73,10696.0,-31644.0,-9344.0,-2800.0,18028.0,8694.0,9749.0,142114.0
74,10256.0,-30944.0,-12220.0,-2800.0,17967.0,9720.0,10106.0,142120.0
75,8040.0,-28152.0,-15388.0,-2816.0,17528.0,10347.0,10429.0,142127.0
76,5904.0,-24808.0,-16216.0,-2784.0,16873.0,9669.0,10641.0,142133.0
77,5016.0,-20976.0,-16220.0,-2768.0,15830.0,8327.0,10732.0,142139.0
78,4068.0,-17396.0,-13896.0,-2832.0,14616.0,7145.0,10874.0,142145.0
79,3016.0,-15640.0,-10512.0,-2832.0,13342.0,5875.0,11038.0,142151.0
80,1844.0,-15120.0,-5760.0,-2800.0,12154.0,4329.0,11145.0,142157.0
81,1024.0,-15928.0,-564.0,-2832.0,11465.0,2070.0,10869.0,142163.0
82,492.0,-17896.0,3932.0,-2800.0,10848.0,-149.0,10149.0,142170.0
83,464.0,-19472.0,5060.0,-2800.0,10156.0,-2189.0,9117.0,142176.0
84,-60.0,-21508.0,4896.0,-2832.0,9741.0,-5023.0,7983.0,142182.0
85,860.0,-23124.0,5760.0,-2800.0,9557.0,-6781.0,7356.0,142188.0
86,956.0,-24680.0,5340.0,-2800.0,10455.0,-6723.0,6850.0,142194.0
87,792.0,-23836.0,2932.0,-2816.0,11261.0,-6166.0,6726.0,142200.0
88,1736.0,-20160.0,976.0,-2800.0,11519.0,-6780.0,7033.0,142206.0
89,4416.0,-16072.0,1980.0,-2784.0,11463.0,-8104.0,7020.0,142213.0
90,7104.0,-12092.0,2476.0,-2816.0,11252.0,-8529.0,6599.0,142219.0
91,8312.0,-9976.0,3748.0,-2768.0,10854.0,-7329.0,5693.0,142225.0
92,9252.0,-6784.0,3416.0,-2784.0,9566.0,-4738.0,4760.0,142231.0
93,7316.0,-5292.0,2732.0,-2800.0,7448.0,-1840.0,4461.0,142237.0
94,4796.0,-5136.0,776.0,-2800.0,4734.0,89.0,4599.0,142243.0
95,4036.0,-5572.0,-1324.0,-2784.0,2765.0,569.0,4407.0,142248.0
96,4848.0,-5452.0,-3720.0,-2816.0,1207.0,473.0,4066.0,142255.0
97,6604.0,-5000.0,-3788.0,-2784.0,-268.0,773.0,3638.0,142261.0
98,8288.0,-7316.0,-668.0,-2784.0,-175.0,2134.0,2879.0,142267.0
99,6356.0,-6928.0,-5508.0,-2784.0,-615.0,3483.0,2256.0,142272.0
100,2716.0,-5696.0,-5968.0,-2784.0,-1749.0,4798.0,2256.0,142278.0
101,1112.0,-4304.0,-8840.0,-2816.0,-3043.0,4863.0,2324.0,142284.0
102,2896.0,-1704.0,-7056.0,-2800.0,-5023.0,2745.0,1399.0,142290.0
103,4164.0,1000.0,-7084.0,-2784.0,-7862.0,1168.0,-16.0,142297.0
104,4240.0,1756.0,-7200.0,-2800.0,-10599.0,1305.0,-1017.0,142303.0
105,3920.0,428.0,-6944.0,-2784.0,-12702.0,1449.0,-1983.0,142309.0
106,3880.0,-1136.0,-6600.0,-2800.0,-14231.0,1204.0,-3049.0,142315.0
107,3676.0,-1856.0,-6360.0,-2816.0,-15710.0,962.0,-3872.0,142321.0
108,3404.0,-2376.0,-6172.0,-2832.0,-17240.0,436.0,-4539.0,142326.0
109,3492.0,-3200.0,-5780.0,-2800.0,-18851.0,3.0,-5161.0,142332.0
110,2836.0,-3948.0,-6176.0,-2800.0,-20371.0,-562.0,-5720.0,142339.0
111,2404.0,-5300.0,-5344.0,-2784.0,-21757.0,-819.0,-6264.0,142345.0
112,1840.0,-6196.0,-4628.0,-2800.0,-23167.0,-1001.0,-6870.0,142351.0
113,1532.0,-6892.0,-4100.0,-2784.0,-24519.0,-1345.0,-7461.0,142357.0
114,1276.0,-7700.0,-3760.0,-2816.0,-25771.0,-1852.0,-8033.0,142363.0
115,1068.0,-8328.0,-3448.0,-2800.0,-26864.0,-2579.0,-8600.0,142369.0
116,1088.0,-8996.0,-3232.0,-2784.0,-27916.0,-3392.0,-9172.0,142375.0
117,1256.0,-9264.0,-3332.0,-2800.0,-29017.0,-4165.0,-9806.0,142382.0
118,1540.0,-10092.0,-3232.0,-2800.0,-30259.0,-4902.0,-10448.0,142388.0
119,2196.0,-11244.0,-2836.0,-2832.0,-31394.0,-5440.0,-11018.0,142394.0
120,2796.0,-12608.0,-2708.0,-2800.0,-32412.0,-5802.0,-11532.0,142400.0
121,3624.0,-13680.0,-2312.0,-2832.0,-32768.0,-5986.0,-11921.0,142406.0
122,4424.0,-15028.0,-1572.0,-2832.0,-32768.0,-5869.0,-12352.0,142412.0
123,5104.0,-15944.0,-716.0,-2800.0,-32768.0,-5537.0,-12644.0,142418.0
124,5868.0,-16828.0,-448.0,-2816.0,-32768.0,-4897.0,-13002.0,142425.0
125,6844.0,-17816.0,-28.0,-2784.0,-32768.0,-3982.0,-13276.0,142431.0
126,7592.0,-19320.0,300.0,-2832.0,-32768.0,-2757.0,-13708.0,142437.0
127,8172.0,-21172.0,652.0,-2816.0,-32768.0,-1196.0,-14176.0,142443.0
128,8148.0,-22608.0,892.0,-2816.0,-32768.0,340.0,-14557.0,142449.0
129,8008.0,-24244.0,1168.0,-2832.0,-32768.0,1793.0,-14865.0,142455.0
130,7676.0,-25708.0,1480.0,-2816.0,-32768.0,3164.0,-15039.0,142462.0
131,7072.0,-27168.0,1828.0,-2832.0,-32768.0,4345.0,-15193.0,142469.0
132,6304.0,-28416.0,2876.0,-2768.0,-32768.0,5224.0,-15326.0,142475.0
133,5324.0,-29524.0,3600.0,-2784.0,-32768.0,5994.0,-15564.0,142481.0
134,4656.0,-30524.0,4056.0,-2800.0,-32768.0,6679.0,-15924.0,142487.0
135,3880.0,-31172.0,4220.0,-2800.0,-32768.0,7114.0,-16354.0,142493.0
136,2776.0,-31548.0,4564.0,-2816.0,-32768.0,7167.0,-16775.0,142499.0
137,1776.0,-31504.0,4808.0,-2832.0,-32768.0,6723.0,-17155.0,142507.0
138,768.0,-31840.0,5288.0,-2800.0,-32768.0,5964.0,-17404.0,142513.0
139,-824.0,-31908.0,5936.0,-2832.0,-32768.0,5153.0,-17517.0,142519.0
140,-2752.0,-31852.0,6708.0,-2784.0,-32768.0,4347.0,-17416.0,142525.0
141,-4248.0,-31884.0,7548.0,-2800.0,-31893.0,3400.0,-17090.0,142531.0
142,-5524.0,-32004.0,8824.0,-2816.0,-30804.0,2209.0,-16525.0,142537.0
143,-5960.0,-31816.0,9880.0,-2784.0,-29536.0,755.0,-15773.0,142544.0
144,-6532.0,-31476.0,10924.0,-2816.0,-28214.0,-661.0,-14817.0,142551.0
145,-6860.0,-31204.0,12172.0,-2816.0,-26714.0,-1932.0,-13752.0,142557.0
146,-7104.0,-30824.0,13396.0,-2800.0,-25012.0,-3081.0,-12749.0,142563.0
147,-7064.0,-30148.0,15112.0,-2816.0,-23197.0,-4243.0,-11915.0,142570.0
148,-6248.0,-29524.0,16684.0,-2816.0,-21342.0,-5404.0,-11406.0,142576.0
149,-5280.0,-28936.0,18064.0,-2768.0,-19313.0,-6199.0,-11019.0,142583.0
150,-4508.0,-28588.0,19700.0,-2816.0,-17149.0,-6291.0,-10557.0,142589.0
151,-4372.0,-28100.0,21232.0,-2816.0,-14764.0,-5789.0,-9810.0,142596.0
152,-4452.0,-27340.0,22664.0,-2784.0,-12170.0,-4834.0,-8638.0,142603.0
153,-5488.0,-26196.0,23680.0,-2816.0,-9605.0,-3982.0,-7012.0,142609.0
154,-4848.0,-25164.0,23632.0,-2816.0,-6905.0,-2636.0,-5243.0,142615.0
155,-6280.0,-24672.0,23564.0,-2832.0,-4102.0,-1557.0,-3674.0,142621.0
156,-8060.0,-24232.0,23652.0,-2816.0,-1198.0,-1306.0,-1818.0,142628.0
157,-8564.0,-23784.0,23688.0,-2784.0,1699.0,-1832.0,128.0,142635.0
158,-8172.0,-23208.0,22544.0,-2800.0,4214.0,-2580.0,1246.0,142641.0
159,-8084.0,-22784.0,21420.0,-2800.0,6556.0,-3343.0,2009.0,142647.0
160,-7684.0,-22360.0,19584.0,-2832.0,8674.0,-4246.0,2668.0,142653.0
161,-7556.0,-22084.0,18492.0,-2800.0,10597.0,-5281.0,3196.0,142659.0
162,-7392.0,-21676.0,17032.0,-2800.0,12287.0,-6332.0,3638.0,142665.0
163,-7232.0,-20912.0,15120.0,-2816.0,13701.0,-7405.0,4034.0,142671.0
164,-7084.0,-20140.0,13768.0,-2784.0,15029.0,-8420.0,4472.0,142679.0
165,-6712.0,-19536.0,12276.0,-2832.0,16079.0,-9429.0,4872.0,142685.0
166,-6124.0,-18904.0,10900.0,-2768.0,16922.0,-10456.0,5235.0,142691.0
167,-4956.0,-17640.0,8620.0,-2832.0,17451.0,-11664.0,5350.0,142697.0
168,-3384.0,-11584.0,776.0,-2816.0,16482.0,-12589.0,4844.0,142703.0
169,11496.0,3272.0,-32768.0,-2800.0,6632.0,-11649.0,493.0,142709.0
170,32767.0,2980.0,-32768.0,-2832.0,-13007.0,-10104.0,-19047.0,142715.0
171,32767.0,-32768.0,-32768.0,-2800.0,-829.0,-26149.0,-28543.0,142723.0
172,15304.0,-32768.0,-9008.0,-2848.0,14976.0,-18485.0,9565.0,142729.0
173,-7240.0,-29976.0,21828.0,-2800.0,15439.0,18568.0,19688.0,142735.0
174,-32768.0,-32768.0,32767.0,-2800.0,17787.0,29419.0,18205.0,142741.0
175,-32768.0,-32768.0,32767.0,-2816.0,19092.0,18439.0,9520.0,142748.0
176,-32768.0,-32768.0,8088.0,-2800.0,14940.0,2307.0,389.0,142754.0
177,-11132.0,-19568.0,-13872.0,-2800.0,12337.0,-9316.0,-4128.0,142760.0
178,16596.0,-14760.0,-8936.0,-2816.0,14726.0,-18527.0,-4523.0,142767.0
179,29704.0,-12708.0,6360.0,-2816.0,17950.0,-19613.0,-2579.0,142774.0
180,16952.0,-11904.0,10128.0,-2800.0,15789.0,-6951.0,-521.0,142780.0
181,2976.0,-13336.0,1424.0,-2832.0,13032.0,1537.0,1824.0,142786.0
182,5948.0,-13708.0,-2100.0,-2832.0,12079.0,-247.0,1137.0,142792.0
183,9532.0,-17172.0,-364.0,-2816.0,13147.0,-3646.0,-633.0,142798.0
184,9492.0,-19416.0,-1172.0,-2800.0,14099.0,-2209.0,1491.0,142804.0
185,10552.0,-18940.0,-1892.0,-2816.0,14155.0,1831.0,3712.0,142811.0
186,8700.0,-17916.0,-1228.0,-2816.0,14069.0,4836.0,4121.0,142817.0
187,3284.0,-15548.0,-652.0,-2800.0,13661.0,7038.0,3889.0,142823.0
188,-1664.0,-12928.0,244.0,-2832.0,12555.0,7199.0,2525.0,142829.0
189,-1704.0,-13232.0,104.0,-2848.0,11479.0,4660.0,1308.0,142835.0
190,1388.0,-15120.0,-672.0,-2800.0,11034.0,1874.0,1233.0,142841.0
191,4256.0,-16096.0,-588.0,-2816.0,10912.0,840.0,1811.0,142848.0
192,5088.0,-15780.0,-304.0,-2816.0,10564.0,1653.0,2185.0,142854.0
193,4044.0,-14796.0,24.0,-2832.0,9974.0,3254.0,2014.0,142860.0
194,2800.0,-14236.0,624.0,-2848.0,9183.0,4088.0,1571.0,142865.0
195,1988.0,-14968.0,412.0,-2848.0,8542.0,4067.0,1374.0,142871.0
196,1616.0,-15736.0,104.0,-2800.0,8118.0,3751.0,1220.0,142877.0
197,516.0,-16104.0,-172.0,-2832.0,7834.0,3292.0,904.0,142883.0
198,-248.0,-15968.0,-320.0,-2800.0,7637.0,2266.0,416.0,142889.0
199,-72.0,-15824.0,-160.0,-2800.0,7397.0,1057.0,-73.0,142896.0
200,1140.0,-16060.0,324.0,-2816.0,7155.0,383.0,-506.0,142902.0
201,2956.0,-16076.0,248.0,-2816.0,6929.0,215.0,-810.0,142907.0
202,4780.0,-15532.0,68.0,-2832.0,6723.0,435.0,-773.0,142913.0
203,6128.0,-14916.0,272.0,-2832.0,6468.0,995.0,-699.0,142919.0
204,6564.0,-14680.0,424.0,-2800.0,6235.0,1704.0,-448.0,142925.0
205,6536.0,-14344.0,908.0,-2800.0,5904.0,2577.0,-252.0,142931.0
206,5828.0,-14736.0,1244.0,-2800.0,5488.0,3492.0,42.0,142937.0
207,5024.0,-15244.0,444.0,-2800.0,5152.0,4169.0,153.0,142943.0
208,4240.0,-15008.0,436.0,-2800.0,4813.0,4423.0,162.0,142949.0
209,3724.0,-15152.0,332.0,-2800.0,4473.0,4302.0,98.0,142955.0
210,3292.0,-15676.0,476.0,-2800.0,4215.0,4105.0,84.0,142961.0
211,2900.0,-16200.0,220.0,-2800.0,4008.0,4047.0,27.0,142966.0
212,2816.0,-16340.0,124.0,-2816.0,3884.0,3989.0,-107.0,142972.0
213,2704.0,-16276.0,140.0,-2816.0,3761.0,3712.0,-280.0,142979.0
214,2520.0,-16488.0,216.0,-2816.0,3681.0,3440.0,-388.0,142985.0
215,2740.0,-16456.0,152.0,-2784.0,3634.0,3011.0,-461.0,142991.0
216,2996.0,-16092.0,200.0,-2816.0,3593.0,2637.0,-562.0,142997.0
217,3508.0,-15992.0,340.0,-2848.0,3532.0,2302.0,-639.0,143002.0
218,3796.0,-16072.0,584.0,-2816.0,3465.0,2049.0,-660.0,143008.0
219,4208.0,-16312.0,560.0,-2848.0,3440.0,1961.0,-627.0,143014.0
220,4652.0,-16224.0,348.0,-2784.0,3475.0,1847.0,-549.0,143021.0
221,4928.0,-15864.0,256.0,-2816.0,3486.0,1827.0,-453.0,143027.0
222,4904.0,-15716.0,492.0,-2848.0,3546.0,1812.0,-371.0,143032.0
223,4852.0,-15864.0,588.0,-2816.0,3585.0,1884.0,-276.0,143038.0
224,4816.0,-15924.0,632.0,-2816.0,3624.0,1960.0,-192.0,143044.0
225,4780.0,-15812.0,696.0,-2848.0,3634.0,1991.0,-116.0,143050.0
226,4772.0,-15940.0,880.0,-2816.0,3645.0,2108.0,1.0,143056.0
227,4480.0,-16184.0,920.0,-2800.0,3688.0,2221.0,157.0,143063.0
228,4368.0,-16200.0,844.0,-2800.0,3715.0,2346.0,251.0,143068.0
229,4384.0,-16360.0,856.0,-2832.0,3777.0,2375.0,316.0,143074.0
230,4508.0,-16280.0,840.0,-2800.0,3859.0,2369.0,418.0,143080.0
231,4648.0,-16288.0,928.0,-2800.0,3910.0,2372.0,507.0,143086.0
232,4764.0,-16264.0,832.0,-2816.0,3955.0,2387.0,602.0,143092.0
233,4728.0,-16264.0,904.0,-2816.0,4036.0,2428.0,743.0,143097.0
234,4576.0,-16420.0,924.0,-2848.0,4163.0,2505.0,887.0,143104.0
235,4484.0,-16320.0,1096.0,-2784.0,4254.0,2580.0,924.0,143110.0
236,4316.0,-16500.0,1076.0,-2816.0,4332.0,2582.0,1014.0,143116.0
237,4160.0,-16480.0,1188.0,-2800.0,4434.0,2670.0,1079.0,143122.0
238,4136.0,-16672.0,1280.0,-2848.0,4532.0,2677.0,1123.0,143128.0
239,4240.0,-16396.0,1412.0,-2832.0,4658.0,2541.0,1169.0,143134.0
240,4552.0,-16332.0,1312.0,-2832.0,4763.0,2510.0,1214.0,143140.0
241,4444.0,-16256.0,1488.0,-2848.0,4878.0,2535.0,1371.0,143145.0
242,4096.0,-16316.0,1400.0,-2832.0,5023.0,2559.0,1486.0,143152.0
243,4068.0,-16424.0,1376.0,-2832.0,5125.0,2555.0,1528.0,143158.0
244,4816.0,-16508.0,1528.0,-2816.0,5236.0,2547.0,1462.0,143164.0
245,5412.0,-17140.0,1700.0,-2800.0,5290.0,2716.0,1415.0,143170.0
246,7032.0,-15860.0,1084.0,-2816.0,5325.0,2945.0,886.0,143176.0
247,5072.0,-16704.0,1868.0,-2816.0,5408.0,3295.0,1666.0,143182.0
248,4348.0,-16972.0,2416.0,-2832.0,5477.0,4071.0,1489.0,143188.0
249,3304.0,-16868.0,2368.0,-2816.0,5567.0,4141.0,1549.0,143195.0
250,3320.0,-16916.0,2264.0,-2800.0,5727.0,4232.0,1531.0,143201.0
251,3356.0,-16960.0,2024.0,-2800.0,5829.0,4383.0,1457.0,143207.0
252,3484.0,-16896.0,2100.0,-2816.0,6033.0,4508.0,1425.0,143212.0
253,3164.0,-16708.0,2284.0,-2800.0,6235.0,4595.0,1451.0,143218.0
254,3020.0,-16816.0,2148.0,-2832.0,6473.0,4555.0,1499.0,143224.0
255,1524.0,-17688.0,2352.0,-2816.0,6579.0,4568.0,2118.0,143230.0
256,5304.0,-16044.0,2956.0,-2832.0,6998.0,4492.0,2066.0,143237.0
257,240.0,-17348.0,2596.0,-2848.0,7215.0,4240.0,1612.0,143243.0
258,3228.0,-17988.0,2320.0,-2816.0,7577.0,3223.0,2799.0,143249.0
259,3012.0,-17896.0,2572.0,-2800.0,7841.0,3321.0,2832.0,143255.0
260,2748.0,-17988.0,2940.0,-2816.0,8147.0,3231.0,2892.0,143261.0
261,2300.0,-18184.0,2912.0,-2848.0,8471.0,2835.0,3068.0,143267.0
262,2500.0,-18360.0,2996.0,-2800.0,8771.0,NaN,-3175.0,148090.0
263,-392.0,-11356.0,12040.0,-2848.0,-13877.0,-7705.0,-3175.0,148090.0
264,-392.0,-11356.0,12040.0,-2848.0,-13877.0,-7705.0,-3175.0,148090.0
265,-392.0,-11356.0,12040.0,-2848.0,-13877.0,-7705.0,-3175.0,148090.0
266,1392.0,-12408.0,12740.0,-2848.0,-13521.0,-8565.0,-3253.0,148097.0
267,2804.0,-12660.0,13840.0,-2848.0,-12996.0,-8689.0,-3393.0,148103.0
268,3816.0,-12284.0,13996.0,-2848.0,-12590.0,-8492.0,-3610.0,148109.0
269,5160.0,-12176.0,13920.0,-2880.0,-12305.0,-7861.0,-3746.0,148115.0
270,5876.0,-13196.0,13912.0,-2848.0,-11963.0,-6549.0,-3604.0,148121.0
271,5824.0,-13304.0,13416.0,-2848.0,-11763.0,-4825.0,-3295.0,148127.0
272,8840.0,-13372.0,13972.0,-2864.0,-11404.0,-2203.0,-2629.0,148133.0
273,10176.0,-13916.0,16532.0,-2848.0,-10479.0,1037.0,-2973.0,148140.0
274,12436.0,-13080.0,19908.0,-2848.0,-9422.0,2931.0,-4022.0,148146.0
275,13548.0,-14492.0,21136.0,-2848.0,-8681.0,4593.0,-4155.0,148152.0
276,12112.0,-14120.0,21216.0,-2864.0,-8191.0,7666.0,-2842.0,148158.0
277,6756.0,-32768.0,29616.0,-2880.0,-6790.0,9067.0,-2271.0,148164.0
278,-5228.0,-32768.0,32767.0,-2832.0,-1895.0,12405.0,-532.0,148170.0
279,-29472.0,-32768.0,-24888.0,-2864.0,-910.0,22019.0,6894.0,148176.0
280,-30428.0,-32768.0,-32768.0,-2864.0,1270.0,15439.0,5938.0,148183.0
281,-7840.0,-2588.0,-29024.0,-2848.0,1932.0,4371.0,-494.0,148190.0
282,12368.0,452.0,-748.0,-2880.0,5238.0,-2481.0,-5170.0,148196.0
283,17516.0,-6904.0,8288.0,-2880.0,5506.0,-4735.0,-2807.0,148202.0
284,6180.0,-12920.0,12212.0,-2864.0,4920.0,-1921.0,3395.0,148207.0
285,-6120.0,-6216.0,12240.0,-2864.0,3998.0,-733.0,2473.0,148213.0
286,-8292.0,-4668.0,11388.0,-2832.0,2033.0,-1661.0,-1948.0,148219.0
287,-7512.0,-16048.0,5988.0,-2864.0,1529.0,-3036.0,-3268.0,148226.0
288,-4196.0,-21648.0,1484.0,-2864.0,2540.0,-3397.0,-2968.0,148232.0
289,2192.0,-20300.0,1284.0,-2832.0,3929.0,-5447.0,-3362.0,148239.0
290,7756.0,-17576.0,3260.0,-2816.0,4268.0,-6207.0,-2426.0,148244.0
291,11844.0,-16996.0,3248.0,-2864.0,3545.0,-4500.0,-978.0,148250.0
292,13612.0,-17592.0,2292.0,-2816.0,3059.0,-1718.0,0.0,148256.0
293,10388.0,-17176.0,1868.0,-2880.0,3127.0,2040.0,1337.0,148262.0
294,4224.0,-16116.0,3288.0,-2848.0,2999.0,6187.0,2235.0,148269.0
295,-1476.0,-15412.0,4284.0,-2864.0,2557.0,7689.0,1749.0,148275.0
296,-4704.0,-15264.0,4640.0,-2880.0,2190.0,6578.0,1067.0,148281.0
297,-5436.0,-15632.0,4564.0,-2864.0,1993.0,5028.0,502.0,148287.0
298,-3976.0,-16080.0,3424.0,-2832.0,1904.0,3221.0,-573.0,148293.0
299,-1028.0,-16380.0,3176.0,-2848.0,1664.0,1054.0,-1074.0,148299.0
300,2284.0,-17240.0,2696.0,-2864.0,1566.0,15.0,-911.0,148305.0
301,3612.0,-17928.0,2572.0,-2832.0,1602.0,180.0,-558.0,148312.0
302,2696.0,-18448.0,2296.0,-2864.0,1867.0,926.0,-333.0,148318.0
303,736.0,-18396.0,1968.0,-2832.0,2147.0,1100.0,-367.0,148323.0
304,592.0,-16980.0,2880.0,-2880.0,2245.0,587.0,-543.0,148329.0
305,1704.0,-16536.0,3116.0,-2864.0,2221.0,517.0,-567.0,148335.0
306,3124.0,-17484.0,2520.0,-2880.0,2356.0,794.0,-426.0,148341.0
307,4264.0,-18188.0,1992.0,-2848.0,2563.0,1404.0,-120.0,148347.0
308,4528.0,-18884.0,1504.0,-2832.0,2911.0,2461.0,429.0,148354.0
309,4848.0,-19636.0,956.0,-2848.0,3358.0,3635.0,909.0,148360.0
310,4904.0,-20420.0,812.0,-2848.0,3940.0,4523.0,1248.0,148365.0
311,4536.0,-21528.0,480.0,-2848.0,4581.0,5009.0,1580.0,148371.0
312,4068.0,-24352.0,192.0,-2864.0,5299.0,5212.0,1816.0,148377.0
313,2696.0,-27096.0,832.0,-2832.0,5727.0,5192.0,2354.0,148383.0
314,1700.0,-28552.0,1864.0,-2816.0,6198.0,4913.0,3296.0,148389.0
315,2564.0,-30740.0,5512.0,-2864.0,7165.0,4591.0,3753.0,148396.0
316,2408.0,-24988.0,60.0,-2848.0,6725.0,3929.0,4076.0,148402.0
317,1420.0,-29236.0,-1824.0,-2880.0,6687.0,4654.0,5201.0,148408.0
318,-800.0,-32264.0,-3568.0,-2864.0,6942.0,4224.0,5934.0,148414.0
319,-4432.0,-32768.0,-6580.0,-2864.0,6534.0,2705.0,6809.0,148420.0
320,-4032.0,-32320.0,-6812.0,-2832.0,5807.0,377.0,6922.0,148425.0
321,-1352.0,-32380.0,5396.0,-2848.0,8249.0,-1590.0,6441.0,148431.0
322,-1912.0,-13184.0,2148.0,-2864.0,9138.0,-3960.0,7422.0,148438.0
323,-904.0,-6232.0,2832.0,-2880.0,8667.0,-4062.0,5791.0,148444.0
324,-2040.0,-8504.0,4424.0,-2848.0,8084.0,-4435.0,5778.0,148450.0
325,-1844.0,-10140.0,4292.0,-2832.0,7714.0,-5025.0,5279.0,148456.0
326,-2608.0,-9364.0,4456.0,-2848.0,7524.0,-5718.0,4713.0,148462.0
327,-3032.0,-5776.0,3172.0,-2864.0,6885.0,-6741.0,4365.0,148468.0
328,-2436.0,-2724.0,1196.0,-2832.0,6052.0,-8026.0,3945.0,148474.0
329,-668.0,1268.0,92.0,-2880.0,5190.0,-9307.0,3439.0,148481.0
330,764.0,4304.0,-884.0,-2864.0,3776.0,-10049.0,2853.0,148487.0
331,-320.0,8160.0,-8156.0,-2832.0,790.0,-9972.0,2968.0,148492.0
332,-2448.0,8992.0,-10552.0,-2832.0,-1561.0,-9900.0,2796.0,148498.0
333,-3192.0,9516.0,-12700.0,-2848.0,-4059.0,-12653.0,1369.0,148504.0
334,1420.0,7632.0,-12136.0,-2848.0,-6826.0,-15404.0,450.0,148510.0
335,7624.0,4272.0,-10384.0,-2832.0,-8994.0,-15931.0,-441.0,148516.0
336,12144.0,1380.0,-8564.0,-2848.0,-10712.0,-15199.0,-1005.0,148523.0
337,14720.0,-1104.0,-6756.0,-2816.0,-12325.0,-12830.0,-1047.0,148529.0
338,14508.0,-4744.0,-3900.0,-2848.0,-13586.0,-9185.0,-854.0,148535.0
339,12280.0,-7864.0,-672.0,-2864.0,-14407.0,-5406.0,-488.0,148541.0
340,8776.0,-10344.0,2580.0,-2848.0,-14798.0,-2077.0,-125.0,148547.0
341,5128.0,-12188.0,5584.0,-2864.0,-14865.0,223.0,251.0,148553.0
342,1556.0,-13920.0,8392.0,-2880.0,-14903.0,2059.0,986.0,148559.0
343,-2356.0,-16636.0,11296.0,-2832.0,-14567.0,3304.0,1477.0,148566.0
344,-5028.0,-18612.0,14052.0,-2832.0,-13740.0,2850.0,1211.0,148572.0
345,-5240.0,-19248.0,16120.0,-2864.0,-12656.0,704.0,-464.0,148578.0
346,-3012.0,-20212.0,18996.0,-2848.0,-11350.0,-2265.0,257.0,148584.0
347,3760.0,-20932.0,22364.0,-2864.0,-9685.0,-4166.0,-1702.0,148590.0
348,6784.0,-21712.0,24292.0,-2864.0,-8097.0,-4758.0,-2330.0,148596.0
349,9352.0,-25132.0,28128.0,-2832.0,-6071.0,-3554.0,-2681.0,148602.0
350,10668.0,-31848.0,32767.0,-2816.0,-2595.0,-2275.0,-2905.0,148609.0
351,8620.0,-32768.0,32767.0,-2880.0,81.0,171.0,-2725.0,148615.0
352,456.0,-32768.0,16164.0,-2848.0,897.0,2836.0,-1117.0,148621.0
353,-2544.0,-31364.0,-6380.0,-2864.0,452.0,5266.0,-107.0,148627.0
354,-3592.0,-22532.0,-24632.0,-2832.0,-328.0,5996.0,-189.0,148633.0
355,-2048.0,-16384.0,-28424.0,-2848.0,-603.0,4290.0,-480.0,148639.0
356,5968.0,-19204.0,-16404.0,-2864.0,522.0,2480.0,-1387.0,148644.0
357,10720.0,-21584.0,1236.0,-2848.0,2516.0,2025.0,-950.0,148651.0
358,7464.0,-20896.0,10884.0,-2832.0,2679.0,4114.0,1230.0,148657.0
359,-2156.0,-18808.0,12704.0,-2848.0,2311.0,6682.0,1974.0,148663.0
360,-7948.0,-15500.0,9920.0,-2832.0,2200.0,6572.0,275.0,148669.0
361,-9980.0,-11944.0,6448.0,-2848.0,2173.0,4181.0,-1971.0,148675.0
362,-8692.0,-10904.0,5192.0,-2832.0,2037.0,1260.0,-2371.0,148681.0
363,-4076.0,-14196.0,3624.0,-2816.0,2167.0,-392.0,-2076.0,148687.0
364,-64.0,-15960.0,2704.0,-2832.0,2355.0,-857.0,-2227.0,148694.0
365,3268.0,-16324.0,2172.0,-2864.0,2218.0,-531.0,-2249.0,148700.0
366,5648.0,-16444.0,2100.0,-2848.0,1899.0,177.0,-2090.0,148706.0
367,6784.0,-16288.0,2444.0,-2848.0,1539.0,858.0,-1697.0,148712.0
368,6612.0,-15828.0,2644.0,-2832.0,1172.0,1584.0,-1199.0,148718.0
369,5056.0,-15396.0,2740.0,-2864.0,926.0,2404.0,-856.0,148724.0
370,2232.0,-15136.0,3000.0,-2848.0,807.0,2881.0,-752.0,148729.0
371,308.0,-15076.0,3776.0,-2848.0,664.0,2680.0,-768.0,148736.0
372,-664.0,-15436.0,4000.0,-2848.0,427.0,2224.0,-828.0,148742.0
373,-188.0,-15860.0,4124.0,-2848.0,307.0,1747.0,-867.0,148748.0
374,752.0,-16516.0,3196.0,-2816.0,275.0,1693.0,-762.0,148754.0
375,1424.0,-17000.0,2876.0,-2832.0,380.0,1690.0,-715.0,148759.0
376,1344.0,-16788.0,2100.0,-2848.0,390.0,2003.0,-594.0,148765.0
377,1096.0,-16840.0,2200.0,-2848.0,406.0,1887.0,-628.0,148771.0
378,688.0,-16908.0,2832.0,-2864.0,420.0,1426.0,-626.0,148777.0
379,516.0,-16620.0,3224.0,-2816.0,380.0,852.0,-663.0,148784.0
380,404.0,-16576.0,3208.0,-2832.0,350.0,339.0,-777.0,148790.0
381,808.0,-16376.0,3092.0,-2864.0,342.0,-114.0,-818.0,148795.0
382,1332.0,-16192.0,3064.0,-2864.0,307.0,-310.0,-780.0,148801.0
383,1912.0,-16096.0,3072.0,-2848.0,276.0,-298.0,-707.0,148807.0
384,2480.0,-16144.0,2904.0,-2912.0,291.0,-30.0,-571.0,148813.0
385,2712.0,-16076.0,2780.0,-2832.0,232.0,303.0,-400.0,148818.0
386,2892.0,-16180.0,3072.0,-2864.0,194.0,522.0,-254.0,148825.0
387,2804.0,-15984.0,3248.0,-2880.0,151.0,697.0,-111.0,148831.0
388,2480.0,-16068.0,3308.0,-2848.0,78.0,788.0,-44.0,148837.0
389,2452.0,-16056.0,3268.0,-2880.0,35.0,871.0,20.0,148842.0
390,2388.0,-16144.0,2496.0,-2832.0,47.0,988.0,39.0,148848.0
391,2292.0,-15948.0,2076.0,-2832.0,119.0,1136.0,101.0,148854.0
392,2216.0,-15384.0,2604.0,-2832.0,106.0,1093.0,140.0,148859.0
393,1620.0,-15244.0,3160.0,-2864.0,41.0,1042.0,77.0,148866.0
394,1304.0,-15196.0,3456.0,-2848.0,-27.0,916.0,-2.0,148872.0
395,1040.0,-15280.0,3512.0,-2880.0,-114.0,798.0,-60.0,148878.0
396,860.0,-15516.0,3672.0,-2864.0,-186.0,678.0,-90.0,148883.0
397,1016.0,-15948.0,3324.0,-2816.0,-250.0,643.0,-102.0,148889.0
398,1220.0,-16132.0,2980.0,-2848.0,-287.0,643.0,-50.0,148895.0
399,1284.0,-16276.0,2732.0,-2864.0,-295.0,609.0,-5.0,148900.0
400,1520.0,-16080.0,2828.0,-2832.0,-321.0,472.0,-49.0,148907.0
401,1728.0,-15764.0,3000.0,-2832.0,-364.0,315.0,-45.0,148913.0
402,1840.0,-15728.0,3204.0,-2848.0,-450.0,223.0,-97.0,148919.0
403,1956.0,-15696.0,3176.0,-2832.0,-485.0,271.0,-97.0,148924.0
404,1844.0,-15848.0,3236.0,-2816.0,-510.0,350.0,-94.0,148930.0
405,1764.0,-16212.0,3104.0,-2816.0,-524.0,410.0,-22.0,148936.0
406,1852.0,-16416.0,3028.0,-2864.0,-511.0,537.0,-9.0,148941.0
407,1664.0,-16512.0,2676.0,-2880.0,-498.0,646.0,94.0,148947.0
408,1572.0,-16828.0,2572.0,-2864.0,-437.0,644.0,163.0,148954.0
409,1720.0,-17060.0,2292.0,-2848.0,-338.0,612.0,224.0,148960.0
410,1924.0,-16620.0,1776.0,-2848.0,-208.0,632.0,286.0,148965.0
411,2028.0,-15724.0,2504.0,-2832.0,-195.0,492.0,271.0,148971.0
412,2012.0,-15324.0,3164.0,-2832.0,-227.0,413.0,223.0,148977.0
413,1852.0,-15280.0,3596.0,-2832.0,-296.0,316.0,151.0,148983.0
414,1592.0,-15264.0,3352.0,-2848.0,-380.0,297.0,123.0,148988.0
415,1224.0,-15188.0,3408.0,-2848.0,-429.0,371.0,162.0,148995.0
416,936.0,-15228.0,3224.0,-2864.0,-468.0,464.0,273.0,149001.0
417,660.0,-15220.0,3100.0,-2848.0,-487.0,465.0,365.0,149007.0
418,816.0,-15188.0,3212.0,-2848.0,-512.0,304.0,438.0,149012.0
419,792.0,-15292.0,3328.0,-2832.0,-590.0,71.0,388.0,149018.0
420,1072.0,-15428.0,3444.0,-2848.0,-644.0,-199.0,335.0,149024.0
421,1400.0,-15488.0,3204.0,-2800.0,-673.0,-384.0,289.0,149030.0
422,1668.0,-15420.0,3144.0,-2832.0,-731.0,-538.0,277.0,149036.0
423,1744.0,-15324.0,2920.0,-2848.0,-771.0,-570.0,264.0,149042.0
424,2048.0,-15296.0,2988.0,-2848.0,-780.0,-498.0,261.0,149048.0
425,2288.0,-15548.0,2316.0,-2864.0,-606.0,-276.0,160.0,149054.0
426,2288.0,-15680.0,2396.0,-2832.0,-460.0,-257.0,172.0,149060.0
427,2236.0,-15756.0,2632.0,-2864.0,-474.0,-135.0,172.0,149065.0
428,2052.0,-16468.0,2720.0,-2864.0,-418.0,-33.0,154.0,149071.0
429,1908.0,-16924.0,2676.0,-2848.0,-371.0,-11.0,189.0,149078.0
430,1812.0,-17048.0,2456.0,-2832.0,-296.0,5.0,248.0,149084.0
431,1688.0,-17036.0,2304.0,-2816.0,-185.0,-80.0,258.0,149089.0
432,1796.0,-16656.0,2380.0,-2832.0,-92.0,-276.0,249.0,149095.0
433,2084.0,-16260.0,2824.0,-2848.0,-74.0,-436.0,200.0,149101.0
434,2492.0,-15836.0,2756.0,-2832.0,-53.0,-520.0,119.0,149106.0
435,2484.0,-15396.0,2788.0,-2848.0,-96.0,-396.0,158.0,149112.0
436,2408.0,-15404.0,2872.0,-2864.0,-117.0,-119.0,279.0,149118.0
437,1932.0,-15360.0,2752.0,-2864.0,-119.0,170.0,309.0,149125.0
438,1500.0,-15388.0,3068.0,-2848.0,-132.0,365.0,306.0,149130.0
439,1068.0,-15552.0,3372.0,-2848.0,-175.0,366.0,272.0,149136.0
440,732.0,-15764.0,3240.0,-2848.0,-214.0,294.0,229.0,149142.0
441,580.0,-16116.0,3100.0,-2864.0,-217.0,255.0,250.0,149148.0
442,588.0,-16396.0,3188.0,-2848.0,-226.0,192.0,266.0,149153.0
443,568.0,-16600.0,3028.0,-2832.0,-210.0,188.0,247.0,149159.0
444,736.0,-16688.0,3048.0,-2848.0,-208.0,102.0,219.0,149166.0
445,984.0,-16732.0,2492.0,-2864.0,-140.0,6.0,162.0,149172.0
446,1196.0,-16540.0,2500.0,-2864.0,-67.0,-102.0,77.0,149177.0
447,1588.0,-16536.0,2476.0,-2848.0,-30.0,-185.0,40.0,149183.0
448,2008.0,-16420.0,2848.0,-2832.0,14.0,-183.0,24.0,149189.0
449,2096.0,-16524.0,2944.0,-2848.0,-7.0,58.0,26.0,149194.0
450,1920.0,-16684.0,2932.0,-2848.0,0.0,224.0,17.0,149200.0
451,1808.0,-16724.0,2688.0,-2832.0,92.0,405.0,74.0,149206.0
452,1648.0,-16728.0,2592.0,-2848.0,89.0,577.0,87.0,149212.0
453,1388.0,-16928.0,2532.0,-2832.0,153.0,691.0,107.0,149218.0
454,1056.0,-17648.0,2916.0,-2848.0,154.0,824.0,160.0,149223.0
455,792.0,-18084.0,3004.0,-2880.0,126.0,880.0,252.0,149229.0
456,788.0,-18412.0,2924.0,-2832.0,81.0,737.0,255.0,149235.0
457,688.0,-19076.0,2788.0,-2864.0,-29.0,572.0,271.0,149241.0
458,896.0,-19824.0,2192.0,-2848.0,-189.0,458.0,348.0,149246.0
459,548.0,-19736.0,1160.0,-2864.0,-683.0,383.0,464.0,149253.0
460,-4.0,-20884.0,-92.0,-2848.0,-1513.0,55.0,481.0,149259.0
461,-108.0,-23592.0,1360.0,-2848.0,-1493.0,-570.0,454.0,149264.0
462,2852.0,-24464.0,2388.0,-2832.0,-879.0,-369.0,-17.0,149270.0
463,5520.0,-19828.0,3180.0,-2832.0,15.0,-380.0,-35.0,149276.0
464,4312.0,-15312.0,1048.0,-2848.0,691.0,-76.0,707.0,149281.0
465,3124.0,-13120.0,1096.0,-2832.0,856.0,476.0,545.0,149287.0
466,1504.0,-13932.0,1680.0,-2848.0,976.0,540.0,292.0,149294.0
467,824.0,-14468.0,2264.0,-2864.0,1069.0,219.0,211.0,149300.0
468,-64.0,-14788.0,3340.0,-2832.0,1110.0,89.0,118.0,149305.0
469,-476.0,-14520.0,4432.0,-2848.0,1069.0,-94.0,-18.0,149311.0
470,-1180.0,-14732.0,4560.0,-2848.0,1011.0,-93.0,-70.0,149317.0
471,-2188.0,-15252.0,4740.0,-2848.0,916.0,-155.0,217.0,149322.0
472,-2948.0,-15760.0,4544.0,-2832.0,846.0,-450.0,668.0,149328.0
473,-3612.0,-16332.0,4416.0,-2832.0,824.0,-865.0,1147.0,149335.0
474,-4132.0,-16268.0,4520.0,-2832.0,946.0,-1695.0,1468.0,149341.0
475,-3692.0,-15868.0,4072.0,-2848.0,1120.0,-2937.0,1707.0,149347.0
476,-2416.0,-14972.0,3528.0,-2864.0,1353.0,-4411.0,1786.0,149353.0
477,-148.0,-13476.0,2488.0,-2848.0,1543.0,-5834.0,1603.0,149359.0
478,2988.0,-11436.0,1560.0,-2816.0,1591.0,-6860.0,1185.0,149364.0
479,6192.0,-8356.0,908.0,-2832.0,1275.0,-7224.0,760.0,149370.0
480,8600.0,-6432.0,188.0,-2832.0,615.0,-6746.0,179.0,149377.0
481,10724.0,-4884.0,-1124.0,-2848.0,-294.0,-5595.0,-436.0,149383.0
482,11416.0,-4348.0,164.0,-2816.0,-1051.0,-3759.0,-762.0,149389.0
483,10892.0,-4524.0,2124.0,-2816.0,-1899.0,-1998.0,-847.0,149395.0
484,9852.0,-5728.0,2288.0,-2832.0,-2731.0,-22.0,-1021.0,149401.0
485,9608.0,-7296.0,136.0,-2832.0,-3297.0,1643.0,-1411.0,149406.0
486,9952.0,-9268.0,2312.0,-2832.0,-3168.0,3678.0,-1482.0,149412.0
487,8620.0,-12308.0,4968.0,-2832.0,-2608.0,5493.0,-1567.0,149419.0
488,7004.0,-14584.0,10212.0,-2832.0,-2196.0,6561.0,-1509.0,149425.0
489,5532.0,-16544.0,11940.0,-2848.0,-1993.0,7216.0,-1907.0,149431.0
490,3896.0,-17812.0,11308.0,-2816.0,-1533.0,7790.0,-1924.0,149437.0
491,888.0,-17092.0,8884.0,-2832.0,-1152.0,8008.0,-1534.0,149443.0
492,-3152.0,-16292.0,5008.0,-2848.0,-977.0,7670.0,-869.0,149449.0
493,-7448.0,-16676.0,932.0,-2816.0,-1000.0,6934.0,-147.0,149455.0
494,-10920.0,-18248.0,-3180.0,-2864.0,-1171.0,5789.0,538.0,149462.0
495,-13064.0,-23684.0,-4492.0,-2832.0,-978.0,4123.0,996.0,149468.0
496,-11172.0,-31032.0,-1500.0,-2864.0,-123.0,1509.0,647.0,149474.0
497,-5824.0,-32768.0,1728.0,-2832.0,1081.0,-1512.0,-341.0,149479.0
498,416.0,-31236.0,1536.0,-2848.0,1946.0,-3694.0,-998.0,149485.0
499,4988.0,-24192.0,-244.0,-2848.0,2215.0,-3880.0,-981.0,149491.0
500,5964.0,-17464.0,304.0,-2832.0,2305.0,-2805.0,-856.0,149497.0
501,4964.0,-14440.0,2468.0,-2832.0,2229.0,-1312.0,-732.0,149504.0
502,2692.0,-14536.0,4448.0,-2832.0,2184.0,-21.0,-713.0,149510.0
503,864.0,-14324.0,5004.0,-2864.0,2154.0,667.0,-853.0,149516.0
504,420.0,-13020.0,4612.0,-2832.0,2058.0,860.0,-1067.0,149521.0
505,1172.0,-12048.0,4440.0,-2816.0,1894.0,1126.0,-1319.0,149527.0
506,2388.0,-11996.0,4628.0,-2832.0,1648.0,1677.0,-1305.0,149533.0
507,3048.0,-12992.0,4708.0,-2816.0,1447.0,2188.0,-1203.0,149539.0
508,2668.0,-13404.0,4532.0,-2832.0,1147.0,2414.0,-1094.0,149545.0
509,2132.0,-14384.0,4300.0,-2832.0,853.0,2363.0,-1036.0,149552.0
510,1468.0,-15240.0,3760.0,-2848.0,603.0,2028.0,-1014.0,149558.0
511,672.0,-15812.0,3712.0,-2832.0,359.0,1578.0,-976.0,149564.0
512,248.0,-16584.0,3544.0,-2848.0,174.0,971.0,-965.0,149570.0
513,36.0,-16612.0,3428.0,-2832.0,26.0,275.0,-929.0,149575.0
514,424.0,-16544.0,3468.0,-2816.0,-143.0,-433.0,-969.0,149581.0
515,1240.0,-16476.0,3416.0,-2832.0,-194.0,-988.0,-1030.0,149587.0
516,1928.0,-16264.0,3124.0,-2864.0,-252.0,-1265.0,-1041.0,149594.0
517,2632.0,-15884.0,3112.0,-2880.0,-326.0,-1200.0,-972.0,149600.0
518,2844.0,-15972.0,2964.0,-2816.0,-402.0,-831.0,-888.0,149605.0
519,2728.0,-16272.0,2796.0,-2848.0,-407.0,-298.0,-750.0,149611.0
520,2328.0,-16360.0,3100.0,-2880.0,-455.0,165.0,-589.0,149617.0
521,1844.0,-16596.0,2920.0,-2816.0,-437.0,451.0,-552.0,149623.0
522,1380.0,-16660.0,3036.0,-2848.0,-395.0,561.0,-532.0,149629.0
523,1104.0,-16508.0,3064.0,-2848.0,-381.0,349.0,-510.0,149635.0
524,1016.0,-16504.0,3224.0,-2832.0,-357.0,123.0,-532.0,149641.0
525,1112.0,-15912.0,3268.0,-2800.0,-420.0,-123.0,-568.0,149647.0
526,1380.0,-16132.0,3420.0,-2832.0,-439.0,-348.0,-614.0,149653.0
527,1580.0,-16164.0,3224.0,-2800.0,-452.0,-491.0,-616.0,149659.0
528,1548.0,-16092.0,3052.0,-2848.0,-415.0,-547.0,-618.0,149664.0
529,1744.0,-15972.0,3216.0,-2816.0,-435.0,-604.0,-568.0,149670.0
530,2204.0,-15956.0,3032.0,-2816.0,-428.0,-605.0,-540.0,149677.0
531,2376.0,-15912.0,3136.0,-2816.0,-440.0,-476.0,-472.0,149683.0
532,2496.0,-15936.0,3044.0,-2816.0,-422.0,-271.0,-493.0,149689.0
533,2524.0,-16032.0,2832.0,-2848.0,-394.0,-74.0,-467.0,149694.0
534,2212.0,-16064.0,2876.0,-2832.0,-367.0,110.0,-444.0,149700.0
535,2092.0,-16096.0,2892.0,-2832.0,-358.0,199.0,-408.0,149706.0
536,1796.0,-15772.0,2924.0,-2864.0,-291.0,175.0,-336.0,149712.0
537,1776.0,-15736.0,3452.0,-2848.0,-296.0,100.0,-385.0,149719.0
538,1740.0,-15992.0,3484.0,-2848.0,-302.0,13.0,-419.0,149724.0
539,1872.0,-15876.0,3248.0,-2832.0,-290.0,10.0,-464.0,149730.0
540,2032.0,-15972.0,3096.0,-2848.0,-295.0,-51.0,-479.0,149736.0
541,2224.0,-15936.0,3160.0,-2800.0,-305.0,-21.0,-469.0,149742.0
542,2200.0,-16008.0,3164.0,-2832.0,-287.0,107.0,-461.0,149747.0
543,2248.0,-15924.0,2980.0,-2864.0,-284.0,304.0,-437.0,149753.0
544,2312.0,-16128.0,3172.0,-2832.0,-291.0,349.0,-419.0,149760.0
545,2256.0,-16068.0,2928.0,-2848.0,-272.0,485.0,-392.0,149766.0
546,2220.0,-15876.0,2772.0,-2816.0,-288.0,619.0,-392.0,149771.0
547,2072.0,-15712.0,2984.0,-2848.0,-278.0,682.0,-387.0,149777.0
548,1824.0,-15632.0,3136.0,-2832.0,-312.0,678.0,-377.0,149783.0
549,1612.0,-15632.0,3148.0,-2864.0,-313.0,596.0,-422.0,149789.0
550,1640.0,-15456.0,3380.0,-2832.0,-371.0,501.0,-480.0,149795.0
551,1628.0,-15544.0,3356.0,-2848.0,-425.0,355.0,-513.0,149800.0
552,1588.0,-15628.0,3572.0,-2848.0,-493.0,243.0,-541.0,149807.0
553,1692.0,-15924.0,3336.0,-2848.0,-564.0,226.0,-566.0,149813.0
554,1944.0,-16072.0,3216.0,-2864.0,-591.0,202.0,-540.0,149819.0
555,2052.0,-16028.0,3212.0,-2832.0,-637.0,219.0,-505.0,149825.0
556,2228.0,-15760.0,3080.0,-2832.0,-649.0,201.0,-504.0,149830.0
557,2160.0,-15564.0,3136.0,-2848.0,-687.0,196.0,-518.0,149836.0
558,2148.0,-15692.0,3356.0,-2848.0,-726.0,206.0,-514.0,149842.0
559,2204.0,-15564.0,3188.0,-2848.0,-733.0,199.0,-505.0,149849.0
560,2392.0,-15588.0,3196.0,-2832.0,-796.0,225.0,-508.0,149854.0
561,2304.0,-15728.0,3016.0,-2832.0,-846.0,333.0,-499.0,149860.0
562,2060.0,-15812.0,3108.0,-2832.0,-836.0,397.0,-480.0,149866.0
563,1936.0,-15952.0,3128.0,-2832.0,-861.0,423.0,-471.0,149872.0
564,1960.0,-15980.0,2852.0,-2848.0,-873.0,455.0,-454.0,149878.0
565,2020.0,-16064.0,2872.0,-2848.0,-867.0,427.0,-474.0,149883.0
566,2104.0,-15876.0,3000.0,-2832.0,-868.0,362.0,-492.0,149890.0
567,2024.0,-15828.0,2968.0,-2832.0,-875.0,388.0,-514.0,149896.0
568,2000.0,-15892.0,3084.0,-2832.0,-866.0,384.0,-540.0,149902.0
569,2060.0,-15964.0,3148.0,-2832.0,-873.0,374.0,-609.0,149908.0
570,1968.0,-16044.0,3240.0,-2848.0,-901.0,405.0,-597.0,149913.0
571,1992.0,-16116.0,3184.0,-2848.0,-899.0,462.0,-646.0,149919.0
572,2004.0,-16248.0,2896.0,-2816.0,-899.0,499.0,-658.0,149925.0
573,1820.0,-16136.0,2808.0,-2864.0,-915.0,527.0,-627.0,149932.0
574,1852.0,-15932.0,3108.0,-2864.0,-885.0,446.0,-664.0,149937.0
575,2080.0,-15944.0,3252.0,-2800.0,-928.0,386.0,-678.0,149943.0
576,2064.0,-15976.0,3220.0,-2848.0,-950.0,408.0,-702.0,149949.0
577,2064.0,-15976.0,2964.0,-2816.0,-920.0,404.0,-662.0,149955.0
578,2312.0,-15792.0,3080.0,-2848.0,-913.0,384.0,-650.0,149961.0
579,2316.0,-15808.0,3120.0,-2864.0,-952.0,347.0,-659.0,149966.0
580,2276.0,-15812.0,3100.0,-2832.0,-996.0,320.0,-632.0,149972.0
581,2380.0,-15872.0,2964.0,-2864.0,-1030.0,337.0,-583.0,149979.0
582,2296.0,-15908.0,3088.0,-2864.0,-1044.0,386.0,-567.0,149985.0
583,2132.0,-16100.0,2948.0,-2832.0,-1050.0,411.0,-527.0,149991.0
584,2304.0,-16004.0,2792.0,-2832.0,-1003.0,389.0,-446.0,149996.0
585,2332.0,-15988.0,2732.0,-2864.0,-987.0,314.0,-410.0,150002.0
586,2372.0,-15912.0,2840.0,-2832.0,-939.0,265.0,-416.0,150008.0
587,2384.0,-15980.0,2824.0,-2848.0,-931.0,152.0,-363.0,150014.0
588,2420.0,-15984.0,2660.0,-2816.0,-940.0,86.0,-311.0,150021.0
589,2516.0,-16052.0,2728.0,-2864.0,-919.0,18.0,-266.0,150026.0
590,2504.0,-16068.0,2808.0,-2832.0,-913.0,52.0,-248.0,150032.0
591,2380.0,-15936.0,2820.0,-2864.0,-879.0,122.0,-228.0,150038.0
592,2348.0,-15888.0,2648.0,-2832.0,-852.0,82.0,-178.0,150044.0
593,2256.0,-15740.0,3008.0,-2848.0,-863.0,94.0,-135.0,150049.0
594,2264.0,-15972.0,2824.0,-2848.0,-829.0,89.0,-175.0,150055.0
595,2264.0,-16064.0,2808.0,-2864.0,-799.0,112.0,-100.0,150062.0
596,2116.0,-16316.0,2644.0,-2816.0,-744.0,112.0,-73.0,150068.0
597,2156.0,-16216.0,2624.0,-2848.0,-697.0,25.0,-53.0,150073.0
598,2344.0,-16220.0,2472.0,-2816.0,-630.0,-54.0,-57.0,150079.0
599,2376.0,-16060.0,2480.0,-2832.0,-580.0,-188.0,7.0,150085.0
600,2424.0,-15920.0,2636.0,-2848.0,-548.0,-299.0,31.0,150090.0
601,2520.0,-15992.0,2576.0,-2832.0,-495.0,-332.0,9.0,150096.0
602,2436.0,-15924.0,2776.0,-2816.0,-456.0,-365.0,37.0,150103.0
603,2464.0,-16020.0,2908.0,-2848.0,-443.0,-308.0,62.0,150109.0
604,2212.0,-15996.0,2816.0,-2832.0,-429.0,-239.0,62.0,150114.0
605,2300.0,-16112.0,2808.0,-2848.0,-444.0,-211.0,111.0,150120.0
606,2276.0,-16176.0,2680.0,-2800.0,-425.0,-180.0,108.0,150126.0
607,2352.0,-16184.0,2732.0,-2832.0,-385.0,-113.0,147.0,150132.0
608,2364.0,-16328.0,2564.0,-2832.0,-308.0,-112.0,133.0,150137.0
609,2488.0,-16228.0,2328.0,-2848.0,-259.0,-74.0,124.0,150144.0
610,2428.0,-15940.0,2360.0,-2816.0,-144.0,-139.0,136.0,150150.0
611,2476.0,-15856.0,2656.0,-2832.0,-119.0,-279.0,131.0,150156.0
612,2232.0,-16120.0,2732.0,-2800.0,-76.0,-245.0,121.0,150161.0
613,2092.0,-16312.0,2472.0,-2832.0,5.0,-168.0,129.0,150167.0
614,2128.0,-16156.0,2524.0,-2816.0,27.0,-198.0,140.0,150173.0
615,2188.0,-16088.0,2748.0,-2832.0,36.0,-235.0,117.0,150178.0
616,2224.0,-16296.0,2688.0,-2848.0,73.0,-215.0,154.0,150184.0
617,2336.0,-16232.0,2560.0,-2832.0,128.0,-192.0,175.0,150191.0
618,2440.0,-16116.0,2580.0,-2832.0,142.0,-218.0,157.0,150197.0
619,2572.0,-15948.0,2704.0,-2816.0,189.0,-194.0,169.0,150202.0
620,2460.0,-16092.0,2588.0,-2816.0,243.0,-119.0,198.0,150208.0
621,2548.0,-16028.0,2184.0,-2832.0,275.0,-40.0,198.0,150214.0
622,2416.0,-15836.0,2528.0,-2816.0,315.0,-103.0,233.0,150220.0
623,2452.0,-15828.0,2740.0,-2816.0,330.0,-167.0,238.0,150225.0
624,2336.0,-15948.0,2780.0,-2800.0,332.0,-207.0,254.0,150232.0
625,2204.0,-15888.0,2760.0,-2832.0,329.0,-222.0,237.0,150238.0
626,2104.0,-15848.0,2880.0,-2848.0,324.0,-262.0,246.0,150244.0
627,2144.0,-15888.0,3052.0,-2848.0,309.0,-243.0,223.0,150249.0
628,2196.0,-16204.0,2992.0,-2848.0,312.0,-191.0,218.0,150255.0
629,2128.0,-16244.0,2860.0,-2832.0,298.0,-139.0,282.0,150261.0
630,2244.0,-16184.0,2828.0,-2800.0,327.0,-93.0,291.0,150267.0
631,2368.0,-16136.0,2740.0,-2816.0,341.0,-122.0,305.0,150273.0
632,2512.0,-15984.0,2648.0,-2832.0,327.0,-152.0,335.0,150279.0
633,2572.0,-15836.0,2896.0,-2832.0,327.0,-181.0,324.0,150285.0
634,2580.0,-15828.0,2876.0,-2848.0,301.0,-224.0,317.0,150291.0
635,2340.0,-15576.0,2752.0,-2816.0,301.0,-162.0,304.0,150297.0
636,2148.0,-15520.0,2932.0,-2864.0,232.0,-125.0,286.0,150302.0
637,1976.0,-15736.0,3132.0,-2800.0,195.0,-157.0,277.0,150308.0
638,2016.0,-15928.0,3124.0,-2848.0,119.0,-77.0,279.0,150315.0
639,1980.0,-16016.0,3136.0,-2832.0,80.0,-26.0,257.0,150321.0
640,2064.0,-16096.0,3076.0,-2848.0,55.0,35.0,224.0,150326.0
641,2204.0,-16092.0,2848.0,-2864.0,47.0,25.0,207.0,150332.0
642,2188.0,-16100.0,2808.0,-2832.0,14.0,58.0,196.0,150337.0
643,2312.0,-16184.0,2848.0,-2848.0,3.0,171.0,170.0,150343.0
644,2192.0,-16184.0,2808.0,-2848.0,54.0,203.0,130.0,150349.0
645,2340.0,-15956.0,2884.0,-2864.0,37.0,208.0,122.0,150354.0
646,2204.0,-15784.0,2912.0,-2848.0,3.0,170.0,99.0,150361.0
647,2060.0,-15828.0,2788.0,-2848.0,-17.0,158.0,97.0,150367.0
648,2008.0,-15768.0,2948.0,-2832.0,-53.0,159.0,51.0,150372.0
649,2036.0,-15840.0,3008.0,-2832.0,-98.0,198.0,27.0,150378.0
650,2072.0,-15956.0,2988.0,-2848.0,-124.0,205.0,25.0,150384.0
651,2176.0,-15872.0,2760.0,-2800.0,-154.0,229.0,8.0,150389.0
652,2236.0,-15968.0,2908.0,-2816.0,-196.0,258.0,-23.0,150395.0
653,2100.0,-16016.0,3076.0,-2832.0,-229.0,278.0,-21.0,150402.0
654,2092.0,-16020.0,2964.0,-2816.0,-215.0,276.0,-44.0,150408.0
655,1972.0,-15872.0,2784.0,-2832.0,-249.0,301.0,-58.0,150413.0
656,1980.0,-15944.0,2828.0,-2848.0,-268.0,297.0,-84.0,150419.0
657,1976.0,-15904.0,2928.0,-2816.0,-277.0,224.0,-99.0,150425.0
658,1980.0,-16044.0,3088.0,-2832.0,-320.0,219.0,-142.0,150430.0
659,2028.0,-16128.0,2716.0,-2848.0,-303.0,201.0,-141.0,150436.0
660,2216.0,-15948.0,2892.0,-2816.0,-310.0,112.0,-170.0,150443.0
661,2256.0,-15864.0,3116.0,-2832.0,-317.0,96.0,-144.0,150449.0
662,2464.0,-15952.0,2916.0,-2864.0,-360.0,73.0,-189.0,150455.0
663,2444.0,-15944.0,2824.0,-2816.0,-358.0,74.0,-147.0,150460.0
664,2432.0,-15964.0,2976.0,-2800.0,-400.0,178.0,-149.0,150466.0
665,2176.0,-16112.0,2980.0,-2800.0,-420.0,268.0,-170.0,150472.0
666,2132.0,-15960.0,2872.0,-2848.0,-444.0,305.0,-166.0,150478.0
667,1988.0,-15904.0,2960.0,-2816.0,-467.0,339.0,-152.0,150483.0
668,2044.0,-15896.0,2784.0,-2816.0,-484.0,356.0,-190.0,150490.0
669,2032.0,-15896.0,2888.0,-2832.0,-487.0,294.0,-215.0,150496.0
670,2028.0,-15756.0,2956.0,-2832.0,-511.0,187.0,-220.0,150502.0
671,2124.0,-15624.0,3080.0,-2832.0,-561.0,68.0,-278.0,150507.0
672,2224.0,-15624.0,2904.0,-2848.0,-587.0,-19.0,-328.0,150513.0
673,2320.0,-15700.0,2916.0,-2832.0,-636.0,21.0,-350.0,150519.0
674,2192.0,-15680.0,2900.0,-2848.0,-659.0,53.0,-379.0,150525.0
675,2072.0,-15740.0,2964.0,-2800.0,-703.0,99.0,-422.0,150531.0
676,2056.0,-15908.0,3004.0,-2832.0,-737.0,186.0,-437.0,150537.0
677,2136.0,-16120.0,2844.0,-2832.0,-747.0,282.0,-479.0,150543.0
678,2160.0,-16188.0,2696.0,-2848.0,-765.0,371.0,-463.0,150549.0
679,2280.0,-16092.0,2848.0,-2848.0,-784.0,381.0,-489.0,150554.0
680,2352.0,-15912.0,2824.0,-2848.0,-811.0,331.0,-510.0,150560.0
681,2168.0,-15828.0,2904.0,-2832.0,-866.0,269.0,-528.0,150566.0
682,2084.0,-15708.0,2880.0,-2832.0,-944.0,260.0,-566.0,150573.0
683,1948.0,-15748.0,2924.0,-2832.0,-961.0,210.0,-572.0,150579.0
684,2112.0,-15748.0,2948.0,-2832.0,-1020.0,176.0,-601.0,150584.0
685,2356.0,-15696.0,2992.0,-2832.0,-1094.0,185.0,-633.0,150590.0
686,2408.0,-15896.0,2936.0,-2832.0,-1149.0,190.0,-633.0,150596.0
687,2632.0,-15868.0,2912.0,-2832.0,-1183.0,270.0,-650.0,150602.0
688,2420.0,-15952.0,2800.0,-2832.0,-1227.0,351.0,-619.0,150608.0
689,2192.0,-15992.0,2820.0,-2832.0,-1303.0,420.0,-599.0,150615.0
690,2048.0,-15952.0,2748.0,-2832.0,-1323.0,396.0,-618.0,150620.0
691,2104.0,-15804.0,2856.0,-2816.0,-1377.0,249.0,-641.0,150626.0
692,2100.0,-15652.0,3028.0,-2848.0,-1445.0,158.0,-687.0,150632.0
