id,AcX,AcY,AcZ,Tmp,GyX,GyY,GyZ,Timer
0,-2492.0,-23016.0,4740.0,-2816.0,-18885.0,4991.0,-4325.0,28085.0
1,-2056.0,-22768.0,5392.0,-2848.0,-17484.0,4945.0,-3820.0,28091.0
2,-1460.0,-22352.0,5992.0,-2816.0,-15998.0,4919.0,-3100.0,28097.0
3,-1944.0,-21416.0,7084.0,-2848.0,-14701.0,5111.0,-3005.0,28103.0
4,-1924.0,-21964.0,8452.0,-2816.0,-13070.0,5018.0,-2110.0,28109.0
5,-1524.0,-21744.0,9640.0,-2848.0,-11531.0,4988.0,-1933.0,28115.0
6,-1172.0,-22872.0,10440.0,-2800.0,-9965.0,4822.0,-1630.0,28123.0
7,-1228.0,-24128.0,12872.0,-2848.0,-8178.0,4338.0,-914.0,28129.0
8,1464.0,-24796.0,14524.0,-2832.0,-6213.0,4261.0,-1512.0,28135.0
9,452.0,-26280.0,15596.0,-2784.0,-4237.0,3691.0,-642.0,28141.0
10,1456.0,-26604.0,15212.0,-2832.0,-2344.0,3492.0,-216.0,28146.0
11,1164.0,-26020.0,15664.0,-2816.0,-817.0,3084.0,-135.0,28152.0
12,708.0,-26076.0,16404.0,-2816.0,742.0,2534.0,84.0,28158.0
13,-424.0,-26012.0,17376.0,-2800.0,2483.0,1943.0,336.0,28165.0
14,-1336.0,-25076.0,18704.0,-2816.0,4300.0,1176.0,793.0,28171.0
15,-1904.0,-24408.0,20484.0,-2864.0,6162.0,264.0,1153.0,28177.0
16,-2572.0,-24400.0,22076.0,-2832.0,8106.0,-703.0,1671.0,28183.0
17,-3100.0,-24796.0,22640.0,-2848.0,10116.0,-1636.0,2186.0,28189.0
18,-3156.0,-24740.0,22596.0,-2848.0,12063.0,-2678.0,2632.0,28195.0
19,-3208.0,-25224.0,22840.0,-2832.0,13980.0,-3526.0,3024.0,28201.0
20,-3196.0,-25800.0,23296.0,-2832.0,15846.0,-4358.0,3524.0,28208.0
21,-3120.0,-26364.0,24744.0,-2864.0,17835.0,-5178.0,4078.0,28214.0
22,-2692.0,-26528.0,25016.0,-2848.0,19942.0,-5678.0,4530.0,28220.0
23,-2400.0,-24552.0,18724.0,-2816.0,20750.0,-5563.0,4499.0,28226.0
24,64.0,-22816.0,9296.0,-2848.0,20441.0,-5229.0,3827.0,28232.0
25,4596.0,-20700.0,-7696.0,-2848.0,19001.0,-5252.0,2481.0,28238.0
26,10144.0,-19832.0,-26248.0,-2864.0,16678.0,-4361.0,1263.0,28244.0
27,14100.0,-19848.0,-32768.0,-2832.0,16002.0,-3178.0,1101.0,28251.0
28,10316.0,-13684.0,-27672.0,-2800.0,16800.0,-2351.0,3671.0,28257.0
29,5856.0,-6968.0,-15680.0,-2832.0,16891.0,-802.0,6033.0,28263.0
30,824.0,-3560.0,-9200.0,-2816.0,15123.0,415.0,5835.0,28269.0
31,-1548.0,-5644.0,-6020.0,-2816.0,12807.0,-466.0,4471.0,28275.0
32,-592.0,-8072.0,-1400.0,-2832.0,11235.0,-4207.0,2144.0,28281.0
33,1812.0,-9252.0,4868.0,-2832.0,10262.0,-7607.0,522.0,28286.0
34,2004.0,-12724.0,10120.0,-2848.0,9933.0,-7842.0,75.0,28293.0
35,-252.0,-18220.0,12448.0,-2816.0,10318.0,-6381.0,31.0,28299.0
36,-2696.0,-22684.0,11036.0,-2816.0,10654.0,-5831.0,-305.0,28305.0
37,-2796.0,-25532.0,7596.0,-2832.0,10819.0,-5310.0,-366.0,28311.0
38,836.0,-23588.0,2724.0,-2816.0,10744.0,-3796.0,-24.0,28317.0
39,3776.0,-19840.0,1632.0,-2816.0,10523.0,-1282.0,321.0,28323.0
40,4300.0,-17756.0,2980.0,-2832.0,10334.0,1443.0,169.0,28329.0
41,3164.0,-16372.0,4080.0,-2848.0,9885.0,2987.0,-215.0,28336.0
42,2864.0,-15304.0,3920.0,-2816.0,9244.0,2649.0,-732.0,28341.0
43,3140.0,-14508.0,3120.0,-2848.0,8520.0,1524.0,-910.0,28347.0
44,3784.0,-14136.0,2248.0,-2832.0,7850.0,1026.0,-883.0,28353.0
45,3880.0,-14752.0,1980.0,-2832.0,7210.0,1851.0,-590.0,28359.0
46,2752.0,-16336.0,2360.0,-2832.0,6856.0,3464.0,-815.0,28365.0
47,1380.0,-16948.0,3148.0,-2816.0,6388.0,5033.0,-813.0,28371.0
48,920.0,-17272.0,3236.0,-2848.0,5949.0,5458.0,-1258.0,28378.0
49,668.0,-16832.0,2796.0,-2864.0,5497.0,4946.0,-1617.0,28384.0
50,1536.0,-16064.0,2344.0,-2832.0,4987.0,4052.0,-1862.0,28389.0
51,2396.0,-15480.0,2468.0,-2848.0,4442.0,3210.0,-1918.0,28395.0
52,3140.0,-15320.0,2576.0,-2816.0,3955.0,2741.0,-1722.0,28401.0
53,3760.0,-15364.0,2972.0,-2832.0,3475.0,2624.0,-1480.0,28407.0
54,4312.0,-15472.0,2372.0,-2816.0,2999.0,2690.0,-1136.0,28413.0
55,4756.0,-15436.0,1500.0,-2832.0,2604.0,2653.0,-742.0,28420.0
56,5320.0,-15500.0,1172.0,-2832.0,2356.0,2186.0,-430.0,28426.0
57,5328.0,-15444.0,1204.0,-2832.0,2188.0,1614.0,-95.0,28432.0
58,4324.0,-15720.0,596.0,-2832.0,2046.0,1230.0,208.0,28438.0
59,3816.0,-15908.0,400.0,-2832.0,1999.0,829.0,391.0,28443.0
60,4144.0,-15628.0,-216.0,-2848.0,1955.0,264.0,256.0,28449.0
61,4316.0,-15860.0,-52.0,-2832.0,2056.0,-207.0,106.0,28455.0
62,4188.0,-16460.0,276.0,-2848.0,2158.0,128.0,-8.0,28461.0
63,3396.0,-17300.0,-472.0,-2848.0,2360.0,754.0,-212.0,28467.0
64,2976.0,-17556.0,-1436.0,-2816.0,2702.0,1277.0,-501.0,28473.0
65,3016.0,-17252.0,-2240.0,-2816.0,3121.0,1286.0,-1082.0,28479.0
66,4024.0,-16352.0,-1092.0,-2832.0,3215.0,1241.0,-1164.0,28485.0
67,4596.0,-17492.0,148.0,-2832.0,3542.0,1922.0,-1098.0,28490.0
68,4004.0,-18640.0,-236.0,-2832.0,3960.0,3181.0,-1028.0,28496.0
69,3652.0,-18032.0,-1364.0,-2848.0,4362.0,4064.0,-1032.0,28503.0
70,4108.0,-16604.0,-1364.0,-2848.0,4552.0,4127.0,-1165.0,28509.0
71,5520.0,-16508.0,-1728.0,-2832.0,4948.0,3915.0,-1207.0,28515.0
72,6440.0,-16684.0,-1148.0,-2832.0,5421.0,3665.0,-1033.0,28521.0
73,6748.0,-16856.0,-1572.0,-2848.0,5867.0,4349.0,-958.0,28527.0
74,6388.0,-15908.0,-1252.0,-2832.0,6179.0,4549.0,-940.0,28533.0
75,6404.0,-14948.0,36.0,-2832.0,6171.0,4580.0,-824.0,28539.0
76,6164.0,-15924.0,948.0,-2800.0,6224.0,4959.0,-736.0,28545.0
77,5968.0,-16520.0,1412.0,-2816.0,6424.0,5582.0,-574.0,28551.0
78,5860.0,-16648.0,1208.0,-2816.0,6654.0,6038.0,-338.0,28557.0
79,6168.0,-16228.0,972.0,-2832.0,6768.0,6485.0,-195.0,28563.0
80,6556.0,-16084.0,920.0,-2816.0,6775.0,6644.0,-85.0,28569.0
81,7088.0,-16700.0,1108.0,-2832.0,6838.0,7015.0,114.0,28574.0
82,7640.0,-17240.0,1000.0,-2832.0,6931.0,7614.0,62.0,28580.0
83,8800.0,-16260.0,796.0,-2800.0,6916.0,8353.0,22.0,28587.0
84,7804.0,-16760.0,392.0,-2848.0,6946.0,9294.0,309.0,28593.0
85,7504.0,-17216.0,776.0,-2816.0,7039.0,10413.0,271.0,28598.0
86,6316.0,-17684.0,752.0,-2816.0,7247.0,11124.0,360.0,28604.0
87,6388.0,-17704.0,1172.0,-2848.0,7404.0,11822.0,126.0,28610.0
88,6764.0,-18020.0,604.0,-2848.0,7724.0,12195.0,-77.0,28616.0
89,7084.0,-17636.0,892.0,-2816.0,8014.0,12282.0,78.0,28622.0
90,5896.0,-18032.0,856.0,-2816.0,8340.0,12870.0,492.0,28628.0
91,4076.0,-17956.0,1812.0,-2848.0,8663.0,13086.0,807.0,28634.0
92,1900.0,-18520.0,1992.0,-2816.0,9120.0,12999.0,1472.0,28640.0
93,112.0,-18964.0,2056.0,-2832.0,9662.0,12402.0,2140.0,28646.0
94,-600.0,-19128.0,1388.0,-2832.0,10231.0,11189.0,2645.0,28652.0
95,-88.0,-19720.0,1048.0,-2848.0,10898.0,9676.0,3119.0,28658.0
96,-240.0,-20748.0,1628.0,-2848.0,11480.0,8673.0,3605.0,28664.0
97,-568.0,-21756.0,1724.0,-2800.0,12085.0,7768.0,4130.0,28670.0
98,-1388.0,-22776.0,1896.0,-2864.0,12706.0,6890.0,4722.0,28677.0
99,-1752.0,-23796.0,1576.0,-2848.0,13398.0,6000.0,5325.0,28682.0
100,-2136.0,-24744.0,1812.0,-2832.0,13859.0,5374.0,5839.0,28688.0
101,-2268.0,-25968.0,1728.0,-2848.0,14540.0,4741.0,6394.0,28694.0
102,-2048.0,-26988.0,2156.0,-2832.0,15114.0,4221.0,7127.0,28700.0
103,-1596.0,-27632.0,1868.0,-2816.0,15699.0,3656.0,7850.0,28706.0
104,-516.0,-27992.0,1664.0,-2832.0,16315.0,3035.0,8469.0,28712.0
105,1228.0,-28332.0,1316.0,-2832.0,16895.0,2553.0,9078.0,28719.0
106,3732.0,-28904.0,968.0,-2864.0,17449.0,2405.0,9701.0,28725.0
107,5960.0,-29564.0,676.0,-2832.0,17952.0,2608.0,10327.0,28731.0
108,8200.0,-30116.0,76.0,-2848.0,18515.0,3172.0,10983.0,28737.0
109,10188.0,-30648.0,-484.0,-2848.0,19038.0,3878.0,11597.0,28743.0
110,12368.0,-31176.0,-1196.0,-2848.0,19621.0,4757.0,12170.0,28749.0
111,14244.0,-31616.0,-2008.0,-2832.0,20333.0,5838.0,12684.0,28755.0
112,16008.0,-32404.0,-1568.0,-2864.0,21253.0,7069.0,13123.0,28762.0
113,16592.0,-32464.0,-3500.0,-2832.0,22046.0,8722.0,13549.0,28768.0
114,17544.0,-32768.0,-6180.0,-2832.0,22823.0,10303.0,13556.0,28774.0
115,16536.0,-32768.0,-9132.0,-2864.0,23354.0,12198.0,14193.0,28780.0
116,14000.0,-32768.0,-13300.0,-2848.0,23645.0,13010.0,15146.0,28786.0
117,13896.0,-32768.0,-17448.0,-2800.0,23955.0,12390.0,15865.0,28792.0
118,14556.0,-32768.0,-22004.0,-2832.0,24470.0,11214.0,15982.0,28798.0
119,15832.0,-32768.0,-27664.0,-2848.0,24694.0,10167.0,15675.0,28806.0
120,17212.0,-32768.0,-31860.0,-2832.0,24459.0,10035.0,14973.0,28812.0
121,14980.0,-32768.0,-31360.0,-2848.0,24441.0,10102.0,14972.0,28818.0
122,8792.0,-32768.0,-24836.0,-2832.0,24288.0,9345.0,15356.0,28824.0
123,3616.0,-32768.0,-12552.0,-2816.0,24074.0,9683.0,17152.0,28830.0
124,464.0,-32768.0,-3860.0,-2848.0,23232.0,9616.0,19224.0,28836.0
125,-3788.0,-32768.0,-236.0,-2816.0,21733.0,4559.0,19507.0,28843.0
126,-7676.0,-32768.0,4732.0,-2864.0,21290.0,-3230.0,18714.0,28849.0
127,-7356.0,-32768.0,4060.0,-2848.0,22200.0,-11846.0,16787.0,28855.0
128,-6504.0,-32768.0,364.0,-2880.0,22923.0,-17298.0,14587.0,28861.0
129,-2592.0,-32768.0,-2968.0,-2848.0,23276.0,-20346.0,12075.0,28867.0
130,-748.0,-32768.0,-8936.0,-2816.0,23377.0,-24623.0,9858.0,28873.0
131,1284.0,-22880.0,-12180.0,-2832.0,21510.0,-32768.0,10401.0,28879.0
132,8212.0,-16412.0,-9892.0,-2848.0,18660.0,-32768.0,10150.0,28887.0
133,8788.0,-15752.0,-16416.0,-2816.0,14765.0,-31489.0,8464.0,28893.0
134,13084.0,-12604.0,-24924.0,-2848.0,10478.0,-30489.0,5017.0,28899.0
135,20936.0,-8628.0,-30148.0,-2848.0,6729.0,-29421.0,1385.0,28905.0
136,26532.0,-5564.0,-30212.0,-2848.0,3592.0,-27017.0,-581.0,28911.0
137,30628.0,-2208.0,-28124.0,-2832.0,848.0,-22526.0,-993.0,28917.0
138,32084.0,1704.0,-25008.0,-2848.0,-2052.0,-15110.0,-407.0,28923.0
139,30584.0,5976.0,-24416.0,-2848.0,-5904.0,-5915.0,10.0,28930.0
140,26752.0,9424.0,-24516.0,-2816.0,-10419.0,1900.0,-394.0,28936.0
141,22056.0,10228.0,-25044.0,-2800.0,-15051.0,7235.0,-1395.0,28942.0
142,16272.0,8224.0,-25508.0,-2864.0,-19142.0,10316.0,-2412.0,28948.0
143,11552.0,5568.0,-25136.0,-2832.0,-22523.0,11718.0,-3499.0,28954.0
144,8048.0,3388.0,-23796.0,-2816.0,-25441.0,11914.0,-4617.0,28960.0
145,5548.0,1560.0,-22012.0,-2832.0,-28016.0,11452.0,-5586.0,28966.0
146,4344.0,-516.0,-20288.0,-2832.0,-30543.0,10582.0,-6578.0,28973.0
147,2708.0,-2384.0,-19356.0,-2848.0,-32768.0,10212.0,-7296.0,28979.0
148,920.0,-3896.0,-19228.0,-2816.0,-32768.0,9910.0,-7860.0,28985.0
149,-1040.0,-5620.0,-18992.0,-2864.0,-32768.0,8921.0,-8790.0,28991.0
150,-3216.0,-8008.0,-18732.0,-2848.0,-32768.0,7161.0,-9727.0,28997.0
151,-4304.0,-10644.0,-17892.0,-2832.0,-32768.0,5115.0,-10524.0,29003.0
152,-4212.0,-13256.0,-17064.0,-2848.0,-32768.0,3149.0,-11507.0,29009.0
153,-3412.0,-15420.0,-15864.0,-2848.0,-32768.0,1868.0,-12446.0,29016.0
154,-1736.0,-17324.0,-14596.0,-2848.0,-32768.0,1374.0,-13189.0,29022.0
155,984.0,-20168.0,-13972.0,-2848.0,-32768.0,1338.0,-14010.0,29028.0
156,1812.0,-21908.0,-13080.0,-2816.0,-32768.0,2385.0,-14244.0,29034.0
157,-4576.0,-21788.0,-12408.0,-2816.0,-32768.0,-1038.0,-13244.0,29040.0
158,9192.0,-23676.0,-12324.0,-2832.0,-32768.0,4834.0,-16754.0,29046.0
159,1248.0,-24040.0,-10572.0,-2864.0,-32768.0,5283.0,-16505.0,29053.0
160,-2516.0,-26396.0,-10012.0,-2816.0,-32768.0,4685.0,-17199.0,29060.0
161,-2788.0,-29352.0,-9424.0,-2816.0,-32768.0,2827.0,-18212.0,29066.0
162,-2996.0,-31208.0,-8900.0,-2864.0,-32768.0,1266.0,-19065.0,29072.0
163,-4692.0,-32768.0,-6764.0,-2864.0,-32768.0,-575.0,-19512.0,29079.0
164,-7188.0,-32768.0,-4084.0,-2880.0,-32768.0,-2486.0,-19449.0,29085.0
165,-8600.0,-32768.0,-1640.0,-2848.0,-32768.0,-3913.0,-19289.0,29091.0
166,-9312.0,-32768.0,1396.0,-2880.0,-32768.0,-4140.0,-18606.0,29099.0
167,-9256.0,-32768.0,4384.0,-2864.0,-32768.0,-4312.0,-17643.0,29105.0
168,-8492.0,-32768.0,9568.0,-2832.0,-32768.0,-4884.0,-16298.0,29111.0
169,-6680.0,-32768.0,14688.0,-2880.0,-32768.0,-5705.0,-14555.0,29117.0
170,-3064.0,-32768.0,21320.0,-2848.0,-32768.0,-7048.0,-12485.0,29124.0
171,1028.0,-32768.0,27476.0,-2848.0,-32768.0,-8768.0,-10623.0,29130.0
172,7028.0,-32768.0,32767.0,-2864.0,-32768.0,-10277.0,-9836.0,29136.0
173,12804.0,-32768.0,32767.0,-2848.0,-32768.0,-10115.0,-10209.0,29143.0
174,16788.0,-32768.0,32767.0,-2832.0,-32768.0,-6862.0,-11474.0,29150.0
175,14960.0,-32768.0,32767.0,-2864.0,-30956.0,-1576.0,-12901.0,29156.0
176,6928.0,-32768.0,32767.0,-2832.0,-26283.0,2934.0,-13687.0,29162.0
177,-2752.0,-32768.0,32767.0,-2816.0,-21792.0,5149.0,-13032.0,29168.0
178,-12752.0,-32768.0,32767.0,-2864.0,-16987.0,5126.0,-10205.0,29175.0
179,-20996.0,-32768.0,32767.0,-2832.0,-11928.0,3646.0,-5798.0,29181.0
180,-25184.0,-32768.0,32767.0,-2880.0,-7075.0,1662.0,-1623.0,29188.0
181,-26156.0,-32768.0,32767.0,-2832.0,-1847.0,-1053.0,1907.0,29194.0
182,-24352.0,-32768.0,32767.0,-2832.0,3876.0,-5431.0,3233.0,29200.0
183,-20772.0,-32768.0,32767.0,-2864.0,9414.0,-10500.0,3790.0,29207.0
184,-16512.0,-32768.0,32767.0,-2848.0,14453.0,-14346.0,4360.0,29213.0
185,-15348.0,-32768.0,32767.0,-2832.0,18658.0,-16007.0,4943.0,29219.0
186,-16612.0,-29848.0,32767.0,-2848.0,21788.0,-17322.0,5156.0,29225.0
187,-16408.0,-24644.0,32767.0,-2848.0,23715.0,-19449.0,6025.0,29232.0
188,-11668.0,-19728.0,25488.0,-2832.0,23427.0,-22302.0,5902.0,29239.0
189,32767.0,32767.0,-32768.0,-2848.0,-1914.0,-23044.0,-2677.0,29245.0
190,32767.0,-20668.0,-32768.0,-2848.0,-6870.0,-32768.0,-32768.0,29251.0
191,32767.0,-32768.0,15176.0,-2848.0,29322.0,-32768.0,-10986.0,29257.0
192,-11788.0,-32768.0,32767.0,-2848.0,32556.0,12587.0,32767.0,29264.0
193,-32768.0,-32768.0,32767.0,-2864.0,30537.0,32767.0,32767.0,29271.0
194,-32768.0,-32768.0,32767.0,-2864.0,27656.0,32767.0,8194.0,29277.0
195,-32768.0,-32768.0,-9976.0,-2832.0,29916.0,-8082.0,5371.0,29283.0
196,8280.0,584.0,-18008.0,-2848.0,28765.0,-32768.0,1149.0,29289.0
197,25736.0,25084.0,6056.0,-2832.0,24159.0,-31237.0,-4032.0,29295.0
198,11496.0,10936.0,22108.0,-2832.0,18128.0,-14118.0,-5384.0,29302.0
199,-5112.0,-18108.0,19932.0,-2848.0,17228.0,-2694.0,-3791.0,29308.0
200,-1824.0,-21516.0,6904.0,-2832.0,15496.0,-5008.0,-4755.0,29315.0
201,6700.0,-27892.0,4228.0,-2816.0,15126.0,-11028.0,-6098.0,29321.0
202,6152.0,-29936.0,1764.0,-2848.0,15121.0,-9640.0,-2516.0,29327.0
203,7856.0,-25580.0,1044.0,-2832.0,15709.0,-3740.0,1522.0,29333.0
204,9636.0,-21092.0,1308.0,-2880.0,16938.0,2136.0,2703.0,29339.0
205,7000.0,-15244.0,1976.0,-2832.0,16518.0,6353.0,1685.0,29345.0
206,2376.0,-22728.0,-388.0,-2832.0,16314.0,6768.0,-64.0,29351.0
207,-5244.0,-13260.0,3452.0,-2864.0,11390.0,6271.0,-1857.0,29358.0
208,2904.0,-10088.0,5892.0,-2848.0,9470.0,5688.0,-48.0,29364.0
209,2668.0,-13812.0,4232.0,-2848.0,8032.0,9840.0,48.0,29369.0
210,2168.0,-19252.0,1292.0,-2816.0,8642.0,12534.0,-1353.0,29375.0
211,264.0,-19964.0,-800.0,-2864.0,9397.0,11751.0,-2256.0,29381.0
212,1436.0,-17784.0,-1500.0,-2864.0,9175.0,9837.0,-2111.0,29387.0
213,3608.0,-14876.0,-308.0,-2816.0,7948.0,8670.0,-1664.0,29393.0
214,3980.0,-13876.0,220.0,-2880.0,6706.0,9325.0,-2000.0,29400.0
215,1760.0,-14900.0,-540.0,-2832.0,6134.0,10062.0,-2510.0,29406.0
216,388.0,-15364.0,-1860.0,-2848.0,5757.0,8740.0,-2880.0,29412.0
217,1192.0,-14788.0,-2084.0,-2848.0,5409.0,6316.0,-2874.0,29418.0
218,4228.0,-14388.0,-1900.0,-2832.0,4931.0,4405.0,-2571.0,29423.0
219,7544.0,-14932.0,-1776.0,-2864.0,4693.0,4046.0,-2037.0,29429.0
220,9116.0,-15628.0,-2232.0,-2816.0,4699.0,4992.0,-1442.0,29435.0
221,7788.0,-15780.0,-3004.0,-2832.0,4800.0,6298.0,-1188.0,29442.0
222,5856.0,-15728.0,-3372.0,-2848.0,4897.0,6713.0,-1075.0,29448.0
223,4532.0,-15864.0,-2980.0,-2832.0,5079.0,6302.0,-1106.0,29454.0
224,3836.0,-16320.0,-2188.0,-2848.0,5385.0,5634.0,-1285.0,29460.0
225,3208.0,-16700.0,-1936.0,-2832.0,5762.0,4799.0,-1379.0,29466.0
226,3172.0,-16888.0,-1524.0,-2832.0,6227.0,4019.0,-1450.0,29472.0
227,3240.0,-16820.0,-1492.0,-2848.0,6698.0,3542.0,-1451.0,29478.0
228,3872.0,-16856.0,-1260.0,-2832.0,7240.0,3351.0,-1384.0,29485.0
229,5424.0,-16824.0,-2040.0,-2848.0,7752.0,3473.0,-1366.0,29491.0
230,6644.0,-16508.0,-2496.0,-2864.0,8298.0,3611.0,-1173.0,29497.0
231,7168.0,-16672.0,-2060.0,-2848.0,8922.0,3579.0,-908.0,29502.0
232,8088.0,-16980.0,-2248.0,-2848.0,9447.0,3706.0,-619.0,29508.0
233,8640.0,-16920.0,-2564.0,-2864.0,10072.0,4020.0,-100.0,29514.0
234,9136.0,-16036.0,-2892.0,-2864.0,10652.0,4412.0,147.0,29520.0
235,8888.0,-15808.0,-3080.0,-2848.0,11148.0,4971.0,98.0,29527.0
236,8140.0,-15496.0,-2096.0,-2848.0,11560.0,5540.0,69.0,29533.0
237,7880.0,-16260.0,-1000.0,-2864.0,11818.0,6416.0,-48.0,29539.0
238,12652.0,-16776.0,-1296.0,-2832.0,11800.0,7491.0,-1448.0,29545.0
239,19844.0,-16704.0,-1952.0,-2864.0,11981.0,8816.0,-2874.0,29551.0
240,13908.0,-14472.0,344.0,-2880.0,11889.0,11224.0,-354.0,29557.0
241,8176.0,-17200.0,3556.0,-2848.0,11741.0,15270.0,145.0,29563.0
242,20.0,-18040.0,5080.0,-2832.0,12087.0,15291.0,639.0,29570.0
243,-3560.0,-18772.0,4760.0,-2832.0,12528.0,14016.0,1657.0,29576.0
244,-3808.0,-18712.0,3408.0,-2864.0,12750.0,12597.0,1983.0,29582.0
245,-2936.0,-19996.0,2524.0,-2848.0,13089.0,11472.0,2422.0,29588.0
246,-1736.0,-21704.0,1512.0,-2864.0,13745.0,10405.0,2691.0,29594.0
247,-1260.0,-22816.0,1128.0,-2864.0,14223.0,9854.0,3001.0,29600.0
248,-2052.0,-24048.0,1384.0,-2864.0,14917.0,9055.0,3529.0,29606.0
249,-2400.0,-24584.0,2000.0,-2816.0,15534.0,8110.0,4066.0,29613.0
250,-2576.0,-24912.0,1924.0,-2864.0,16198.0,6819.0,4504.0,29619.0
251,-1736.0,-25244.0,2148.0,-2848.0,16766.0,5755.0,5105.0,29625.0
252,-988.0,-25604.0,2648.0,-2864.0,17328.0,5097.0,5679.0,29630.0
253,-152.0,-26408.0,2744.0,-2880.0,17836.0,4836.0,6443.0,29636.0
254,724.0,-27240.0,2620.0,-2832.0,18422.0,4511.0,7079.0,29642.0
255,2064.0,-28156.0,1972.0,-2832.0,19007.0,4254.0,7837.0,29648.0
256,3980.0,-28816.0,1216.0,-2816.0,19687.0,4180.0,8549.0,29655.0
257,5944.0,-29680.0,588.0,-2832.0,20388.0,4158.0,9243.0,29661.0
258,7936.0,-30388.0,-508.0,-2832.0,21075.0,4526.0,9891.0,29667.0
259,10012.0,-31492.0,-900.0,-2848.0,21766.0,5307.0,10598.0,29673.0
260,11524.0,-32708.0,-1376.0,-2864.0,22501.0,6419.0,11306.0,29679.0
261,12344.0,-32768.0,-1160.0,-2832.0,23356.0,7797.0,12104.0,29685.0
262,12728.0,-32768.0,-2340.0,-2832.0,24210.0,9395.0,12936.0,29691.0
263,13624.0,-32768.0,-4068.0,-2864.0,25082.0,10922.0,13592.0,29698.0
264,14896.0,-32768.0,-6748.0,-2832.0,25905.0,12649.0,14245.0,29704.0
265,16460.0,-32768.0,-10524.0,-2864.0,26689.0,14462.0,14802.0,29710.0
266,17760.0,-32768.0,-16284.0,-2848.0,27201.0,16143.0,14946.0,29716.0
267,2648.0,-18764.0,2496.0,-2848.0,8314.0,3167.0,3518.0,32870.0
268,2308.0,-18932.0,2964.0,-2864.0,8641.0,2994.0,3798.0,32876.0
269,1968.0,-19084.0,2836.0,-2864.0,9000.0,2764.0,4090.0,32882.0
270,1928.0,-19124.0,2948.0,-2928.0,9346.0,2562.0,4446.0,32888.0
271,1940.0,-19332.0,3160.0,-2896.0,9717.0,2333.0,4766.0,32894.0
272,2548.0,-19724.0,3052.0,-2880.0,10073.0,2167.0,5102.0,32900.0
273,3152.0,-20048.0,2976.0,-2896.0,10453.0,2048.0,5395.0,32906.0
274,3804.0,-20336.0,2948.0,-2880.0,10828.0,1951.0,5715.0,32912.0
275,4616.0,-20660.0,2976.0,-2896.0,11221.0,2000.0,6008.0,32918.0
276,5480.0,-20784.0,2744.0,-2912.0,11609.0,2250.0,6274.0,32924.0
277,5936.0,-21164.0,2472.0,-2880.0,11994.0,2710.0,6515.0,32930.0
278,5888.0,-21636.0,2680.0,-2896.0,12379.0,3312.0,6884.0,32936.0
279,4740.0,-22348.0,3212.0,-2880.0,12697.0,3862.0,7557.0,32943.0
280,4024.0,-23884.0,3868.0,-2896.0,12965.0,3701.0,8294.0,32949.0
281,4896.0,-25588.0,3264.0,-2864.0,13204.0,3332.0,8809.0,32955.0
282,6624.0,-26288.0,1668.0,-2896.0,13658.0,3401.0,8870.0,32961.0
283,7720.0,-25892.0,1272.0,-2880.0,14346.0,3800.0,8993.0,32967.0
284,8116.0,-25700.0,832.0,-2880.0,14936.0,4576.0,9235.0,32973.0
285,8060.0,-26492.0,420.0,-2896.0,15566.0,5787.0,9433.0,32979.0
286,7508.0,-27492.0,-24.0,-2896.0,16214.0,6756.0,9719.0,32985.0
287,6808.0,-28548.0,-148.0,-2896.0,16877.0,7399.0,9985.0,32991.0
288,7028.0,-29624.0,1640.0,-2912.0,17678.0,7540.0,9962.0,32997.0
289,8564.0,-30292.0,1108.0,-2864.0,18281.0,7454.0,9478.0,33003.0
290,11292.0,-30624.0,-696.0,-2880.0,18652.0,8054.0,8606.0,33009.0
291,14240.0,-32492.0,-3312.0,-2896.0,19092.0,10191.0,7907.0,33015.0
292,15208.0,-32768.0,-7652.0,-2880.0,19541.0,12947.0,8045.0,33021.0
293,13664.0,-32768.0,-11452.0,-2880.0,19689.0,15743.0,8763.0,33028.0
294,10908.0,-30416.0,-14908.0,-2912.0,19337.0,17255.0,9494.0,33034.0
295,8204.0,-27460.0,-17132.0,-2896.0,18579.0,17935.0,9944.0,33040.0
296,5948.0,-23972.0,-18772.0,-2896.0,17651.0,17081.0,10095.0,33046.0
297,4548.0,-21088.0,-18764.0,-2896.0,16276.0,16136.0,10117.0,33052.0
298,2944.0,-17948.0,-17892.0,-2896.0,14483.0,15253.0,10246.0,33059.0
299,1548.0,-14936.0,-14840.0,-2896.0,12702.0,13756.0,10045.0,33065.0
300,352.0,-11968.0,-7304.0,-2880.0,11235.0,11355.0,10000.0,33072.0
301,116.0,-11072.0,1168.0,-2880.0,10384.0,8619.0,10260.0,33078.0
302,-164.0,-12276.0,8728.0,-2864.0,9988.0,6202.0,10351.0,33084.0
303,-1432.0,-15740.0,12212.0,-2880.0,9545.0,3974.0,10161.0,33090.0
304,-3104.0,-19004.0,11388.0,-2896.0,8856.0,995.0,9576.0,33096.0
305,-3508.0,-21328.0,9112.0,-2896.0,8297.0,-2042.0,8527.0,33102.0
306,-728.0,-22728.0,7132.0,-2880.0,7983.0,-2789.0,7466.0,33108.0
307,864.0,-23220.0,4260.0,-2896.0,8175.0,-2878.0,6277.0,33114.0
308,1748.0,-22140.0,1416.0,-2864.0,8643.0,-3082.0,5443.0,33120.0
309,2672.0,-19268.0,324.0,-2896.0,9238.0,-3629.0,5027.0,33126.0
310,4460.0,-13968.0,-664.0,-2880.0,9481.0,-3841.0,4699.0,33132.0
311,6788.0,-8324.0,-504.0,-2912.0,8823.0,-3088.0,4090.0,33138.0
312,8720.0,-3120.0,148.0,-2880.0,7195.0,-1544.0,3289.0,33144.0
313,9400.0,60.0,564.0,-2896.0,4849.0,693.0,2410.0,33149.0
314,8636.0,364.0,620.0,-2864.0,2429.0,3217.0,2127.0,33156.0
315,6592.0,-960.0,720.0,-2864.0,96.0,5342.0,1995.0,33162.0
316,4436.0,-2500.0,-240.0,-2896.0,-1716.0,6245.0,1661.0,33167.0
317,3320.0,-3140.0,-1628.0,-2864.0,-3247.0,6241.0,966.0,33173.0
318,2552.0,-3048.0,-3060.0,-2880.0,-4745.0,5518.0,56.0,33179.0
319,2100.0,-3052.0,-3736.0,-2880.0,-6259.0,4612.0,-904.0,33185.0
320,1852.0,-3824.0,-4044.0,-2880.0,-7411.0,3734.0,-1939.0,33191.0
321,1212.0,-4896.0,-4152.0,-2880.0,-7890.0,2866.0,-2946.0,33197.0
322,-728.0,-4488.0,-5888.0,-2912.0,-8789.0,1861.0,-3470.0,33203.0
323,-2708.0,-4164.0,-5628.0,-2896.0,-9976.0,1167.0,-3706.0,33209.0
324,-4340.0,-3852.0,-6644.0,-2928.0,-11125.0,95.0,-4103.0,33215.0
325,-4372.0,-3176.0,-6988.0,-2864.0,-12620.0,-2014.0,-4743.0,33221.0
326,-2932.0,-1972.0,-6212.0,-2880.0,-14338.0,-5158.0,-5871.0,33227.0
327,-1140.0,-1452.0,-5516.0,-2896.0,-16145.0,-7905.0,-7029.0,33233.0
328,80.0,-1940.0,-4880.0,-2880.0,-17877.0,-9503.0,-7970.0,33240.0
329,456.0,-2536.0,-4596.0,-2880.0,-19347.0,-10463.0,-8515.0,33246.0
330,1212.0,-3076.0,-3968.0,-2896.0,-20818.0,-11039.0,-8690.0,33251.0
331,1968.0,-3272.0,-3720.0,-2864.0,-22305.0,-11321.0,-8796.0,33257.0
332,2616.0,-3220.0,-4376.0,-2848.0,-23980.0,-11209.0,-8931.0,33263.0
333,3144.0,-3284.0,-5052.0,-2896.0,-25854.0,-10913.0,-9019.0,33269.0
334,3768.0,-3756.0,-5436.0,-2864.0,-27798.0,-10176.0,-9025.0,33275.0
335,4060.0,-5624.0,-5432.0,-2880.0,-29487.0,-9008.0,-8991.0,33282.0
336,4576.0,-6852.0,-5968.0,-2896.0,-31052.0,-7916.0,-9027.0,33288.0
337,5224.0,-8304.0,-5716.0,-2880.0,-32227.0,-6809.0,-9360.0,33294.0
338,5772.0,-9448.0,-5580.0,-2896.0,-32768.0,-5544.0,-9738.0,33300.0
339,6360.0,-10688.0,-5352.0,-2880.0,-32768.0,-4352.0,-10342.0,33306.0
340,7112.0,-11624.0,-5104.0,-2896.0,-32768.0,-3105.0,-10923.0,33312.0
341,8200.0,-12888.0,-4516.0,-2896.0,-32768.0,-1646.0,-11599.0,33318.0
