id,AcX,AcY,AcZ,Tmp,GyX,GyY,GyZ,Timer
0,-20748.0,-29628.0,22824.0,-2768.0,17475.0,-4289.0,4117.0,76802.0
1,-15684.0,-32768.0,18372.0,-2800.0,20978.0,-15478.0,2229.0,76808.0
2,-8260.0,-16992.0,5640.0,-2768.0,20535.0,-17202.0,982.0,76814.0
3,1076.0,736.0,-5880.0,-2768.0,14985.0,-13821.0,-2848.0,76820.0
4,9200.0,-988.0,-10928.0,-2768.0,11898.0,-12416.0,-4688.0,76826.0
5,15880.0,-12196.0,-6620.0,-2800.0,12909.0,-11637.0,-4005.0,76832.0
6,14188.0,-17896.0,952.0,-2800.0,13726.0,-6782.0,-2010.0,76838.0
7,12072.0,-20712.0,6808.0,-2752.0,14125.0,-1417.0,-500.0,76845.0
8,11284.0,-21124.0,7876.0,-2768.0,14595.0,347.0,-462.0,76851.0
9,7064.0,-21340.0,5208.0,-2784.0,15061.0,141.0,108.0,76857.0
10,1940.0,-19044.0,2672.0,-2784.0,14708.0,70.0,1051.0,76863.0
11,172.0,-14540.0,3568.0,-2784.0,13319.0,-107.0,954.0,76869.0
12,652.0,-12808.0,5168.0,-2752.0,12120.0,-793.0,376.0,76874.0
13,1644.0,-14040.0,4688.0,-2784.0,11176.0,-1507.0,103.0,76880.0
14,2136.0,-15460.0,2696.0,-2800.0,10317.0,-1009.0,125.0,76887.0
15,2440.0,-16440.0,1692.0,-2768.0,9709.0,180.0,16.0,76893.0
16,2288.0,-16984.0,1956.0,-2768.0,9336.0,1259.0,-233.0,76899.0
17,1756.0,-17128.0,2048.0,-2768.0,8947.0,2201.0,-397.0,76905.0
18,580.0,-16668.0,1428.0,-2768.0,8528.0,2895.0,-708.0,76911.0
19,-1080.0,-16056.0,1528.0,-2768.0,7914.0,2626.0,-1123.0,76916.0
20,-1180.0,-15436.0,1972.0,-2800.0,7214.0,1482.0,-1695.0,76922.0
21,456.0,-15364.0,2252.0,-2768.0,6618.0,211.0,-2244.0,76929.0
22,3184.0,-15508.0,1904.0,-2800.0,6211.0,-255.0,-2416.0,76935.0
23,5672.0,-15808.0,1400.0,-2784.0,5897.0,443.0,-2266.0,76941.0
24,6712.0,-16096.0,992.0,-2784.0,5687.0,2050.0,-1910.0,76947.0
25,6456.0,-15968.0,820.0,-2768.0,5488.0,3873.0,-1538.0,76953.0
26,5396.0,-15768.0,1308.0,-2800.0,5299.0,5253.0,-1288.0,76959.0
27,4108.0,-15940.0,916.0,-2752.0,5143.0,6110.0,-1042.0,76965.0
28,3492.0,-15860.0,860.0,-2752.0,5006.0,6201.0,-1056.0,76971.0
29,2952.0,-16284.0,936.0,-2768.0,4962.0,5990.0,-1253.0,76977.0
30,2464.0,-16084.0,444.0,-2800.0,4867.0,5435.0,-1444.0,76983.0
31,2444.0,-15688.0,352.0,-2768.0,4734.0,4544.0,-1641.0,76989.0
32,2600.0,-16004.0,52.0,-2768.0,4745.0,3684.0,-1753.0,76995.0
33,3112.0,-16100.0,-556.0,-2800.0,4792.0,2889.0,-1831.0,77001.0
34,4140.0,-15608.0,-660.0,-2800.0,4792.0,2229.0,-1852.0,77006.0
35,4964.0,-15392.0,-600.0,-2784.0,4717.0,1943.0,-1821.0,77012.0
36,5268.0,-15284.0,-116.0,-2784.0,4712.0,1916.0,-1829.0,77019.0
37,5608.0,-15668.0,292.0,-2784.0,4835.0,2042.0,-1741.0,77025.0
38,4260.0,-16536.0,232.0,-2784.0,4988.0,2282.0,-1580.0,77031.0
39,4144.0,-16696.0,-276.0,-2816.0,5167.0,2429.0,-1512.0,77037.0
40,3672.0,-16788.0,-152.0,-2768.0,5290.0,2654.0,-1703.0,77043.0
41,3368.0,-17056.0,-528.0,-2800.0,5578.0,2658.0,-1936.0,77048.0
42,3496.0,-17016.0,-144.0,-2768.0,5803.0,2562.0,-1790.0,77054.0
43,4364.0,-16956.0,-324.0,-2800.0,6040.0,2813.0,-2010.0,77061.0
44,4456.0,-16608.0,-412.0,-2800.0,6220.0,3172.0,-1958.0,77067.0
45,4324.0,-16392.0,752.0,-2784.0,6346.0,3444.0,-2040.0,77073.0
46,3984.0,-17840.0,2024.0,-2816.0,6490.0,3979.0,-2208.0,77079.0
47,4592.0,-16064.0,1268.0,-2768.0,6635.0,3436.0,-1972.0,77085.0
48,5308.0,-15888.0,840.0,-2768.0,6673.0,3624.0,-2051.0,77091.0
49,5680.0,-16216.0,820.0,-2752.0,6715.0,3993.0,-1780.0,77096.0
50,7752.0,-17152.0,1152.0,-2752.0,6834.0,5028.0,-1786.0,77103.0
51,5660.0,-16924.0,1340.0,-2752.0,6954.0,5391.0,-1877.0,77109.0
52,7804.0,-17040.0,992.0,-2768.0,7064.0,5717.0,-2199.0,77115.0
53,10072.0,-16880.0,1532.0,-2800.0,7091.0,6674.0,-2528.0,77121.0
54,12400.0,-20140.0,1900.0,-2784.0,7145.0,8427.0,-2981.0,77127.0
55,10532.0,-16216.0,-648.0,-2768.0,7082.0,9907.0,-2702.0,77133.0
56,10056.0,-17444.0,960.0,-2752.0,7170.0,11366.0,-2536.0,77139.0
57,9620.0,-17576.0,1312.0,-2768.0,7277.0,12283.0,-2733.0,77146.0
58,9476.0,-18252.0,1452.0,-2752.0,7634.0,13208.0,-2400.0,77152.0
59,7508.0,-18768.0,668.0,-2768.0,8034.0,14009.0,-1878.0,77158.0
60,5992.0,-18448.0,1100.0,-2816.0,8554.0,14099.0,-1103.0,77164.0
61,4736.0,-18624.0,824.0,-2768.0,9195.0,13881.0,-502.0,77169.0
62,3340.0,-18756.0,1956.0,-2800.0,9881.0,13198.0,395.0,77175.0
63,3492.0,-19412.0,2044.0,-2736.0,10526.0,12633.0,981.0,77181.0
64,3316.0,-20096.0,2060.0,-2784.0,11197.0,11955.0,1829.0,77188.0
65,4216.0,-20644.0,2084.0,-2800.0,11852.0,11419.0,2514.0,77194.0
66,4576.0,-21812.0,2604.0,-2800.0,12437.0,11255.0,3319.0,77200.0
67,5032.0,-22572.0,2556.0,-2800.0,13140.0,11201.0,3930.0,77206.0
68,3956.0,-23296.0,2176.0,-2768.0,13711.0,11272.0,4709.0,77212.0
69,2420.0,-23788.0,1804.0,-2800.0,14485.0,11325.0,5356.0,77218.0
70,396.0,-24188.0,2136.0,-2816.0,15098.0,11188.0,6010.0,77224.0
71,-1800.0,-25316.0,2664.0,-2800.0,15690.0,10574.0,6715.0,77231.0
72,-2820.0,-26152.0,2812.0,-2784.0,16229.0,9601.0,7324.0,77237.0
73,-2768.0,-26896.0,2852.0,-2768.0,16737.0,8367.0,7895.0,77243.0
74,-1500.0,-27640.0,2944.0,-2784.0,17215.0,7341.0,8477.0,77249.0
75,168.0,-28412.0,2348.0,-2800.0,17640.0,6639.0,9129.0,77255.0
76,2540.0,-29068.0,1592.0,-2832.0,18142.0,6380.0,9764.0,77261.0
77,4652.0,-29880.0,1132.0,-2784.0,18724.0,6418.0,10372.0,77267.0
78,6508.0,-30472.0,372.0,-2784.0,19371.0,6801.0,11026.0,77274.0
79,8244.0,-31588.0,-388.0,-2768.0,20160.0,7373.0,11733.0,77280.0
80,9044.0,-32768.0,-656.0,-2800.0,21033.0,7969.0,12470.0,77286.0
81,9836.0,-32768.0,-2576.0,-2800.0,22044.0,8542.0,13222.0,77292.0
82,11472.0,-32768.0,-5220.0,-2752.0,23089.0,8724.0,13811.0,77298.0
83,12676.0,-32768.0,-8436.0,-2752.0,24036.0,9123.0,14236.0,77304.0
84,11088.0,-32768.0,-12292.0,-2816.0,24692.0,9394.0,15189.0,77310.0
85,10992.0,-32768.0,-16512.0,-2784.0,25220.0,7454.0,16005.0,77317.0
86,13636.0,-32768.0,-21528.0,-2784.0,25769.0,4922.0,16138.0,77323.0
87,15780.0,-32768.0,-25832.0,-2800.0,26461.0,2478.0,15559.0,77329.0
88,16896.0,-32768.0,-29780.0,-2800.0,26587.0,579.0,14675.0,77335.0
89,17484.0,-32768.0,-32392.0,-2800.0,26249.0,-668.0,13722.0,77341.0
90,14344.0,-32768.0,-32036.0,-2800.0,25540.0,-1360.0,13468.0,77347.0
91,8872.0,-32768.0,-26288.0,-2768.0,24245.0,-2327.0,13773.0,77353.0
92,2512.0,-32768.0,-11504.0,-2800.0,23537.0,-4374.0,14980.0,77360.0
93,-152.0,-32768.0,-1736.0,-2832.0,22253.0,-8023.0,15761.0,77366.0
94,164.0,-32768.0,1572.0,-2784.0,20391.0,-14270.0,13755.0,77372.0
95,1584.0,-32768.0,5452.0,-2816.0,21759.0,-20039.0,11766.0,77378.0
96,8908.0,-32768.0,5600.0,-2752.0,24544.0,-23338.0,8181.0,77385.0
97,12616.0,-32768.0,-3124.0,-2816.0,25363.0,-22852.0,4825.0,77391.0
98,15176.0,-30384.0,-9324.0,-2768.0,23999.0,-20872.0,3418.0,77398.0
99,15952.0,-15476.0,-25976.0,-2784.0,19146.0,-20566.0,5290.0,77404.0
100,21384.0,-6340.0,-25528.0,-2784.0,13435.0,-16338.0,4855.0,77410.0
101,16916.0,-5616.0,-29600.0,-2784.0,8439.0,-10688.0,3400.0,77416.0
102,16528.0,-3712.0,-32768.0,-2800.0,4092.0,-9627.0,1760.0,77422.0
103,20564.0,-2412.0,-32768.0,-2800.0,660.0,-8405.0,112.0,77428.0
104,22888.0,-2452.0,-28508.0,-2784.0,-1866.0,-4034.0,-1132.0,77434.0
105,23404.0,-1104.0,-25008.0,-2832.0,-4615.0,2006.0,-1814.0,77441.0
106,21820.0,784.0,-23196.0,-2784.0,-7826.0,7571.0,-2292.0,77447.0
107,17772.0,2176.0,-23116.0,-2800.0,-11025.0,11531.0,-3136.0,77453.0
108,12648.0,2936.0,-22896.0,-2800.0,-14245.0,13454.0,-4230.0,77459.0
109,6704.0,3120.0,-22276.0,-2768.0,-17590.0,13758.0,-5389.0,77465.0
110,2060.0,1772.0,-20972.0,-2800.0,-20925.0,13516.0,-6297.0,77471.0
111,-2440.0,-716.0,-18268.0,-2800.0,-23948.0,13147.0,-7046.0,77477.0
112,-6520.0,-3296.0,-16108.0,-2784.0,-26615.0,12486.0,-7762.0,77484.0
113,-9232.0,-5800.0,-14556.0,-2768.0,-28990.0,11158.0,-8794.0,77490.0
114,-10948.0,-8004.0,-13996.0,-2768.0,-31249.0,8714.0,-10046.0,77496.0
115,-11232.0,-9544.0,-13892.0,-2752.0,-32768.0,5221.0,-11367.0,77502.0
116,-10680.0,-10668.0,-13504.0,-2816.0,-32768.0,1202.0,-12288.0,77508.0
117,-9260.0,-11348.0,-12168.0,-2784.0,-32768.0,-2417.0,-12534.0,77514.0
118,-6912.0,-11676.0,-11412.0,-2816.0,-32768.0,-4964.0,-12660.0,77520.0
119,-4116.0,-12124.0,-10924.0,-2768.0,-32768.0,-6161.0,-13045.0,77528.0
120,-1136.0,-12836.0,-11140.0,-2768.0,-32768.0,-6272.0,-13399.0,77534.0
121,2012.0,-14728.0,-11236.0,-2784.0,-32768.0,-5767.0,-13772.0,77540.0
122,3924.0,-17340.0,-11192.0,-2816.0,-32768.0,-4621.0,-13687.0,77546.0
123,4776.0,-19536.0,-10408.0,-2816.0,-32768.0,-2412.0,-13200.0,77552.0
124,4464.0,-20312.0,-10256.0,-2816.0,-32768.0,431.0,-13029.0,77559.0
125,3488.0,-22228.0,-10172.0,-2784.0,-32768.0,3331.0,-13047.0,77565.0
126,176.0,-25152.0,-8748.0,-2800.0,-32768.0,2621.0,-12378.0,77572.0
127,4152.0,-24836.0,-9132.0,-2800.0,-32768.0,7879.0,-14135.0,77578.0
128,-1200.0,-28812.0,-8092.0,-2784.0,-32768.0,9830.0,-12964.0,77584.0
129,-4696.0,-29892.0,-7876.0,-2832.0,-32768.0,10500.0,-12689.0,77591.0
130,-7516.0,-32584.0,-6836.0,-2768.0,-32768.0,9695.0,-12459.0,77597.0
131,-10196.0,-32768.0,-4512.0,-2816.0,-32768.0,8255.0,-12428.0,77603.0
132,-11192.0,-32768.0,-2628.0,-2816.0,-32768.0,6606.0,-12641.0,77609.0
133,-11876.0,-32768.0,-56.0,-2784.0,-32768.0,5127.0,-12925.0,77617.0
134,-11948.0,-32768.0,2368.0,-2800.0,-32768.0,3338.0,-13164.0,77623.0
135,-11668.0,-32768.0,5424.0,-2784.0,-32768.0,1115.0,-13197.0,77629.0
136,-11252.0,-32768.0,9472.0,-2800.0,-32768.0,-1455.0,-12992.0,77635.0
137,-10704.0,-32768.0,13384.0,-2800.0,-32768.0,-4549.0,-12346.0,77642.0
138,-9972.0,-32768.0,19768.0,-2816.0,-32768.0,-8159.0,-11732.0,77648.0
139,-7800.0,-32768.0,28108.0,-2784.0,-32768.0,-11827.0,-11279.0,77655.0
140,-4028.0,-32768.0,32767.0,-2800.0,-32768.0,-14600.0,-10948.0,77662.0
141,1752.0,-32768.0,32767.0,-2800.0,-32768.0,-15520.0,-10580.0,77668.0
142,6032.0,-32768.0,32767.0,-2832.0,-32768.0,-14469.0,-9970.0,77674.0
143,9056.0,-32768.0,32767.0,-2784.0,-31829.0,-11923.0,-9130.0,77681.0
144,9128.0,-32768.0,32767.0,-2816.0,-28070.0,-8426.0,-8241.0,77687.0
145,6684.0,-32768.0,32767.0,-2784.0,-24199.0,-4537.0,-7446.0,77693.0
146,1420.0,-32280.0,32767.0,-2832.0,-20334.0,-605.0,-6390.0,77700.0
147,-4788.0,-31760.0,32767.0,-2800.0,-16437.0,2580.0,-4655.0,77706.0
148,-11468.0,-32768.0,32767.0,-2832.0,-11938.0,4457.0,-2243.0,77712.0
149,-16708.0,-32768.0,32767.0,-2800.0,-6531.0,3850.0,-28.0,77719.0
150,-19468.0,-32768.0,32767.0,-2784.0,-937.0,1717.0,2469.0,77725.0
151,-21088.0,-32768.0,32767.0,-2768.0,4863.0,-1207.0,4547.0,77731.0
152,-22332.0,-31812.0,32767.0,-2800.0,10178.0,-4259.0,6334.0,77737.0
153,-23708.0,-29064.0,32767.0,-2800.0,14588.0,-7059.0,7202.0,77744.0
154,-25976.0,-26504.0,32767.0,-2816.0,18315.0,-10529.0,7380.0,77750.0
155,-24492.0,-24692.0,32767.0,-2832.0,19851.0,-15676.0,7405.0,77756.0
156,30736.0,19632.0,-32768.0,-2832.0,-142.0,-19386.0,-243.0,77762.0
157,32767.0,-32768.0,-32768.0,-2848.0,-4656.0,-32768.0,-32768.0,77768.0
158,32767.0,-32768.0,15128.0,-2768.0,29822.0,-32768.0,-19503.0,77775.0
159,-22732.0,-32768.0,32767.0,-2800.0,32767.0,28553.0,32767.0,77782.0
160,-32768.0,-12504.0,32767.0,-2816.0,29294.0,32767.0,32767.0,77788.0
161,-32768.0,-32768.0,31796.0,-2816.0,29228.0,32767.0,13349.0,77795.0
162,-20356.0,-32768.0,2608.0,-2832.0,32767.0,-4035.0,2579.0,77801.0
163,6948.0,-17476.0,-17440.0,-2768.0,32767.0,-31444.0,5374.0,77807.0
164,30196.0,15240.0,-4964.0,-2800.0,32767.0,-32768.0,7311.0,77813.0
165,19492.0,20244.0,15920.0,-2800.0,29223.0,-17182.0,3434.0,77819.0
166,-4980.0,11592.0,25644.0,-2816.0,21329.0,-5103.0,-406.0,77826.0
167,-12624.0,-14152.0,17304.0,-2800.0,19151.0,-6017.0,2122.0,77832.0
168,-7884.0,-28520.0,5964.0,-2768.0,18996.0,-5704.0,2257.0,77838.0
169,-1180.0,-28604.0,2296.0,-2816.0,18776.0,-3376.0,2118.0,77844.0
170,7752.0,-27852.0,4856.0,-2800.0,19941.0,-3436.0,1685.0,77850.0
171,10212.0,-27820.0,5364.0,-2768.0,21406.0,-1941.0,2997.0,77856.0
172,6820.0,-22836.0,2492.0,-2784.0,21357.0,3971.0,3906.0,77862.0
173,3336.0,-13296.0,4868.0,-2768.0,19052.0,8958.0,3305.0,77869.0
174,-1744.0,-6936.0,7260.0,-2816.0,15517.0,10382.0,2218.0,77875.0
175,-4368.0,-8564.0,3804.0,-2816.0,12630.0,9278.0,1439.0,77881.0
176,-2752.0,-11252.0,1456.0,-2784.0,11106.0,7284.0,-113.0,77887.0
177,-288.0,-13140.0,2140.0,-2800.0,10081.0,5421.0,-921.0,77893.0
178,3128.0,-14220.0,2616.0,-2784.0,8930.0,4690.0,-851.0,77899.0
179,4964.0,-14212.0,2476.0,-2784.0,7644.0,5911.0,-847.0,77905.0
180,11220.0,-15612.0,1404.0,-2800.0,7538.0,10524.0,-774.0,77912.0
181,-6376.0,-4748.0,-7968.0,-2816.0,5152.0,13282.0,-980.0,77918.0
182,2248.0,-14248.0,3764.0,-2800.0,5285.0,9163.0,-1486.0,77923.0
183,436.0,-16184.0,2464.0,-2800.0,4490.0,7242.0,-1128.0,77929.0
184,1392.0,-15920.0,1688.0,-2800.0,4182.0,5905.0,-2624.0,77935.0
185,3748.0,-14360.0,1560.0,-2816.0,3560.0,3112.0,-1872.0,77941.0
186,7260.0,-13752.0,1828.0,-2800.0,2542.0,4372.0,-2220.0,77947.0
187,5732.0,-15852.0,724.0,-2816.0,2403.0,4411.0,-1159.0,77954.0
188,6064.0,-16216.0,-424.0,-2832.0,2408.0,4825.0,-1067.0,77960.0
189,3272.0,-15480.0,-224.0,-2768.0,2210.0,4637.0,-856.0,77966.0
190,3852.0,-15992.0,-176.0,-2832.0,2155.0,4229.0,-982.0,77972.0
191,3376.0,-16344.0,-580.0,-2832.0,2244.0,3968.0,-1171.0,77977.0
192,3148.0,-16652.0,-828.0,-2816.0,2380.0,3690.0,-1282.0,77983.0
193,2092.0,-16952.0,-1228.0,-2848.0,2655.0,3367.0,-1717.0,77989.0
194,2504.0,-17292.0,-976.0,-2768.0,3022.0,2910.0,-2806.0,77996.0
195,2192.0,-16652.0,-172.0,-2800.0,3170.0,1912.0,-1086.0,78002.0
196,3116.0,-17344.0,-768.0,-2816.0,3650.0,2428.0,-2673.0,78008.0
197,2296.0,-16492.0,-540.0,-2784.0,3945.0,2107.0,-2361.0,78014.0
198,3004.0,-16104.0,-184.0,-2800.0,4151.0,1764.0,-2692.0,78020.0
199,4508.0,-16140.0,-20.0,-2768.0,4395.0,1486.0,-2698.0,78026.0
200,6180.0,-16208.0,192.0,-2800.0,4585.0,1922.0,-2507.0,78031.0
201,7436.0,-16244.0,-4.0,-2800.0,4766.0,2814.0,-2109.0,78038.0
202,8176.0,-16268.0,36.0,-2800.0,5105.0,4060.0,-1643.0,78044.0
203,8064.0,-16120.0,-220.0,-2832.0,5525.0,5217.0,-1252.0,78050.0
204,7560.0,-16116.0,-560.0,-2800.0,6031.0,6193.0,-941.0,78056.0
205,6904.0,-15952.0,-596.0,-2800.0,6595.0,6669.0,-719.0,78062.0
206,6184.0,-15892.0,-1100.0,-2800.0,7249.0,6752.0,-425.0,78067.0
207,5224.0,-15708.0,268.0,-2800.0,7815.0,6583.0,25.0,78073.0
208,4436.0,-16608.0,-48.0,-2832.0,8379.0,6589.0,380.0,78080.0
209,4332.0,-17012.0,-388.0,-2816.0,8941.0,6286.0,521.0,78086.0
210,5452.0,-17360.0,-220.0,-2784.0,9347.0,5831.0,531.0,78091.0
211,9192.0,-17704.0,-984.0,-2816.0,9756.0,5807.0,15.0,78097.0
212,11012.0,-18820.0,-1164.0,-2832.0,10213.0,6462.0,32.0,78103.0
213,9952.0,-19184.0,-1444.0,-2816.0,10841.0,7874.0,-41.0,78109.0
214,10392.0,-17776.0,700.0,-2816.0,10843.0,9648.0,3067.0,78115.0
215,5328.0,-19332.0,1428.0,-2800.0,11713.0,11494.0,150.0,78121.0
216,-1116.0,-18220.0,1428.0,-2800.0,12093.0,9022.0,-141.0,78128.0
217,2560.0,-19436.0,2180.0,-2832.0,12435.0,7617.0,1715.0,78134.0
218,4492.0,-20392.0,1780.0,-2832.0,13123.0,8776.0,2333.0,78139.0
219,1468.0,-19600.0,1744.0,-2816.0,13592.0,9466.0,3503.0,78145.0
220,80.0,-20288.0,2060.0,-2800.0,14030.0,8845.0,3988.0,78151.0
221,-80.0,-21256.0,2640.0,-2800.0,14565.0,7686.0,4295.0,78157.0
222,1560.0,-22232.0,2416.0,-2800.0,15092.0,6640.0,4877.0,78163.0
223,1788.0,-22976.0,2312.0,-2784.0,15585.0,6265.0,5094.0,78170.0
224,1312.0,-24044.0,2692.0,-2832.0,16024.0,5912.0,5420.0,78176.0
225,1504.0,-25068.0,2648.0,-2784.0,16460.0,5566.0,5927.0,78182.0
226,1784.0,-26096.0,2756.0,-2800.0,16903.0,5413.0,6535.0,78188.0
227,2156.0,-26872.0,2632.0,-2832.0,17388.0,5549.0,7006.0,78194.0
228,2328.0,-27700.0,2692.0,-2832.0,17951.0,5891.0,7655.0,78200.0
229,2704.0,-28204.0,2440.0,-2816.0,18539.0,6157.0,8387.0,78206.0
230,3288.0,-28984.0,2048.0,-2800.0,19211.0,6257.0,9252.0,78213.0
231,4564.0,-29320.0,1720.0,-2832.0,19894.0,6256.0,10073.0,78218.0
232,6220.0,-29856.0,1284.0,-2768.0,20620.0,6446.0,10835.0,78224.0
233,7980.0,-30972.0,716.0,-2784.0,21411.0,6899.0,11708.0,78230.0
234,9892.0,-31988.0,12.0,-2832.0,22289.0,7666.0,12681.0,78236.0
235,12296.0,-32768.0,-60.0,-2800.0,23372.0,8444.0,13392.0,78242.0
236,14944.0,-32768.0,-1500.0,-2784.0,24508.0,9572.0,14057.0,78248.0
237,16328.0,-32768.0,-3944.0,-2784.0,25598.0,11054.0,14343.0,78255.0
238,14128.0,-32768.0,-6960.0,-2800.0,26404.0,12851.0,15405.0,78261.0
239,13340.0,-32768.0,-10244.0,-2800.0,26870.0,12728.0,16311.0,78267.0
240,15356.0,-32768.0,-15540.0,-2784.0,27424.0,11997.0,16708.0,78274.0
241,17856.0,-32768.0,-20944.0,-2768.0,28162.0,11446.0,16374.0,78280.0
242,18204.0,-32768.0,-25144.0,-2832.0,28751.0,10547.0,15552.0,78286.0
243,15472.0,-32768.0,-30324.0,-2816.0,28718.0,9192.0,14858.0,78292.0
244,13504.0,-32768.0,-32768.0,-2800.0,27929.0,7467.0,14393.0,78299.0
245,11472.0,-32768.0,-32768.0,-2800.0,26460.0,6274.0,14786.0,78305.0
246,8800.0,-32768.0,-26036.0,-2784.0,24292.0,6705.0,16185.0,78311.0
247,6076.0,-32768.0,-12164.0,-2816.0,23083.0,7002.0,18115.0,78318.0
248,1116.0,-31840.0,-5496.0,-2816.0,21606.0,3825.0,18504.0,78324.0
249,-3828.0,-29900.0,-672.0,-2800.0,20617.0,-3576.0,17128.0,78330.0
250,-1824.0,-32768.0,7756.0,-2800.0,20718.0,-11056.0,14352.0,78337.0
251,32.0,-32768.0,5496.0,-2800.0,22037.0,-14887.0,11597.0,78343.0
252,-340.0,-32768.0,-940.0,-2816.0,22630.0,-17054.0,9323.0,78349.0
253,840.0,-32484.0,-12892.0,-2800.0,21535.0,-22622.0,8040.0,78355.0
254,10920.0,-15852.0,-21196.0,-2832.0,16618.0,-27998.0,6219.0,78361.0
255,15060.0,-6344.0,-24508.0,-2832.0,11242.0,-26942.0,4447.0,78367.0
256,16764.0,-3252.0,-28296.0,-2800.0,6235.0,-24794.0,3297.0,78373.0
257,20052.0,-1988.0,-29848.0,-2768.0,2132.0,-21725.0,1997.0,78380.0
258,22524.0,-2328.0,-27124.0,-2768.0,-874.0,-16825.0,1137.0,78386.0
259,23432.0,-2932.0,-23116.0,-2816.0,-3276.0,-10873.0,842.0,78392.0
260,23440.0,-532.0,-20044.0,-2800.0,-5973.0,-4318.0,954.0,78398.0
261,17328.0,-700.0,-18924.0,-2848.0,-9332.0,1776.0,3325.0,78404.0
262,20396.0,2324.0,-19992.0,-2800.0,-12217.0,7672.0,2021.0,78410.0
263,9640.0,440.0,-19016.0,-2848.0,-14150.0,9635.0,-2884.0,78416.0
264,3292.0,3824.0,-17780.0,-2800.0,-17618.0,8959.0,-2481.0,78423.0
265,2928.0,3084.0,-15692.0,-2832.0,-20469.0,8240.0,-2397.0,78429.0
266,-1580.0,896.0,-14120.0,-2816.0,-22932.0,6724.0,-5842.0,78435.0
267,-4884.0,244.0,-12724.0,-2800.0,-26035.0,4969.0,-6093.0,78441.0
268,-4636.0,-2236.0,-11876.0,-2784.0,-28604.0,3419.0,-6330.0,78447.0
269,-3312.0,-3564.0,-10788.0,-2768.0,-30923.0,2215.0,-6425.0,78453.0
270,-1700.0,-4572.0,-11180.0,-2800.0,-32768.0,610.0,-7361.0,78459.0
271,-1180.0,-5876.0,-10932.0,-2816.0,-32768.0,-1432.0,-8512.0,78465.0
272,-1296.0,-7860.0,-10056.0,-2800.0,-32768.0,-3603.0,-9098.0,78472.0
273,-548.0,-8152.0,-9212.0,-2832.0,-32768.0,-5188.0,-8730.0,78477.0
274,2780.0,-6652.0,-8296.0,-2832.0,-32768.0,-5717.0,-8438.0,78483.0
275,3340.0,-11428.0,-9748.0,-2816.0,-32768.0,-6072.0,-10587.0,78489.0
276,2248.0,-11796.0,-9344.0,-2816.0,-32768.0,-7003.0,-11799.0,78495.0
277,2940.0,-11772.0,-9380.0,-2784.0,-32768.0,-7639.0,-11322.0,78501.0
278,8664.0,-7152.0,-15204.0,-2768.0,-32768.0,-7847.0,-11815.0,78508.0
279,15496.0,-15512.0,-13060.0,-2848.0,-32768.0,-6065.0,-15472.0,78515.0
280,392.0,-18528.0,-8292.0,-2848.0,-32768.0,-6367.0,-15538.0,78521.0
281,764.0,-18896.0,-6488.0,-2784.0,-32768.0,-9569.0,-8966.0,78527.0
282,17460.0,-22572.0,-8620.0,-2832.0,-32768.0,-6670.0,-11709.0,78533.0
283,9092.0,-20476.0,-5968.0,-2832.0,-32768.0,-3682.0,-14925.0,78539.0
284,9344.0,-25504.0,-6096.0,-2832.0,-32768.0,-157.0,-13607.0,78545.0
285,8528.0,-25428.0,-6196.0,-2816.0,-32768.0,2300.0,-14745.0,78552.0
286,4884.0,-29288.0,-5548.0,-2816.0,-32768.0,2706.0,-16091.0,78558.0
287,2656.0,-31484.0,-3600.0,-2832.0,-32768.0,1928.0,-15887.0,78564.0
288,1840.0,-32768.0,-1976.0,-2816.0,-32768.0,1495.0,-16194.0,78570.0
289,2636.0,-32768.0,-204.0,-2784.0,-32768.0,1978.0,-15892.0,78577.0
290,4732.0,-32768.0,1208.0,-2816.0,-32768.0,3731.0,-15979.0,78583.0
291,4640.0,-32768.0,3848.0,-2816.0,-32768.0,5135.0,-16680.0,78589.0
292,3512.0,-32768.0,7548.0,-2816.0,-32768.0,6473.0,-16693.0,78596.0
293,2620.0,-32768.0,12396.0,-2816.0,-32768.0,7556.0,-16262.0,78602.0
294,1024.0,-32768.0,16492.0,-2800.0,-32768.0,7874.0,-15943.0,78608.0
295,-1268.0,-32768.0,20224.0,-2800.0,-32768.0,6924.0,-15628.0,78614.0
296,-4400.0,-32768.0,24140.0,-2832.0,-32768.0,4602.0,-15350.0,78620.0
297,-6748.0,-32768.0,27248.0,-2816.0,-32768.0,2120.0,-14900.0,78627.0
298,-8240.0,-32768.0,31240.0,-2832.0,-32768.0,-426.0,-14405.0,78633.0
299,-8972.0,-32768.0,32767.0,-2816.0,-32614.0,-3249.0,-13953.0,78640.0
300,-9376.0,-32768.0,32767.0,-2816.0,-28648.0,-6150.0,-13303.0,78646.0
301,-9508.0,-32768.0,32767.0,-2816.0,-24698.0,-8094.0,-12624.0,78653.0
302,-9716.0,-32768.0,32767.0,-2784.0,-20544.0,-8872.0,-11897.0,78659.0
303,-11472.0,-32768.0,32767.0,-2816.0,-16706.0,-8583.0,-10577.0,78665.0
304,-13908.0,-32768.0,32767.0,-2800.0,-12558.0,-7065.0,-8452.0,78672.0
305,-15860.0,-32768.0,32767.0,-2800.0,-7705.0,-5995.0,-5750.0,78679.0
306,-15472.0,-32768.0,32767.0,-2816.0,-2344.0,-6887.0,-2998.0,78685.0
307,-13592.0,-32768.0,32767.0,-2816.0,3620.0,-9362.0,69.0,78691.0
308,3036.0,-32768.0,32767.0,-2800.0,9454.0,-11319.0,1737.0,78697.0
309,-6636.0,-32768.0,32767.0,-2816.0,14961.0,-9155.0,5377.0,78703.0
310,-4916.0,-32484.0,32767.0,-2816.0,18667.0,-5865.0,6349.0,78709.0
311,-20948.0,-27716.0,32767.0,-2832.0,20947.0,-10820.0,7212.0,78715.0
312,-17824.0,-19000.0,32767.0,-2800.0,21107.0,-14235.0,5679.0,78723.0
313,-8452.0,-17496.0,18492.0,-2816.0,21346.0,-16429.0,5017.0,78729.0
314,31696.0,20036.0,-32768.0,-2800.0,3354.0,-19184.0,-453.0,78735.0
315,32767.0,-26592.0,-32768.0,-2816.0,-3483.0,-29087.0,-32276.0,78741.0
316,32767.0,-32768.0,1224.0,-2800.0,23187.0,-32768.0,-14506.0,78747.0
317,-22696.0,-32768.0,32767.0,-2816.0,32767.0,1217.0,30772.0,78754.0
318,-32768.0,-32768.0,32767.0,-2800.0,32767.0,32767.0,32767.0,78760.0
319,-32768.0,-32768.0,32767.0,-2784.0,32767.0,32767.0,17797.0,78767.0
320,-21744.0,-32768.0,-2604.0,-2816.0,32635.0,-6529.0,1773.0,78773.0
321,6548.0,-20752.0,-20356.0,-2784.0,32767.0,-29868.0,-3812.0,78779.0
322,30748.0,-344.0,-3832.0,-2832.0,32767.0,-32768.0,-2830.0,78786.0
323,29660.0,14620.0,13720.0,-2832.0,32767.0,-19108.0,-1158.0,78792.0
324,6920.0,11856.0,19792.0,-2816.0,25591.0,-5052.0,-162.0,78798.0
325,-3972.0,604.0,17936.0,-2800.0,19985.0,419.0,2108.0,78804.0
326,80.0,-16756.0,10432.0,-2832.0,19062.0,1839.0,1673.0,78811.0
327,5388.0,-27548.0,4520.0,-2784.0,19331.0,3457.0,886.0,78817.0
328,7476.0,-32768.0,2200.0,-2800.0,21717.0,5233.0,945.0,78822.0
329,5960.0,-26684.0,2072.0,-2784.0,22495.0,6501.0,1792.0,78828.0
330,2596.0,-15680.0,5580.0,-2832.0,20045.0,8509.0,3045.0,78834.0
331,-324.0,-9440.0,7304.0,-2784.0,16696.0,11810.0,2861.0,78840.0
332,-2412.0,-10336.0,2948.0,-2832.0,14510.0,12805.0,1048.0,78846.0
333,-2012.0,-11352.0,448.0,-2816.0,12765.0,8303.0,-16.0,78853.0
334,-1352.0,-12268.0,1956.0,-2800.0,11662.0,5237.0,195.0,78859.0
335,-80.0,-11800.0,3472.0,-2800.0,10299.0,2535.0,29.0,78865.0
336,2980.0,-11492.0,2704.0,-2800.0,8771.0,1266.0,-77.0,78871.0
337,5772.0,-12848.0,3200.0,-2832.0,7663.0,2570.0,-197.0,78877.0
338,4868.0,-14160.0,2908.0,-2800.0,6665.0,4657.0,-182.0,78882.0
339,3540.0,-15284.0,2520.0,-2800.0,5879.0,6072.0,-75.0,78888.0
340,2896.0,-15032.0,2696.0,-2768.0,5151.0,6855.0,-162.0,78895.0
341,2028.0,-15692.0,2324.0,-2816.0,4671.0,7154.0,-342.0,78901.0
342,1636.0,-16092.0,2456.0,-2800.0,4336.0,6861.0,-588.0,78907.0
343,1940.0,-16116.0,2424.0,-2800.0,3992.0,6203.0,-811.0,78913.0
344,2704.0,-15948.0,1644.0,-2816.0,3643.0,5381.0,-1009.0,78919.0
345,3548.0,-15972.0,1168.0,-2784.0,3221.0,4438.0,-1167.0,78925.0
346,4256.0,-16260.0,360.0,-2800.0,2811.0,3642.0,-1069.0,78931.0
347,4972.0,-16356.0,36.0,-2816.0,2437.0,3322.0,-704.0,78937.0
348,5252.0,-17072.0,-484.0,-2800.0,2260.0,3358.0,-754.0,78943.0
349,6748.0,-16740.0,-568.0,-2832.0,1703.0,3919.0,-627.0,78949.0
350,5048.0,-17716.0,-1148.0,-2832.0,1955.0,4139.0,-730.0,78955.0
351,3664.0,-18272.0,-1108.0,-2832.0,2170.0,3760.0,-955.0,78961.0
352,4048.0,-18344.0,-1112.0,-2800.0,2328.0,3787.0,-1123.0,78967.0
353,3204.0,-18400.0,-1168.0,-2784.0,2636.0,3958.0,-1334.0,78972.0
354,2228.0,-18332.0,-1256.0,-2800.0,2916.0,3891.0,-1620.0,78979.0
355,2496.0,-18408.0,-1132.0,-2832.0,3200.0,3532.0,-2080.0,78985.0
356,3908.0,-17716.0,-1412.0,-2816.0,3422.0,3025.0,-2502.0,78991.0
357,9812.0,-16612.0,-2772.0,-2800.0,3586.0,2894.0,-4008.0,78997.0
358,8508.0,-15760.0,-152.0,-2832.0,3975.0,2970.0,-2949.0,79003.0
359,7888.0,-16356.0,924.0,-2800.0,4259.0,4353.0,-2067.0,79009.0
360,6492.0,-15688.0,1356.0,-2816.0,4457.0,6034.0,-2247.0,79015.0
361,5148.0,-14760.0,1748.0,-2800.0,4792.0,6542.0,-1615.0,79022.0
362,4392.0,-14180.0,2004.0,-2832.0,5185.0,6706.0,-1136.0,79028.0
363,4020.0,-13912.0,1852.0,-2848.0,5636.0,6961.0,-842.0,79033.0
364,4096.0,-14104.0,1376.0,-2848.0,6132.0,7096.0,-683.0,79039.0
365,4076.0,-14144.0,548.0,-2848.0,6636.0,6939.0,-445.0,79045.0
366,3692.0,-14496.0,536.0,-2816.0,7139.0,6817.0,-87.0,79051.0
367,3384.0,-15132.0,636.0,-2816.0,7648.0,6386.0,128.0,79057.0
368,3052.0,-16124.0,1060.0,-2832.0,8098.0,5699.0,274.0,79063.0
369,3488.0,-17080.0,1028.0,-2800.0,8616.0,5106.0,539.0,79069.0
370,4412.0,-17908.0,328.0,-2832.0,9204.0,4893.0,768.0,79075.0
371,4948.0,-18212.0,-532.0,-2832.0,9849.0,4831.0,1070.0,79081.0
372,5364.0,-18044.0,-248.0,-2800.0,10432.0,4723.0,1483.0,79087.0
373,5748.0,-18176.0,156.0,-2848.0,10902.0,4977.0,1699.0,79093.0
374,5048.0,-18528.0,724.0,-2816.0,11460.0,5486.0,1906.0,79099.0
375,3420.0,-18856.0,1120.0,-2832.0,11985.0,5895.0,2219.0,79105.0
376,1660.0,-19244.0,1392.0,-2816.0,12491.0,6017.0,2452.0,79111.0
377,264.0,-19620.0,2272.0,-2832.0,12906.0,5746.0,2784.0,79117.0
378,-552.0,-20452.0,2800.0,-2800.0,13338.0,5141.0,3170.0,79123.0
379,-348.0,-21216.0,2388.0,-2816.0,13855.0,4674.0,3429.0,79129.0
380,-324.0,-21600.0,2356.0,-2816.0,14397.0,4239.0,3850.0,79135.0
381,44.0,-22288.0,2380.0,-2832.0,14854.0,3864.0,4180.0,79141.0
382,920.0,-22920.0,2836.0,-2800.0,15364.0,3560.0,4537.0,79148.0
383,1652.0,-24116.0,2628.0,-2800.0,15842.0,3726.0,5060.0,79154.0
384,1988.0,-24796.0,2808.0,-2816.0,16280.0,4082.0,5575.0,79160.0
385,1024.0,-25548.0,2764.0,-2832.0,16754.0,4386.0,6102.0,79165.0
386,388.0,-26320.0,2640.0,-2816.0,17256.0,4155.0,6616.0,79171.0
387,292.0,-26532.0,2376.0,-2800.0,17832.0,3814.0,7227.0,79177.0
388,560.0,-26756.0,2064.0,-2800.0,18396.0,3480.0,7792.0,79183.0
389,1432.0,-26892.0,1972.0,-2816.0,18950.0,3273.0,8451.0,79190.0
390,2328.0,-27404.0,2056.0,-2800.0,19592.0,3137.0,9169.0,79196.0
391,4188.0,-27632.0,1656.0,-2832.0,20157.0,3129.0,9916.0,79202.0
392,6560.0,-28776.0,1964.0,-2848.0,20909.0,3359.0,10614.0,79208.0
393,8440.0,-29928.0,2260.0,-2832.0,21678.0,3921.0,11680.0,79214.0
394,11096.0,-31528.0,472.0,-2832.0,22452.0,5009.0,12361.0,79220.0
395,12924.0,-32768.0,-424.0,-2816.0,23232.0,6129.0,13186.0,79226.0
396,15072.0,-32768.0,-2428.0,-2816.0,23963.0,7742.0,13750.0,79233.0
397,16768.0,-32768.0,-5456.0,-2848.0,24565.0,9897.0,14047.0,79239.0
398,17260.0,-32768.0,-9080.0,-2832.0,25107.0,12017.0,14293.0,79245.0
399,13228.0,-32768.0,-12060.0,-2848.0,25276.0,14082.0,15131.0,79251.0
400,10804.0,-32768.0,-15424.0,-2800.0,25163.0,13954.0,15924.0,79257.0
401,10236.0,-32768.0,-17820.0,-2832.0,25299.0,12642.0,16765.0,79263.0
402,9092.0,-32768.0,-23248.0,-2848.0,25580.0,10617.0,16974.0,79270.0
403,9828.0,-32768.0,-27212.0,-2800.0,25291.0,8556.0,16315.0,79277.0
404,7812.0,-32768.0,-31488.0,-2832.0,24449.0,5575.0,15063.0,79283.0
405,3884.0,-32768.0,-26952.0,-2832.0,23412.0,1598.0,14674.0,79289.0
406,5576.0,-32768.0,-16784.0,-2832.0,22573.0,255.0,14473.0,79295.0
407,3844.0,-32768.0,176.0,-2832.0,23257.0,378.0,15842.0,79301.0
408,-1504.0,-32768.0,7204.0,-2832.0,23414.0,-1784.0,16406.0,79307.0
409,-4780.0,-32768.0,5036.0,-2832.0,22773.0,-8804.0,15337.0,79313.0
410,-828.0,-32768.0,3040.0,-2832.0,22528.0,-16547.0,13534.0,79320.0
411,4692.0,-32768.0,1552.0,-2848.0,22681.0,-20544.0,12124.0,79326.0
412,8092.0,-32768.0,-2872.0,-2816.0,22478.0,-20598.0,10296.0,79332.0
413,10396.0,-32768.0,-5528.0,-2816.0,22002.0,-19264.0,9246.0,79338.0
414,16192.0,-26676.0,-12544.0,-2816.0,20531.0,-18834.0,8530.0,79344.0
415,21032.0,-15828.0,-13200.0,-2832.0,17450.0,-15997.0,7444.0,79350.0
416,18844.0,-9364.0,-15248.0,-2832.0,13375.0,-10612.0,5858.0,79356.0
417,13720.0,-6080.0,-19860.0,-2832.0,8850.0,-7144.0,4971.0,79363.0
418,12640.0,-3124.0,-23116.0,-2832.0,4441.0,-6333.0,4261.0,79369.0
419,14016.0,-2168.0,-22348.0,-2816.0,988.0,-5836.0,2877.0,79375.0
420,14776.0,-2612.0,-20204.0,-2800.0,-1569.0,-4370.0,1770.0,79381.0
421,14452.0,-2320.0,-17828.0,-2848.0,-3841.0,-1816.0,1159.0,79387.0
422,13680.0,-724.0,-16684.0,-2848.0,-6385.0,817.0,436.0,79393.0
423,12696.0,1360.0,-16556.0,-2848.0,-9242.0,2772.0,-801.0,79399.0
424,11312.0,3128.0,-17124.0,-2832.0,-12409.0,4174.0,-2165.0,79406.0
425,9452.0,3840.0,-17088.0,-2848.0,-15591.0,5269.0,-3160.0,79412.0
426,7264.0,3388.0,-16760.0,-2832.0,-18508.0,6191.0,-3884.0,79418.0
427,4844.0,2404.0,-15896.0,-2832.0,-21220.0,6703.0,-4630.0,79424.0
428,2528.0,1060.0,-14776.0,-2816.0,-23498.0,6593.0,-5252.0,79430.0
429,740.0,-512.0,-13252.0,-2832.0,-25548.0,6083.0,-5822.0,79436.0
430,-856.0,-1760.0,-11944.0,-2816.0,-27365.0,5112.0,-6515.0,79442.0
431,-2228.0,-2856.0,-11312.0,-2832.0,-29228.0,3708.0,-7204.0,79449.0
432,-2936.0,-3716.0,-11780.0,-2848.0,-31337.0,2068.0,-7892.0,79455.0
433,-2360.0,-5136.0,-12540.0,-2880.0,-32768.0,316.0,-8675.0,79461.0
434,-1184.0,-6412.0,-13460.0,-2832.0,-32768.0,-1398.0,-9456.0,79467.0
435,412.0,-7828.0,-13312.0,-2816.0,-32768.0,-2754.0,-9994.0,79473.0
436,1164.0,-9128.0,-12536.0,-2832.0,-32768.0,-3564.0,-10258.0,79479.0
437,1588.0,-10372.0,-11776.0,-2832.0,-32768.0,-3731.0,-10460.0,79485.0
438,1996.0,-12068.0,-10624.0,-2832.0,-32768.0,-3668.0,-10754.0,79492.0
439,2748.0,-13600.0,-9732.0,-2832.0,-32768.0,-3398.0,-11071.0,79498.0
440,4464.0,-15312.0,-9464.0,-2864.0,-32768.0,-2546.0,-11354.0,79504.0
441,5852.0,-16636.0,-9132.0,-2800.0,-32768.0,-1052.0,-12202.0,79510.0
442,6300.0,-18704.0,-8916.0,-2832.0,-32768.0,265.0,-12628.0,79516.0
443,6916.0,-20024.0,-8684.0,-2848.0,-32768.0,1918.0,-13191.0,79522.0
444,7348.0,-21824.0,-8564.0,-2848.0,-32768.0,3754.0,-13716.0,79528.0
445,7168.0,-23776.0,-8280.0,-2848.0,-32768.0,5652.0,-14524.0,79535.0
446,6604.0,-25740.0,-7992.0,-2864.0,-32768.0,7184.0,-15233.0,79541.0
447,5584.0,-27912.0,-7880.0,-2832.0,-32768.0,8243.0,-16070.0,79547.0
448,3644.0,-30064.0,-7008.0,-2800.0,-32768.0,8637.0,-16661.0,79553.0
449,1144.0,-32768.0,-5236.0,-2848.0,-32768.0,8511.0,-16946.0,79559.0
450,-1092.0,-32768.0,-4304.0,-2816.0,-32768.0,7963.0,-17492.0,79565.0
451,-3000.0,-32768.0,-1984.0,-2832.0,-32768.0,7488.0,-17828.0,79571.0
452,-3980.0,-32768.0,900.0,-2816.0,-32768.0,7298.0,-17771.0,79579.0
453,-4808.0,-32768.0,3704.0,-2848.0,-32768.0,6989.0,-17709.0,79585.0
454,-5872.0,-32768.0,7336.0,-2848.0,-32768.0,6447.0,-17515.0,79591.0
455,-6812.0,-32768.0,10912.0,-2832.0,-32768.0,5383.0,-17348.0,79597.0
456,-7488.0,-32768.0,14328.0,-2848.0,-32768.0,3854.0,-16765.0,79603.0
457,-8152.0,-32768.0,18424.0,-2848.0,-32768.0,1678.0,-16191.0,79610.0
458,-9364.0,-32768.0,23184.0,-2832.0,-32768.0,-1243.0,-15419.0,79617.0
459,-10684.0,-32768.0,28560.0,-2800.0,-32768.0,-4381.0,-14460.0,79623.0
460,-10072.0,-32768.0,32767.0,-2816.0,-32768.0,-7364.0,-13283.0,79629.0
461,-7016.0,-32768.0,32767.0,-2816.0,-32768.0,-9976.0,-12621.0,79636.0
462,-3360.0,-32768.0,32767.0,-2848.0,-30455.0,-12025.0,-12616.0,79642.0
463,872.0,-32768.0,32767.0,-2864.0,-26833.0,-13270.0,-13167.0,79649.0
464,3432.0,-32768.0,32767.0,-2816.0,-23224.0,-12595.0,-13512.0,79655.0
465,4496.0,-32768.0,32767.0,-2816.0,-19524.0,-9074.0,-12761.0,79662.0
466,2672.0,-32768.0,32767.0,-2832.0,-15650.0,-3826.0,-10574.0,79668.0
467,-2676.0,-32768.0,32767.0,-2864.0,-10501.0,1586.0,-7946.0,79675.0
468,-7728.0,-32768.0,32767.0,-2832.0,-5411.0,4009.0,-4222.0,79681.0
469,-11040.0,-32768.0,32767.0,-2832.0,630.0,4017.0,-18.0,79687.0
470,-13832.0,-32768.0,32767.0,-2816.0,6899.0,2313.0,2956.0,79693.0
471,-16648.0,-32768.0,32767.0,-2832.0,12273.0,-531.0,5482.0,79699.0
472,-17832.0,-29784.0,32767.0,-2864.0,16427.0,-3266.0,6756.0,79706.0
473,-17572.0,-25940.0,32767.0,-2800.0,19088.0,-5330.0,6892.0,79712.0
474,-20556.0,-22472.0,32767.0,-2816.0,20485.0,-7632.0,5790.0,79718.0
475,-14320.0,-23580.0,31624.0,-2816.0,22908.0,-11433.0,6682.0,79724.0
476,-8628.0,-15136.0,9088.0,-2832.0,21289.0,-15571.0,5468.0,79730.0
477,29204.0,32767.0,-32768.0,-2832.0,-8467.0,-16872.0,-3730.0,79736.0
478,32767.0,-32768.0,-32768.0,-2832.0,-6641.0,-32319.0,-32768.0,79744.0
479,32767.0,-32768.0,5976.0,-2832.0,29498.0,-32768.0,-7495.0,79750.0
480,-14472.0,-32768.0,32767.0,-2848.0,32767.0,1792.0,28347.0,79756.0
481,-32768.0,-32768.0,32767.0,-2832.0,32767.0,32767.0,25981.0,79762.0
482,-32768.0,-32768.0,32767.0,-2848.0,32767.0,32767.0,16059.0,79768.0
483,-32360.0,-32768.0,-1996.0,-2832.0,28715.0,-1316.0,5889.0,79775.0
484,-2516.0,-23636.0,-28700.0,-2848.0,30017.0,-26876.0,4574.0,79781.0
485,17644.0,-13496.0,-15024.0,-2832.0,32767.0,-32768.0,145.0,79788.0
486,24520.0,22700.0,5276.0,-2816.0,31470.0,-20079.0,611.0,79794.0
487,12644.0,20540.0,13216.0,-2800.0,23046.0,-8152.0,-425.0,79800.0
488,2720.0,6908.0,12740.0,-2832.0,18105.0,-4209.0,-1744.0,79806.0
489,-524.0,-10056.0,10820.0,-2848.0,16181.0,-2936.0,-408.0,79812.0
490,2264.0,-20788.0,5748.0,-2864.0,15557.0,1483.0,1559.0,79818.0
491,6008.0,-29548.0,4048.0,-2848.0,16594.0,5916.0,2301.0,79824.0
492,8432.0,-30212.0,5840.0,-2832.0,18357.0,5972.0,1828.0,79831.0
493,2968.0,-28700.0,2620.0,-2832.0,19788.0,4819.0,1019.0,79837.0
494,784.0,-23176.0,1924.0,-2848.0,19485.0,6977.0,3458.0,79843.0
495,-64.0,-15100.0,3328.0,-2832.0,17962.0,9806.0,2609.0,79849.0
496,-3084.0,-9036.0,4116.0,-2832.0,15114.0,9493.0,504.0,79855.0
497,-3060.0,-8240.0,3680.0,-2832.0,12698.0,6477.0,-597.0,79861.0
498,1160.0,-9424.0,1904.0,-2848.0,10947.0,3409.0,-774.0,79867.0
499,4636.0,-11796.0,800.0,-2848.0,9940.0,2421.0,-567.0,79873.0
500,5936.0,-13020.0,1396.0,-2880.0,9101.0,2648.0,-104.0,79879.0
501,6464.0,-13504.0,2224.0,-2832.0,8187.0,3789.0,257.0,79885.0
502,5680.0,-13628.0,2736.0,-2832.0,7091.0,5921.0,242.0,79891.0
503,4092.0,-14444.0,1976.0,-2864.0,6219.0,7839.0,-73.0,79897.0
504,2528.0,-15684.0,1564.0,-2864.0,5767.0,8159.0,-122.0,79903.0
505,1132.0,-15868.0,1320.0,-2848.0,5406.0,7324.0,-236.0,79909.0
506,664.0,-15928.0,1720.0,-2848.0,5089.0,5873.0,-522.0,79915.0
507,1896.0,-15616.0,2340.0,-2816.0,4836.0,4309.0,-820.0,79921.0
508,3404.0,-15272.0,2360.0,-2832.0,4492.0,3264.0,-1014.0,79927.0
509,5112.0,-15128.0,1548.0,-2816.0,4104.0,2770.0,-1111.0,79933.0
510,6352.0,-15356.0,608.0,-2848.0,3601.0,2866.0,-725.0,79939.0
511,6916.0,-15968.0,-92.0,-2816.0,3234.0,3531.0,-294.0,79945.0
512,6540.0,-16568.0,-996.0,-2816.0,2987.0,4578.0,51.0,79951.0
513,5496.0,-16920.0,-1208.0,-2800.0,2790.0,5544.0,177.0,79956.0
514,4288.0,-17704.0,-1392.0,-2832.0,2722.0,6133.0,124.0,79963.0
515,2816.0,-18136.0,-1120.0,-2864.0,2812.0,6208.0,-87.0,79969.0
516,1860.0,-18408.0,-1180.0,-2864.0,3069.0,5891.0,-454.0,79975.0
517,1680.0,-18216.0,-940.0,-2832.0,3391.0,5223.0,-904.0,79981.0
518,1844.0,-18008.0,-1148.0,-2864.0,3692.0,4330.0,-1339.0,79986.0
519,2904.0,-17480.0,-704.0,-2848.0,4059.0,3409.0,-1647.0,79992.0
520,4856.0,-17208.0,-300.0,-2880.0,4206.0,2991.0,-1581.0,79998.0
521,6848.0,-16372.0,-712.0,-2832.0,4445.0,3037.0,-1926.0,80005.0
522,8644.0,-16076.0,-1288.0,-2832.0,4603.0,3545.0,-1890.0,80011.0
523,9248.0,-15784.0,-756.0,-2816.0,4873.0,4396.0,-1738.0,80017.0
524,10396.0,-14604.0,-592.0,-2816.0,5099.0,5465.0,-1878.0,80023.0
525,8200.0,-14728.0,912.0,-2832.0,5428.0,6367.0,-1072.0,80029.0
526,7364.0,-15408.0,1604.0,-2864.0,5730.0,7497.0,-881.0,80035.0
527,5984.0,-15816.0,1544.0,-2864.0,6142.0,8012.0,-603.0,80040.0
528,5024.0,-15736.0,1504.0,-2864.0,6568.0,8016.0,-122.0,80047.0
529,4104.0,-15764.0,1168.0,-2848.0,7014.0,7982.0,158.0,80053.0
530,3328.0,-15784.0,936.0,-2848.0,7445.0,7685.0,520.0,80059.0
531,3332.0,-16168.0,1260.0,-2816.0,7850.0,7165.0,844.0,80065.0
532,3456.0,-16856.0,1112.0,-2848.0,8243.0,6705.0,1154.0,80071.0
533,3660.0,-17456.0,816.0,-2816.0,8693.0,6412.0,1378.0,80076.0
534,3908.0,-17628.0,784.0,-2816.0,9128.0,6116.0,1541.0,80082.0
535,3972.0,-18104.0,800.0,-2816.0,9553.0,5978.0,1672.0,80089.0
536,4040.0,-18604.0,944.0,-2848.0,10033.0,6080.0,1841.0,80095.0
537,3292.0,-18936.0,1292.0,-2832.0,10509.0,6299.0,2154.0,80101.0
538,1952.0,-19372.0,1468.0,-2848.0,11018.0,6477.0,2511.0,80107.0
539,1108.0,-19752.0,1380.0,-2864.0,11581.0,6354.0,2730.0,80113.0
540,100.0,-19844.0,1652.0,-2816.0,12149.0,5919.0,3018.0,80119.0
541,-776.0,-19996.0,1924.0,-2848.0,12651.0,5471.0,3345.0,80125.0
542,-1272.0,-20276.0,2452.0,-2832.0,13026.0,4879.0,3704.0,80131.0
543,-1336.0,-20728.0,2772.0,-2848.0,13603.0,4217.0,4173.0,80137.0
544,-944.0,-21532.0,2976.0,-2832.0,14022.0,3552.0,4554.0,80143.0
545,-20.0,-22336.0,2984.0,-2864.0,14370.0,2972.0,4887.0,80149.0
546,1080.0,-23232.0,2812.0,-2864.0,14841.0,2629.0,5172.0,80155.0
547,1808.0,-23780.0,2816.0,-2816.0,15290.0,2597.0,5603.0,80161.0
548,2052.0,-24416.0,2668.0,-2832.0,15854.0,2687.0,6009.0,80167.0
549,2092.0,-24980.0,2748.0,-2848.0,16388.0,2893.0,6516.0,80174.0
550,1756.0,-25692.0,2400.0,-2864.0,16955.0,3200.0,7074.0,80180.0
551,1564.0,-26060.0,1976.0,-2848.0,17609.0,3274.0,7567.0,80186.0
552,1160.0,-26236.0,1772.0,-2864.0,18238.0,3422.0,8163.0,80192.0
553,916.0,-26592.0,1592.0,-2816.0,18875.0,3455.0,8861.0,80198.0
554,1236.0,-27096.0,1436.0,-2848.0,19519.0,3402.0,9675.0,80203.0
555,2460.0,-27816.0,1116.0,-2896.0,20215.0,3260.0,10436.0,80209.0
556,4488.0,-28604.0,852.0,-2848.0,21010.0,3099.0,11131.0,80216.0
557,6784.0,-29804.0,1944.0,-2832.0,21916.0,3065.0,11801.0,80222.0
558,9368.0,-30776.0,744.0,-2816.0,22742.0,3671.0,12500.0,80228.0
559,11840.0,-31700.0,-776.0,-2864.0,23576.0,4906.0,12785.0,80234.0
560,12060.0,-31976.0,-2380.0,-2864.0,24334.0,6692.0,13542.0,80240.0
561,10504.0,-32768.0,-4660.0,-2832.0,24575.0,8610.0,14438.0,80246.0
562,10204.0,-32768.0,-8488.0,-2832.0,24660.0,9399.0,15395.0,80252.0
563,11800.0,-32768.0,-11680.0,-2848.0,24944.0,9933.0,15991.0,80259.0
564,13276.0,-32768.0,-14528.0,-2832.0,25481.0,9520.0,15957.0,80266.0
565,14384.0,-32768.0,-20024.0,-2832.0,25614.0,8473.0,15497.0,80272.0
566,18220.0,-32768.0,-23264.0,-2832.0,25364.0,9152.0,15220.0,80278.0
567,20016.0,-32768.0,-28436.0,-2848.0,25069.0,10979.0,14278.0,80284.0
568,15156.0,-32768.0,-28888.0,-2832.0,24426.0,11872.0,13960.0,80290.0
569,8500.0,-32768.0,-23544.0,-2832.0,23101.0,12307.0,14676.0,80296.0
570,3376.0,-32768.0,-7548.0,-2848.0,23357.0,11210.0,15036.0,80303.0
571,-1848.0,-32572.0,3268.0,-2816.0,23332.0,8810.0,16190.0,80309.0
572,-2484.0,-30168.0,1392.0,-2848.0,21229.0,2838.0,16062.0,80315.0
573,-720.0,-26588.0,-4516.0,-2864.0,18047.0,-5307.0,14622.0,80321.0
574,3372.0,-23344.0,-12812.0,-2816.0,14125.0,-13884.0,12238.0,80327.0
575,8176.0,-24040.0,-16440.0,-2800.0,10260.0,-20423.0,8959.0,80334.0
576,12080.0,-32576.0,-10476.0,-2864.0,9891.0,-20983.0,6598.0,80340.0
577,13836.0,-32768.0,-316.0,-2800.0,13803.0,-15657.0,5845.0,80347.0
578,12356.0,-32768.0,-2672.0,-2864.0,17322.0,-8928.0,5793.0,80353.0
579,11012.0,-23064.0,-3180.0,-2848.0,17838.0,-5954.0,5822.0,80359.0
580,11072.0,-16092.0,228.0,-2848.0,17429.0,-6222.0,5170.0,80365.0
581,9068.0,-13628.0,908.0,-2864.0,16496.0,-5810.0,4948.0,80371.0
582,10540.0,-7276.0,-12.0,-2880.0,12349.0,-2054.0,5140.0,80377.0
583,9772.0,-1404.0,-5352.0,-2864.0,6486.0,857.0,5478.0,80384.0
584,10848.0,784.0,-10008.0,-2864.0,969.0,2352.0,5143.0,80389.0
585,14816.0,-860.0,-12732.0,-2832.0,-2117.0,2863.0,3007.0,80395.0
586,19476.0,-2368.0,-17648.0,-2864.0,-3060.0,2610.0,-992.0,80401.0
587,17080.0,-1096.0,-19272.0,-2848.0,-5000.0,3646.0,-3302.0,80407.0
588,13180.0,472.0,-17824.0,-2848.0,-6658.0,7473.0,-2961.0,80413.0
589,9876.0,1744.0,-17444.0,-2816.0,-8349.0,10715.0,-2301.0,80419.0
590,8916.0,4680.0,-17000.0,-2880.0,-11251.0,12269.0,-2415.0,80425.0
591,8464.0,7232.0,-16036.0,-2864.0,-15138.0,13598.0,-3911.0,80432.0
592,5836.0,7568.0,-15180.0,-2832.0,-18854.0,15244.0,-5802.0,80438.0
593,2236.0,4340.0,-13824.0,-2896.0,-21171.0,14960.0,-7901.0,80444.0
594,-548.0,2980.0,-12400.0,-2848.0,-22867.0,12314.0,-9827.0,80450.0
595,-3236.0,2844.0,-10672.0,-2848.0,-25035.0,8274.0,-10641.0,80456.0
596,-4772.0,1104.0,-9180.0,-2832.0,-27155.0,3991.0,-10646.0,80462.0
597,-5564.0,-1232.0,-8984.0,-2864.0,-29364.0,229.0,-10729.0,80468.0
598,-5492.0,-3200.0,-9404.0,-2864.0,-31484.0,-2664.0,-11009.0,80475.0
599,-4560.0,-4848.0,-10380.0,-2864.0,-32768.0,-5000.0,-11724.0,80481.0
600,-3356.0,-6976.0,-10812.0,-2832.0,-32768.0,-6984.0,-12618.0,80487.0
601,-1096.0,-7784.0,-11256.0,-2864.0,-32768.0,-8253.0,-13534.0,80493.0
602,1264.0,-9208.0,-10248.0,-2832.0,-32768.0,-8872.0,-14115.0,80499.0
603,3124.0,-10412.0,-9736.0,-2832.0,-32768.0,-8961.0,-14195.0,80505.0
604,3984.0,-11184.0,-8964.0,-2816.0,-32768.0,-8909.0,-14243.0,80512.0
605,4356.0,-11880.0,-9124.0,-2848.0,-32768.0,-8900.0,-14311.0,80518.0
606,4360.0,-12900.0,-8944.0,-2848.0,-32768.0,-8911.0,-14176.0,80524.0
607,-1268.0,-14464.0,-9328.0,-2832.0,-32768.0,-11374.0,-13863.0,80530.0
608,5880.0,-16036.0,-8372.0,-2848.0,-32768.0,-8619.0,-15536.0,80537.0
609,7448.0,-18676.0,-7780.0,-2848.0,-32768.0,-7679.0,-15423.0,80543.0
610,9092.0,-20936.0,-7664.0,-2832.0,-32768.0,-6050.0,-15887.0,80549.0
611,9712.0,-23384.0,-6636.0,-2832.0,-32768.0,-4284.0,-16454.0,80556.0
612,10212.0,-25604.0,-5912.0,-2832.0,-32768.0,-2154.0,-17102.0,80562.0
613,9544.0,-27592.0,-5756.0,-2848.0,-32768.0,-161.0,-17691.0,80568.0
614,7064.0,-31164.0,-4256.0,-2864.0,-32768.0,1125.0,-18109.0,80574.0
615,4792.0,-32768.0,-2132.0,-2848.0,-32768.0,2080.0,-18353.0,80580.0
616,3052.0,-32768.0,-672.0,-2848.0,-32768.0,2442.0,-18715.0,80587.0
617,1884.0,-32768.0,1288.0,-2816.0,-32768.0,2527.0,-18624.0,80593.0
618,1288.0,-32768.0,3848.0,-2848.0,-32768.0,2648.0,-18262.0,80600.0
619,556.0,-32768.0,6952.0,-2848.0,-32768.0,2898.0,-17835.0,80606.0
620,176.0,-32768.0,10616.0,-2832.0,-32768.0,3212.0,-17478.0,80612.0
621,-328.0,-32768.0,14100.0,-2864.0,-32768.0,3363.0,-17212.0,80618.0
622,-2588.0,-32768.0,19564.0,-2848.0,-32768.0,3136.0,-15660.0,80624.0
623,-2572.0,-32768.0,23604.0,-2832.0,-32768.0,2597.0,-16055.0,80630.0
624,-6672.0,-32768.0,25964.0,-2848.0,-32768.0,-73.0,-16541.0,80636.0
625,-8048.0,-32768.0,29620.0,-2832.0,-32768.0,-2696.0,-15409.0,80644.0
626,-7140.0,-32768.0,32676.0,-2864.0,-32768.0,-4613.0,-15081.0,80650.0
627,-9000.0,-32768.0,32767.0,-2832.0,-29087.0,-6816.0,-14690.0,80656.0
628,-9692.0,-32768.0,32767.0,-2832.0,-25249.0,-8955.0,-13645.0,80662.0
629,-10156.0,-32768.0,32767.0,-2832.0,-21653.0,-10688.0,-12969.0,80669.0
630,-9912.0,-32768.0,32767.0,-2880.0,-18136.0,-11676.0,-11748.0,80675.0
631,-8816.0,-32768.0,32767.0,-2864.0,-14547.0,-10708.0,-9782.0,80683.0
632,-7284.0,-32044.0,32767.0,-2848.0,-10640.0,-8332.0,-7630.0,80689.0
633,-6356.0,-30204.0,32767.0,-2848.0,-5967.0,-6702.0,-5445.0,80695.0
634,-4852.0,-28736.0,32767.0,-2848.0,-1145.0,-5789.0,-3157.0,80701.0
635,-6528.0,-31080.0,32767.0,-2864.0,4512.0,-6178.0,-937.0,80707.0
636,-7048.0,-31536.0,32767.0,-2848.0,9738.0,-6718.0,1738.0,80713.0
637,-9132.0,-29440.0,32767.0,-2848.0,14319.0,-7306.0,3407.0,80719.0
638,-10940.0,-25768.0,32767.0,-2832.0,17422.0,-7641.0,4505.0,80726.0
639,-12096.0,-22348.0,32767.0,-2880.0,19425.0,-7961.0,4999.0,80733.0
640,-12268.0,-21248.0,29520.0,-2864.0,20735.0,-8610.0,5549.0,80739.0
641,-9836.0,-12120.0,2304.0,-2864.0,17812.0,-11875.0,5515.0,80745.0
642,25744.0,22832.0,-32768.0,-2864.0,-5252.0,-14150.0,-3698.0,80751.0
643,32767.0,-32768.0,-32768.0,-2848.0,-5170.0,-24164.0,-26985.0,80757.0
644,25676.0,-32768.0,8112.0,-2864.0,23451.0,-32768.0,-3426.0,80764.0
645,-23176.0,-32768.0,32767.0,-2880.0,32767.0,4154.0,26985.0,80771.0
646,-32768.0,-32768.0,32767.0,-2848.0,32767.0,32767.0,25508.0,80777.0
647,-32484.0,-32768.0,32767.0,-2864.0,32767.0,20330.0,11137.0,80783.0
648,-10880.0,-29872.0,-2584.0,-2832.0,27603.0,-16740.0,328.0,80789.0
649,1640.0,-32768.0,-25316.0,-2864.0,32767.0,-32496.0,2004.0,80795.0
650,18732.0,-10460.0,-10828.0,-2848.0,32767.0,-27182.0,61.0,80802.0
651,16920.0,18644.0,9044.0,-2848.0,32767.0,-13876.0,967.0,80808.0
652,9244.0,14944.0,15084.0,-2848.0,25203.0,-7797.0,1912.0,80815.0
653,748.0,-1628.0,11832.0,-2864.0,20978.0,-4041.0,1312.0,80821.0
654,3216.0,-14796.0,8436.0,-2848.0,19779.0,1002.0,2044.0,80827.0
655,10488.0,-21552.0,1236.0,-2832.0,20447.0,3047.0,621.0,80833.0
656,11244.0,-28484.0,-1248.0,-2848.0,22564.0,5277.0,1064.0,80839.0
657,6408.0,-21564.0,2472.0,-2880.0,22127.0,9115.0,3753.0,80845.0
658,2420.0,-12332.0,7648.0,-2864.0,18682.0,11786.0,5103.0,80851.0
659,-2084.0,-11616.0,4620.0,-2864.0,16153.0,14497.0,3689.0,80858.0
660,-4280.0,-11708.0,1896.0,-2848.0,14327.0,12007.0,1562.0,80864.0
661,-3448.0,-12892.0,2432.0,-2848.0,13087.0,8648.0,1258.0,80870.0
662,-1624.0,-13416.0,3928.0,-2864.0,11836.0,5090.0,873.0,80876.0
663,136.0,-13364.0,2468.0,-2848.0,10633.0,2762.0,441.0,80882.0
664,1940.0,-13364.0,2408.0,-2880.0,9521.0,2257.0,190.0,80887.0
665,2184.0,-13896.0,2988.0,-2896.0,8439.0,2972.0,-116.0,80893.0
666,2652.0,-14916.0,3084.0,-2832.0,7630.0,3727.0,-94.0,80900.0
667,4228.0,-14344.0,2940.0,-2832.0,6797.0,4562.0,-159.0,80906.0
668,4536.0,-14272.0,2068.0,-2864.0,6090.0,5864.0,-201.0,80912.0
669,3648.0,-14448.0,1824.0,-2848.0,5298.0,6922.0,-62.0,80918.0
670,2064.0,-15720.0,1624.0,-2848.0,4662.0,7156.0,-353.0,80924.0
671,884.0,-16512.0,1512.0,-2848.0,3986.0,6457.0,-546.0,80929.0
672,904.0,-16828.0,1644.0,-2848.0,3409.0,5147.0,-796.0,80935.0
673,1920.0,-16764.0,1592.0,-2848.0,2922.0,3495.0,-953.0,80942.0
674,3260.0,-16356.0,1760.0,-2848.0,2395.0,2148.0,-1054.0,80948.0
675,5656.0,-16352.0,1448.0,-2864.0,1866.0,1922.0,-633.0,80954.0
676,5640.0,-16508.0,1288.0,-2832.0,1618.0,2409.0,-794.0,80960.0
677,5184.0,-16368.0,604.0,-2848.0,1399.0,2882.0,-669.0,80966.0
678,4880.0,-17112.0,360.0,-2864.0,1353.0,3297.0,-739.0,80971.0
679,4664.0,-17572.0,-8.0,-2864.0,1383.0,3552.0,-840.0,80977.0
680,4248.0,-18104.0,-544.0,-2848.0,1542.0,3853.0,-958.0,80984.0
681,3464.0,-18388.0,-616.0,-2848.0,1844.0,4178.0,-1113.0,80990.0
682,3004.0,-18708.0,-592.0,-2880.0,2192.0,4266.0,-1338.0,80996.0
683,2812.0,-18708.0,-532.0,-2848.0,2510.0,3900.0,-1483.0,81001.0
684,2892.0,-18296.0,-412.0,-2864.0,2812.0,3379.0,-1606.0,81007.0
685,3616.0,-18312.0,-444.0,-2864.0,3132.0,2986.0,-1812.0,81013.0
686,4680.0,-17892.0,-988.0,-2832.0,3477.0,2962.0,-1829.0,81019.0
687,6700.0,-17580.0,-1784.0,-2848.0,3643.0,3398.0,-1919.0,81026.0
688,8184.0,-17776.0,-884.0,-2880.0,4071.0,3934.0,-2114.0,81032.0
689,11032.0,-16440.0,-884.0,-2864.0,4353.0,4682.0,-2575.0,81038.0
690,10364.0,-14056.0,-456.0,-2864.0,4633.0,5580.0,-1810.0,81043.0
691,6752.0,-14840.0,1456.0,-2848.0,5078.0,6865.0,-269.0,81049.0
692,4864.0,-14760.0,1788.0,-2880.0,5333.0,8212.0,-617.0,81055.0
693,3092.0,-14208.0,1680.0,-2880.0,5768.0,7807.0,-242.0,81061.0
694,2380.0,-14708.0,1488.0,-2832.0,6253.0,6772.0,520.0,81068.0
695,3432.0,-15016.0,948.0,-2864.0,6675.0,6328.0,638.0,81074.0
696,4032.0,-15432.0,576.0,-2864.0,7111.0,6002.0,703.0,81080.0
697,4124.0,-15812.0,896.0,-2848.0,7496.0,5449.0,924.0,81085.0
698,4324.0,-16336.0,1184.0,-2864.0,7809.0,5051.0,1107.0,81091.0
699,4588.0,-16552.0,1368.0,-2880.0,8106.0,4940.0,1205.0,81097.0
700,4384.0,-17036.0,1352.0,-2864.0,8434.0,4853.0,1362.0,81103.0
701,4384.0,-17272.0,1444.0,-2864.0,8756.0,4868.0,1699.0,81110.0
702,3936.0,-17276.0,1576.0,-2864.0,9106.0,5084.0,1807.0,81116.0
703,3504.0,-17452.0,1848.0,-2848.0,9398.0,5199.0,1978.0,81122.0
704,3172.0,-17844.0,1764.0,-2848.0,9734.0,5444.0,2234.0,81127.0
705,2784.0,-18156.0,1924.0,-2864.0,10064.0,5715.0,2413.0,81133.0
706,2292.0,-18488.0,1640.0,-2880.0,10524.0,5878.0,2595.0,81139.0
707,1604.0,-18792.0,2000.0,-2848.0,10920.0,5870.0,2873.0,81145.0
708,992.0,-19140.0,2076.0,-2864.0,11321.0,5811.0,3105.0,81152.0
709,584.0,-19796.0,2224.0,-2848.0,11759.0,5696.0,3501.0,81158.0
710,220.0,-20312.0,2228.0,-2880.0,12201.0,5402.0,3967.0,81164.0
711,-32.0,-20456.0,2396.0,-2864.0,12676.0,5048.0,4410.0,81170.0
712,-76.0,-20880.0,2348.0,-2832.0,13142.0,4450.0,4789.0,81176.0
713,260.0,-21116.0,2272.0,-2864.0,13601.0,3768.0,5170.0,81181.0
714,740.0,-21508.0,2464.0,-2864.0,14170.0,3154.0,5516.0,81187.0
715,888.0,-21812.0,2460.0,-2864.0,14630.0,2632.0,5852.0,81193.0
716,752.0,-22080.0,2632.0,-2848.0,15090.0,2238.0,6215.0,81200.0
717,364.0,-22360.0,2804.0,-2832.0,15596.0,1870.0,6653.0,81206.0
718,4.0,-22708.0,2564.0,-2832.0,16114.0,1509.0,7078.0,81212.0
719,-260.0,-22804.0,2852.0,-2832.0,16610.0,1118.0,7658.0,81218.0
720,356.0,-23204.0,2276.0,-2864.0,17131.0,785.0,8148.0,81224.0
721,1616.0,-23744.0,2128.0,-2864.0,17748.0,525.0,8708.0,81229.0
722,3268.0,-24404.0,1812.0,-2848.0,18335.0,243.0,9270.0,81235.0
723,5928.0,-25320.0,1540.0,-2880.0,18894.0,186.0,9756.0,81242.0
724,8816.0,-26112.0,1344.0,-2848.0,19474.0,496.0,10126.0,81248.0
725,11316.0,-26956.0,1324.0,-2864.0,20126.0,1235.0,10507.0,81254.0
726,13044.0,-27968.0,1816.0,-2864.0,20894.0,2447.0,10874.0,81260.0
727,13748.0,-28884.0,1304.0,-2864.0,21587.0,4029.0,11295.0,81266.0
728,15008.0,-29872.0,1072.0,-2816.0,22409.0,6093.0,11486.0,81272.0
729,12920.0,-29516.0,360.0,-2848.0,22807.0,7994.0,12494.0,81278.0
730,11156.0,-32768.0,-1824.0,-2880.0,23069.0,9078.0,13003.0,81285.0
731,12556.0,-32768.0,-4464.0,-2864.0,23026.0,9764.0,13778.0,81291.0
732,15596.0,-32768.0,-8832.0,-2832.0,23046.0,10694.0,13942.0,81297.0
733,20200.0,-32768.0,-11532.0,-2848.0,22740.0,12266.0,13714.0,81303.0
734,22540.0,-32768.0,-14380.0,-2880.0,21937.0,15404.0,12895.0,81309.0
735,23356.0,-32768.0,-21208.0,-2832.0,21627.0,19878.0,12650.0,81316.0
736,20116.0,-32768.0,-26412.0,-2880.0,21847.0,23653.0,13092.0,81323.0
737,13152.0,-32768.0,-26828.0,-2864.0,21239.0,24397.0,13521.0,81329.0
738,6732.0,-32768.0,-25700.0,-2864.0,19945.0,23646.0,14148.0,81335.0
739,624.0,-26196.0,-13140.0,-2880.0,18979.0,21446.0,15285.0,81341.0
740,-4144.0,-23072.0,-344.0,-2848.0,19577.0,18197.0,15117.0,81347.0
741,-6728.0,-20092.0,4344.0,-2832.0,17900.0,13513.0,15623.0,81353.0
742,-6004.0,-21252.0,2216.0,-2864.0,14767.0,5965.0,15004.0,81359.0
743,-2288.0,-25640.0,400.0,-2864.0,11859.0,-2631.0,13031.0,81366.0
744,-292.0,-31312.0,3636.0,-2848.0,11750.0,-10819.0,10701.0,81372.0
745,2044.0,-32768.0,2756.0,-2848.0,12688.0,-14977.0,10006.0,81378.0
746,3996.0,-32768.0,2064.0,-2848.0,14978.0,-15885.0,9176.0,81384.0
747,5568.0,-32768.0,2608.0,-2832.0,17139.0,-15035.0,8602.0,81390.0
748,5868.0,-24980.0,1232.0,-2864.0,18180.0,-12317.0,8766.0,81396.0
749,6444.0,-15208.0,308.0,-2832.0,16529.0,-10117.0,8465.0,81403.0
750,8752.0,-9920.0,1168.0,-2848.0,13867.0,-8721.0,7197.0,81410.0
751,12084.0,-7680.0,536.0,-2864.0,10429.0,-5602.0,5943.0,81415.0
752,12140.0,-6344.0,-4808.0,-2864.0,6903.0,-1992.0,4590.0,81421.0
753,11648.0,-5048.0,-8440.0,-2848.0,3985.0,1332.0,3283.0,81427.0
754,11184.0,-2552.0,-10844.0,-2896.0,1172.0,4100.0,2397.0,81433.0
755,10624.0,-1204.0,-12108.0,-2864.0,-1359.0,5877.0,1374.0,81439.0
756,9448.0,328.0,-12264.0,-2864.0,-3672.0,6586.0,23.0,81445.0
757,8048.0,1392.0,-11036.0,-2880.0,-5753.0,6968.0,-881.0,81452.0
758,6264.0,1620.0,-9288.0,-2896.0,-7750.0,7283.0,-1556.0,81458.0
759,4492.0,1228.0,-8016.0,-2864.0,-9571.0,7544.0,-2259.0,81464.0
760,2736.0,596.0,-7252.0,-2832.0,-11227.0,7661.0,-3045.0,81469.0
761,1004.0,96.0,-6732.0,-2864.0,-12780.0,7413.0,-4053.0,81475.0
762,-592.0,-188.0,-5860.0,-2864.0,-14199.0,6522.0,-5084.0,81481.0
763,-1872.0,-192.0,-5024.0,-2864.0,-15656.0,4940.0,-6040.0,81487.0
764,-2552.0,-216.0,-4144.0,-2848.0,-17079.0,2747.0,-7012.0,81494.0
765,-3472.0,-172.0,-3844.0,-2880.0,-18566.0,264.0,-7945.0,81500.0
766,-4000.0,-376.0,-4336.0,-2864.0,-20263.0,-2409.0,-8822.0,81506.0
767,-4152.0,-564.0,-5108.0,-2864.0,-22105.0,-4763.0,-9551.0,81511.0
768,-3524.0,-596.0,-5920.0,-2880.0,-24173.0,-6780.0,-10054.0,81517.0
769,-2556.0,-1256.0,-7136.0,-2896.0,-26071.0,-8370.0,-10770.0,81523.0
770,-1028.0,-1820.0,-7888.0,-2880.0,-27896.0,-9466.0,-11487.0,81529.0
771,8.0,-2612.0,-8636.0,-2832.0,-29502.0,-10492.0,-11977.0,81536.0
772,1808.0,-3796.0,-8092.0,-2848.0,-30839.0,-11190.0,-12341.0,81542.0
773,2828.0,-4832.0,-7892.0,-2912.0,-32094.0,-11709.0,-12545.0,81548.0
774,3944.0,-5464.0,-7416.0,-2880.0,-32768.0,-11889.0,-12941.0,81554.0
775,4020.0,-6252.0,-8120.0,-2848.0,-32768.0,-12138.0,-13143.0,81560.0
776,4584.0,-8228.0,-8372.0,-2864.0,-32768.0,-12087.0,-13308.0,81566.0
777,6220.0,-8040.0,-7916.0,-2864.0,-32768.0,-11967.0,-13688.0,81572.0
778,6156.0,-9044.0,-8256.0,-2864.0,-32768.0,-11545.0,-14086.0,81579.0
779,9808.0,-10444.0,-8200.0,-2864.0,-32768.0,-11891.0,-13633.0,81586.0
780,7348.0,-11528.0,-8584.0,-2864.0,-32768.0,-10007.0,-15142.0,81592.0
781,10340.0,-12632.0,-8308.0,-2864.0,-32768.0,-7936.0,-14951.0,81598.0
782,10400.0,-14636.0,-7688.0,-2896.0,-32768.0,-6046.0,-15448.0,81604.0
783,11156.0,-17124.0,-7128.0,-2848.0,-32768.0,-4402.0,-16012.0,81610.0
784,11168.0,-20028.0,-6232.0,-2864.0,-32768.0,-2743.0,-16728.0,81616.0
785,10772.0,-23436.0,-4268.0,-2864.0,-32768.0,-682.0,-17366.0,81623.0
786,9744.0,-26544.0,-3064.0,-2864.0,-32768.0,1887.0,-18147.0,81630.0
787,7832.0,-28188.0,-1988.0,-2864.0,-32768.0,3374.0,-18821.0,81636.0
788,4308.0,-30676.0,276.0,-2848.0,-32768.0,4370.0,-19009.0,81642.0
789,360.0,-32436.0,2556.0,-2832.0,-32768.0,4197.0,-19141.0,81648.0
790,-2696.0,-32768.0,5380.0,-2880.0,-32768.0,2812.0,-19023.0,81654.0
791,-2924.0,-32768.0,8752.0,-2832.0,-32768.0,1243.0,-18282.0,81660.0
792,-3456.0,-32768.0,10808.0,-2880.0,-32768.0,-722.0,-17450.0,81667.0
793,-824.0,-32768.0,14816.0,-2896.0,-32768.0,-1197.0,-16885.0,81673.0
794,-904.0,-32768.0,17924.0,-2848.0,-32768.0,-1228.0,-17377.0,81680.0
795,-1628.0,-32768.0,21756.0,-2864.0,-32768.0,-1725.0,-16588.0,81686.0
796,520.0,-32768.0,25940.0,-2864.0,-32768.0,-1111.0,-17824.0,81692.0
797,-760.0,-32768.0,30264.0,-2880.0,-32768.0,-1354.0,-17188.0,81698.0
798,232.0,-32768.0,30292.0,-2832.0,-32768.0,-1341.0,-18336.0,81705.0
799,-3164.0,-32768.0,32767.0,-2880.0,-31293.0,-2126.0,-17521.0,81712.0
800,-5068.0,-32768.0,32767.0,-2832.0,-26877.0,-3183.0,-15973.0,81718.0
801,-9572.0,-32768.0,32767.0,-2848.0,-22335.0,-4597.0,-13955.0,81724.0
802,-14524.0,-32768.0,32767.0,-2832.0,-18379.0,-6241.0,-11750.0,81731.0
803,-17496.0,-32348.0,32767.0,-2848.0,-14853.0,-7589.0,-9584.0,81737.0
804,-16364.0,-30812.0,32767.0,-2848.0,-11599.0,-8394.0,-7273.0,81743.0
805,-12176.0,-30900.0,32767.0,-2880.0,-7554.0,-7938.0,-4841.0,81751.0
806,-7940.0,-29804.0,32767.0,-2896.0,-3135.0,-6889.0,-3308.0,81757.0
807,-5796.0,-28956.0,32767.0,-2880.0,1692.0,-5624.0,-1956.0,81763.0
808,-6740.0,-28628.0,32767.0,-2880.0,6564.0,-4769.0,-647.0,81769.0
809,-9496.0,-27864.0,32767.0,-2832.0,11133.0,-5054.0,1133.0,81775.0
810,-11572.0,-27216.0,32767.0,-2864.0,15215.0,-5770.0,3200.0,81781.0
811,-14220.0,-26576.0,32224.0,-2880.0,18681.0,-6405.0,4881.0,81787.0
812,-15852.0,-25700.0,27644.0,-2880.0,21090.0,-6969.0,6379.0,81794.0
813,-15904.0,-21520.0,15056.0,-2864.0,21416.0,-8621.0,7514.0,81801.0
814,4264.0,10356.0,-32768.0,-2864.0,7634.0,-10738.0,3821.0,81807.0
815,32767.0,-1792.0,-32768.0,-2864.0,-10244.0,-10292.0,-15970.0,81813.0
816,32767.0,-32768.0,-32768.0,-2896.0,7106.0,-24691.0,-24145.0,81819.0
817,22912.0,-32768.0,24404.0,-2896.0,30888.0,-18101.0,2718.0,81825.0
818,9416.0,-32768.0,32767.0,-2880.0,32767.0,3477.0,10775.0,81832.0
819,-25928.0,-32768.0,32767.0,-2880.0,32767.0,1010.0,6989.0,81839.0
820,-32768.0,-32768.0,15804.0,-2880.0,30162.0,-800.0,18454.0,81845.0
821,-32768.0,-32768.0,-19764.0,-2848.0,29825.0,1411.0,15903.0,81851.0
822,-5352.0,-19448.0,-17136.0,-2864.0,29432.0,-10549.0,2563.0,81857.0
823,14456.0,9972.0,8252.0,-2880.0,30915.0,-26607.0,-1288.0,81863.0
824,21512.0,23880.0,14120.0,-2880.0,23950.0,-20967.0,2219.0,81869.0
825,16856.0,2452.0,-1028.0,-2912.0,20066.0,-10360.0,659.0,81875.0
826,16836.0,-10560.0,-4492.0,-2864.0,20136.0,-9299.0,303.0,81882.0
827,10732.0,-10924.0,8328.0,-2896.0,19095.0,-4956.0,3962.0,81888.0
828,3756.0,-18752.0,10988.0,-2848.0,16897.0,7711.0,6457.0,81894.0
829,-860.0,-20900.0,2152.0,-2880.0,15646.0,17238.0,2392.0,81900.0
830,-2368.0,-16656.0,1412.0,-2864.0,14077.0,15287.0,359.0,81906.0
831,-3940.0,-15836.0,1156.0,-2880.0,12892.0,10730.0,1830.0,81912.0
832,-1512.0,-14192.0,484.0,-2864.0,11792.0,6858.0,1658.0,81918.0
833,-1788.0,-13000.0,2116.0,-2896.0,10124.0,5784.0,108.0,81925.0
834,-1424.0,-14392.0,2784.0,-2864.0,8826.0,4000.0,-679.0,81931.0
835,108.0,-15032.0,2656.0,-2880.0,7744.0,2127.0,-1029.0,81937.0
836,2288.0,-15076.0,2104.0,-2880.0,6799.0,786.0,-1037.0,81943.0
837,3608.0,-13892.0,1932.0,-2864.0,5841.0,310.0,-1142.0,81949.0
838,4864.0,-13388.0,1868.0,-2864.0,4910.0,457.0,-1100.0,81955.0
839,7104.0,-13604.0,1440.0,-2864.0,4075.0,1775.0,-586.0,81960.0
840,6304.0,-14620.0,1288.0,-2880.0,3493.0,3341.0,-752.0,81967.0
841,5432.0,-14824.0,1000.0,-2880.0,2882.0,4321.0,-385.0,81973.0
842,4200.0,-15536.0,960.0,-2896.0,2431.0,4828.0,-401.0,81979.0
843,2900.0,-16216.0,748.0,-2864.0,2034.0,4609.0,-564.0,81985.0
844,1972.0,-16408.0,964.0,-2896.0,1703.0,3809.0,-812.0,81991.0
845,1912.0,-16372.0,820.0,-2832.0,1430.0,2909.0,-1056.0,81997.0
846,2560.0,-16196.0,772.0,-2864.0,1159.0,2201.0,-1228.0,82002.0
847,3552.0,-15280.0,340.0,-2864.0,740.0,2116.0,-953.0,82009.0
848,5204.0,-16732.0,556.0,-2864.0,659.0,2660.0,-1202.0,82015.0
849,3520.0,-16396.0,368.0,-2864.0,534.0,2851.0,-1351.0,82021.0
850,3832.0,-16328.0,288.0,-2864.0,429.0,2953.0,-1277.0,82027.0
851,3768.0,-16792.0,-92.0,-2896.0,411.0,3205.0,-1366.0,82033.0
852,3568.0,-16964.0,-220.0,-2880.0,552.0,3272.0,-1419.0,82038.0
853,3332.0,-16772.0,-488.0,-2880.0,713.0,3112.0,-1556.0,82044.0
854,3152.0,-16660.0,-584.0,-2880.0,863.0,2687.0,-1682.0,82051.0
855,3272.0,-16260.0,-520.0,-2848.0,1100.0,2189.0,-1681.0,82057.0
856,4388.0,-16596.0,-696.0,-2880.0,1226.0,1828.0,-1615.0,82063.0
857,4428.0,-16356.0,-680.0,-2880.0,1488.0,1526.0,-1744.0,82068.0
858,5480.0,-15944.0,-820.0,-2912.0,1700.0,1348.0,-1579.0,82074.0
859,6244.0,-15672.0,-768.0,-2864.0,1902.0,1586.0,-1490.0,82080.0
860,6756.0,-15436.0,-888.0,-2896.0,2074.0,2144.0,-1311.0,82086.0
861,6548.0,-15288.0,-524.0,-2896.0,2221.0,2655.0,-1110.0,82093.0
862,6220.0,-15472.0,-368.0,-2880.0,2395.0,3055.0,-911.0,82099.0
863,5968.0,-15712.0,-252.0,-2864.0,2611.0,3308.0,-751.0,82105.0
864,5748.0,-15616.0,-408.0,-2896.0,2851.0,3435.0,-593.0,82110.0
865,5716.0,-15496.0,-564.0,-2896.0,3144.0,3527.0,-400.0,82116.0
866,5872.0,-15488.0,-596.0,-2896.0,3459.0,3657.0,-181.0,82122.0
867,6076.0,-15820.0,-796.0,-2864.0,3830.0,3835.0,17.0,82128.0
868,5924.0,-16152.0,-1060.0,-2880.0,4225.0,3969.0,194.0,82135.0
869,5748.0,-16308.0,-980.0,-2880.0,4616.0,3954.0,378.0,82140.0
870,5428.0,-16496.0,-864.0,-2880.0,5024.0,3833.0,573.0,82146.0
871,5244.0,-16720.0,-552.0,-2880.0,5369.0,3685.0,708.0,82152.0
872,5084.0,-16768.0,-308.0,-2896.0,5727.0,3451.0,857.0,82158.0
873,4776.0,-16216.0,-104.0,-2864.0,5981.0,3312.0,1069.0,82164.0
874,4216.0,-16572.0,108.0,-2896.0,6280.0,3304.0,1077.0,82169.0
875,3400.0,-16356.0,400.0,-2896.0,6585.0,3092.0,1086.0,82176.0
876,3296.0,-16540.0,748.0,-2864.0,6762.0,2808.0,1127.0,82182.0
877,3808.0,-16760.0,1156.0,-2864.0,6943.0,2613.0,1044.0,82188.0
878,4376.0,-16460.0,1072.0,-2880.0,7062.0,2501.0,1012.0,82194.0
879,5364.0,-16704.0,1104.0,-2880.0,7123.0,2729.0,1028.0,82200.0
880,5996.0,-16292.0,1012.0,-2896.0,7251.0,3184.0,1043.0,82206.0
881,6368.0,-16364.0,684.0,-2864.0,7402.0,3722.0,1211.0,82211.0
882,7604.0,-16744.0,644.0,-2864.0,7625.0,4442.0,1008.0,82217.0
883,9168.0,-16648.0,220.0,-2864.0,7901.0,4970.0,680.0,82224.0
884,8308.0,-15940.0,272.0,-2864.0,8109.0,5489.0,1263.0,82230.0
885,7636.0,-16380.0,1188.0,-2896.0,8334.0,6341.0,1638.0,82236.0
886,6380.0,-16872.0,1524.0,-2864.0,8593.0,6821.0,1737.0,82242.0
887,5928.0,-17344.0,1868.0,-2880.0,8829.0,6855.0,2054.0,82247.0
888,6196.0,-17720.0,1864.0,-2880.0,9084.0,6685.0,2301.0,82253.0
889,6228.0,-18112.0,1800.0,-2880.0,9316.0,6594.0,2569.0,82259.0
890,6252.0,-18380.0,1984.0,-2896.0,9551.0,6612.0,2905.0,82266.0
891,5984.0,-18568.0,2096.0,-2864.0,9839.0,6746.0,3183.0,82272.0
892,5148.0,-18708.0,1972.0,-2896.0,10140.0,6829.0,3562.0,82278.0
893,3872.0,-18888.0,2176.0,-2864.0,10481.0,6732.0,3968.0,82284.0
894,2660.0,-19652.0,2264.0,-2864.0,10864.0,6465.0,4377.0,82290.0
895,2124.0,-20304.0,2508.0,-2912.0,11292.0,6085.0,4795.0,82296.0
896,1956.0,-20920.0,2896.0,-2864.0,11816.0,5610.0,5073.0,82302.0
897,2472.0,-21104.0,2584.0,-2912.0,12333.0,5018.0,5256.0,82309.0
898,2852.0,-21192.0,2472.0,-2896.0,12846.0,4656.0,5531.0,82314.0
899,3304.0,-21488.0,2256.0,-2848.0,13496.0,4530.0,5796.0,82320.0
900,3504.0,-21916.0,2228.0,-2864.0,14062.0,4565.0,6155.0,82326.0
901,4064.0,-22380.0,2424.0,-2896.0,14631.0,4613.0,6414.0,82332.0
902,4520.0,-23152.0,2128.0,-2880.0,15308.0,4756.0,6802.0,82338.0
903,5260.0,-23648.0,2004.0,-2928.0,16001.0,4948.0,7107.0,82344.0
904,5988.0,-24340.0,1512.0,-2880.0,16755.0,5361.0,7297.0,82351.0
905,6616.0,-24844.0,1056.0,-2896.0,17545.0,5966.0,7593.0,82357.0
