id,AcX,AcY,AcZ,Tmp,GyX,GyY,GyZ,Timer
0,7328.0,-15332.0,904.0,-2768.0,7718.0,-994.0,2373.0,14212.0
1,5348.0,-15708.0,28.0,-2768.0,7304.0,761.0,3000.0,14218.0
2,2804.0,-16100.0,-208.0,-2736.0,7044.0,1775.0,2964.0,14224.0
3,132.0,-16436.0,-24.0,-2768.0,6846.0,1917.0,2672.0,14229.0
4,-2200.0,-17020.0,-60.0,-2752.0,6664.0,1507.0,2118.0,14235.0
5,-3972.0,-17616.0,-52.0,-2784.0,6541.0,654.0,1308.0,14241.0
6,-4472.0,-18084.0,-524.0,-2752.0,6480.0,-997.0,374.0,14247.0
7,-3572.0,-18168.0,-944.0,-2736.0,6513.0,-3082.0,-388.0,14254.0
8,-1012.0,-17852.0,-1100.0,-2736.0,6702.0,-4942.0,-797.0,14259.0
9,2688.0,-16144.0,-640.0,-2784.0,6747.0,-5708.0,-892.0,14265.0
10,4868.0,-15664.0,276.0,-2752.0,6640.0,-5339.0,-950.0,14271.0
11,5688.0,-16336.0,1100.0,-2784.0,6662.0,-4311.0,-840.0,14277.0
12,5684.0,-17424.0,936.0,-2752.0,6931.0,-2806.0,-580.0,14283.0
13,5784.0,-17068.0,36.0,-2784.0,7230.0,-1887.0,-399.0,14289.0
14,6204.0,-15700.0,40.0,-2768.0,7240.0,-1631.0,-114.0,14295.0
15,7000.0,-14532.0,552.0,-2736.0,6806.0,-1213.0,383.0,14301.0
16,6364.0,-14948.0,1292.0,-2768.0,6366.0,-89.0,729.0,14307.0
17,4304.0,-16536.0,1432.0,-2752.0,6224.0,1290.0,871.0,14313.0
18,2960.0,-16676.0,456.0,-2784.0,6138.0,1746.0,709.0,14318.0
19,2572.0,-15972.0,448.0,-2752.0,5961.0,1340.0,546.0,14324.0
20,2344.0,-15308.0,1072.0,-2800.0,5654.0,791.0,408.0,14330.0
21,1792.0,-15712.0,1548.0,-2768.0,5410.0,467.0,250.0,14337.0
22,1292.0,-16336.0,1316.0,-2784.0,5344.0,288.0,-44.0,14343.0
23,1584.0,-16028.0,992.0,-2784.0,5300.0,-336.0,-319.0,14348.0
24,2616.0,-15556.0,984.0,-2768.0,5207.0,-922.0,-483.0,14354.0
25,3416.0,-15200.0,1028.0,-2752.0,4955.0,-909.0,-555.0,14360.0
26,3812.0,-15516.0,728.0,-2784.0,4727.0,-655.0,-544.0,14366.0
27,4108.0,-15648.0,368.0,-2752.0,4574.0,-182.0,-432.0,14371.0
28,3924.0,-15892.0,196.0,-2768.0,4403.0,388.0,-321.0,14377.0
29,4088.0,-15896.0,124.0,-2720.0,4243.0,867.0,-312.0,14384.0
30,4052.0,-15976.0,20.0,-2768.0,4045.0,1115.0,-306.0,14390.0
31,4208.0,-15872.0,456.0,-2768.0,3882.0,1131.0,-282.0,14395.0
32,4292.0,-16024.0,888.0,-2768.0,3775.0,1297.0,-306.0,14401.0
33,4100.0,-16024.0,1016.0,-2784.0,3703.0,1530.0,-359.0,14407.0
34,3700.0,-15908.0,1228.0,-2768.0,3615.0,1578.0,-407.0,14413.0
35,3280.0,-15664.0,1048.0,-2768.0,3462.0,1374.0,-471.0,14419.0
36,3196.0,-15920.0,1156.0,-2768.0,3344.0,1089.0,-487.0,14425.0
37,3384.0,-16232.0,1040.0,-2768.0,3290.0,994.0,-534.0,14431.0
38,3568.0,-16268.0,1056.0,-2768.0,3279.0,941.0,-553.0,14437.0
39,3660.0,-16384.0,1000.0,-2768.0,3298.0,1108.0,-549.0,14443.0
40,3812.0,-16208.0,872.0,-2768.0,3299.0,1237.0,-616.0,14449.0
41,3704.0,-16084.0,1124.0,-2768.0,3276.0,1403.0,-646.0,14454.0
42,3576.0,-16068.0,1128.0,-2800.0,3267.0,1526.0,-612.0,14460.0
43,3732.0,-16232.0,1352.0,-2768.0,3219.0,1737.0,-577.0,14467.0
44,3720.0,-16176.0,1144.0,-2768.0,3281.0,1811.0,-634.0,14473.0
45,3804.0,-15920.0,1280.0,-2800.0,3254.0,1786.0,-580.0,14479.0
46,4068.0,-15796.0,1260.0,-2736.0,3223.0,1972.0,-586.0,14485.0
47,4020.0,-16076.0,1424.0,-2736.0,3269.0,2148.0,-542.0,14491.0
48,3688.0,-16004.0,1436.0,-2736.0,3274.0,2210.0,-481.0,14496.0
49,3604.0,-16140.0,1572.0,-2752.0,3330.0,2162.0,-488.0,14502.0
50,3576.0,-16304.0,1516.0,-2752.0,3406.0,2049.0,-494.0,14509.0
51,3544.0,-16324.0,1532.0,-2784.0,3485.0,2034.0,-463.0,14515.0
52,3648.0,-16444.0,1320.0,-2768.0,3632.0,2034.0,-464.0,14521.0
53,3904.0,-16340.0,1444.0,-2768.0,3744.0,2029.0,-430.0,14527.0
54,4056.0,-16504.0,1472.0,-2800.0,3903.0,2122.0,-418.0,14532.0
55,4340.0,-16784.0,1292.0,-2736.0,4147.0,2164.0,-383.0,14538.0
56,4532.0,-16448.0,1372.0,-2768.0,4307.0,2163.0,-291.0,14544.0
57,4708.0,-16568.0,1332.0,-2720.0,4474.0,2265.0,-129.0,14551.0
58,4948.0,-16528.0,1280.0,-2784.0,4724.0,2381.0,14.0,14557.0
59,5048.0,-16592.0,904.0,-2768.0,5020.0,2552.0,143.0,14563.0
60,5112.0,-16448.0,972.0,-2768.0,5280.0,2612.0,364.0,14568.0
61,5588.0,-16512.0,1084.0,-2752.0,5577.0,2596.0,554.0,14574.0
62,5932.0,-16748.0,1084.0,-2752.0,5876.0,2757.0,796.0,14580.0
63,5760.0,-17072.0,1000.0,-2784.0,6199.0,2962.0,1070.0,14586.0
64,5676.0,-17252.0,740.0,-2768.0,6556.0,3167.0,1267.0,14593.0
65,5532.0,-17348.0,1004.0,-2736.0,6941.0,3236.0,1528.0,14599.0
66,5384.0,-17520.0,1216.0,-2768.0,7330.0,3244.0,1751.0,14604.0
67,5492.0,-17852.0,1308.0,-2720.0,7672.0,3322.0,1991.0,14610.0
68,4932.0,-17328.0,1220.0,-2784.0,8037.0,3364.0,2213.0,14616.0
69,3844.0,-17372.0,1700.0,-2800.0,8392.0,3359.0,2567.0,14622.0
70,3016.0,-17552.0,2328.0,-2768.0,8653.0,3231.0,2869.0,14628.0
71,2688.0,-17588.0,2572.0,-2768.0,8976.0,2846.0,3103.0,14635.0
72,2872.0,-17696.0,2824.0,-2752.0,9292.0,2443.0,3330.0,14641.0
73,3316.0,-17844.0,3220.0,-2720.0,9575.0,2050.0,3541.0,14647.0
74,4548.0,-17768.0,3908.0,-2768.0,9876.0,1709.0,3596.0,14652.0
75,4844.0,-17836.0,3132.0,-2800.0,10055.0,1757.0,3867.0,14658.0
76,4772.0,-18360.0,3056.0,-2784.0,10258.0,2108.0,4233.0,14664.0
77,4588.0,-18324.0,3356.0,-2800.0,10395.0,2247.0,4567.0,14670.0
78,4560.0,-19004.0,3532.0,-2736.0,10637.0,2382.0,4888.0,14676.0
79,4632.0,-19748.0,3312.0,-2800.0,10898.0,2773.0,5291.0,14683.0
80,4804.0,-20212.0,3184.0,-2800.0,11188.0,3274.0,5571.0,14689.0
81,5312.0,-20740.0,3164.0,-2752.0,11544.0,3730.0,5792.0,14695.0
82,5520.0,-21308.0,3124.0,-2768.0,11944.0,4269.0,6128.0,14701.0
83,4872.0,-22080.0,2948.0,-2784.0,12370.0,4917.0,6587.0,14707.0
84,3476.0,-23296.0,3576.0,-2768.0,12784.0,5252.0,7362.0,14713.0
85,3056.0,-25348.0,4408.0,-2784.0,13321.0,4731.0,8133.0,14720.0
86,4180.0,-26988.0,3508.0,-2800.0,13847.0,4157.0,8564.0,14726.0
87,6856.0,-27572.0,1584.0,-2784.0,14578.0,3909.0,8613.0,14732.0
88,8568.0,-27896.0,768.0,-2800.0,15415.0,4387.0,8630.0,14737.0
89,8728.0,-28784.0,816.0,-2768.0,16157.0,5370.0,8943.0,14743.0
90,7924.0,-30008.0,788.0,-2784.0,17030.0,6379.0,9447.0,14749.0
91,6952.0,-30500.0,292.0,-2752.0,17977.0,6944.0,9851.0,14755.0
92,6744.0,-30944.0,-364.0,-2768.0,18941.0,7261.0,10038.0,14761.0
93,6756.0,-31672.0,-508.0,-2768.0,19844.0,7355.0,10137.0,14768.0
94,7332.0,-32768.0,-1076.0,-2816.0,20689.0,7285.0,10357.0,14774.0
95,8672.0,-32768.0,-356.0,-2720.0,21531.0,7266.0,10402.0,14780.0
96,9704.0,-32768.0,1252.0,-2768.0,22262.0,7223.0,10242.0,14786.0
97,10980.0,-32768.0,-2160.0,-2816.0,22581.0,8877.0,10058.0,14792.0
98,11540.0,-32768.0,-7860.0,-2784.0,22941.0,10321.0,9615.0,14798.0
99,10420.0,-32768.0,-14464.0,-2752.0,22960.0,11082.0,10244.0,14804.0
100,9716.0,-31944.0,-20028.0,-2768.0,22200.0,11301.0,10508.0,14811.0
101,8884.0,-26620.0,-22504.0,-2800.0,21058.0,10697.0,10397.0,14817.0
102,7492.0,-22668.0,-22756.0,-2800.0,19579.0,9487.0,10674.0,14823.0
103,5696.0,-19892.0,-20552.0,-2800.0,17845.0,8215.0,10998.0,14829.0
104,4424.0,-17200.0,-17132.0,-2768.0,15925.0,6704.0,11181.0,14835.0
105,4700.0,-14184.0,-12288.0,-2768.0,13793.0,5671.0,11171.0,14841.0
106,5172.0,-13040.0,-7864.0,-2768.0,11388.0,5322.0,10960.0,14848.0
107,5984.0,-14336.0,-2524.0,-2800.0,9329.0,5518.0,10558.0,14854.0
108,6284.0,-17580.0,2852.0,-2784.0,8076.0,6154.0,9720.0,14860.0
109,4588.0,-22020.0,7188.0,-2768.0,7833.0,6747.0,8837.0,14866.0
110,2228.0,-25560.0,8160.0,-2800.0,8370.0,7157.0,8437.0,14872.0
111,796.0,-27496.0,7976.0,-2768.0,9651.0,6702.0,7979.0,14878.0
112,-116.0,-26424.0,5768.0,-2768.0,11038.0,4984.0,7306.0,14884.0
113,848.0,-21780.0,2312.0,-2784.0,11732.0,2571.0,6963.0,14891.0
114,4376.0,-16360.0,2532.0,-2752.0,11733.0,1574.0,5974.0,14897.0
115,6364.0,-10440.0,2632.0,-2800.0,11464.0,1608.0,4379.0,14903.0
116,4996.0,-6124.0,516.0,-2784.0,9746.0,2026.0,3629.0,14909.0
117,3424.0,-4608.0,-1496.0,-2784.0,7355.0,2696.0,3334.0,14914.0
118,1836.0,-4664.0,-3580.0,-2784.0,5216.0,3023.0,2573.0,14920.0
119,608.0,-4648.0,-5464.0,-2784.0,3365.0,2937.0,1747.0,14926.0
120,100.0,-4368.0,-7148.0,-2784.0,1736.0,2561.0,732.0,14932.0
121,240.0,-3696.0,-8184.0,-2800.0,28.0,1534.0,-203.0,14939.0
122,1520.0,-2744.0,-8364.0,-2768.0,-1926.0,-154.0,-1237.0,14944.0
123,3092.0,-1780.0,-8100.0,-2768.0,-3984.0,-1642.0,-2634.0,14950.0
124,3616.0,-1636.0,-7324.0,-2752.0,-5822.0,-2492.0,-3906.0,14956.0
125,3556.0,-1848.0,-6440.0,-2768.0,-7414.0,-2928.0,-4862.0,14962.0
126,3412.0,-2196.0,-5584.0,-2768.0,-8697.0,-3247.0,-5633.0,14968.0
127,3156.0,-2764.0,-4640.0,-2784.0,-9686.0,-3714.0,-6505.0,14974.0
128,2852.0,-2616.0,-3704.0,-2752.0,-10640.0,-4279.0,-7190.0,14980.0
129,2900.0,-1972.0,-3432.0,-2768.0,-11998.0,-4674.0,-7579.0,14986.0
130,2712.0,-1444.0,-4056.0,-2816.0,-13699.0,-5005.0,-8017.0,14992.0
131,2368.0,-1376.0,-4952.0,-2768.0,-15711.0,-5095.0,-8419.0,14998.0
132,1932.0,-1752.0,-5868.0,-2752.0,-17762.0,-4913.0,-8765.0,15004.0
133,1508.0,-2432.0,-6560.0,-2800.0,-19777.0,-4582.0,-9183.0,15010.0
134,792.0,-3664.0,-7604.0,-2800.0,-21485.0,-4498.0,-9772.0,15016.0
135,-88.0,-5464.0,-7072.0,-2784.0,-22865.0,-4723.0,-10200.0,15023.0
136,-732.0,-6692.0,-6376.0,-2768.0,-24025.0,-5134.0,-10531.0,15029.0
137,-864.0,-7400.0,-6032.0,-2784.0,-25161.0,-5913.0,-10814.0,15035.0
138,-724.0,-7984.0,-5772.0,-2768.0,-26308.0,-6989.0,-11110.0,15041.0
139,200.0,-8476.0,-5252.0,-2784.0,-27493.0,-8155.0,-11397.0,15047.0
140,940.0,-9064.0,-5004.0,-2768.0,-28701.0,-8957.0,-11760.0,15053.0
141,1684.0,-9676.0,-4476.0,-2784.0,-29916.0,-9428.0,-12102.0,15059.0
142,2332.0,-10312.0,-4272.0,-2768.0,-31147.0,-9599.0,-12371.0,15066.0
143,3236.0,-11560.0,-3692.0,-2736.0,-32362.0,-9438.0,-12487.0,15072.0
144,4640.0,-11912.0,-3508.0,-2800.0,-32768.0,-8731.0,-12865.0,15078.0
145,5680.0,-13540.0,-4076.0,-2768.0,-32768.0,-7940.0,-13273.0,15084.0
146,7040.0,-14568.0,-4528.0,-2800.0,-32768.0,-6647.0,-13701.0,15090.0
147,8520.0,-16332.0,-4176.0,-2800.0,-32768.0,-5089.0,-14109.0,15096.0
148,9580.0,-17708.0,-3612.0,-2752.0,-32768.0,-3317.0,-14494.0,15102.0
149,10056.0,-19176.0,-3160.0,-2768.0,-32768.0,-1342.0,-14782.0,15109.0
150,10300.0,-21140.0,-2892.0,-2768.0,-32768.0,953.0,-15059.0,15116.0
151,10048.0,-22764.0,-2568.0,-2784.0,-32768.0,3452.0,-15222.0,15122.0
152,9476.0,-24860.0,-2488.0,-2768.0,-32768.0,6029.0,-15297.0,15128.0
153,8928.0,-26512.0,-2424.0,-2752.0,-32768.0,8539.0,-15300.0,15134.0
154,8232.0,-28500.0,-1904.0,-2784.0,-32768.0,10844.0,-15290.0,15140.0
155,7096.0,-30660.0,-1464.0,-2784.0,-32768.0,13014.0,-15316.0,15147.0
156,5096.0,-32768.0,-504.0,-2800.0,-32768.0,14607.0,-14867.0,15154.0
157,1612.0,-32768.0,1860.0,-2800.0,-32768.0,15659.0,-16531.0,15160.0
158,-2912.0,-32768.0,4804.0,-2784.0,-32768.0,14510.0,-14579.0,15166.0
159,-3900.0,-32768.0,6696.0,-2768.0,-32768.0,13735.0,-15522.0,15172.0
160,-8584.0,-32768.0,8196.0,-2768.0,-32768.0,12171.0,-15849.0,15178.0
161,-9412.0,-32768.0,9120.0,-2752.0,-32768.0,9919.0,-16127.0,15185.0
162,-10704.0,-32768.0,10280.0,-2768.0,-32768.0,7177.0,-16599.0,15192.0
163,-11868.0,-32768.0,11924.0,-2800.0,-32768.0,3886.0,-16608.0,15198.0
164,-13108.0,-32768.0,13764.0,-2768.0,-32529.0,525.0,-15721.0,15204.0
165,-13368.0,-32768.0,16864.0,-2784.0,-30662.0,-1984.0,-14365.0,15211.0
166,-13552.0,-32768.0,19312.0,-2768.0,-28620.0,-4157.0,-13063.0,15217.0
167,-12528.0,-32768.0,21740.0,-2800.0,-26393.0,-6426.0,-12048.0,15223.0
168,-9800.0,-32628.0,24072.0,-2752.0,-23749.0,-8831.0,-10996.0,15230.0
169,-6524.0,-31692.0,25696.0,-2752.0,-20896.0,-10519.0,-9865.0,15237.0
170,-2400.0,-30740.0,27660.0,-2752.0,-17928.0,-10787.0,-8755.0,15243.0
171,596.0,-29780.0,29384.0,-2784.0,-14945.0,-9299.0,-7766.0,15250.0
172,2816.0,-28336.0,30528.0,-2784.0,-12152.0,-6559.0,-6986.0,15256.0
173,3316.0,-27696.0,32504.0,-2784.0,-9068.0,-3228.0,-6206.0,15262.0
174,1748.0,-27228.0,32767.0,-2752.0,-5749.0,-60.0,-4902.0,15268.0
175,-1012.0,-26692.0,32767.0,-2736.0,-2270.0,2346.0,-3025.0,15275.0
176,-4968.0,-26584.0,32284.0,-2736.0,1149.0,3756.0,-796.0,15281.0
177,-8140.0,-25992.0,30700.0,-2784.0,4325.0,3928.0,1279.0,15287.0
178,-10640.0,-25908.0,28336.0,-2768.0,7355.0,2960.0,2889.0,15293.0
179,-12128.0,-25428.0,27232.0,-2800.0,10061.0,1437.0,4429.0,15299.0
180,-12944.0,-23856.0,25852.0,-2768.0,12360.0,-508.0,5018.0,15305.0
181,-12788.0,-22940.0,22580.0,-2784.0,14086.0,-3349.0,5584.0,15311.0
182,-12672.0,-19452.0,16216.0,-2752.0,15031.0,-7341.0,5695.0,15318.0
183,-524.0,-7708.0,-19676.0,-2784.0,10340.0,-11820.0,2902.0,15324.0
184,30680.0,-10372.0,-32768.0,-2784.0,-468.0,-13749.0,-8628.0,15330.0
185,32767.0,-32768.0,-32768.0,-2752.0,1952.0,-19989.0,-15056.0,15336.0
186,5384.0,-32768.0,-11392.0,-2816.0,15008.0,-20517.0,4435.0,15343.0
187,-6544.0,-32768.0,8256.0,-2816.0,19106.0,-1397.0,14876.0,15349.0
188,-22804.0,-32472.0,24924.0,-2784.0,19404.0,12385.0,12024.0,15355.0
189,-18088.0,-32768.0,29520.0,-2800.0,20592.0,1232.0,4012.0,15362.0
190,-8864.0,-32768.0,17932.0,-2768.0,21696.0,-15348.0,-1902.0,15368.0
191,-368.0,-24932.0,-1020.0,-2800.0,21351.0,-21566.0,72.0,15374.0
192,9604.0,-13080.0,-10276.0,-2768.0,20019.0,-18856.0,2273.0,15380.0
193,17784.0,-172.0,-6916.0,-2752.0,17131.0,-14376.0,1220.0,15386.0
194,16428.0,700.0,912.0,-2800.0,14248.0,-10363.0,215.0,15392.0
195,12540.0,-6720.0,6056.0,-2768.0,13539.0,-6764.0,746.0,15398.0
196,10176.0,-12012.0,5356.0,-2752.0,12898.0,-4712.0,583.0,15405.0
197,8512.0,-15572.0,2328.0,-2800.0,12172.0,-3834.0,527.0,15411.0
198,7804.0,-18640.0,176.0,-2752.0,11836.0,-1736.0,2202.0,15417.0
199,7844.0,-21596.0,120.0,-2768.0,12149.0,1913.0,3639.0,15423.0
200,6520.0,-21732.0,688.0,-2768.0,12505.0,5326.0,4146.0,15429.0
201,2960.0,-20316.0,1036.0,-2784.0,12621.0,7440.0,3974.0,15435.0
202,-440.0,-19164.0,576.0,-2800.0,12599.0,7806.0,3432.0,15441.0
203,-2516.0,-17156.0,400.0,-2784.0,12180.0,6462.0,2548.0,15448.0
204,-1832.0,-15040.0,364.0,-2800.0,11268.0,4584.0,1649.0,15454.0
205,156.0,-14292.0,-320.0,-2816.0,10448.0,3194.0,737.0,15460.0
206,2268.0,-14412.0,-364.0,-2800.0,10016.0,2646.0,412.0,15465.0
207,3452.0,-14968.0,-420.0,-2784.0,9649.0,3340.0,166.0,15471.0
208,3408.0,-15536.0,-548.0,-2784.0,9302.0,4679.0,-119.0,15477.0
209,2536.0,-15336.0,-648.0,-2784.0,8796.0,5532.0,-489.0,15483.0
210,1936.0,-15404.0,-124.0,-2752.0,8390.0,5408.0,-791.0,15490.0
211,2352.0,-15708.0,28.0,-2816.0,7990.0,4648.0,-929.0,15496.0
212,3216.0,-15648.0,-388.0,-2784.0,7724.0,3768.0,-1083.0,15501.0
213,4032.0,-15348.0,-484.0,-2784.0,7562.0,3001.0,-1252.0,15507.0
214,5028.0,-15056.0,-204.0,-2800.0,7496.0,2258.0,-1230.0,15513.0
215,6160.0,-14788.0,68.0,-2800.0,7258.0,2113.0,-1028.0,15519.0
216,7164.0,-14336.0,332.0,-2800.0,7005.0,2702.0,-736.0,15525.0
217,7576.0,-13916.0,596.0,-2800.0,6639.0,3775.0,-254.0,15532.0
218,7444.0,-14420.0,528.0,-2768.0,6354.0,4875.0,16.0,15537.0
219,6512.0,-14508.0,500.0,-2784.0,6046.0,5489.0,402.0,15543.0
220,5876.0,-14868.0,328.0,-2784.0,5706.0,5909.0,684.0,15549.0
221,4916.0,-15044.0,148.0,-2800.0,5447.0,6072.0,837.0,15555.0
222,3992.0,-15268.0,48.0,-2768.0,5161.0,5842.0,902.0,15560.0
223,3340.0,-15636.0,4.0,-2784.0,4918.0,5245.0,930.0,15566.0
224,2916.0,-16012.0,-72.0,-2768.0,4708.0,4507.0,904.0,15572.0
225,2860.0,-16116.0,-60.0,-2784.0,4513.0,3769.0,749.0,15579.0
226,2996.0,-16208.0,-172.0,-2800.0,4354.0,3114.0,619.0,15584.0
227,3356.0,-16276.0,92.0,-2800.0,4205.0,2600.0,571.0,15590.0
228,3700.0,-16212.0,396.0,-2784.0,4076.0,2381.0,503.0,15596.0
229,4112.0,-16228.0,368.0,-2816.0,3980.0,2362.0,445.0,15602.0
230,4464.0,-16024.0,352.0,-2768.0,3865.0,2386.0,404.0,15607.0
231,4548.0,-15912.0,620.0,-2800.0,3817.0,2482.0,377.0,15613.0
232,4384.0,-15756.0,692.0,-2800.0,3788.0,2512.0,320.0,15620.0
233,4460.0,-15720.0,684.0,-2784.0,3692.0,2434.0,301.0,15626.0
234,4428.0,-15892.0,796.0,-2784.0,3644.0,2342.0,306.0,15631.0
235,4560.0,-15748.0,716.0,-2768.0,3612.0,2170.0,333.0,15637.0
236,4460.0,-15556.0,932.0,-2768.0,3536.0,2010.0,278.0,15643.0
237,4500.0,-15884.0,944.0,-2800.0,3527.0,1819.0,295.0,15649.0
238,4624.0,-16008.0,776.0,-2784.0,3500.0,1693.0,236.0,15655.0
239,4700.0,-15972.0,1040.0,-2816.0,3476.0,1651.0,283.0,15661.0
240,4972.0,-15888.0,1008.0,-2784.0,3444.0,1750.0,333.0,15667.0
241,4804.0,-15708.0,1232.0,-2784.0,3427.0,1913.0,403.0,15673.0
242,4568.0,-15640.0,1256.0,-2816.0,3417.0,2095.0,468.0,15679.0
243,32767.0,-10224.0,2380.0,-2784.0,1823.0,12726.0,-678.0,15685.0
244,32767.0,-18672.0,2180.0,-2768.0,2965.0,28163.0,-216.0,15691.0
245,376.0,-16980.0,1424.0,-2752.0,2559.0,28464.0,2732.0,15697.0
246,-32768.0,-820.0,6960.0,-2784.0,5100.0,-3001.0,9445.0,15703.0
247,-2516.0,-14052.0,-4124.0,-2784.0,-841.0,-9143.0,-3723.0,15709.0
248,5140.0,-16792.0,1736.0,-2768.0,3385.0,-12018.0,-377.0,15715.0
249,15200.0,-18468.0,844.0,-2784.0,3795.0,-7423.0,-891.0,15721.0
250,7736.0,-17584.0,1368.0,-2752.0,3632.0,-2553.0,-274.0,15727.0
251,10940.0,-14036.0,2764.0,-2784.0,3066.0,-137.0,726.0,15733.0
252,7120.0,-16832.0,1428.0,-2768.0,3433.0,1713.0,447.0,15739.0
253,4700.0,-15820.0,1732.0,-2800.0,3298.0,2406.0,897.0,15745.0
254,3808.0,-16296.0,1708.0,-2800.0,3498.0,2337.0,605.0,15751.0
255,3432.0,-15904.0,1856.0,-2800.0,3462.0,1971.0,681.0,15757.0
256,4556.0,-16452.0,1800.0,-2800.0,3600.0,1868.0,673.0,15763.0
257,4892.0,-16216.0,1492.0,-2768.0,3639.0,2020.0,771.0,15769.0
258,4776.0,-16392.0,1664.0,-2768.0,3754.0,2208.0,785.0,15775.0
259,4660.0,-16220.0,1408.0,-2800.0,3877.0,2244.0,864.0,15780.0
260,4808.0,-16576.0,1812.0,-2768.0,4029.0,2306.0,754.0,15787.0
261,5984.0,-16592.0,1732.0,-2800.0,4182.0,2289.0,574.0,15793.0
262,6900.0,-16124.0,1456.0,-2768.0,4318.0,2418.0,592.0,15799.0
263,5976.0,-16196.0,904.0,-2800.0,4402.0,2983.0,1211.0,15805.0
264,5108.0,-16516.0,1596.0,-2800.0,4535.0,3398.0,1253.0,15811.0
265,4640.0,-16680.0,2112.0,-2800.0,4740.0,3370.0,1338.0,15816.0
266,5040.0,-16952.0,1828.0,-2784.0,4892.0,3439.0,1486.0,15822.0
267,5308.0,-17308.0,1396.0,-2784.0,5177.0,3695.0,1611.0,15828.0
268,5192.0,-17392.0,1284.0,-2768.0,5493.0,3945.0,1729.0,15835.0
269,5004.0,-17404.0,1220.0,-2800.0,5842.0,4062.0,1832.0,15841.0
270,4688.0,-17744.0,1212.0,-2784.0,6178.0,4117.0,1956.0,15847.0
271,4656.0,-17744.0,1364.0,-2784.0,6580.0,4093.0,2140.0,15853.0
272,4372.0,-17812.0,1444.0,-2784.0,6986.0,3917.0,2316.0,15859.0
273,4188.0,-18020.0,1528.0,-2768.0,7406.0,3735.0,2556.0,15864.0
274,3724.0,-17964.0,1436.0,-2800.0,7852.0,3572.0,2729.0,15870.0
275,3044.0,-18040.0,1900.0,-2816.0,8237.0,3270.0,2967.0,15877.0
276,2884.0,-18028.0,2516.0,-2784.0,8598.0,2907.0,3202.0,15883.0
277,2684.0,-18224.0,2852.0,-2816.0,8944.0,2495.0,3488.0,15889.0
278,2492.0,-18496.0,3124.0,-2768.0,9259.0,2079.0,3801.0,15895.0
279,2372.0,-18692.0,2768.0,-2832.0,9569.0,1896.0,4112.0,15901.0
280,2264.0,-18744.0,2920.0,-2784.0,9887.0,1703.0,4359.0,15907.0
281,2168.0,-19096.0,3152.0,-2816.0,10187.0,1472.0,4667.0,15912.0
282,2128.0,-19392.0,3304.0,-2800.0,10495.0,1322.0,4916.0,15919.0
283,2520.0,-19452.0,3476.0,-2784.0,10820.0,1181.0,5152.0,15925.0
284,2844.0,-19836.0,3304.0,-2800.0,11130.0,1126.0,5444.0,15931.0
285,3252.0,-19996.0,3204.0,-2816.0,11414.0,1193.0,5699.0,15937.0
286,3540.0,-20436.0,3212.0,-2800.0,11729.0,1287.0,5994.0,15943.0
287,3964.0,-20556.0,3352.0,-2768.0,12076.0,1451.0,6254.0,15949.0
288,4532.0,-20808.0,3112.0,-2816.0,12430.0,1704.0,6486.0,15955.0
289,4984.0,-20760.0,3084.0,-2800.0,12803.0,2039.0,6734.0,15962.0
290,5416.0,-20924.0,3004.0,-2816.0,13214.0,2589.0,7003.0,15968.0
291,5268.0,-21156.0,3116.0,-2800.0,13539.0,3132.0,7263.0,15974.0
292,4756.0,-21488.0,3016.0,-2816.0,13970.0,3570.0,7617.0,15980.0
293,3808.0,-21832.0,3332.0,-2800.0,14202.0,4044.0,8143.0,15986.0
294,1760.0,-22656.0,4300.0,-2784.0,14405.0,4252.0,8999.0,15992.0
295,1996.0,-24724.0,4380.0,-2800.0,14591.0,3428.0,9738.0,15998.0
296,3704.0,-25824.0,3044.0,-2752.0,14965.0,2948.0,10167.0,16004.0
297,5784.0,-25548.0,2012.0,-2800.0,15462.0,3179.0,10169.0,16010.0
298,7416.0,-25844.0,1800.0,-2784.0,16036.0,3787.0,10338.0,16016.0
299,8000.0,-28012.0,3336.0,-2800.0,16829.0,5001.0,10778.0,16022.0
300,7808.0,-30288.0,2136.0,-2800.0,17546.0,6552.0,11200.0,16028.0
301,8392.0,-31808.0,424.0,-2784.0,18389.0,7976.0,11368.0,16034.0
302,8656.0,-32340.0,-688.0,-2800.0,19219.0,9266.0,11642.0,16040.0
303,9136.0,-32768.0,-2480.0,-2816.0,19756.0,10427.0,11708.0,16047.0
304,10064.0,-32768.0,-4808.0,-2784.0,20069.0,11488.0,11283.0,16053.0
305,11724.0,-32768.0,-8168.0,-2800.0,19872.0,13121.0,10800.0,16059.0
306,13072.0,-32768.0,-13900.0,-2784.0,19957.0,15627.0,10630.0,16065.0
307,11052.0,-32768.0,-16904.0,-2800.0,20169.0,16843.0,11477.0,16072.0
308,8480.0,-32768.0,-18556.0,-2800.0,19699.0,16911.0,12569.0,16078.0
309,6500.0,-30708.0,-21164.0,-2784.0,18641.0,16875.0,13381.0,16084.0
310,5336.0,-26376.0,-22164.0,-2816.0,17346.0,16590.0,13880.0,16091.0
311,4096.0,-20880.0,-19976.0,-2800.0,15483.0,16507.0,14949.0,16097.0
312,2568.0,-16728.0,-11424.0,-2800.0,13670.0,16128.0,15702.0,16103.0
313,-564.0,-16884.0,-764.0,-2800.0,12856.0,13102.0,16201.0,16109.0
314,-2328.0,-19656.0,8492.0,-2784.0,13109.0,7690.0,16040.0,16115.0
315,-3496.0,-22084.0,9332.0,-2784.0,12581.0,468.0,14684.0,16121.0
316,-4504.0,-24340.0,6412.0,-2800.0,11277.0,-7140.0,12755.0,16128.0
317,-1464.0,-25536.0,3048.0,-2800.0,9804.0,-13120.0,10748.0,16134.0
318,2332.0,-27200.0,1544.0,-2784.0,9309.0,-15701.0,8552.0,16140.0
319,4908.0,-27856.0,-940.0,-2784.0,10018.0,-16085.0,6756.0,16146.0
320,6836.0,-26920.0,-1024.0,-2768.0,11613.0,-16222.0,5741.0,16152.0
321,8200.0,-22928.0,-1200.0,-2768.0,13330.0,-15744.0,5587.0,16158.0
322,7852.0,-17860.0,-1052.0,-2784.0,14384.0,-14280.0,5972.0,16164.0
323,10120.0,-11116.0,1920.0,-2784.0,13280.0,-10025.0,6803.0,16171.0
324,9372.0,-7176.0,2772.0,-2848.0,11630.0,-5428.0,7249.0,16177.0
325,8048.0,-5032.0,3148.0,-2816.0,9421.0,-2004.0,7217.0,16183.0
326,6716.0,-4432.0,2264.0,-2800.0,6987.0,218.0,6898.0,16189.0
327,6432.0,-4416.0,340.0,-2768.0,4586.0,1574.0,6205.0,16195.0
328,6764.0,-3828.0,-1532.0,-2816.0,2468.0,2164.0,5227.0,16201.0
329,6936.0,-2624.0,-3576.0,-2784.0,375.0,2079.0,4089.0,16207.0
330,7104.0,-2380.0,-3876.0,-2784.0,-1424.0,1973.0,3022.0,16212.0
331,6604.0,-3624.0,-5420.0,-2784.0,-2129.0,2447.0,2121.0,16219.0
332,4728.0,-2596.0,-10176.0,-2768.0,-4084.0,2185.0,1212.0,16225.0
333,2512.0,-1268.0,-10596.0,-2768.0,-6189.0,1474.0,449.0,16231.0
334,1348.0,-776.0,-11836.0,-2784.0,-7920.0,-460.0,-359.0,16237.0
335,2360.0,292.0,-10448.0,-2800.0,-9819.0,-3192.0,-1151.0,16243.0
336,4428.0,1636.0,-10484.0,-2784.0,-12227.0,-4870.0,-2315.0,16249.0
337,4780.0,1892.0,-9620.0,-2768.0,-14703.0,-4710.0,-3216.0,16256.0
338,4232.0,628.0,-8392.0,-2816.0,-16693.0,-4180.0,-3847.0,16261.0
339,3796.0,752.0,-8208.0,-2800.0,-18518.0,-3927.0,-4365.0,16267.0
340,3980.0,1124.0,-8216.0,-2800.0,-20411.0,-4147.0,-4932.0,16273.0
341,4372.0,808.0,-8508.0,-2784.0,-22393.0,-4864.0,-5459.0,16279.0
342,4480.0,-40.0,-9040.0,-2784.0,-24308.0,-5535.0,-5762.0,16285.0
343,3812.0,-1316.0,-9348.0,-2784.0,-26183.0,-6101.0,-5976.0,16291.0
344,2552.0,-2716.0,-9228.0,-2800.0,-27999.0,-6593.0,-6254.0,16297.0
345,1480.0,-4228.0,-8640.0,-2784.0,-29637.0,-7077.0,-6475.0,16304.0
346,748.0,-5728.0,-8144.0,-2768.0,-31188.0,-7590.0,-6864.0,16310.0
347,624.0,-6492.0,-8272.0,-2784.0,-32666.0,-8677.0,-7450.0,16316.0
348,1244.0,-8336.0,-6976.0,-2800.0,-32768.0,-9824.0,-7986.0,16322.0
349,2008.0,-9208.0,-6928.0,-2800.0,-32768.0,-10963.0,-8588.0,16327.0
350,-2064.0,-8580.0,-6404.0,-2832.0,-32768.0,-13729.0,-9230.0,16333.0
351,72.0,-10296.0,-7080.0,-2800.0,-32768.0,-17674.0,-9023.0,16339.0
352,9520.0,-12300.0,-7416.0,-2768.0,-32768.0,-16344.0,-10629.0,16346.0
353,13288.0,-12748.0,-7108.0,-2816.0,-32768.0,-13570.0,-11059.0,16353.0
354,10560.0,-14100.0,-5632.0,-2752.0,-32768.0,-11824.0,-10913.0,16359.0
355,11044.0,-17372.0,-4556.0,-2800.0,-32768.0,-9448.0,-10826.0,16365.0
356,11604.0,-19652.0,-4148.0,-2800.0,-32768.0,-7754.0,-11358.0,16371.0
357,12364.0,-21140.0,-3496.0,-2800.0,-32768.0,-6041.0,-11983.0,16377.0
358,12892.0,-22960.0,-2748.0,-2800.0,-32768.0,-3781.0,-12597.0,16384.0
359,12752.0,-24516.0,-1992.0,-2800.0,-32768.0,-1349.0,-13162.0,16390.0
360,11900.0,-26416.0,-1672.0,-2816.0,-32768.0,993.0,-13695.0,16396.0
361,10444.0,-28496.0,-1216.0,-2800.0,-32768.0,2923.0,-13917.0,16402.0
362,9072.0,-30360.0,-400.0,-2784.0,-32768.0,4731.0,-13964.0,16408.0
363,7428.0,-32584.0,72.0,-2784.0,-32768.0,5997.0,-13908.0,16414.0
364,5988.0,-32768.0,1220.0,-2800.0,-32768.0,7143.0,-13877.0,16420.0
365,4080.0,-32768.0,3160.0,-2832.0,-32768.0,8258.0,-13878.0,16427.0
366,1376.0,-32768.0,5204.0,-2800.0,-32768.0,9066.0,-13913.0,16434.0
367,-848.0,-32768.0,6704.0,-2800.0,-32768.0,9102.0,-14117.0,16440.0
368,-2592.0,-32768.0,7612.0,-2784.0,-32768.0,8291.0,-14534.0,16446.0
369,-4492.0,-32768.0,8424.0,-2768.0,-32768.0,6477.0,-14969.0,16452.0
370,-6708.0,-32768.0,9612.0,-2784.0,-32768.0,4023.0,-15224.0,16458.0
371,-8580.0,-32768.0,11204.0,-2816.0,-32768.0,1652.0,-15116.0,16464.0
372,-10328.0,-32768.0,12968.0,-2800.0,-32768.0,-732.0,-14768.0,16471.0
373,-11464.0,-32768.0,16288.0,-2816.0,-30775.0,-3560.0,-14099.0,16478.0
374,-11264.0,-32768.0,20024.0,-2816.0,-28268.0,-6217.0,-13116.0,16484.0
375,-10320.0,-32768.0,23028.0,-2768.0,-25622.0,-8381.0,-11689.0,16490.0
376,-7848.0,-32768.0,26120.0,-2816.0,-22523.0,-10286.0,-9924.0,16497.0
377,-5512.0,-32768.0,29908.0,-2784.0,-18598.0,-11197.0,-7555.0,16503.0
378,-4692.0,-32768.0,32767.0,-2784.0,-14697.0,-11217.0,-4873.0,16509.0
379,6500.0,-32040.0,32767.0,-2816.0,-10990.0,-8860.0,-1821.0,16517.0
380,5112.0,-30848.0,32767.0,-2784.0,-7419.0,-4831.0,-3701.0,16523.0
381,3080.0,-30600.0,32767.0,-2816.0,-3851.0,-2109.0,-3609.0,16529.0
382,-48.0,-30280.0,32767.0,-2784.0,-320.0,-804.0,-1292.0,16535.0
383,496.0,-30776.0,32767.0,-2784.0,3535.0,345.0,-183.0,16541.0
384,-1476.0,-30108.0,32767.0,-2816.0,7227.0,1130.0,2791.0,16547.0
385,-2612.0,-29816.0,32767.0,-2800.0,10843.0,2037.0,3858.0,16553.0
386,-5976.0,-29224.0,32767.0,-2800.0,14043.0,1945.0,4886.0,16560.0
387,-7648.0,-29116.0,31052.0,-2816.0,16789.0,772.0,5838.0,16566.0
388,-8012.0,-28880.0,28972.0,-2816.0,19332.0,-1075.0,6371.0,16572.0
389,-7700.0,-28400.0,26956.0,-2800.0,21527.0,-3171.0,6825.0,16578.0
390,-6928.0,-27232.0,24468.0,-2768.0,23449.0,-5342.0,7014.0,16584.0
391,-5996.0,-24796.0,21192.0,-2800.0,24845.0,-7619.0,6948.0,16590.0
392,-2744.0,-18632.0,5772.0,-2816.0,23888.0,-9694.0,6106.0,16596.0
393,9736.0,-11020.0,-27948.0,-2800.0,17974.0,-11679.0,1711.0,16603.0
394,30156.0,-17176.0,-32768.0,-2800.0,9366.0,-13139.0,-6325.0,16609.0
395,32767.0,-32768.0,-32768.0,-2784.0,14845.0,-13849.0,-6056.0,16615.0
396,14152.0,-32768.0,-10656.0,-2800.0,24903.0,-9987.0,8806.0,16621.0
397,3776.0,-15136.0,-2172.0,-2800.0,24795.0,2396.0,14121.0,16627.0
398,-14492.0,-9184.0,6984.0,-2800.0,21839.0,8359.0,10655.0,16633.0
399,-23008.0,-15648.0,15680.0,-2784.0,21057.0,3910.0,9086.0,16640.0
400,-20696.0,-21488.0,18296.0,-2816.0,21447.0,-5779.0,5471.0,16646.0
401,-14416.0,-11484.0,12212.0,-2816.0,20228.0,-12107.0,2510.0,16652.0
402,-3312.0,-744.0,7700.0,-2816.0,15466.0,-10721.0,77.0,16659.0
403,6480.0,-5956.0,3576.0,-2784.0,12339.0,-9244.0,-2173.0,16664.0
404,10452.0,-17020.0,2364.0,-2800.0,12624.0,-8127.0,-2902.0,16670.0
405,6856.0,-22768.0,3384.0,-2816.0,13755.0,-3689.0,-1198.0,16676.0
406,4496.0,-21400.0,5608.0,-2800.0,14072.0,1350.0,417.0,16683.0
407,5052.0,-18152.0,7428.0,-2816.0,13765.0,1902.0,347.0,16689.0
408,5376.0,-17608.0,6884.0,-2800.0,12953.0,-364.0,-134.0,16695.0
409,4404.0,-18268.0,4196.0,-2832.0,12260.0,-1459.0,34.0,16701.0
410,3012.0,-17668.0,2640.0,-2832.0,11716.0,-1266.0,361.0,16707.0
411,1228.0,-17380.0,3412.0,-2816.0,11558.0,-223.0,558.0,16713.0
412,-28.0,-16236.0,3824.0,-2800.0,10995.0,710.0,478.0,16719.0
413,1516.0,-14848.0,4272.0,-2784.0,10261.0,1232.0,352.0,16724.0
414,4500.0,-13916.0,4476.0,-2800.0,9228.0,1318.0,205.0,16731.0
415,5408.0,-14296.0,4836.0,-2800.0,8407.0,2063.0,324.0,16737.0
416,4348.0,-14544.0,5072.0,-2832.0,7472.0,3480.0,720.0,16743.0
417,2720.0,-14884.0,3792.0,-2816.0,6471.0,4627.0,697.0,16749.0
418,1272.0,-15884.0,3292.0,-2816.0,5802.0,5241.0,440.0,16755.0
419,32.0,-16884.0,2656.0,-2816.0,5528.0,5299.0,-36.0,16761.0
420,-652.0,-17120.0,2028.0,-2800.0,5383.0,4618.0,-586.0,16766.0
421,-956.0,-17208.0,2184.0,-2848.0,5416.0,3483.0,-1008.0,16773.0
422,-248.0,-17060.0,1524.0,-2816.0,5336.0,2194.0,-1279.0,16779.0
423,1516.0,-16520.0,1776.0,-2816.0,5186.0,952.0,-1324.0,16785.0
424,3444.0,-15936.0,1940.0,-2832.0,4886.0,255.0,-1265.0,16791.0
425,4596.0,-16092.0,2176.0,-2832.0,4726.0,689.0,-934.0,16797.0
426,5064.0,-15868.0,1308.0,-2800.0,4467.0,1501.0,-599.0,16803.0
427,5412.0,-15176.0,892.0,-2832.0,4213.0,1992.0,-472.0,16808.0
428,5484.0,-14924.0,436.0,-2800.0,3915.0,2407.0,-374.0,16815.0
429,5152.0,-15016.0,-320.0,-2800.0,3686.0,2873.0,-234.0,16821.0
430,4288.0,-15292.0,-648.0,-2832.0,3600.0,3043.0,-99.0,16827.0
431,3496.0,-15720.0,-772.0,-2816.0,3577.0,2935.0,-195.0,16833.0
432,3072.0,-16296.0,-868.0,-2816.0,3672.0,2495.0,-442.0,16838.0
433,3012.0,-16568.0,-604.0,-2800.0,3916.0,2161.0,-609.0,16844.0
434,2608.0,-16808.0,-52.0,-2768.0,4119.0,2183.0,-699.0,16850.0
435,2224.0,-17348.0,-404.0,-2800.0,4441.0,2356.0,-907.0,16857.0
436,2016.0,-17340.0,-900.0,-2816.0,4802.0,2208.0,-1146.0,16862.0
437,2952.0,-16924.0,-1240.0,-2800.0,5160.0,1706.0,-1449.0,16868.0
438,3996.0,-16556.0,-380.0,-2800.0,5325.0,1271.0,-1584.0,16874.0
439,4648.0,-17036.0,-16.0,-2800.0,5525.0,1331.0,-1647.0,16880.0
440,4568.0,-16764.0,576.0,-2800.0,5680.0,1524.0,-1464.0,16886.0
441,4288.0,-16228.0,1208.0,-2832.0,5722.0,1937.0,-1443.0,16892.0
442,3916.0,-16248.0,1204.0,-2816.0,5789.0,2155.0,-1553.0,16899.0
443,4028.0,-16240.0,1176.0,-2800.0,5898.0,2201.0,-1609.0,16904.0
444,4344.0,-16304.0,960.0,-2832.0,6020.0,2300.0,-1708.0,16910.0
445,4744.0,-16152.0,1084.0,-2832.0,6143.0,2281.0,-1768.0,16916.0
446,4980.0,-16600.0,1396.0,-2800.0,6197.0,2672.0,-1851.0,16922.0
447,5672.0,-17384.0,1576.0,-2784.0,6342.0,3235.0,-1826.0,16928.0
448,5900.0,-17440.0,1500.0,-2800.0,6531.0,3820.0,-1858.0,16934.0
449,6692.0,-17428.0,1488.0,-2800.0,6558.0,4471.0,-1938.0,16941.0
450,7836.0,-17360.0,1544.0,-2848.0,6647.0,5218.0,-2042.0,16947.0
451,9000.0,-17240.0,2584.0,-2816.0,6768.0,6386.0,-1912.0,16953.0
452,9040.0,-17556.0,2452.0,-2816.0,6826.0,8121.0,-1429.0,16958.0
453,8076.0,-18168.0,2072.0,-2768.0,7106.0,9747.0,-1340.0,16964.0
454,9548.0,-20672.0,2156.0,-2784.0,7275.0,11507.0,-1395.0,16970.0
455,11056.0,-16808.0,-1120.0,-2816.0,7569.0,12532.0,-2210.0,16976.0
456,9592.0,-20344.0,-128.0,-2816.0,8220.0,13947.0,-857.0,16983.0
457,8144.0,-20040.0,236.0,-2816.0,8734.0,15193.0,-751.0,16989.0
458,4772.0,-20900.0,1580.0,-2832.0,9437.0,15451.0,767.0,16995.0
459,2108.0,-21024.0,1388.0,-2832.0,10139.0,14897.0,988.0,17001.0
460,324.0,-20548.0,1488.0,-2848.0,10975.0,13605.0,2042.0,17007.0
461,-948.0,-21280.0,1884.0,-2800.0,11805.0,12394.0,2992.0,17013.0
462,-1368.0,-22008.0,1868.0,-2816.0,12838.0,11248.0,3877.0,17019.0
463,-1524.0,-22288.0,1576.0,-2832.0,13868.0,9855.0,4605.0,17026.0
464,-684.0,-23196.0,1464.0,-2816.0,14747.0,8478.0,5307.0,17032.0
465,120.0,-23924.0,1076.0,-2832.0,15587.0,7414.0,5689.0,17037.0
466,224.0,-24884.0,1492.0,-2800.0,16183.0,6544.0,6237.0,17043.0
467,368.0,-26488.0,2064.0,-2784.0,16786.0,5973.0,6811.0,17049.0
468,396.0,-27740.0,2388.0,-2816.0,17299.0,5708.0,7442.0,17055.0
469,840.0,-29048.0,1924.0,-2832.0,17772.0,5633.0,8150.0,17061.0
470,1668.0,-30060.0,1676.0,-2800.0,18272.0,5928.0,8902.0,17068.0
471,3624.0,-30940.0,752.0,-2816.0,18791.0,6435.0,9664.0,17074.0
472,5552.0,-32212.0,-168.0,-2832.0,19381.0,7224.0,10425.0,17080.0
473,7416.0,-32768.0,-984.0,-2816.0,20059.0,8241.0,11187.0,17086.0
474,8892.0,-32768.0,-2568.0,-2800.0,20898.0,9051.0,11822.0,17092.0
475,10180.0,-32768.0,-3236.0,-2816.0,21888.0,10057.0,12477.0,17098.0
476,10916.0,-32768.0,-4988.0,-2816.0,22898.0,11286.0,13311.0,17104.0
477,12140.0,-32768.0,-7224.0,-2816.0,24021.0,12586.0,13980.0,17111.0
478,13328.0,-32768.0,-10228.0,-2832.0,25099.0,13877.0,14785.0,17117.0
479,14900.0,-32768.0,-13996.0,-2816.0,26033.0,15329.0,15186.0,17123.0
480,11720.0,-32768.0,-18840.0,-2848.0,26581.0,17283.0,16348.0,17129.0
481,8592.0,-32768.0,-24020.0,-2800.0,26620.0,16005.0,17898.0,17135.0
482,9544.0,-32768.0,-31240.0,-2816.0,26640.0,13054.0,18670.0,17141.0
483,14016.0,-32768.0,-32768.0,-2784.0,26569.0,10373.0,17895.0,17148.0
484,14320.0,-32768.0,-32768.0,-2800.0,26152.0,8404.0,17291.0,17155.0
485,10380.0,-32768.0,-32768.0,-2832.0,25566.0,7073.0,17335.0,17161.0
486,5336.0,-32768.0,-17796.0,-2800.0,25958.0,5117.0,18228.0,17167.0
487,84.0,-32768.0,-4184.0,-2784.0,25664.0,3055.0,20129.0,17173.0
488,-1596.0,-32768.0,-3188.0,-2816.0,23936.0,-2536.0,19718.0,17179.0
489,-2408.0,-32768.0,-10068.0,-2816.0,21191.0,-12677.0,18379.0,17185.0
490,168.0,-32768.0,-12896.0,-2832.0,18797.0,-23546.0,14904.0,17191.0
491,3040.0,-32768.0,-4336.0,-2832.0,20521.0,-29543.0,12417.0,17198.0
492,8904.0,-32768.0,-8448.0,-2800.0,21480.0,-29888.0,9592.0,17204.0
493,13528.0,-32768.0,-2080.0,-2848.0,23667.0,-27162.0,6688.0,17210.0
494,13920.0,-27796.0,-12968.0,-2816.0,22285.0,-26969.0,5863.0,17216.0
495,23608.0,-15632.0,-24048.0,-2832.0,18258.0,-28455.0,5795.0,17222.0
496,29900.0,-10424.0,-30044.0,-2832.0,13063.0,-23821.0,3314.0,17229.0
497,29992.0,-5228.0,-32768.0,-2816.0,7525.0,-16948.0,2284.0,17235.0
498,30776.0,-492.0,-32768.0,-2832.0,2781.0,-12071.0,1865.0,17242.0
499,30848.0,4440.0,-32768.0,-2816.0,-1277.0,-7189.0,1707.0,17248.0
500,23780.0,4468.0,-29652.0,-2816.0,-5157.0,-1759.0,1203.0,17254.0
501,28408.0,5300.0,-26320.0,-2832.0,-9423.0,5924.0,5730.0,17260.0
502,23352.0,5584.0,-24920.0,-2816.0,-12663.0,13178.0,-410.0,17266.0
503,12756.0,5084.0,-22856.0,-2848.0,-16784.0,16366.0,-589.0,17272.0
504,8528.0,4708.0,-21240.0,-2832.0,-20792.0,16792.0,342.0,17278.0
505,5680.0,4412.0,-19788.0,-2800.0,-24688.0,15493.0,-3.0,17285.0
506,2712.0,3116.0,-19100.0,-2832.0,-27987.0,13095.0,-1225.0,17291.0
507,112.0,744.0,-18480.0,-2832.0,-31059.0,10477.0,-2383.0,17297.0
508,-1780.0,-1792.0,-17764.0,-2848.0,-32768.0,8126.0,-3745.0,17303.0
509,-2812.0,-4632.0,-15272.0,-2832.0,-32768.0,5300.0,-5481.0,17309.0
510,-3380.0,-7824.0,-13664.0,-2832.0,-32768.0,2255.0,-7024.0,17314.0
511,-2740.0,-9988.0,-13376.0,-2832.0,-32768.0,-864.0,-8449.0,17320.0
512,-324.0,-12708.0,-11740.0,-2800.0,-32768.0,-4802.0,-9885.0,17327.0
513,1872.0,-15284.0,-10388.0,-2848.0,-32768.0,-8099.0,-10538.0,17333.0
514,3860.0,-16264.0,-10020.0,-2816.0,-32768.0,-10597.0,-10972.0,17339.0
515,6144.0,-16304.0,-8384.0,-2832.0,-32768.0,-12103.0,-11354.0,17346.0
516,8468.0,-16316.0,-7736.0,-2832.0,-32768.0,-12732.0,-12089.0,17352.0
517,9848.0,-17224.0,-7480.0,-2832.0,-32768.0,-12405.0,-12644.0,17358.0
518,11140.0,-19116.0,-7308.0,-2800.0,-32768.0,-11345.0,-13194.0,17364.0
519,784.0,-21380.0,-5828.0,-2848.0,-32768.0,-19581.0,-11460.0,17371.0
520,25852.0,-26508.0,-5884.0,-2832.0,-32768.0,-12336.0,-14660.0,17377.0
521,14356.0,-23820.0,-3948.0,-2816.0,-32768.0,-7243.0,-14941.0,17384.0
522,11000.0,-26792.0,-4160.0,-2816.0,-32768.0,-4694.0,-13756.0,17390.0
523,8152.0,-29748.0,-4532.0,-2848.0,-32768.0,-4563.0,-15266.0,17396.0
524,8256.0,-32140.0,-3856.0,-2832.0,-32768.0,-4878.0,-16812.0,17403.0
525,9868.0,-32768.0,-3592.0,-2864.0,-32768.0,-4694.0,-18009.0,17410.0
526,11560.0,-32768.0,-1684.0,-2816.0,-32768.0,-3752.0,-18722.0,17416.0
527,12328.0,-32768.0,304.0,-2816.0,-32768.0,-1649.0,-19115.0,17422.0
528,12816.0,-32768.0,3164.0,-2832.0,-32768.0,1384.0,-19272.0,17428.0
529,12092.0,-32768.0,6668.0,-2832.0,-32768.0,4964.0,-19054.0,17435.0
530,10468.0,-32768.0,10520.0,-2816.0,-32768.0,8611.0,-18587.0,17441.0
531,7484.0,-32768.0,15784.0,-2832.0,-32768.0,11762.0,-17569.0,17447.0
532,4136.0,-32768.0,21208.0,-2848.0,-32768.0,13877.0,-16123.0,17454.0
533,396.0,-32768.0,26572.0,-2832.0,-32768.0,14861.0,-14674.0,17460.0
534,-4316.0,-32768.0,31992.0,-2816.0,-32768.0,15057.0,-13715.0,17467.0
535,-8888.0,-32768.0,32767.0,-2816.0,-32768.0,14667.0,-13478.0,17473.0
536,-15080.0,-32768.0,32767.0,-2848.0,-32768.0,13227.0,-13881.0,17479.0
537,-20084.0,-32768.0,32767.0,-2832.0,-31685.0,10304.0,-15055.0,17486.0
538,-26244.0,-32768.0,32767.0,-2816.0,-27894.0,4841.0,-14936.0,17492.0
539,-28040.0,-32768.0,32767.0,-2832.0,-24243.0,-1101.0,-14112.0,17499.0
540,-28168.0,-32768.0,32767.0,-2848.0,-19982.0,-6348.0,-12841.0,17506.0
541,-26696.0,-32768.0,32767.0,-2800.0,-14793.0,-10247.0,-10431.0,17512.0
542,-24328.0,-32768.0,32767.0,-2816.0,-8579.0,-13345.0,-7653.0,17519.0
543,-20692.0,-32768.0,32767.0,-2816.0,-1783.0,-16401.0,-4721.0,17525.0
544,-15828.0,-32768.0,32767.0,-2816.0,4471.0,-18789.0,-1970.0,17531.0
545,-10332.0,-32768.0,32767.0,-2864.0,9739.0,-18937.0,87.0,17538.0
546,-8424.0,-32768.0,32767.0,-2832.0,14276.0,-17112.0,1127.0,17544.0
547,-8988.0,-31080.0,32767.0,-2832.0,18217.0,-15063.0,2007.0,17550.0
548,-10020.0,-28044.0,32767.0,-2864.0,21702.0,-14033.0,3101.0,17557.0
549,-9676.0,-24476.0,32767.0,-2832.0,23495.0,-14852.0,4270.0,17563.0
550,7716.0,14544.0,-32768.0,-2848.0,8201.0,-18767.0,1044.0,17569.0
551,32767.0,-32768.0,-32768.0,-2832.0,1781.0,-24433.0,-28210.0,17575.0
552,32767.0,-32768.0,3588.0,-2832.0,25829.0,-32768.0,-14039.0,17582.0
553,-26752.0,-32768.0,31972.0,-2816.0,32767.0,11824.0,32767.0,17588.0
554,-32768.0,-32376.0,32767.0,-2832.0,32767.0,32767.0,32767.0,17595.0
555,-32768.0,-32768.0,32767.0,-2832.0,32767.0,24927.0,5540.0,17601.0
556,-26452.0,-32768.0,-5716.0,-2832.0,32767.0,-19644.0,-6771.0,17607.0
557,-88.0,5876.0,-17984.0,-2832.0,32767.0,-32768.0,1350.0,17613.0
558,21628.0,27024.0,6668.0,-2848.0,29986.0,-25761.0,3108.0,17619.0
559,21092.0,24548.0,25428.0,-2848.0,23944.0,-19737.0,-3994.0,17626.0
560,4212.0,-7612.0,28628.0,-2816.0,19165.0,-18700.0,-8639.0,17632.0
561,9452.0,-21400.0,12416.0,-2816.0,16035.0,-15675.0,-10.0,17638.0
562,15180.0,-28744.0,3096.0,-2832.0,15600.0,-11093.0,1067.0,17644.0
563,12260.0,-27984.0,3692.0,-2800.0,16623.0,-5163.0,-3095.0,17651.0
564,6300.0,-24556.0,7332.0,-2800.0,16397.0,-3040.0,821.0,17657.0
565,8984.0,-25176.0,5088.0,-2864.0,15893.0,1339.0,5921.0,17662.0
566,8908.0,-22556.0,2568.0,-2848.0,16214.0,8500.0,4999.0,17669.0
567,3728.0,-17456.0,4656.0,-2816.0,16042.0,12385.0,2829.0,17675.0
568,-1412.0,-15068.0,4908.0,-2832.0,14934.0,12539.0,1101.0,17681.0
569,-1556.0,-8584.0,7152.0,-2832.0,11858.0,13092.0,1761.0,17687.0
570,-2152.0,-8464.0,7672.0,-2816.0,9436.0,13208.0,1163.0,17693.0
571,-1508.0,-8444.0,3848.0,-2800.0,7460.0,12792.0,-992.0,17699.0
572,-3308.0,-11680.0,1020.0,-2832.0,6432.0,10446.0,-3155.0,17705.0
573,588.0,-16064.0,-488.0,-2848.0,6530.0,6608.0,-3139.0,17712.0
574,3828.0,-16340.0,1444.0,-2848.0,5868.0,5486.0,-2469.0,17718.0
575,2360.0,-16676.0,3116.0,-2832.0,4587.0,7718.0,-2191.0,17724.0
576,-1548.0,-17792.0,2364.0,-2848.0,3939.0,9443.0,-3068.0,17730.0
577,-2560.0,-18220.0,412.0,-2832.0,3902.0,8096.0,-3954.0,17736.0
578,-388.0,-17544.0,-1592.0,-2832.0,3871.0,4790.0,-4631.0,17742.0
579,5320.0,-15948.0,-2292.0,-2816.0,3679.0,1499.0,-4439.0,17748.0
580,11272.0,-14232.0,-1700.0,-2832.0,3263.0,753.0,-3596.0,17754.0
581,13272.0,-13704.0,-956.0,-2848.0,2790.0,2323.0,-2719.0,17760.0
582,11672.0,-14416.0,-1052.0,-2832.0,2640.0,3827.0,-1819.0,17766.0
583,8796.0,-15252.0,-1804.0,-2832.0,2782.0,4501.0,-1094.0,17772.0
584,6948.0,-15380.0,-2316.0,-2864.0,2994.0,4996.0,-701.0,17778.0
585,5844.0,-16284.0,-2316.0,-2832.0,3277.0,5732.0,-1034.0,17784.0
586,4616.0,-17372.0,-2048.0,-2848.0,3789.0,6262.0,-1634.0,17790.0
587,4740.0,-17988.0,-2200.0,-2864.0,4462.0,6437.0,-1967.0,17797.0
588,5180.0,-18932.0,-2472.0,-2832.0,5247.0,6689.0,-1977.0,17803.0
589,6108.0,-19480.0,-2564.0,-2848.0,6112.0,6569.0,-1899.0,17809.0
590,7744.0,-19580.0,-2964.0,-2800.0,7051.0,6437.0,-1559.0,17815.0
591,9540.0,-19316.0,-4040.0,-2848.0,8201.0,6768.0,-1197.0,17821.0
592,10148.0,-18188.0,-4520.0,-2832.0,9245.0,7435.0,-349.0,17827.0
593,10812.0,-17752.0,-4456.0,-2832.0,10221.0,8225.0,229.0,17833.0
594,11268.0,-17608.0,-4540.0,-2832.0,11205.0,8759.0,716.0,17840.0
595,12980.0,-17316.0,-2984.0,-2848.0,11962.0,9235.0,835.0,17846.0
596,15600.0,-17084.0,-2748.0,-2832.0,12365.0,9894.0,150.0,17851.0
597,18604.0,-19132.0,-2596.0,-2864.0,12489.0,11151.0,-402.0,17857.0
598,20820.0,-13420.0,-4528.0,-2848.0,12335.0,11997.0,-999.0,17863.0
599,13692.0,-16348.0,936.0,-2816.0,12597.0,13867.0,1647.0,17870.0
600,10068.0,-17348.0,2436.0,-2864.0,12647.0,17392.0,1331.0,17876.0
601,4276.0,-17776.0,3660.0,-2832.0,13035.0,17280.0,1972.0,17883.0
602,1044.0,-18128.0,3168.0,-2832.0,13306.0,17531.0,3394.0,17889.0
603,-1276.0,-19212.0,1932.0,-2848.0,13551.0,17757.0,3722.0,17895.0
604,-4244.0,-21244.0,1780.0,-2848.0,14094.0,17730.0,4670.0,17901.0
605,-6552.0,-22856.0,2356.0,-2848.0,14808.0,16712.0,5276.0,17907.0
606,-8420.0,-23748.0,2752.0,-2832.0,15377.0,14976.0,5519.0,17913.0
607,-7916.0,-25844.0,1976.0,-2832.0,16167.0,12112.0,5885.0,17920.0
608,-6008.0,-27612.0,760.0,-2848.0,16981.0,9649.0,6237.0,17926.0
609,-3712.0,-28060.0,332.0,-2864.0,17865.0,7717.0,6512.0,17932.0
610,-432.0,-28028.0,472.0,-2848.0,18588.0,6175.0,7084.0,17938.0
611,2680.0,-28644.0,568.0,-2848.0,19274.0,5736.0,7695.0,17943.0
612,5468.0,-29728.0,-192.0,-2864.0,19961.0,5909.0,8444.0,17949.0
613,7964.0,-31148.0,-712.0,-2848.0,20614.0,6786.0,9138.0,17955.0
614,10092.0,-32088.0,-1340.0,-2832.0,21398.0,8035.0,9946.0,17961.0
615,10908.0,-32312.0,-2076.0,-2880.0,22179.0,9648.0,10813.0,17968.0
616,10772.0,-32768.0,-2656.0,-2848.0,23075.0,11155.0,11749.0,17974.0
617,10124.0,-32768.0,-2624.0,-2832.0,24121.0,12451.0,12872.0,17980.0
618,9732.0,-32768.0,-4476.0,-2848.0,25269.0,13637.0,13810.0,17986.0
619,10440.0,-32768.0,-5720.0,-2848.0,26270.0,14370.0,14672.0,17992.0
620,13088.0,-32768.0,-8028.0,-2880.0,27239.0,15285.0,15117.0,17999.0
621,15912.0,-32768.0,-10544.0,-2832.0,28138.0,16781.0,15393.0,18006.0
622,18192.0,-32768.0,-14936.0,-2848.0,28928.0,18543.0,15601.0,18012.0
623,20048.0,-32768.0,-20384.0,-2848.0,29488.0,19759.0,15829.0,18018.0
624,25544.0,-32768.0,-30328.0,-2832.0,29440.0,21777.0,15247.0,18024.0
625,25896.0,-32768.0,-32768.0,-2848.0,28782.0,26125.0,15499.0,18030.0
626,21456.0,-32768.0,-32768.0,-2832.0,27787.0,29190.0,16802.0,18036.0
627,8604.0,-32768.0,-32768.0,-2864.0,27262.0,28044.0,18818.0,18043.0
628,-2880.0,-32768.0,-27384.0,-2848.0,27233.0,21946.0,20712.0,18050.0
629,-10264.0,-32768.0,-5444.0,-2848.0,28247.0,14057.0,21930.0,18056.0
630,-6876.0,-32768.0,-4240.0,-2832.0,26878.0,3857.0,20566.0,18062.0
631,-660.0,-32768.0,-12328.0,-2848.0,23879.0,-9388.0,18203.0,18068.0
632,6096.0,-32768.0,-18548.0,-2848.0,20497.0,-20914.0,16698.0,18074.0
633,9692.0,-30424.0,-21332.0,-2848.0,17532.0,-27061.0,14668.0,18080.0
634,9192.0,-32768.0,-9028.0,-2832.0,18713.0,-27828.0,12579.0,18086.0
635,10204.0,-32768.0,-748.0,-2864.0,21033.0,-27980.0,10280.0,18093.0
636,9956.0,-32768.0,4772.0,-2864.0,24585.0,-24094.0,9849.0,18099.0
637,9288.0,-32768.0,1244.0,-2848.0,25337.0,-22276.0,10006.0,18105.0
638,12760.0,-20396.0,-7876.0,-2816.0,22104.0,-20133.0,7773.0,18112.0
639,17904.0,-11708.0,-21052.0,-2816.0,15098.0,-16388.0,5340.0,18118.0
640,24212.0,-7000.0,-27924.0,-2864.0,7740.0,-12485.0,2906.0,18124.0
641,26344.0,-5252.0,-31184.0,-2880.0,2996.0,-9250.0,1612.0,18130.0
642,25712.0,-3016.0,-30088.0,-2832.0,103.0,-7034.0,1842.0,18137.0
643,21648.0,1308.0,-26644.0,-2848.0,-2520.0,-3047.0,2634.0,18143.0
644,16728.0,4420.0,-22924.0,-2816.0,-5698.0,1262.0,4089.0,18149.0
645,12080.0,6428.0,-20520.0,-2800.0,-9229.0,5297.0,5206.0,18155.0
646,6908.0,7484.0,-20028.0,-2848.0,-13207.0,8721.0,5430.0,18161.0
647,2396.0,7952.0,-17876.0,-2832.0,-17107.0,10038.0,4826.0,18167.0
648,-2156.0,11472.0,-18792.0,-2832.0,-22534.0,10139.0,6842.0,18173.0
649,-3972.0,8508.0,-17568.0,-2832.0,-25543.0,5215.0,-2969.0,18180.0
650,-8768.0,7680.0,-16008.0,-2848.0,-30505.0,38.0,-700.0,18186.0
651,-4432.0,4812.0,-17228.0,-2848.0,-32768.0,-5071.0,-1392.0,18191.0
652,-2452.0,1716.0,-19412.0,-2848.0,-32768.0,-9139.0,-3369.0,18197.0
653,1476.0,-3424.0,-15640.0,-2864.0,-32768.0,-11761.0,-4167.0,18203.0
654,4636.0,-4996.0,-17460.0,-2832.0,-32768.0,-13468.0,-4799.0,18209.0
655,6216.0,-7780.0,-12948.0,-2832.0,-32768.0,-14419.0,-4799.0,18215.0
656,10040.0,-9260.0,-14680.0,-2880.0,-32768.0,-15901.0,-5745.0,18223.0
657,1856.0,-10556.0,-10956.0,-2864.0,-32768.0,-20166.0,-7010.0,18229.0
658,9564.0,-15680.0,-6804.0,-2864.0,-32768.0,-15896.0,-3072.0,18235.0
659,8820.0,-10392.0,-9264.0,-2864.0,-32768.0,-17121.0,-6587.0,18241.0
660,10132.0,-14288.0,-8492.0,-2848.0,-32768.0,-14300.0,-6844.0,18247.0
661,10808.0,-13684.0,-9028.0,-2832.0,-32768.0,-13693.0,-7309.0,18253.0
662,11972.0,-13896.0,-10348.0,-2832.0,-32768.0,-13200.0,-6235.0,18259.0
663,8800.0,-15972.0,-8572.0,-2832.0,-32768.0,-12966.0,-7302.0,18266.0
664,20312.0,-22420.0,-10976.0,-2864.0,-32768.0,-9098.0,-8820.0,18273.0
665,14328.0,-22924.0,-8168.0,-2864.0,-32768.0,-6753.0,-9162.0,18279.0
666,14600.0,-24288.0,-6740.0,-2816.0,-32768.0,-4839.0,-9754.0,18285.0
667,12636.0,-27756.0,-5772.0,-2864.0,-32768.0,-4222.0,-11909.0,18291.0
668,12504.0,-30076.0,-4572.0,-2896.0,-32768.0,-4174.0,-12767.0,18298.0
669,12992.0,-32768.0,-2216.0,-2832.0,-32768.0,-3652.0,-13818.0,18305.0
670,14484.0,-32768.0,-396.0,-2832.0,-32768.0,-2336.0,-14934.0,18311.0
671,17872.0,-32768.0,1676.0,-2864.0,-32768.0,611.0,-16022.0,18318.0
672,21392.0,-32768.0,6092.0,-2864.0,-32768.0,5164.0,-16072.0,18324.0
673,20920.0,-32768.0,8348.0,-2864.0,-32768.0,10026.0,-17187.0,18330.0
674,16864.0,-32768.0,14064.0,-2848.0,-32768.0,14874.0,-17165.0,18336.0
675,12924.0,-32768.0,20496.0,-2848.0,-32768.0,18407.0,-16733.0,18342.0
676,7900.0,-32768.0,28424.0,-2848.0,-32768.0,20713.0,-16213.0,18350.0
677,804.0,-32768.0,32767.0,-2848.0,-32768.0,21031.0,-15672.0,18356.0
678,-5904.0,-32768.0,32767.0,-2848.0,-32768.0,19364.0,-15163.0,18362.0
679,-12164.0,-32768.0,32767.0,-2816.0,-32768.0,15471.0,-15179.0,18368.0
680,-16408.0,-32768.0,32767.0,-2832.0,-32768.0,10366.0,-14845.0,18375.0
681,-19704.0,-32768.0,32767.0,-2848.0,-30923.0,4819.0,-13685.0,18381.0
682,-20932.0,-32768.0,32767.0,-2864.0,-26344.0,-1000.0,-12763.0,18387.0
683,-23872.0,-32768.0,32767.0,-2848.0,-21861.0,-7163.0,-13542.0,18395.0
684,-17840.0,-32768.0,32767.0,-2832.0,-17428.0,-10974.0,-13695.0,18401.0
685,-15164.0,-32768.0,32767.0,-2848.0,-12396.0,-12037.0,-12294.0,18408.0
686,-13836.0,-32768.0,32767.0,-2848.0,-6812.0,-10434.0,-10582.0,18414.0
687,-13356.0,-32768.0,32767.0,-2816.0,-64.0,-10638.0,-7463.0,18420.0
688,-12000.0,-32768.0,32767.0,-2864.0,6714.0,-11863.0,-3560.0,18427.0
689,-10856.0,-32768.0,32767.0,-2848.0,12990.0,-11930.0,882.0,18434.0
690,-9924.0,-31504.0,32767.0,-2832.0,17893.0,-9910.0,4146.0,18440.0
691,-10740.0,-25608.0,32767.0,-2864.0,20653.0,-6764.0,5063.0,18446.0
692,-13244.0,-13356.0,20380.0,-2864.0,18458.0,-6430.0,4878.0,18452.0
693,32767.0,-932.0,-15044.0,-2816.0,2868.0,-19671.0,-4797.0,18458.0
694,32767.0,-32768.0,-32768.0,-2848.0,5549.0,-28142.0,-20052.0,18464.0
695,3608.0,-32768.0,27712.0,-2816.0,30526.0,-23820.0,4615.0,18471.0
696,-32768.0,-32768.0,32767.0,-2848.0,32767.0,27439.0,32767.0,18478.0
697,-32768.0,-32768.0,32767.0,-2864.0,32767.0,32767.0,24323.0,18484.0
698,-15024.0,-32768.0,31760.0,-2864.0,32767.0,-8536.0,-3295.0,18490.0
699,1624.0,-32768.0,-4828.0,-2848.0,32767.0,-32768.0,-7870.0,18496.0
700,9236.0,-21380.0,-5176.0,-2848.0,32767.0,-32768.0,2301.0,18503.0
701,22084.0,4780.0,2336.0,-2848.0,32767.0,-25531.0,574.0,18509.0
702,11708.0,27936.0,13864.0,-2864.0,32103.0,-18115.0,-1444.0,18515.0
703,4612.0,18764.0,21100.0,-2848.0,22042.0,-12477.0,-232.0,18522.0
704,12476.0,-10284.0,13872.0,-2864.0,18912.0,-4836.0,741.0,18528.0
705,15572.0,-30384.0,5680.0,-2832.0,21064.0,1626.0,-448.0,18534.0
706,13024.0,-30332.0,-964.0,-2880.0,23236.0,5531.0,393.0,18540.0
707,10760.0,-21484.0,3628.0,-2832.0,21907.0,8419.0,3629.0,18546.0
708,2800.0,-13884.0,10600.0,-2832.0,18414.0,14702.0,6412.0,18552.0
709,-2912.0,-11872.0,6704.0,-2864.0,14858.0,20637.0,4363.0,18558.0
710,-3884.0,-11828.0,1284.0,-2848.0,12999.0,18888.0,620.0,18565.0
711,-4364.0,-11764.0,1692.0,-2864.0,11674.0,13003.0,137.0,18571.0
712,-2972.0,-13416.0,2892.0,-2832.0,10200.0,9219.0,601.0,18577.0
713,960.0,-13932.0,2712.0,-2832.0,8778.0,6052.0,96.0,18583.0
714,2388.0,-13276.0,3012.0,-2832.0,7688.0,5730.0,-181.0,18588.0
715,2208.0,-12856.0,4164.0,-2864.0,6346.0,6604.0,-556.0,18594.0
716,2336.0,-14444.0,3164.0,-2864.0,5255.0,7719.0,-709.0,18600.0
717,2164.0,-15832.0,2424.0,-2864.0,4761.0,8145.0,-1015.0,18607.0
718,1876.0,-15636.0,2256.0,-2848.0,4315.0,7831.0,-1262.0,18613.0
719,3048.0,-15908.0,2052.0,-2864.0,3906.0,7250.0,-1541.0,18619.0
720,4752.0,-15888.0,1300.0,-2848.0,3404.0,6937.0,-1551.0,18625.0
721,6176.0,-15892.0,320.0,-2864.0,2856.0,6718.0,-1536.0,18631.0
722,6836.0,-16256.0,-304.0,-2832.0,2329.0,6192.0,-1305.0,18637.0
723,7036.0,-17160.0,-928.0,-2848.0,1892.0,5775.0,-894.0,18642.0
724,6520.0,-17948.0,-1224.0,-2848.0,1690.0,5518.0,-617.0,18649.0
725,5904.0,-18104.0,-1144.0,-2880.0,1539.0,5086.0,-547.0,18655.0
726,6512.0,-18192.0,-1472.0,-2832.0,1414.0,4774.0,-809.0,18661.0
727,7848.0,-18028.0,-2164.0,-2832.0,1420.0,5136.0,-1303.0,18667.0
728,8312.0,-18272.0,-2692.0,-2816.0,1586.0,6272.0,-1717.0,18673.0
729,8448.0,-18232.0,-3972.0,-2864.0,1689.0,7537.0,-2459.0,18679.0
730,11456.0,-18152.0,-4416.0,-2864.0,1818.0,8162.0,-4314.0,18685.0
731,10228.0,-18232.0,-1996.0,-2864.0,2329.0,7732.0,-4570.0,18692.0
732,8872.0,-18312.0,-200.0,-2848.0,2625.0,8136.0,-3652.0,18698.0
733,7820.0,-18160.0,300.0,-2864.0,2986.0,9364.0,-3802.0,18704.0
734,5800.0,-17612.0,1024.0,-2864.0,3576.0,10067.0,-3174.0,18709.0
735,3940.0,-17056.0,1196.0,-2848.0,4411.0,10755.0,-2167.0,18715.0
736,1724.0,-16464.0,892.0,-2832.0,5452.0,11218.0,-1136.0,18721.0
737,256.0,-15780.0,344.0,-2848.0,6428.0,11405.0,-213.0,18727.0
738,28.0,-14620.0,-188.0,-2848.0,7277.0,11374.0,421.0,18734.0
739,356.0,-14644.0,-640.0,-2848.0,8196.0,10858.0,1161.0,18740.0
740,684.0,-15480.0,-1408.0,-2816.0,9281.0,9887.0,1797.0,18746.0
741,676.0,-15960.0,-2084.0,-2848.0,10300.0,8333.0,2249.0,18752.0
742,1208.0,-15864.0,-1648.0,-2832.0,11067.0,6054.0,2375.0,18757.0
743,3172.0,-16424.0,-484.0,-2832.0,11614.0,3943.0,2283.0,18763.0
744,5816.0,-17708.0,968.0,-2848.0,12154.0,2936.0,2282.0,18769.0
745,7308.0,-18356.0,968.0,-2832.0,12686.0,2831.0,2428.0,18776.0
746,7936.0,-18520.0,784.0,-2864.0,13136.0,3730.0,2639.0,18782.0
747,7420.0,-18396.0,724.0,-2864.0,13630.0,4934.0,2927.0,18788.0
748,6304.0,-18676.0,816.0,-2880.0,14034.0,6297.0,3396.0,18794.0
749,5192.0,-19340.0,1132.0,-2880.0,14424.0,7332.0,3848.0,18800.0
750,4188.0,-20352.0,1016.0,-2864.0,14978.0,8160.0,4498.0,18806.0
751,2640.0,-21132.0,892.0,-2880.0,15581.0,8626.0,4905.0,18811.0
752,1060.0,-21428.0,1064.0,-2864.0,16163.0,8392.0,5121.0,18818.0
753,40.0,-22060.0,1888.0,-2896.0,16694.0,7737.0,5412.0,18824.0
754,-656.0,-22796.0,2104.0,-2832.0,17158.0,7090.0,5794.0,18830.0
755,-840.0,-23456.0,2260.0,-2848.0,17694.0,6440.0,6151.0,18836.0
756,-640.0,-23972.0,2316.0,-2880.0,18166.0,5608.0,6514.0,18842.0
757,196.0,-24304.0,1808.0,-2864.0,18727.0,4990.0,6934.0,18848.0
758,1080.0,-24888.0,1564.0,-2864.0,19304.0,4601.0,7389.0,18854.0
759,2604.0,-26480.0,1292.0,-2848.0,19904.0,4379.0,7919.0,18861.0
760,3976.0,-27900.0,780.0,-2864.0,20550.0,4466.0,8434.0,18867.0
761,4888.0,-28868.0,276.0,-2848.0,21269.0,4799.0,8978.0,18872.0
762,5436.0,-29596.0,156.0,-2880.0,22039.0,5034.0,9508.0,18878.0
763,6284.0,-30656.0,-500.0,-2848.0,22858.0,5103.0,10133.0,18884.0
764,7512.0,-31380.0,-808.0,-2864.0,23777.0,5326.0,10860.0,18890.0
765,8932.0,-32628.0,-924.0,-2848.0,24789.0,5645.0,11600.0,18896.0
766,10704.0,-32768.0,-1980.0,-2832.0,25717.0,6310.0,12374.0,18903.0
767,13136.0,-32768.0,-3660.0,-2832.0,26616.0,7181.0,12818.0,18909.0
768,16444.0,-32768.0,-6720.0,-2864.0,27407.0,8499.0,12992.0,18915.0
769,19944.0,-32768.0,-10064.0,-2864.0,28004.0,10381.0,13047.0,18921.0
770,23060.0,-32768.0,-14084.0,-2832.0,28457.0,12819.0,12866.0,18927.0
771,25520.0,-32768.0,-17504.0,-2880.0,28747.0,16170.0,13334.0,18933.0
772,21652.0,-32768.0,-20104.0,-2864.0,28730.0,18524.0,12752.0,18940.0
773,19788.0,-32768.0,-23424.0,-2848.0,27358.0,20179.0,14635.0,18947.0
774,19176.0,-32768.0,-30696.0,-2864.0,26548.0,24730.0,15562.0,18953.0
775,11560.0,-32768.0,-32768.0,-2864.0,26008.0,25231.0,16490.0,18959.0
776,1692.0,-32768.0,-32768.0,-2848.0,24435.0,21775.0,17754.0,18965.0
777,-6276.0,-28884.0,-9328.0,-2848.0,23809.0,15371.0,18336.0,18971.0
778,-8128.0,-27644.0,2208.0,-2848.0,23448.0,9190.0,19392.0,18977.0
779,-3328.0,-28400.0,-3208.0,-2848.0,20088.0,2035.0,17587.0,18983.0
780,1124.0,-31888.0,-912.0,-2848.0,17443.0,-7989.0,14415.0,18990.0
781,4556.0,-32768.0,2416.0,-2864.0,17630.0,-18122.0,12833.0,18996.0
782,8096.0,-32768.0,5084.0,-2864.0,21218.0,-21080.0,13349.0,19003.0
783,8700.0,-32768.0,-1296.0,-2864.0,23163.0,-18896.0,13452.0,19009.0
784,9004.0,-32768.0,-3044.0,-2864.0,23370.0,-15511.0,12046.0,19015.0
785,11488.0,-23072.0,-10016.0,-2864.0,19637.0,-15107.0,9714.0,19021.0
786,18664.0,-11760.0,-12020.0,-2864.0,14559.0,-14487.0,6726.0,19027.0
787,22364.0,-10036.0,-15340.0,-2816.0,9767.0,-9627.0,4292.0,19034.0
788,22188.0,-9396.0,-18660.0,-2864.0,5868.0,-3825.0,3133.0,19040.0
789,19948.0,-7228.0,-20836.0,-2864.0,2693.0,463.0,2476.0,19046.0
790,17352.0,-4096.0,-21056.0,-2832.0,128.0,3302.0,1812.0,19052.0
791,13980.0,-80.0,-19184.0,-2880.0,-2512.0,5403.0,1321.0,19058.0
792,10992.0,2792.0,-17348.0,-2864.0,-5423.0,7118.0,1046.0,19064.0
793,8352.0,4740.0,-15872.0,-2848.0,-8788.0,8862.0,670.0,19070.0
794,5908.0,6048.0,-15556.0,-2848.0,-12456.0,10515.0,-312.0,19077.0
795,3560.0,6756.0,-15640.0,-2848.0,-16470.0,11348.0,-2054.0,19083.0
796,1368.0,6412.0,-15304.0,-2864.0,-20123.0,10614.0,-4088.0,19089.0
797,-300.0,5340.0,-14472.0,-2864.0,-23322.0,8567.0,-6238.0,19095.0
798,-1672.0,3524.0,-13676.0,-2848.0,-26129.0,6001.0,-7983.0,19101.0
799,-2472.0,1488.0,-12480.0,-2896.0,-28426.0,3367.0,-9171.0,19107.0
800,-2532.0,-692.0,-11612.0,-2864.0,-30456.0,970.0,-10042.0,19113.0
801,-2128.0,-2260.0,-11516.0,-2816.0,-32483.0,-1072.0,-10896.0,19119.0
802,-1624.0,-3712.0,-11912.0,-2880.0,-32768.0,-3237.0,-11734.0,19126.0
803,-404.0,-5268.0,-12300.0,-2864.0,-32768.0,-5291.0,-12442.0,19132.0
804,1468.0,-6860.0,-12560.0,-2864.0,-32768.0,-7407.0,-13036.0,19138.0
805,3232.0,-8500.0,-11892.0,-2880.0,-32768.0,-8997.0,-13657.0,19144.0
806,4832.0,-10272.0,-11324.0,-2880.0,-32768.0,-9821.0,-13927.0,19150.0
807,6196.0,-11528.0,-11172.0,-2880.0,-32768.0,-9673.0,-13878.0,19156.0
808,7576.0,-12064.0,-10640.0,-2864.0,-32768.0,-8764.0,-14046.0,19163.0
809,8508.0,-12916.0,-10432.0,-2832.0,-32768.0,-7520.0,-14630.0,19169.0
810,8712.0,-14308.0,-9920.0,-2896.0,-32768.0,-6147.0,-15354.0,19175.0
811,8128.0,-16296.0,-9488.0,-2832.0,-32768.0,-5248.0,-15962.0,19181.0
812,-6288.0,-18480.0,-10572.0,-2880.0,-32768.0,-13476.0,-14120.0,19187.0
813,16936.0,-23188.0,-9452.0,-2880.0,-32768.0,-8904.0,-17291.0,19193.0
814,29164.0,-22292.0,-7864.0,-2880.0,-32768.0,-1497.0,-18133.0,19201.0
815,9388.0,-23240.0,-7660.0,-2880.0,-32768.0,1222.0,-16659.0,19207.0
816,5804.0,-28304.0,-6556.0,-2864.0,-32768.0,3026.0,-17015.0,19213.0
817,1264.0,-31624.0,-3724.0,-2864.0,-32768.0,2268.0,-17865.0,19219.0
818,332.0,-32768.0,-1792.0,-2848.0,-32768.0,964.0,-18973.0,19225.0
819,1320.0,-32768.0,12.0,-2864.0,-32768.0,-55.0,-19987.0,19231.0
820,3056.0,-32768.0,2132.0,-2864.0,-32768.0,-551.0,-20501.0,19237.0
821,4440.0,-32768.0,4672.0,-2864.0,-32768.0,8.0,-20554.0,19244.0
822,5364.0,-32768.0,8024.0,-2864.0,-32768.0,1303.0,-20105.0,19250.0
823,5424.0,-32768.0,12180.0,-2896.0,-32768.0,3060.0,-19516.0,19256.0
824,4428.0,-32768.0,16480.0,-2896.0,-32768.0,4799.0,-18846.0,19262.0
825,2768.0,-32768.0,21252.0,-2880.0,-32768.0,6150.0,-18280.0,19268.0
826,1100.0,-32768.0,26508.0,-2880.0,-32768.0,6578.0,-18056.0,19275.0
827,520.0,-32768.0,30136.0,-2896.0,-32768.0,6244.0,-18315.0,19281.0
828,-1012.0,-32768.0,32767.0,-2864.0,-32768.0,5340.0,-18866.0,19288.0
829,-4680.0,-32768.0,32767.0,-2880.0,-32768.0,4395.0,-18615.0,19294.0
830,-8532.0,-32768.0,32767.0,-2864.0,-31166.0,3062.0,-17579.0,19300.0
831,-12672.0,-32768.0,32767.0,-2864.0,-26970.0,664.0,-15770.0,19306.0
832,-17044.0,-32768.0,32767.0,-2880.0,-23382.0,-1600.0,-14123.0,19313.0
833,-20152.0,-32768.0,32767.0,-2896.0,-19660.0,-3740.0,-12788.0,19319.0
834,-21684.0,-31928.0,32767.0,-2832.0,-15843.0,-5820.0,-11169.0,19325.0
835,-20992.0,-31300.0,32767.0,-2864.0,-11785.0,-7604.0,-8989.0,19333.0
836,-17744.0,-31784.0,32767.0,-2848.0,-6905.0,-9060.0,-6706.0,19339.0
837,-14168.0,-32040.0,32767.0,-2864.0,-1662.0,-10203.0,-4771.0,19345.0
838,-11128.0,-32372.0,32767.0,-2864.0,4048.0,-10658.0,-2660.0,19352.0
839,-10864.0,-32280.0,32767.0,-2848.0,9502.0,-10478.0,44.0,19358.0
840,-12068.0,-30364.0,32767.0,-2896.0,13932.0,-10196.0,2553.0,19364.0
841,-14216.0,-26724.0,32767.0,-2832.0,17470.0,-9907.0,4444.0,19371.0
842,-16104.0,-23568.0,32767.0,-2864.0,19758.0,-9864.0,5563.0,19377.0
843,-16504.0,-21132.0,32767.0,-2848.0,21390.0,-10554.0,6345.0,19383.0
844,-15164.0,-20828.0,27820.0,-2864.0,22814.0,-12409.0,6904.0,19390.0
845,-12636.0,-20352.0,21592.0,-2896.0,24138.0,-14661.0,7299.0,19396.0
846,-9224.0,-11256.0,-1340.0,-2880.0,22690.0,-17532.0,7009.0,19402.0
847,27696.0,32767.0,-32768.0,-2912.0,-12245.0,-18263.0,-756.0,19408.0
848,32767.0,-13964.0,-32768.0,-2864.0,-17231.0,-32768.0,-32768.0,19415.0
849,32767.0,-32768.0,32767.0,-2896.0,32529.0,-32768.0,-17037.0,19422.0
850,-32768.0,-32768.0,32767.0,-2864.0,32767.0,25271.0,31601.0,19428.0
851,-32768.0,-32768.0,32767.0,-2848.0,32767.0,32767.0,32767.0,19434.0
852,-32768.0,-32768.0,17636.0,-2864.0,30663.0,9100.0,9642.0,19441.0
853,-32768.0,-32768.0,-29880.0,-2880.0,32243.0,-22726.0,-1031.0,19447.0
854,-16504.0,-26656.0,-23292.0,-2880.0,32767.0,-32768.0,5368.0,19453.0
855,24960.0,32767.0,13924.0,-2880.0,32767.0,-30284.0,3513.0,19460.0
856,21144.0,32767.0,15568.0,-2880.0,24623.0,-19805.0,-1541.0,19467.0
857,14516.0,-580.0,7060.0,-2864.0,19085.0,-4382.0,-791.0,19473.0
858,16648.0,-21504.0,-44.0,-2896.0,22918.0,-1768.0,-1831.0,19479.0
859,16780.0,-16164.0,5740.0,-2880.0,23421.0,-2654.0,555.0,19484.0
860,8412.0,-14780.0,9044.0,-2864.0,19430.0,6713.0,5868.0,19490.0
861,1900.0,-17768.0,7820.0,-2880.0,16376.0,14236.0,6353.0,19496.0
862,-2428.0,-16776.0,4744.0,-2880.0,15356.0,16610.0,2911.0,19503.0
863,-6296.0,-14860.0,4000.0,-2896.0,13994.0,13147.0,1541.0,19509.0
864,-3764.0,-13912.0,3588.0,-2864.0,12620.0,8354.0,1668.0,19515.0
865,10684.0,25388.0,15452.0,-2880.0,4502.0,6385.0,-2367.0,19521.0
866,-964.0,-24016.0,3464.0,-2896.0,9495.0,4076.0,966.0,19527.0
867,-1044.0,-15112.0,-10312.0,-2864.0,7704.0,4455.0,2124.0,19533.0
868,-8320.0,-22764.0,2696.0,-2880.0,8189.0,3310.0,1277.0,19539.0
869,5612.0,-8276.0,3780.0,-2896.0,5462.0,868.0,464.0,19546.0
870,-9840.0,-9352.0,800.0,-2896.0,4834.0,-158.0,600.0,19552.0
871,-1144.0,-14228.0,-556.0,-2880.0,4896.0,1339.0,394.0,19558.0
872,5392.0,-19940.0,4592.0,-2880.0,4847.0,1317.0,-1479.0,19563.0
873,8808.0,-16680.0,2088.0,-2880.0,4162.0,4235.0,683.0,19569.0
874,7812.0,-13004.0,-76.0,-2864.0,2549.0,9004.0,265.0,19575.0
875,1332.0,-14476.0,1276.0,-2880.0,2361.0,10577.0,-508.0,19581.0
876,2676.0,-17896.0,1616.0,-2864.0,3221.0,9758.0,-885.0,19588.0
877,428.0,-17324.0,768.0,-2832.0,1336.0,9083.0,-1353.0,19594.0
878,-2024.0,-14684.0,-76.0,-2864.0,745.0,6394.0,-1142.0,19600.0
879,1416.0,-18244.0,1336.0,-2864.0,1215.0,4081.0,-1733.0,19605.0
880,3524.0,-16124.0,844.0,-2880.0,973.0,2995.0,-2119.0,19611.0
881,6148.0,-16420.0,300.0,-2880.0,982.0,2951.0,-1791.0,19617.0
882,7276.0,-16132.0,80.0,-2880.0,778.0,3609.0,-1602.0,19623.0
883,8344.0,-16344.0,216.0,-2864.0,821.0,4650.0,-1080.0,19630.0
884,6992.0,-15936.0,4.0,-2896.0,707.0,5686.0,-730.0,19635.0
885,5512.0,-15316.0,-44.0,-2848.0,747.0,5864.0,-875.0,19641.0
886,3180.0,-15140.0,-32.0,-2864.0,810.0,5378.0,-1104.0,19647.0
887,1880.0,-15636.0,412.0,-2880.0,948.0,4292.0,-1269.0,19653.0
888,1364.0,-16084.0,868.0,-2880.0,1123.0,2911.0,-1561.0,19658.0
889,2192.0,-15872.0,372.0,-2880.0,1194.0,1800.0,-1845.0,19664.0
890,3444.0,-16072.0,608.0,-2848.0,1392.0,1087.0,-2212.0,19671.0
891,4812.0,-15708.0,260.0,-2848.0,1399.0,918.0,-2287.0,19677.0
892,6864.0,-15864.0,184.0,-2880.0,1404.0,1434.0,-2171.0,19683.0
893,9392.0,-16124.0,460.0,-2880.0,1431.0,2783.0,-1984.0,19689.0
894,9732.0,-15188.0,792.0,-2864.0,1511.0,4234.0,-1949.0,19694.0
895,8356.0,-15876.0,1712.0,-2896.0,1664.0,5739.0,-972.0,19700.0
896,7580.0,-15888.0,1532.0,-2864.0,1844.0,7402.0,-1171.0,19706.0
897,6864.0,-15744.0,1328.0,-2864.0,2269.0,8046.0,-1033.0,19713.0
898,6396.0,-15740.0,632.0,-2880.0,2856.0,8530.0,-910.0,19719.0
899,6244.0,-15960.0,-252.0,-2880.0,3505.0,8689.0,-926.0,19725.0
900,6752.0,-15884.0,-292.0,-2864.0,4204.0,8829.0,-548.0,19730.0
901,3268.0,-16596.0,-1392.0,-2864.0,5231.0,8305.0,-424.0,19736.0
902,7872.0,-17988.0,-2764.0,-2864.0,6241.0,8184.0,1184.0,19742.0
903,6668.0,-18020.0,-3300.0,-2880.0,7381.0,8553.0,889.0,19748.0
904,5752.0,-18308.0,-3316.0,-2880.0,8346.0,8172.0,903.0,19755.0
905,5288.0,-18896.0,-3356.0,-2880.0,9413.0,7364.0,962.0,19761.0
906,4328.0,-18804.0,-2780.0,-2880.0,10572.0,6412.0,1216.0,19767.0
907,2868.0,-18044.0,-1864.0,-2864.0,11590.0,5438.0,1782.0,19773.0
908,1488.0,-17440.0,-492.0,-2880.0,12486.0,4495.0,2335.0,19778.0
909,260.0,-16932.0,896.0,-2896.0,13268.0,3457.0,2799.0,19784.0
910,-228.0,-17028.0,1908.0,-2864.0,13839.0,2246.0,3136.0,19790.0
911,316.0,-17608.0,2788.0,-2896.0,14284.0,1115.0,3349.0,19796.0
912,1848.0,-18456.0,2864.0,-2848.0,14669.0,58.0,3557.0,19803.0
913,3768.0,-19212.0,2744.0,-2880.0,15043.0,-512.0,3859.0,19809.0
914,5848.0,-19592.0,2696.0,-2848.0,15363.0,-496.0,4107.0,19815.0
915,7188.0,-19768.0,2632.0,-2864.0,15679.0,114.0,4334.0,19821.0
916,7756.0,-19888.0,2832.0,-2864.0,15960.0,1062.0,4681.0,19826.0
917,7196.0,-20136.0,3024.0,-2880.0,16361.0,2029.0,5150.0,19832.0
918,5628.0,-20256.0,2808.0,-2864.0,16692.0,2811.0,5825.0,19838.0
919,5272.0,-21104.0,2824.0,-2848.0,17160.0,3601.0,6360.0,19845.0
920,3732.0,-21776.0,2824.0,-2896.0,17728.0,4046.0,6763.0,19851.0
921,3108.0,-23156.0,3104.0,-2880.0,18331.0,3951.0,7296.0,19857.0
922,3052.0,-24568.0,2760.0,-2880.0,19011.0,3645.0,7834.0,19863.0
923,3532.0,-26100.0,2768.0,-2896.0,19772.0,3444.0,8219.0,19869.0
924,4368.0,-27192.0,2340.0,-2880.0,20576.0,3397.0,8570.0,19875.0
925,5440.0,-28508.0,2408.0,-2864.0,21405.0,3513.0,8987.0,19881.0
926,6844.0,-29804.0,2300.0,-2880.0,22311.0,3905.0,9300.0,19888.0
927,8432.0,-30688.0,2028.0,-2896.0,23288.0,4568.0,9598.0,19894.0
928,9704.0,-32120.0,1912.0,-2880.0,24236.0,5684.0,9875.0,19900.0
929,10448.0,-32768.0,2328.0,-2864.0,25307.0,7144.0,10453.0,19906.0
930,10908.0,-32768.0,2356.0,-2880.0,26110.0,8596.0,11199.0,19912.0
931,12920.0,-32768.0,3748.0,-2848.0,27164.0,9756.0,11720.0,19918.0
932,15520.0,-32768.0,1804.0,-2880.0,27896.0,11442.0,11901.0,19924.0
933,18184.0,-32768.0,-2260.0,-2880.0,27955.0,13639.0,11448.0,19931.0
934,20024.0,-32768.0,-8132.0,-2880.0,27700.0,16508.0,10947.0,19937.0
935,20788.0,-32768.0,-14816.0,-2896.0,27505.0,19443.0,11320.0,19943.0
936,20284.0,-32768.0,-20004.0,-2864.0,27263.0,21372.0,12089.0,19949.0
937,17224.0,-32768.0,-21904.0,-2848.0,26956.0,21947.0,12881.0,19955.0
938,13600.0,-32768.0,-24088.0,-2896.0,25412.0,22883.0,13681.0,19961.0
939,10344.0,-31192.0,-25292.0,-2880.0,23028.0,24170.0,12847.0,19969.0
940,5300.0,-23536.0,-21736.0,-2880.0,20822.0,23847.0,12139.0,19975.0
941,1264.0,-16400.0,-12124.0,-2864.0,20173.0,19654.0,12191.0,19981.0
942,1552.0,-10456.0,-1208.0,-2896.0,19930.0,14256.0,11482.0,19987.0
943,1472.0,-11096.0,3056.0,-2864.0,18440.0,9726.0,10999.0,19993.0
944,1124.0,-16044.0,7276.0,-2896.0,16844.0,5632.0,10223.0,19999.0
945,400.0,-20876.0,7948.0,-2880.0,16628.0,3084.0,8890.0,20005.0
946,-1036.0,-21540.0,3916.0,-2864.0,15897.0,1189.0,7335.0,20012.0
947,692.0,-20804.0,3912.0,-2864.0,15233.0,78.0,5198.0,20018.0
948,4292.0,-18272.0,1452.0,-2896.0,14132.0,1270.0,3049.0,20024.0
949,8948.0,-9808.0,-7404.0,-2880.0,10686.0,3325.0,1250.0,20030.0
950,11104.0,-5692.0,-9904.0,-2896.0,6542.0,5832.0,-84.0,20036.0
951,10692.0,-4996.0,-11040.0,-2896.0,3547.0,8745.0,-493.0,20041.0
952,8536.0,-3696.0,-12736.0,-2896.0,1210.0,10909.0,-820.0,20047.0
953,4392.0,-1048.0,-12340.0,-2880.0,-1196.0,12230.0,-800.0,20054.0
954,368.0,-504.0,-10268.0,-2896.0,-3311.0,13045.0,-43.0,20060.0
955,-2468.0,-1548.0,-7916.0,-2848.0,-4901.0,13370.0,47.0,20066.0
956,-4196.0,-2256.0,-6276.0,-2880.0,-6300.0,13009.0,-833.0,20072.0
957,-5300.0,-2080.0,-6356.0,-2896.0,-7855.0,11688.0,-2366.0,20078.0
958,-6132.0,-1340.0,-6708.0,-2912.0,-9640.0,9256.0,-3992.0,20084.0
959,-7064.0,-564.0,-7048.0,-2880.0,-11309.0,5902.0,-5376.0,20089.0
960,-7560.0,148.0,-7208.0,-2832.0,-12904.0,1903.0,-6496.0,20096.0
961,-7444.0,312.0,-7080.0,-2864.0,-14488.0,-2029.0,-7630.0,20102.0
962,-7112.0,344.0,-6448.0,-2880.0,-16160.0,-5255.0,-8533.0,20108.0
963,-6148.0,444.0,-6212.0,-2864.0,-17942.0,-7475.0,-9283.0,20114.0
964,-4816.0,324.0,-5968.0,-2864.0,-19841.0,-8823.0,-10049.0,20120.0
965,-2752.0,-256.0,-6368.0,-2880.0,-21776.0,-9711.0,-10598.0,20126.0
966,-1264.0,-700.0,-7028.0,-2896.0,-23566.0,-10405.0,-11345.0,20132.0
967,-352.0,-1460.0,-7440.0,-2864.0,-25269.0,-11204.0,-12005.0,20139.0
968,-52.0,-1864.0,-7832.0,-2912.0,-26836.0,-11966.0,-12322.0,20145.0
