id,AcX,AcY,AcZ,Tmp,GyX,GyY,GyZ,Timer
0,-3612.0,-22576.0,17848.0,-2864.0,11884.0,-3046.0,3859.0,40600.0
1,-4488.0,-22132.0,17616.0,-2896.0,13483.0,-4187.0,4344.0,40606.0
2,-5308.0,-21444.0,17432.0,-2880.0,14853.0,-5438.0,5026.0,40612.0
3,-4900.0,-20984.0,17248.0,-2880.0,16254.0,-6534.0,5768.0,40619.0
4,-5072.0,-20672.0,17396.0,-2912.0,17586.0,-7419.0,6413.0,40625.0
5,-4908.0,-19776.0,17628.0,-2864.0,18809.0,-8197.0,6824.0,40631.0
6,-5288.0,-18536.0,18020.0,-2896.0,19976.0,-8941.0,7079.0,40637.0
7,-5076.0,-16624.0,17108.0,-2896.0,20726.0,-9457.0,7289.0,40643.0
8,-1592.0,-11416.0,12480.0,-2912.0,20563.0,-8991.0,6463.0,40649.0
9,9220.0,-2328.0,-2664.0,-2880.0,17664.0,-7369.0,3775.0,40655.0
10,32767.0,5544.0,-32768.0,-2896.0,9299.0,-6238.0,-4271.0,40662.0
11,32767.0,-8100.0,-32768.0,-2912.0,703.0,-9858.0,-18970.0,40668.0
12,32767.0,-32768.0,-32768.0,-2896.0,9253.0,-11122.0,-12685.0,40674.0
13,21400.0,-32768.0,-12504.0,-2864.0,18147.0,11975.0,13867.0,40680.0
14,-17748.0,-13640.0,3532.0,-2896.0,15801.0,32767.0,17902.0,40687.0
15,-32768.0,-21392.0,16392.0,-2864.0,15067.0,32114.0,13528.0,40693.0
16,-32768.0,-32532.0,21244.0,-2912.0,16752.0,13750.0,8086.0,40699.0
17,-28156.0,-24276.0,15600.0,-2896.0,17462.0,-3345.0,4001.0,40706.0
18,-7008.0,-5080.0,6696.0,-2896.0,14095.0,-8368.0,-1159.0,40712.0
19,6428.0,-484.0,-1068.0,-2896.0,10240.0,-8293.0,-3719.0,40718.0
20,11884.0,-9404.0,-5192.0,-2896.0,9779.0,-5741.0,-2862.0,40724.0
21,10064.0,-17700.0,-3716.0,-2848.0,10655.0,-805.0,-953.0,40730.0
22,8512.0,-21136.0,2220.0,-2880.0,11485.0,2930.0,-6.0,40736.0
23,7632.0,-23640.0,8308.0,-2880.0,12341.0,2545.0,-129.0,40742.0
24,3528.0,-24180.0,9540.0,-2880.0,13043.0,68.0,354.0,40749.0
25,-8.0,-20616.0,7004.0,-2912.0,12951.0,-1685.0,1408.0,40755.0
26,212.0,-16332.0,4736.0,-2880.0,12188.0,-2256.0,1699.0,40760.0
27,2156.0,-14800.0,4720.0,-2896.0,11258.0,-1830.0,1210.0,40766.0
28,4236.0,-15384.0,5412.0,-2912.0,10702.0,-392.0,1182.0,40772.0
29,5972.0,-16040.0,4560.0,-2832.0,10341.0,1416.0,1310.0,40778.0
30,5580.0,-16356.0,3652.0,-2912.0,10141.0,3423.0,1448.0,40784.0
31,4244.0,-17356.0,2120.0,-2896.0,9983.0,5118.0,1412.0,40791.0
32,3696.0,-17236.0,1104.0,-2880.0,10133.0,5877.0,1189.0,40797.0
33,3088.0,-15492.0,2020.0,-2896.0,9505.0,6553.0,1280.0,40803.0
34,1720.0,-14348.0,2932.0,-2880.0,8446.0,7374.0,1049.0,40809.0
35,-452.0,-14716.0,3516.0,-2880.0,7505.0,7227.0,208.0,40815.0
36,-1676.0,-16720.0,2092.0,-2880.0,7184.0,6013.0,-748.0,40821.0
37,-252.0,-16812.0,344.0,-2864.0,7094.0,3565.0,-1429.0,40827.0
38,2740.0,-14832.0,1280.0,-2896.0,6424.0,2065.0,-1417.0,40833.0
39,4684.0,-14428.0,2116.0,-2896.0,5544.0,2446.0,-1385.0,40839.0
40,4836.0,-15412.0,2216.0,-2880.0,4865.0,3422.0,-1268.0,40845.0
41,4920.0,-15464.0,1804.0,-2864.0,4277.0,4344.0,-1035.0,40851.0
42,5048.0,-15328.0,984.0,-2880.0,3861.0,4943.0,-873.0,40857.0
43,4964.0,-15432.0,556.0,-2912.0,3545.0,5218.0,-775.0,40863.0
44,4420.0,-15448.0,832.0,-2944.0,3300.0,5279.0,-721.0,40869.0
45,3992.0,-16036.0,844.0,-2880.0,3294.0,5045.0,-859.0,40876.0
46,3396.0,-16092.0,932.0,-2880.0,3230.0,4737.0,-878.0,40881.0
47,3388.0,-16436.0,432.0,-2912.0,3239.0,4266.0,-914.0,40887.0
48,3568.0,-16492.0,104.0,-2896.0,3293.0,3653.0,-883.0,40893.0
49,4396.0,-16428.0,332.0,-2896.0,3308.0,3122.0,-737.0,40899.0
50,4852.0,-16328.0,640.0,-2880.0,3300.0,2898.0,-625.0,40904.0
51,5252.0,-16396.0,672.0,-2880.0,3367.0,2870.0,-492.0,40910.0
52,5236.0,-15808.0,604.0,-2912.0,3387.0,2914.0,-292.0,40916.0
53,5008.0,-15696.0,732.0,-2896.0,3420.0,2946.0,-79.0,40923.0
54,4836.0,-15756.0,1168.0,-2896.0,3444.0,2950.0,51.0,40929.0
55,4512.0,-15872.0,1264.0,-2880.0,3490.0,3009.0,141.0,40934.0
56,4012.0,-16064.0,1372.0,-2912.0,3522.0,3047.0,320.0,40940.0
57,3976.0,-15876.0,1428.0,-2880.0,3626.0,3093.0,154.0,40946.0
58,3728.0,-15928.0,1316.0,-2880.0,3695.0,2884.0,225.0,40952.0
59,4520.0,-15976.0,1464.0,-2912.0,3704.0,2749.0,47.0,40958.0
60,6628.0,-15892.0,1228.0,-2880.0,3753.0,2980.0,-122.0,40964.0
61,7336.0,-16160.0,1060.0,-2912.0,3827.0,3532.0,-361.0,40970.0
62,8568.0,-15432.0,552.0,-2912.0,3927.0,4252.0,-808.0,40976.0
63,7244.0,-15948.0,564.0,-2880.0,3935.0,5221.0,-480.0,40982.0
64,6192.0,-16908.0,900.0,-2880.0,4035.0,6162.0,-596.0,40988.0
65,5652.0,-17460.0,620.0,-2864.0,4288.0,6599.0,-774.0,40993.0
66,6280.0,-17340.0,212.0,-2896.0,4583.0,6825.0,-1078.0,40999.0
67,6776.0,-16788.0,-20.0,-2896.0,4820.0,7169.0,-1216.0,41006.0
68,6480.0,-17428.0,324.0,-2896.0,5057.0,8087.0,-1418.0,41012.0
69,5180.0,-17696.0,1204.0,-2928.0,5373.0,8580.0,-1132.0,41018.0
70,4348.0,-17872.0,1800.0,-2896.0,5652.0,8898.0,-978.0,41024.0
71,3256.0,-19004.0,2008.0,-2880.0,6187.0,9159.0,-628.0,41030.0
72,1968.0,-18804.0,2096.0,-2880.0,6683.0,9045.0,-299.0,41035.0
73,1996.0,-18688.0,1628.0,-2880.0,7139.0,8663.0,-49.0,41041.0
74,2500.0,-18900.0,1240.0,-2912.0,7640.0,8312.0,313.0,41048.0
75,3068.0,-18724.0,1120.0,-2880.0,8120.0,8110.0,617.0,41054.0
76,2852.0,-18848.0,1164.0,-2880.0,8703.0,7950.0,955.0,41060.0
77,1656.0,-18964.0,1324.0,-2880.0,9334.0,7784.0,1418.0,41066.0
78,804.0,-18924.0,2412.0,-2912.0,9829.0,7432.0,1793.0,41071.0
79,204.0,-19472.0,3032.0,-2912.0,10429.0,6745.0,2287.0,41077.0
80,388.0,-19888.0,3216.0,-2896.0,10994.0,5944.0,2816.0,41083.0
81,1380.0,-20280.0,2656.0,-2896.0,11553.0,5080.0,3270.0,41090.0
82,2640.0,-20756.0,2544.0,-2880.0,12012.0,4428.0,3731.0,41096.0
83,3824.0,-21680.0,1968.0,-2896.0,12499.0,4256.0,4102.0,41102.0
84,4352.0,-22336.0,1996.0,-2880.0,12947.0,4329.0,4531.0,41108.0
85,4276.0,-22860.0,1796.0,-2864.0,13375.0,4562.0,4893.0,41114.0
86,4012.0,-23412.0,2012.0,-2896.0,13696.0,4794.0,5477.0,41120.0
87,3516.0,-24276.0,1936.0,-2896.0,14063.0,5039.0,5938.0,41126.0
88,3100.0,-24756.0,1864.0,-2880.0,14510.0,5229.0,6448.0,41133.0
89,3004.0,-25560.0,1648.0,-2912.0,14897.0,5490.0,7007.0,41138.0
90,2640.0,-26100.0,1260.0,-2896.0,15434.0,5738.0,7520.0,41144.0
91,2304.0,-26320.0,1056.0,-2912.0,15915.0,5930.0,8091.0,41150.0
92,2380.0,-26800.0,812.0,-2896.0,16463.0,5966.0,8697.0,41156.0
93,2836.0,-27432.0,368.0,-2896.0,17037.0,5890.0,9349.0,41162.0
94,4132.0,-27896.0,-768.0,-2912.0,17622.0,5795.0,10005.0,41168.0
95,5928.0,-28460.0,-1224.0,-2896.0,18213.0,5843.0,10624.0,41175.0
96,8292.0,-29524.0,-2196.0,-2880.0,18819.0,6160.0,11192.0,41181.0
97,10056.0,-30732.0,-2928.0,-2912.0,19577.0,6920.0,11830.0,41187.0
98,11156.0,-32124.0,-3208.0,-2896.0,20439.0,7901.0,12518.0,41193.0
99,11772.0,-32768.0,-4428.0,-2896.0,21343.0,8971.0,13317.0,41199.0
100,13036.0,-32768.0,-7208.0,-2896.0,22284.0,10047.0,13757.0,41205.0
101,13640.0,-32768.0,-10204.0,-2896.0,23150.0,11217.0,14330.0,41211.0
102,10728.0,-32768.0,-12816.0,-2880.0,23720.0,12374.0,15376.0,41218.0
103,8616.0,-32768.0,-16416.0,-2896.0,24054.0,11152.0,16531.0,41224.0
104,10656.0,-32768.0,-22280.0,-2896.0,24228.0,9456.0,17073.0,41231.0
105,14888.0,-32768.0,-27404.0,-2896.0,24298.0,8580.0,16920.0,41237.0
106,17828.0,-32768.0,-30916.0,-2880.0,23966.0,8643.0,16682.0,41243.0
107,17204.0,-32768.0,-29796.0,-2912.0,23674.0,8488.0,15992.0,41249.0
108,11072.0,-32768.0,-21072.0,-2928.0,23992.0,7341.0,15984.0,41255.0
109,2592.0,-32768.0,-4380.0,-2896.0,25115.0,5242.0,17240.0,41262.0
110,-2220.0,-32768.0,3828.0,-2896.0,25289.0,2422.0,17586.0,41268.0
111,-1864.0,-32768.0,-1360.0,-2912.0,24013.0,-3812.0,16729.0,41274.0
112,1256.0,-32768.0,-10332.0,-2912.0,21549.0,-11696.0,15991.0,41280.0
113,4940.0,-28276.0,-15068.0,-2912.0,18713.0,-18291.0,14234.0,41286.0
114,5912.0,-27524.0,-8808.0,-2896.0,17979.0,-22265.0,12241.0,41292.0
115,8760.0,-28380.0,-7088.0,-2896.0,18032.0,-23541.0,10098.0,41299.0
116,10076.0,-30172.0,-3316.0,-2928.0,18782.0,-21198.0,8771.0,41306.0
117,10732.0,-27496.0,-3692.0,-2896.0,19100.0,-18551.0,8642.0,41312.0
118,12668.0,-19628.0,-7032.0,-2896.0,17221.0,-16495.0,8709.0,41318.0
119,17216.0,-12744.0,-10232.0,-2896.0,13800.0,-13555.0,7229.0,41324.0
120,19016.0,-10080.0,-13460.0,-2896.0,9643.0,-9187.0,5170.0,41330.0
121,17300.0,-10056.0,-17816.0,-2896.0,6032.0,-5164.0,4528.0,41336.0
122,14876.0,-10196.0,-21840.0,-2912.0,3980.0,-3612.0,4573.0,41342.0
123,13988.0,-7340.0,-22096.0,-2880.0,2285.0,-4267.0,4581.0,41349.0
124,13048.0,-4352.0,-20152.0,-2896.0,448.0,-4054.0,4206.0,41355.0
125,11284.0,-1760.0,-17172.0,-2880.0,-2168.0,-1939.0,4427.0,41361.0
126,9664.0,-16.0,-15492.0,-2896.0,-5452.0,1509.0,4649.0,41367.0
127,8064.0,1364.0,-14752.0,-2896.0,-8965.0,4770.0,4190.0,41373.0
128,5956.0,2168.0,-15056.0,-2912.0,-12481.0,6112.0,2861.0,41379.0
129,3784.0,3516.0,-15140.0,-2896.0,-15915.0,4894.0,1380.0,41385.0
130,2048.0,4264.0,-14760.0,-2880.0,-19236.0,2184.0,251.0,41392.0
131,540.0,4016.0,-14744.0,-2896.0,-22404.0,-886.0,-594.0,41398.0
132,-868.0,2588.0,-14092.0,-2896.0,-25276.0,-3593.0,-1056.0,41403.0
133,-1276.0,328.0,-13368.0,-2928.0,-27750.0,-5838.0,-1379.0,41409.0
134,-772.0,-1912.0,-13700.0,-2896.0,-30129.0,-7596.0,-1923.0,41415.0
135,632.0,-3408.0,-14172.0,-2880.0,-32465.0,-9044.0,-2852.0,41421.0
136,2164.0,-5128.0,-14448.0,-2912.0,-32768.0,-10473.0,-3874.0,41427.0
137,3688.0,-6892.0,-13356.0,-2880.0,-32768.0,-12042.0,-4568.0,41434.0
138,5036.0,-8288.0,-12528.0,-2880.0,-32768.0,-13128.0,-5006.0,41440.0
139,5784.0,-9628.0,-11488.0,-2896.0,-32768.0,-13484.0,-5020.0,41446.0
140,6528.0,-10820.0,-11176.0,-2896.0,-32768.0,-13435.0,-5011.0,41452.0
141,7660.0,-12124.0,-9788.0,-2896.0,-32768.0,-12901.0,-5064.0,41458.0
142,8264.0,-13616.0,-8088.0,-2896.0,-32768.0,-11951.0,-5400.0,41464.0
143,9084.0,-15212.0,-7596.0,-2880.0,-32768.0,-11171.0,-5958.0,41470.0
144,7016.0,-16700.0,-7312.0,-2880.0,-32768.0,-11245.0,-6619.0,41477.0
145,13636.0,-18556.0,-7684.0,-2880.0,-32768.0,-9467.0,-7479.0,41483.0
146,13032.0,-20352.0,-7612.0,-2912.0,-32768.0,-8003.0,-8287.0,41490.0
147,13636.0,-22396.0,-6776.0,-2880.0,-32768.0,-5981.0,-8945.0,41496.0
148,14372.0,-24488.0,-5812.0,-2896.0,-32768.0,-3702.0,-9841.0,41502.0
149,14460.0,-25956.0,-4956.0,-2880.0,-32768.0,-1463.0,-10796.0,41508.0
150,14808.0,-27472.0,-5004.0,-2912.0,-32768.0,717.0,-11750.0,41515.0
151,15308.0,-29396.0,-5236.0,-2896.0,-32768.0,2955.0,-12539.0,41522.0
152,15896.0,-32080.0,-5256.0,-2912.0,-32768.0,5622.0,-13591.0,41528.0
153,16092.0,-32768.0,-4940.0,-2896.0,-32768.0,8573.0,-14518.0,41534.0
154,14748.0,-32768.0,-2284.0,-2912.0,-32768.0,11418.0,-15325.0,41540.0
155,12040.0,-32768.0,1636.0,-2912.0,-32768.0,14160.0,-16250.0,41547.0
156,9516.0,-32768.0,4772.0,-2896.0,-32768.0,16566.0,-17371.0,41553.0
157,6680.0,-32768.0,7872.0,-2912.0,-32768.0,18372.0,-18436.0,41560.0
158,2536.0,-32768.0,12208.0,-2928.0,-32768.0,19107.0,-19245.0,41566.0
159,-856.0,-32768.0,15928.0,-2912.0,-32768.0,18545.0,-19410.0,41572.0
160,-3964.0,-32768.0,20092.0,-2896.0,-32768.0,16967.0,-18936.0,41578.0
161,-6392.0,-32768.0,24676.0,-2928.0,-32768.0,14760.0,-18360.0,41585.0
162,-8356.0,-32768.0,28396.0,-2896.0,-32768.0,12558.0,-17738.0,41591.0
163,-10968.0,-32768.0,32360.0,-2896.0,-32768.0,10959.0,-16646.0,41597.0
164,-14216.0,-32768.0,32767.0,-2896.0,-32768.0,10104.0,-14949.0,41605.0
165,-19432.0,-32768.0,32767.0,-2912.0,-30746.0,8285.0,-12927.0,41611.0
166,-23968.0,-32768.0,32767.0,-2912.0,-27337.0,5055.0,-11489.0,41618.0
167,-25556.0,-32768.0,32767.0,-2912.0,-23533.0,799.0,-11290.0,41624.0
168,-24496.0,-32768.0,32767.0,-2896.0,-19326.0,-3977.0,-10992.0,41630.0
169,-20764.0,-32768.0,32767.0,-2880.0,-14386.0,-7761.0,-9704.0,41636.0
170,-17108.0,-32768.0,32767.0,-2896.0,-8840.0,-9620.0,-7946.0,41644.0
171,-14004.0,-32768.0,32767.0,-2928.0,-2373.0,-10397.0,-5479.0,41650.0
172,-12332.0,-32768.0,32767.0,-2896.0,4234.0,-10826.0,-2426.0,41656.0
173,-11660.0,-32768.0,32767.0,-2912.0,9898.0,-10416.0,743.0,41662.0
174,-10592.0,-29804.0,32767.0,-2912.0,14365.0,-9079.0,3271.0,41669.0
175,-17656.0,-29184.0,32767.0,-2880.0,18337.0,-8632.0,6288.0,41675.0
176,-10376.0,-26276.0,32767.0,-2896.0,21408.0,-7281.0,6854.0,41681.0
177,-15720.0,-24388.0,32767.0,-2912.0,23986.0,-7446.0,5384.0,41688.0
178,-14912.0,-21664.0,32632.0,-2880.0,25507.0,-9420.0,6759.0,41694.0
179,-11188.0,-13308.0,12116.0,-2896.0,24850.0,-12361.0,6640.0,41700.0
180,19572.0,32767.0,-32768.0,-2912.0,-4640.0,-11778.0,830.0,41706.0
181,32767.0,-19792.0,-32768.0,-2912.0,-10295.0,-18599.0,-32768.0,41713.0
182,32767.0,-32768.0,8188.0,-2896.0,26396.0,-32768.0,-7156.0,41719.0
183,-22664.0,-32768.0,32767.0,-2912.0,32767.0,15784.0,32767.0,41725.0
184,-32768.0,-32768.0,32767.0,-2896.0,32767.0,32767.0,28494.0,41732.0
185,-32768.0,-32768.0,32767.0,-2912.0,32767.0,26775.0,7223.0,41739.0
186,-32768.0,-32768.0,-7136.0,-2896.0,26810.0,-13949.0,-5969.0,41745.0
187,-1892.0,-16704.0,-20892.0,-2928.0,29317.0,-32768.0,-4063.0,41751.0
188,30020.0,952.0,3056.0,-2928.0,32767.0,-32768.0,975.0,41757.0
189,32240.0,16600.0,16368.0,-2928.0,26797.0,-21196.0,-907.0,41763.0
190,14188.0,6940.0,12660.0,-2896.0,18024.0,-9037.0,-680.0,41769.0
191,11396.0,-7680.0,7604.0,-2944.0,15792.0,-6635.0,-815.0,41776.0
192,9720.0,-16900.0,5548.0,-2896.0,16086.0,-7755.0,-995.0,41782.0
193,4688.0,-22112.0,4820.0,-2912.0,15755.0,-2202.0,1487.0,41788.0
194,4900.0,-24188.0,6000.0,-2896.0,15212.0,3837.0,4491.0,41794.0
195,5932.0,-26692.0,8572.0,-2912.0,15586.0,7304.0,4759.0,41800.0
196,2284.0,-27628.0,4376.0,-2896.0,16074.0,9047.0,4304.0,41806.0
197,1164.0,-22768.0,1248.0,-2912.0,16697.0,9770.0,3576.0,41812.0
198,1212.0,-16744.0,1492.0,-2896.0,16701.0,10510.0,2116.0,41819.0
199,-872.0,-10576.0,3304.0,-2928.0,14591.0,9507.0,1256.0,41825.0
200,-948.0,-7928.0,3692.0,-2912.0,11558.0,7186.0,1058.0,41831.0
201,628.0,-9268.0,2412.0,-2912.0,9362.0,5971.0,428.0,41837.0
202,2608.0,-11644.0,808.0,-2896.0,8401.0,5084.0,-130.0,41843.0
203,3724.0,-13264.0,572.0,-2896.0,7794.0,4688.0,-672.0,41848.0
204,3824.0,-13728.0,1764.0,-2896.0,6729.0,5658.0,-569.0,41854.0
205,3692.0,-15288.0,2340.0,-2912.0,5836.0,7519.0,-731.0,41861.0
206,2592.0,-16420.0,1800.0,-2912.0,5281.0,8977.0,-1231.0,41867.0
207,1196.0,-16944.0,436.0,-2928.0,4980.0,9083.0,-1664.0,41873.0
208,912.0,-16352.0,88.0,-2928.0,4691.0,7443.0,-1745.0,41879.0
209,2204.0,-15608.0,276.0,-2928.0,4298.0,5545.0,-1730.0,41885.0
210,3988.0,-15220.0,536.0,-2928.0,3851.0,4099.0,-1660.0,41890.0
211,5668.0,-15096.0,1020.0,-2928.0,3403.0,3325.0,-1384.0,41896.0
212,6820.0,-15252.0,656.0,-2912.0,3005.0,3347.0,-844.0,41903.0
213,7772.0,-15292.0,136.0,-2912.0,2681.0,3808.0,-380.0,41909.0
214,7584.0,-15188.0,-280.0,-2912.0,2405.0,4350.0,22.0,41915.0
215,6856.0,-15616.0,-428.0,-2896.0,2187.0,4928.0,359.0,41921.0
216,5756.0,-16208.0,-440.0,-2896.0,2136.0,5313.0,591.0,41926.0
217,4728.0,-16644.0,-688.0,-2880.0,2192.0,5543.0,529.0,41932.0
218,3416.0,-16824.0,-676.0,-2944.0,2321.0,5520.0,271.0,41938.0
219,2208.0,-17140.0,-676.0,-2880.0,2487.0,5193.0,-191.0,41945.0
220,1192.0,-17608.0,-368.0,-2928.0,2676.0,4505.0,-589.0,41950.0
221,464.0,-18036.0,-80.0,-2928.0,2943.0,3535.0,-978.0,41956.0
222,988.0,-17828.0,-12.0,-2880.0,3257.0,2591.0,-1371.0,41962.0
223,2956.0,-17280.0,-124.0,-2928.0,3467.0,1960.0,-1462.0,41968.0
224,5468.0,-16992.0,-68.0,-2928.0,3803.0,1949.0,-1499.0,41974.0
225,8240.0,-16544.0,24.0,-2928.0,3995.0,2634.0,-1369.0,41979.0
226,9628.0,-16176.0,-248.0,-2896.0,4278.0,3943.0,-1122.0,41986.0
227,9420.0,-16192.0,-588.0,-2896.0,4592.0,5546.0,-816.0,41992.0
228,8988.0,-16264.0,-1128.0,-2928.0,5007.0,6950.0,-592.0,41998.0
229,9616.0,-16380.0,-1580.0,-2864.0,5506.0,7865.0,-882.0,42004.0
230,10572.0,-17440.0,-2136.0,-2896.0,6111.0,8601.0,-871.0,42010.0
231,12056.0,-17116.0,-2152.0,-2880.0,6705.0,9592.0,-954.0,42015.0
232,13576.0,-16512.0,-2708.0,-2912.0,7509.0,10840.0,-1216.0,42021.0
233,9044.0,-16032.0,-2192.0,-2912.0,8219.0,11165.0,313.0,42028.0
234,7236.0,-16776.0,-584.0,-2896.0,8827.0,11634.0,1007.0,42034.0
235,6184.0,-16956.0,-84.0,-2928.0,9424.0,11248.0,838.0,42040.0
236,6108.0,-17664.0,604.0,-2928.0,10077.0,10621.0,1492.0,42046.0
237,6896.0,-17660.0,360.0,-2912.0,10648.0,10847.0,1569.0,42052.0
238,6352.0,-17152.0,148.0,-2912.0,11159.0,11215.0,1756.0,42058.0
239,4868.0,-17360.0,276.0,-2928.0,11733.0,11548.0,2228.0,42064.0
240,2520.0,-17872.0,996.0,-2912.0,12179.0,11846.0,2761.0,42071.0
241,-80.0,-18984.0,1948.0,-2928.0,12692.0,11804.0,3247.0,42077.0
242,-2192.0,-20112.0,2336.0,-2880.0,13194.0,11093.0,3902.0,42083.0
243,-3512.0,-21432.0,2260.0,-2928.0,13762.0,9910.0,4389.0,42089.0
244,-3448.0,-22244.0,2476.0,-2880.0,14351.0,8420.0,4737.0,42094.0
245,-2420.0,-23040.0,2120.0,-2928.0,14893.0,6917.0,5192.0,42100.0
246,-772.0,-23784.0,2056.0,-2912.0,15372.0,5888.0,5430.0,42106.0
247,132.0,-24188.0,1576.0,-2912.0,15901.0,5265.0,5750.0,42113.0
248,432.0,-24588.0,1696.0,-2928.0,16346.0,4963.0,6176.0,42119.0
249,380.0,-25504.0,2116.0,-2896.0,16781.0,4914.0,6616.0,42125.0
250,612.0,-27044.0,1864.0,-2896.0,17341.0,4945.0,7086.0,42131.0
251,1584.0,-28416.0,1432.0,-2912.0,17898.0,5025.0,7653.0,42137.0
252,2152.0,-29288.0,496.0,-2896.0,18529.0,5181.0,8158.0,42143.0
253,2844.0,-29832.0,120.0,-2896.0,19202.0,5060.0,8726.0,42149.0
254,3604.0,-30328.0,-188.0,-2880.0,19816.0,5025.0,9261.0,42156.0
255,4968.0,-30788.0,-776.0,-2912.0,20482.0,5029.0,9888.0,42161.0
256,6316.0,-30900.0,-1084.0,-2928.0,21071.0,5383.0,10520.0,42167.0
257,7760.0,-31032.0,-1920.0,-2912.0,21628.0,5747.0,11124.0,42173.0
258,9236.0,-31300.0,-2380.0,-2896.0,22159.0,6287.0,11625.0,42179.0
259,10940.0,-31604.0,-2944.0,-2896.0,22685.0,7118.0,12130.0,42185.0
260,12672.0,-31940.0,-3184.0,-2880.0,23209.0,8121.0,12601.0,42191.0
261,13784.0,-31904.0,-4932.0,-2912.0,23514.0,9879.0,13127.0,42198.0
262,15740.0,-32080.0,-7144.0,-2880.0,23751.0,11660.0,13156.0,42204.0
263,18044.0,-32736.0,-9280.0,-2880.0,23946.0,13748.0,13202.0,42211.0
264,17288.0,-32768.0,-13608.0,-2928.0,24060.0,15842.0,13383.0,42217.0
265,14344.0,-32768.0,-18484.0,-2896.0,23595.0,17230.0,13903.0,42223.0
266,13520.0,-32768.0,-23736.0,-2912.0,22299.0,18008.0,14672.0,42229.0
267,15136.0,-32768.0,-28996.0,-2928.0,20833.0,19412.0,15459.0,42235.0
268,15616.0,-32768.0,-30844.0,-2896.0,19613.0,20251.0,15505.0,42242.0
269,11868.0,-31844.0,-28004.0,-2912.0,18786.0,18765.0,15230.0,42248.0
270,1860.0,-32768.0,-12640.0,-2928.0,19286.0,15112.0,15478.0,42255.0
271,-5212.0,-32768.0,6036.0,-2928.0,21109.0,9998.0,16458.0,42261.0
272,-7592.0,-32768.0,8468.0,-2896.0,21581.0,3276.0,15876.0,42267.0
273,-4352.0,-32768.0,-2356.0,-2928.0,19497.0,-7722.0,13417.0,42273.0
274,3580.0,-29716.0,-14864.0,-2912.0,15991.0,-17523.0,11691.0,42279.0
275,11928.0,-28196.0,-19172.0,-2928.0,12141.0,-23097.0,9126.0,42286.0
276,16928.0,-32768.0,-7948.0,-2928.0,12636.0,-23749.0,7715.0,42292.0
277,20976.0,-32768.0,-5340.0,-2928.0,15823.0,-18605.0,8026.0,42298.0
278,20156.0,-32768.0,-7296.0,-2896.0,18231.0,-10723.0,8294.0,42304.0
279,19520.0,-30320.0,-96.0,-2912.0,19655.0,-4265.0,8485.0,42310.0
280,13688.0,-22980.0,-1376.0,-2912.0,19474.0,-428.0,8922.0,42316.0
281,7740.0,-16488.0,-3320.0,-2928.0,16922.0,-299.0,9223.0,42322.0
282,9064.0,-12136.0,-9680.0,-2912.0,12852.0,-1004.0,7309.0,42329.0
283,12300.0,-9772.0,-17948.0,-2928.0,8070.0,-1775.0,4413.0,42335.0
284,14880.0,-8220.0,-23872.0,-2928.0,4254.0,-2881.0,2463.0,42341.0
285,15036.0,-6368.0,-27008.0,-2912.0,1801.0,-4302.0,1784.0,42347.0
286,14412.0,-4568.0,-25232.0,-2928.0,137.0,-5001.0,1768.0,42353.0
287,9844.0,-764.0,-25744.0,-2912.0,-2806.0,-4345.0,1446.0,42359.0
288,16084.0,4592.0,-21876.0,-2928.0,-6831.0,332.0,6083.0,42365.0
289,21360.0,8728.0,-22904.0,-2896.0,-9671.0,4092.0,-1385.0,42372.0
290,12608.0,8760.0,-22116.0,-2928.0,-14397.0,7187.0,-3113.0,42378.0
291,8380.0,8944.0,-22628.0,-2912.0,-18735.0,7757.0,-5872.0,42384.0
292,2612.0,5912.0,-21608.0,-2944.0,-22371.0,5686.0,-5624.0,42390.0
293,240.0,2928.0,-18688.0,-2928.0,-25453.0,1879.0,-2687.0,42396.0
294,992.0,32.0,-17004.0,-2912.0,-27483.0,-1665.0,-890.0,42402.0
295,2464.0,-1364.0,-15032.0,-2928.0,-29791.0,-3386.0,-1465.0,42407.0
296,2484.0,-2704.0,-13904.0,-2928.0,-32640.0,-3023.0,-3704.0,42414.0
297,1900.0,-4700.0,-14156.0,-2912.0,-32768.0,-2557.0,-4552.0,42420.0
298,3052.0,-5920.0,-14608.0,-2960.0,-32768.0,-2479.0,-6962.0,42426.0
299,2604.0,-7744.0,-14932.0,-2912.0,-32768.0,-3412.0,-10056.0,42432.0
300,2252.0,-10148.0,-13896.0,-2880.0,-32768.0,-5731.0,-12204.0,42438.0
301,2320.0,-12252.0,-13036.0,-2944.0,-32768.0,-8524.0,-12723.0,42445.0
302,3188.0,-13556.0,-11076.0,-2912.0,-32768.0,-10883.0,-12455.0,42451.0
303,4628.0,-13880.0,-8952.0,-2928.0,-32768.0,-12327.0,-12414.0,42458.0
304,5416.0,-15128.0,-7904.0,-2928.0,-32768.0,-12511.0,-12727.0,42464.0
305,-4344.0,-15940.0,-7104.0,-2928.0,-32768.0,-18959.0,-11639.0,42470.0
306,14108.0,-19724.0,-6868.0,-2960.0,-32768.0,-15690.0,-14800.0,42476.0
307,13104.0,-19360.0,-7364.0,-2912.0,-32768.0,-12389.0,-15798.0,42482.0
308,9520.0,-23348.0,-7016.0,-2928.0,-32768.0,-11470.0,-14466.0,42488.0
309,9108.0,-25912.0,-6764.0,-2928.0,-32768.0,-10658.0,-14562.0,42496.0
310,10016.0,-27848.0,-6168.0,-2928.0,-32768.0,-9589.0,-14891.0,42502.0
311,11148.0,-29356.0,-4928.0,-2928.0,-32768.0,-8099.0,-14974.0,42508.0
312,12600.0,-30944.0,-4060.0,-2928.0,-32768.0,-6369.0,-15026.0,42515.0
313,13004.0,-32768.0,-3168.0,-2928.0,-32768.0,-4372.0,-15157.0,42521.0
314,11888.0,-32768.0,-1532.0,-2928.0,-32768.0,-1945.0,-15011.0,42527.0
315,10784.0,-32768.0,312.0,-2928.0,-32768.0,525.0,-15168.0,42534.0
316,10428.0,-32768.0,2428.0,-2912.0,-32768.0,2931.0,-15633.0,42541.0
317,10836.0,-32768.0,5656.0,-2928.0,-32768.0,5614.0,-15965.0,42547.0
318,10656.0,-32768.0,10264.0,-2928.0,-32768.0,8170.0,-16225.0,42553.0
319,8752.0,-32768.0,15568.0,-2928.0,-32768.0,10592.0,-16169.0,42559.0
320,5968.0,-32768.0,19876.0,-2912.0,-32768.0,11748.0,-15784.0,42565.0
321,2404.0,-32768.0,24068.0,-2928.0,-32768.0,11120.0,-16061.0,42571.0
322,-1424.0,-32768.0,28096.0,-2912.0,-32768.0,9109.0,-15721.0,42578.0
323,-4300.0,-32768.0,30972.0,-2960.0,-32768.0,6814.0,-14561.0,42585.0
324,-6196.0,-32768.0,32767.0,-2928.0,-32768.0,4894.0,-13905.0,42591.0
325,-8204.0,-32768.0,32767.0,-2912.0,-29806.0,3406.0,-14058.0,42597.0
326,-11076.0,-32768.0,32767.0,-2896.0,-26310.0,1802.0,-14139.0,42604.0
327,-13668.0,-32768.0,32767.0,-2928.0,-23127.0,136.0,-13806.0,42610.0
328,-16048.0,-32768.0,32767.0,-2928.0,-20093.0,-690.0,-12428.0,42616.0
329,-18280.0,-32768.0,32767.0,-2928.0,-16261.0,-624.0,-10169.0,42622.0
330,-19632.0,-32768.0,32767.0,-2928.0,-11478.0,-1298.0,-7739.0,42630.0
331,-18684.0,-32768.0,32767.0,-2896.0,-5951.0,-3850.0,-5342.0,42636.0
332,-15880.0,-32768.0,32767.0,-2960.0,46.0,-6514.0,-2550.0,42642.0
333,-12616.0,-32768.0,32767.0,-2928.0,6254.0,-7901.0,462.0,42648.0
334,-11980.0,-32768.0,32767.0,-2944.0,11345.0,-7878.0,2626.0,42654.0
335,-13808.0,-29128.0,32767.0,-2928.0,15197.0,-6976.0,3877.0,42660.0
336,-17124.0,-25320.0,32767.0,-2960.0,17785.0,-6489.0,4417.0,42668.0
337,-20792.0,-22716.0,32767.0,-2880.0,19329.0,-8199.0,4960.0,42674.0
338,-13612.0,-72.0,-16140.0,-2928.0,11210.0,-15986.0,3746.0,42680.0
339,32767.0,-18184.0,-3212.0,-2896.0,4323.0,-28336.0,-18561.0,42686.0
340,32248.0,-32768.0,-1728.0,-2944.0,14766.0,-32768.0,-18020.0,42692.0
341,-19016.0,-32768.0,29244.0,-2912.0,32767.0,-13797.0,23011.0,42698.0
342,-32768.0,-32768.0,32767.0,-2912.0,32767.0,31920.0,32767.0,42705.0
343,-29456.0,-32768.0,31624.0,-2928.0,32767.0,24291.0,15806.0,42712.0
344,-4028.0,-32768.0,9172.0,-2944.0,32767.0,-11945.0,-5339.0,42718.0
345,14600.0,-27360.0,-8832.0,-2928.0,32767.0,-32768.0,-6539.0,42724.0
346,24656.0,-8316.0,-5560.0,-2880.0,32767.0,-32768.0,2122.0,42731.0
347,24448.0,12720.0,2012.0,-2912.0,32767.0,-24803.0,5370.0,42737.0
348,10192.0,24184.0,15312.0,-2912.0,27135.0,-14538.0,3403.0,42743.0
349,1944.0,14208.0,19356.0,-2912.0,19210.0,-10736.0,1176.0,42749.0
350,2120.0,-7180.0,11100.0,-2912.0,15778.0,-9663.0,989.0,42756.0
351,5260.0,-22772.0,7544.0,-2960.0,16037.0,-6497.0,2388.0,42762.0
352,7000.0,-27880.0,4852.0,-2928.0,16861.0,-2734.0,3644.0,42768.0
353,5212.0,-27568.0,5228.0,-2912.0,17326.0,-767.0,4333.0,42774.0
354,2328.0,-25236.0,5656.0,-2928.0,17028.0,2069.0,4937.0,42780.0
355,1344.0,-21492.0,5540.0,-2912.0,16108.0,5924.0,5064.0,42786.0
356,744.0,-17840.0,4576.0,-2928.0,14674.0,8301.0,4369.0,42792.0
357,-1096.0,-16624.0,2900.0,-2944.0,13365.0,8156.0,3021.0,42798.0
358,-2756.0,-15876.0,2396.0,-2896.0,12364.0,7039.0,2111.0,42804.0
359,-3632.0,-13124.0,3304.0,-2912.0,11145.0,6141.0,1562.0,42810.0
360,-2980.0,-11392.0,3320.0,-2928.0,9525.0,4984.0,839.0,42816.0
361,-824.0,-12076.0,2028.0,-2944.0,8218.0,3731.0,-164.0,42822.0
362,2760.0,-14476.0,1080.0,-2928.0,7784.0,2934.0,-893.0,42828.0
363,5404.0,-16820.0,532.0,-2912.0,7832.0,3335.0,-1276.0,42834.0
364,5296.0,-15784.0,1196.0,-2880.0,7380.0,4929.0,-943.0,42841.0
365,3796.0,-14716.0,2092.0,-2896.0,6432.0,7102.0,-704.0,42847.0
366,1672.0,-15060.0,1852.0,-2928.0,5679.0,7977.0,-1188.0,42853.0
367,1420.0,-15152.0,708.0,-2912.0,5248.0,6499.0,-1335.0,42858.0
368,3356.0,-15004.0,40.0,-2912.0,4920.0,4158.0,-1141.0,42864.0
369,5768.0,-14908.0,-372.0,-2944.0,4622.0,2664.0,-710.0,42870.0
370,7712.0,-15096.0,-252.0,-2944.0,4384.0,2449.0,-179.0,42876.0
371,8612.0,-15484.0,184.0,-2944.0,4246.0,3306.0,406.0,42883.0
372,8372.0,-15932.0,-492.0,-2912.0,4094.0,4588.0,878.0,42889.0
373,7248.0,-15792.0,-960.0,-2944.0,4025.0,5786.0,1252.0,42894.0
374,5444.0,-15800.0,-1328.0,-2912.0,4067.0,6371.0,1436.0,42900.0
375,4004.0,-16052.0,-1168.0,-2928.0,4215.0,6528.0,1514.0,42906.0
376,2532.0,-16956.0,-1608.0,-2960.0,4556.0,6706.0,1313.0,42912.0
377,1072.0,-17688.0,-1968.0,-2912.0,5011.0,6530.0,940.0,42918.0
378,-132.0,-17740.0,-1760.0,-2912.0,5462.0,5949.0,458.0,42925.0
379,-1336.0,-17848.0,-1336.0,-2944.0,5842.0,4940.0,-131.0,42931.0
380,-1816.0,-18172.0,-780.0,-2944.0,6202.0,3393.0,-628.0,42937.0
381,-1192.0,-18300.0,-676.0,-2976.0,6616.0,1686.0,-1111.0,42942.0
382,948.0,-17532.0,-340.0,-2928.0,6818.0,139.0,-1374.0,42948.0
383,4024.0,-17140.0,-88.0,-2912.0,6992.0,-434.0,-1323.0,42954.0
384,6548.0,-16684.0,136.0,-2928.0,7129.0,-344.0,-1085.0,42960.0
385,8552.0,-15924.0,708.0,-2928.0,7229.0,775.0,-661.0,42967.0
386,9264.0,-16128.0,180.0,-2928.0,7463.0,2431.0,-332.0,42972.0
387,8740.0,-15888.0,-160.0,-2912.0,7707.0,3829.0,51.0,42978.0
388,7740.0,-15476.0,296.0,-2944.0,7917.0,5142.0,246.0,42984.0
389,6004.0,-16224.0,352.0,-2928.0,8249.0,6032.0,281.0,42990.0
390,4888.0,-16612.0,1188.0,-2896.0,8564.0,6422.0,326.0,42995.0
391,4212.0,-17852.0,660.0,-2928.0,8959.0,6686.0,228.0,43001.0
392,6508.0,-18240.0,-44.0,-2944.0,9332.0,6501.0,-600.0,43008.0
393,8100.0,-18816.0,-52.0,-2944.0,9651.0,6013.0,-881.0,43014.0
394,13440.0,-16628.0,-1448.0,-2928.0,10158.0,6027.0,-1861.0,43019.0
395,9276.0,-17524.0,-692.0,-2912.0,10718.0,7017.0,-89.0,43025.0
396,7412.0,-18560.0,776.0,-2912.0,11209.0,9098.0,700.0,43031.0
397,3108.0,-18500.0,776.0,-2912.0,11917.0,10001.0,762.0,43037.0
398,-248.0,-18920.0,1436.0,-2928.0,12600.0,9363.0,1939.0,43043.0
399,-1744.0,-19684.0,1772.0,-2896.0,13199.0,8622.0,2442.0,43049.0
400,-2320.0,-20648.0,2492.0,-2912.0,13794.0,7246.0,3012.0,43056.0
401,-1948.0,-21668.0,2576.0,-2960.0,14370.0,5874.0,3665.0,43062.0
402,-700.0,-22248.0,2472.0,-2944.0,14886.0,4565.0,3958.0,43068.0
403,496.0,-22792.0,2616.0,-2928.0,15413.0,3575.0,4352.0,43074.0
404,1832.0,-23316.0,2596.0,-2896.0,15901.0,3053.0,4730.0,43080.0
405,2852.0,-23640.0,2312.0,-2944.0,16451.0,3093.0,5063.0,43085.0
406,2988.0,-24224.0,2152.0,-2896.0,17011.0,3305.0,5544.0,43091.0
407,3104.0,-25064.0,2176.0,-2912.0,17597.0,3573.0,6103.0,43098.0
408,3004.0,-25984.0,1972.0,-2928.0,18291.0,3679.0,6739.0,43104.0
409,3108.0,-26616.0,1444.0,-2912.0,19006.0,3626.0,7372.0,43110.0
410,3360.0,-27752.0,1436.0,-2928.0,19757.0,3615.0,7959.0,43116.0
411,3980.0,-28692.0,1068.0,-2912.0,20543.0,3524.0,8652.0,43122.0
412,5180.0,-29216.0,1180.0,-2944.0,21314.0,3469.0,9371.0,43128.0
413,6896.0,-29848.0,620.0,-2928.0,22095.0,3549.0,10057.0,43134.0
414,9384.0,-30956.0,316.0,-2912.0,22863.0,3890.0,10727.0,43141.0
415,11944.0,-31972.0,-596.0,-2928.0,23764.0,4426.0,11306.0,43147.0
416,14776.0,-32768.0,-1068.0,-2944.0,24669.0,5205.0,11687.0,43153.0
417,16776.0,-32768.0,-572.0,-2944.0,25812.0,6439.0,12029.0,43159.0
418,16140.0,-32768.0,-1852.0,-2912.0,26644.0,8285.0,12954.0,43165.0
419,15412.0,-32768.0,-4644.0,-2928.0,27381.0,8723.0,13684.0,43171.0
420,17804.0,-32768.0,-10464.0,-2928.0,27891.0,8674.0,14146.0,43177.0
421,21820.0,-32768.0,-17608.0,-2944.0,28329.0,9285.0,13664.0,43184.0
422,25956.0,-32768.0,-23708.0,-2912.0,28455.0,10651.0,12698.0,43190.0
423,28896.0,-32768.0,-27900.0,-2928.0,28624.0,13041.0,11381.0,43196.0
424,25116.0,-32768.0,-31756.0,-2912.0,28737.0,14645.0,10859.0,43202.0
425,19536.0,-32768.0,-32768.0,-2944.0,27392.0,16275.0,11521.0,43209.0
426,11152.0,-32768.0,-32768.0,-2960.0,24917.0,18087.0,11985.0,43215.0
427,4228.0,-28372.0,-22156.0,-2944.0,22823.0,18401.0,13285.0,43222.0
428,988.0,-24100.0,-12368.0,-2944.0,21220.0,17044.0,14116.0,43228.0
429,460.0,-17944.0,-14116.0,-2944.0,17128.0,14200.0,13981.0,43234.0
430,1676.0,-16156.0,-14984.0,-2944.0,11565.0,9682.0,12394.0,43240.0
431,3928.0,-24948.0,-6712.0,-2944.0,8007.0,5979.0,9771.0,43246.0
432,2936.0,-32768.0,7140.0,-2928.0,10207.0,2554.0,8362.0,43252.0
433,-2820.0,-32768.0,11536.0,-2944.0,15129.0,735.0,9887.0,43258.0
434,-6312.0,-32768.0,6552.0,-2896.0,18993.0,-2556.0,10856.0,43265.0
435,-5304.0,-30712.0,2700.0,-2960.0,19883.0,-7398.0,9925.0,43271.0
436,-3976.0,-21124.0,336.0,-2944.0,18704.0,-10792.0,8384.0,43277.0
437,-2032.0,-14832.0,-2568.0,-2928.0,16178.0,-12308.0,6932.0,43283.0
438,2064.0,-10512.0,-7192.0,-2960.0,12555.0,-12725.0,5689.0,43289.0
439,7904.0,-6408.0,-10860.0,-2912.0,8442.0,-12178.0,4286.0,43295.0
440,12988.0,-2912.0,-13732.0,-2928.0,4298.0,-10332.0,2186.0,43301.0
441,15068.0,-796.0,-16524.0,-2960.0,558.0,-7326.0,-230.0,43308.0
442,15560.0,2528.0,-16392.0,-2928.0,-2634.0,-3969.0,1104.0,43314.0
443,14756.0,-1556.0,-17948.0,-2928.0,-3269.0,-2093.0,-5667.0,43320.0
444,8968.0,728.0,-12432.0,-2944.0,-6768.0,-250.0,-4496.0,43326.0
445,8992.0,1924.0,-11336.0,-2944.0,-8870.0,672.0,-2711.0,43332.0
446,9156.0,2072.0,-10336.0,-2944.0,-10703.0,2216.0,-4119.0,43338.0
447,6972.0,2036.0,-8416.0,-2944.0,-12471.0,3062.0,-5263.0,43344.0
448,5144.0,1504.0,-7028.0,-2912.0,-14126.0,3852.0,-5695.0,43351.0
449,3308.0,924.0,-5740.0,-2896.0,-15738.0,4039.0,-6492.0,43356.0
450,1452.0,1212.0,-5564.0,-2928.0,-17577.0,3453.0,-7556.0,43362.0
451,-284.0,2132.0,-6148.0,-2928.0,-19955.0,2467.0,-9221.0,43368.0
452,-2076.0,2900.0,-7532.0,-2928.0,-22579.0,1292.0,-9861.0,43374.0
453,-2092.0,1896.0,-8044.0,-2912.0,-25558.0,364.0,-9714.0,43380.0
454,-2276.0,16.0,-7736.0,-2944.0,-28008.0,-682.0,-10276.0,43386.0
455,-932.0,748.0,-8800.0,-2944.0,-30743.0,-1980.0,-10566.0,43393.0
456,40.0,-2804.0,-10112.0,-2928.0,-31932.0,-3412.0,-12802.0,43399.0
457,-736.0,-4360.0,-10508.0,-2944.0,-32768.0,-5222.0,-13745.0,43405.0
458,1124.0,-4564.0,-11076.0,-2960.0,-32768.0,-5840.0,-13382.0,43411.0
459,2928.0,-5752.0,-11232.0,-2928.0,-32768.0,-5854.0,-14062.0,43417.0
460,3412.0,-7080.0,-11516.0,-2928.0,-32768.0,-5625.0,-14568.0,43423.0
461,4220.0,-8268.0,-11332.0,-2928.0,-32768.0,-5268.0,-14849.0,43429.0
462,4484.0,-9832.0,-11336.0,-2944.0,-32768.0,-4517.0,-15309.0,43436.0
463,4204.0,-11636.0,-11040.0,-2944.0,-32768.0,-3603.0,-15835.0,43442.0
464,1808.0,-14144.0,-10448.0,-2944.0,-32768.0,-8149.0,-14710.0,43448.0
465,14144.0,-14200.0,-9092.0,-2912.0,-32768.0,-2742.0,-17499.0,43454.0
466,7464.0,-16412.0,-8928.0,-2944.0,-32768.0,-1823.0,-16812.0,43460.0
467,6504.0,-17728.0,-8128.0,-2912.0,-32768.0,-384.0,-17181.0,43466.0
468,4072.0,-19372.0,-6988.0,-2896.0,-32768.0,-162.0,-16929.0,43472.0
469,2452.0,-22240.0,-5452.0,-2960.0,-32768.0,-64.0,-17081.0,43479.0
470,-112.0,-24488.0,-4064.0,-2960.0,-32768.0,-461.0,-17417.0,43485.0
471,-2520.0,-26560.0,-2644.0,-2912.0,-32768.0,-1335.0,-17909.0,43491.0
472,-4160.0,-29004.0,-772.0,-2928.0,-32768.0,-2238.0,-18304.0,43497.0
473,-4336.0,-30996.0,644.0,-2928.0,-32768.0,-2821.0,-18742.0,43503.0
474,-3796.0,-32768.0,3404.0,-2912.0,-32768.0,-3741.0,-18913.0,43509.0
475,-3648.0,-32768.0,6068.0,-2912.0,-32768.0,-4441.0,-18332.0,43516.0
476,-3488.0,-32768.0,10140.0,-2928.0,-32768.0,-5290.0,-17240.0,43523.0
477,-2332.0,-32768.0,13624.0,-2896.0,-32768.0,-5843.0,-15981.0,43529.0
478,-988.0,-32768.0,17820.0,-2928.0,-32768.0,-5743.0,-14996.0,43536.0
479,-148.0,-32768.0,21804.0,-2944.0,-32768.0,-5385.0,-14421.0,43542.0
480,736.0,-32768.0,25876.0,-2928.0,-32768.0,-5124.0,-14069.0,43548.0
481,1032.0,-32768.0,31144.0,-2944.0,-32768.0,-5141.0,-14030.0,43554.0
482,736.0,-32768.0,32767.0,-2928.0,-32768.0,-5342.0,-14289.0,43560.0
483,-308.0,-32768.0,32767.0,-2928.0,-32768.0,-5937.0,-14607.0,43568.0
484,-1668.0,-32768.0,32767.0,-2928.0,-30815.0,-6760.0,-14375.0,43574.0
485,-2452.0,-32768.0,32767.0,-2928.0,-26101.0,-8056.0,-13502.0,43580.0
486,-4040.0,-32768.0,32767.0,-2944.0,-21518.0,-8806.0,-12381.0,43586.0
487,-5932.0,-32768.0,32767.0,-2944.0,-17280.0,-8288.0,-11427.0,43593.0
488,-8648.0,-30580.0,32767.0,-2944.0,-13368.0,-6506.0,-9362.0,43599.0
489,-10496.0,-30840.0,32767.0,-2928.0,-9113.0,-3683.0,-6153.0,43606.0
490,-11708.0,-31472.0,32767.0,-2928.0,-3856.0,-2358.0,-3116.0,43612.0
491,-11984.0,-30172.0,32767.0,-2944.0,1688.0,-2709.0,-657.0,43619.0
492,-12152.0,-29200.0,32767.0,-2944.0,7298.0,-3489.0,1639.0,43625.0
493,-12632.0,-28824.0,32767.0,-2928.0,12403.0,-4442.0,3763.0,43631.0
494,-13628.0,-27408.0,32767.0,-2944.0,16775.0,-5375.0,5586.0,43637.0
495,-14720.0,-25488.0,32767.0,-2928.0,19955.0,-5970.0,6520.0,43643.0
496,-15652.0,-23660.0,32767.0,-2928.0,22104.0,-6593.0,6723.0,43650.0
497,-14964.0,-18532.0,17544.0,-2944.0,22251.0,-8599.0,6593.0,43656.0
498,12704.0,32767.0,-32768.0,-2928.0,-6036.0,-9527.0,1299.0,43662.0
499,32767.0,-2740.0,-32768.0,-2912.0,-18841.0,-17471.0,-32768.0,43669.0
500,32767.0,-32768.0,4684.0,-2896.0,20698.0,-32768.0,-22062.0,43675.0
501,-14344.0,-32768.0,32767.0,-2912.0,32767.0,11128.0,32767.0,43681.0
502,308.0,-22708.0,3076.0,-2960.0,15778.0,4313.0,7159.0,44141.0
503,1272.0,-23944.0,2924.0,-2928.0,16419.0,3819.0,7648.0,44147.0
504,2528.0,-25180.0,2628.0,-2912.0,17085.0,3538.0,8173.0,44153.0
505,3880.0,-26356.0,2656.0,-2928.0,17831.0,3514.0,8575.0,44158.0
506,5124.0,-27340.0,2500.0,-2944.0,18509.0,3772.0,8795.0,44165.0
507,5900.0,-28200.0,2232.0,-2928.0,19203.0,4356.0,9146.0,44171.0
508,6256.0,-29768.0,2040.0,-2944.0,19897.0,5237.0,9596.0,44177.0
509,4728.0,-29924.0,2692.0,-2960.0,20515.0,6526.0,10580.0,44183.0
510,3692.0,-31628.0,3456.0,-2944.0,20922.0,6912.0,11681.0,44189.0
511,4384.0,-32768.0,2644.0,-2928.0,21461.0,6970.0,12630.0,44195.0
512,6288.0,-32768.0,1000.0,-2912.0,22183.0,7345.0,12710.0,44201.0
513,8868.0,-32768.0,-412.0,-2960.0,22934.0,7793.0,12400.0,44208.0
514,12096.0,-32768.0,-380.0,-2928.0,23565.0,8764.0,12200.0,44214.0
515,15272.0,-32768.0,-532.0,-2944.0,24039.0,10736.0,11804.0,44220.0
516,16644.0,-32768.0,-2452.0,-2944.0,24953.0,13626.0,11594.0,44226.0
517,16440.0,-32768.0,-8668.0,-2944.0,25528.0,16472.0,12204.0,44232.0
518,15000.0,-32768.0,-16916.0,-2944.0,25527.0,18293.0,12902.0,44238.0
519,14516.0,-32768.0,-23704.0,-2928.0,24821.0,19329.0,13257.0,44244.0
520,13904.0,-32768.0,-26948.0,-2912.0,23708.0,19442.0,13480.0,44252.0
521,11200.0,-30400.0,-27560.0,-2960.0,21811.0,19660.0,14083.0,44258.0
522,7832.0,-25836.0,-28120.0,-2928.0,19210.0,19372.0,14314.0,44264.0
523,5100.0,-21024.0,-25256.0,-2944.0,16594.0,18495.0,14422.0,44270.0
524,3308.0,-15528.0,-16640.0,-2912.0,14628.0,15949.0,14168.0,44276.0
525,2484.0,-12684.0,-4500.0,-2912.0,13295.0,12122.0,14190.0,44282.0
526,2560.0,-12172.0,1552.0,-2944.0,11997.0,8107.0,13582.0,44289.0
527,2412.0,-13760.0,1552.0,-2944.0,9544.0,3515.0,11642.0,44295.0
528,712.0,-18932.0,568.0,-2928.0,7416.0,-872.0,9345.0,44301.0
529,216.0,-25952.0,6592.0,-2928.0,7932.0,-4319.0,7655.0,44307.0
530,-1328.0,-30996.0,9956.0,-2928.0,10675.0,-6114.0,6706.0,44313.0
531,-1020.0,-28280.0,7356.0,-2928.0,12381.0,-7624.0,6218.0,44319.0
532,3620.0,-21180.0,4296.0,-2928.0,12867.0,-8945.0,5710.0,44325.0
533,9660.0,-13116.0,3396.0,-2976.0,12490.0,-7787.0,4959.0,44332.0
534,10452.0,-8664.0,536.0,-2960.0,10877.0,-3465.0,4066.0,44338.0
535,10164.0,-3628.0,-2900.0,-2944.0,7940.0,690.0,3267.0,44344.0
536,9860.0,-928.0,-5068.0,-2912.0,4582.0,3370.0,2167.0,44350.0
537,9656.0,-568.0,-5920.0,-2960.0,1771.0,5114.0,823.0,44355.0
538,9848.0,-212.0,-6896.0,-2928.0,-423.0,6186.0,-563.0,44361.0
539,10064.0,-304.0,-8064.0,-2976.0,-2059.0,6906.0,-2020.0,44367.0
540,9088.0,-92.0,-9464.0,-2944.0,-3679.0,7725.0,-2900.0,44374.0
541,7080.0,448.0,-10460.0,-2944.0,-5447.0,8466.0,-3145.0,44379.0
542,4768.0,1352.0,-11012.0,-2976.0,-7478.0,8766.0,-3360.0,44385.0
543,2556.0,1820.0,-10700.0,-2960.0,-9551.0,8415.0,-4068.0,44391.0
544,608.0,1468.0,-9868.0,-2960.0,-11291.0,7276.0,-5091.0,44397.0
545,-744.0,724.0,-8492.0,-2976.0,-12798.0,5432.0,-6209.0,44403.0
546,-1356.0,-224.0,-7516.0,-2976.0,-14136.0,3373.0,-7224.0,44409.0
547,-1860.0,-1028.0,-6180.0,-2944.0,-15369.0,1331.0,-8074.0,44416.0
548,-1716.0,-1152.0,-5444.0,-2928.0,-16862.0,-441.0,-8583.0,44422.0
549,-1216.0,-1064.0,-5120.0,-2944.0,-18492.0,-1938.0,-9100.0,44428.0
550,-892.0,-1396.0,-5100.0,-2960.0,-20090.0,-3197.0,-9777.0,44434.0
551,-1128.0,-2048.0,-5168.0,-2960.0,-21619.0,-4302.0,-10409.0,44439.0
552,-1260.0,-2312.0,-5604.0,-2944.0,-23190.0,-5427.0,-11077.0,44445.0
553,-1476.0,-2712.0,-6100.0,-2944.0,-24937.0,-6633.0,-11628.0,44451.0
554,-1260.0,-3456.0,-6388.0,-2928.0,-26554.0,-7745.0,-12068.0,44457.0
555,-844.0,-4188.0,-6944.0,-2960.0,-28152.0,-8655.0,-12359.0,44464.0
556,92.0,-5068.0,-7184.0,-2912.0,-29706.0,-9223.0,-12513.0,44470.0
557,344.0,-6152.0,-8364.0,-2944.0,-31001.0,-9665.0,-12912.0,44476.0
558,1648.0,-6440.0,-7896.0,-2928.0,-32552.0,-10082.0,-13222.0,44482.0
559,-444.0,-6788.0,-7696.0,-2960.0,-32768.0,-10850.0,-13562.0,44488.0
560,-4016.0,-8584.0,-7604.0,-2976.0,-32768.0,-16238.0,-12571.0,44494.0
561,7460.0,-11188.0,-8336.0,-2944.0,-32768.0,-14170.0,-14419.0,44500.0
562,9096.0,-11592.0,-8284.0,-2944.0,-32768.0,-11810.0,-14628.0,44507.0
563,6128.0,-12904.0,-7460.0,-2944.0,-32768.0,-9408.0,-14409.0,44513.0
564,6516.0,-15484.0,-6436.0,-2944.0,-32768.0,-7761.0,-13667.0,44519.0
565,6824.0,-17252.0,-5740.0,-2960.0,-32768.0,-6664.0,-13954.0,44526.0
566,7552.0,-18984.0,-4460.0,-2912.0,-32768.0,-5847.0,-14588.0,44532.0
567,9376.0,-20160.0,-4436.0,-2928.0,-32768.0,-4257.0,-15549.0,44538.0
568,11372.0,-21528.0,-4668.0,-2928.0,-32768.0,-2419.0,-16602.0,44545.0
569,12624.0,-24140.0,-4592.0,-2944.0,-32768.0,-288.0,-17461.0,44552.0
570,12484.0,-26948.0,-4292.0,-2944.0,-32768.0,2260.0,-17968.0,44558.0
571,9912.0,-30664.0,-2548.0,-2928.0,-32768.0,3941.0,-18148.0,44564.0
572,6936.0,-32768.0,-436.0,-2944.0,-32768.0,4452.0,-18143.0,44570.0
573,4360.0,-32768.0,1996.0,-2944.0,-32768.0,3522.0,-18576.0,44576.0
574,2056.0,-32768.0,4440.0,-2960.0,-32768.0,1848.0,-19105.0,44582.0
575,416.0,-32768.0,7896.0,-2960.0,-32768.0,2.0,-19427.0,44589.0
576,472.0,-32768.0,10592.0,-2928.0,-32768.0,-1301.0,-19514.0,44595.0
577,1472.0,-32768.0,12800.0,-2960.0,-32768.0,-1601.0,-19633.0,44601.0
578,2480.0,-32768.0,14912.0,-2944.0,-32768.0,-1160.0,-19927.0,44607.0
579,2900.0,-32768.0,17392.0,-2976.0,-32768.0,-408.0,-20350.0,44614.0
580,2052.0,-32768.0,19636.0,-2944.0,-32768.0,123.0,-20418.0,44620.0
581,764.0,-32768.0,21852.0,-2912.0,-32768.0,507.0,-19934.0,44626.0
582,-860.0,-32768.0,23172.0,-2960.0,-32415.0,1610.0,-18583.0,44633.0
583,-4100.0,-32768.0,25404.0,-2944.0,-29077.0,2985.0,-16257.0,44639.0
584,-8580.0,-32768.0,28268.0,-2928.0,-25459.0,3676.0,-13300.0,44645.0
585,-14152.0,-32768.0,31468.0,-2960.0,-22171.0,3080.0,-10791.0,44651.0
586,-16496.0,-30312.0,32767.0,-2912.0,-19292.0,927.0,-9423.0,44658.0
587,-15340.0,-30380.0,32767.0,-2928.0,-16078.0,-1987.0,-8723.0,44664.0
588,-9304.0,-32036.0,32767.0,-2928.0,-12103.0,-4104.0,-7913.0,44670.0
589,-3916.0,-32552.0,32767.0,-2944.0,-7505.0,-3971.0,-6399.0,44677.0
590,-1596.0,-30088.0,32767.0,-2960.0,-2855.0,-1320.0,-4592.0,44684.0
591,-3304.0,-27352.0,32767.0,-2928.0,1327.0,2214.0,-2708.0,44690.0
592,-5156.0,-24416.0,32384.0,-2928.0,5379.0,3964.0,-1521.0,44696.0
593,-9456.0,-27664.0,29640.0,-2944.0,10178.0,2108.0,-636.0,44702.0
594,-23040.0,-26868.0,28020.0,-2928.0,13174.0,-3408.0,6459.0,44708.0
595,-9704.0,-24552.0,24976.0,-2944.0,16477.0,-7354.0,9951.0,44715.0
596,-10724.0,-22400.0,23412.0,-2912.0,18473.0,-8953.0,6835.0,44721.0
597,-13092.0,-20552.0,22384.0,-2944.0,19306.0,-10151.0,5697.0,44727.0
598,-10112.0,-21472.0,18736.0,-2960.0,20188.0,-11721.0,5997.0,44733.0
599,-6504.0,-21996.0,14108.0,-2960.0,21060.0,-12937.0,5461.0,44739.0
600,-5876.0,-16824.0,1096.0,-2928.0,20433.0,-14585.0,5359.0,44746.0
601,5660.0,18332.0,-32768.0,-2960.0,3336.0,-16654.0,2154.0,44752.0
602,32767.0,-1680.0,-32768.0,-2960.0,-15523.0,-10798.0,-20280.0,44759.0
603,32767.0,-32768.0,-32768.0,-2960.0,9467.0,-32768.0,-25677.0,44765.0
604,30200.0,-32768.0,5316.0,-2928.0,23546.0,-32768.0,3116.0,44771.0
605,1248.0,-32768.0,32767.0,-2928.0,24936.0,-1345.0,9304.0,44777.0
606,-32768.0,-32768.0,32767.0,-2928.0,30193.0,14271.0,16381.0,44783.0
607,-32768.0,-32768.0,32767.0,-2960.0,22292.0,17895.0,19571.0,44790.0
608,-32768.0,-32768.0,-9340.0,-2960.0,16783.0,-1463.0,8843.0,44796.0
609,-18536.0,-32768.0,-20252.0,-2928.0,20721.0,-19083.0,3612.0,44803.0
610,13808.0,-12516.0,-8924.0,-2928.0,25506.0,-27441.0,1191.0,44809.0
611,27068.0,3724.0,1936.0,-2976.0,24761.0,-22518.0,-1714.0,44815.0
612,21268.0,1940.0,3488.0,-2960.0,20382.0,-11591.0,-1049.0,44821.0
613,13736.0,-5700.0,-468.0,-2928.0,16897.0,-3772.0,2173.0,44827.0
614,11172.0,-11164.0,-24.0,-2944.0,16645.0,-1233.0,2208.0,44833.0
615,9496.0,-14580.0,-356.0,-2944.0,17319.0,-470.0,2505.0,44839.0
616,8576.0,-15988.0,824.0,-2960.0,16611.0,2325.0,3053.0,44846.0
617,5416.0,-19460.0,3816.0,-2928.0,15754.0,7287.0,4073.0,44852.0
618,544.0,-18636.0,3100.0,-2928.0,14294.0,10811.0,4111.0,44858.0
619,-3944.0,-16600.0,1220.0,-2976.0,13142.0,10255.0,2251.0,44864.0
620,-5532.0,-15464.0,716.0,-2960.0,12625.0,5962.0,599.0,44870.0
621,-2176.0,-14472.0,844.0,-2928.0,11908.0,586.0,260.0,44876.0
622,2748.0,-13848.0,768.0,-2960.0,10955.0,-1922.0,755.0,44882.0
623,5236.0,-13856.0,524.0,-2928.0,10212.0,-935.0,839.0,44889.0
624,4404.0,-13916.0,1728.0,-2928.0,9408.0,614.0,662.0,44894.0
625,3328.0,-14404.0,2332.0,-2896.0,8493.0,1465.0,602.0,44900.0
626,4032.0,-14688.0,1448.0,-2912.0,7635.0,1976.0,557.0,44906.0
627,5032.0,-14336.0,408.0,-2944.0,7033.0,2357.0,657.0,44912.0
628,5252.0,-14132.0,-212.0,-2944.0,6673.0,2915.0,857.0,44918.0
629,4400.0,-14828.0,-568.0,-2944.0,6396.0,3822.0,874.0,44924.0
630,2224.0,-15880.0,-692.0,-2944.0,6175.0,4567.0,449.0,44930.0
631,788.0,-16532.0,-540.0,-2944.0,5865.0,4518.0,156.0,44936.0
632,172.0,-16728.0,-388.0,-2960.0,5618.0,3377.0,-362.0,44942.0
633,284.0,-16584.0,-260.0,-2928.0,5385.0,1488.0,-752.0,44948.0
634,2016.0,-15924.0,-24.0,-2960.0,5048.0,-520.0,-921.0,44954.0
635,4320.0,-15284.0,168.0,-2944.0,4679.0,-1646.0,-818.0,44959.0
636,6380.0,-15052.0,136.0,-2944.0,4367.0,-1586.0,-539.0,44965.0
637,6976.0,-14996.0,276.0,-2960.0,4075.0,-646.0,-215.0,44972.0
638,6512.0,-15136.0,336.0,-2960.0,3834.0,575.0,100.0,44978.0
639,5684.0,-15476.0,132.0,-2976.0,3611.0,1561.0,354.0,44983.0
640,4784.0,-15880.0,440.0,-2944.0,3461.0,2302.0,461.0,44989.0
641,4016.0,-16144.0,224.0,-2928.0,3372.0,2828.0,441.0,44995.0
642,3472.0,-16452.0,96.0,-2960.0,3346.0,3085.0,392.0,45001.0
643,3028.0,-16496.0,-108.0,-2976.0,3356.0,3108.0,273.0,45006.0
644,2672.0,-16540.0,-216.0,-2992.0,3463.0,2882.0,80.0,45012.0
645,2428.0,-16492.0,-244.0,-2976.0,3541.0,2433.0,-97.0,45019.0
646,2460.0,-16436.0,92.0,-2960.0,3625.0,1858.0,-279.0,45025.0
647,2728.0,-16340.0,364.0,-2960.0,3680.0,1327.0,-426.0,45030.0
648,3304.0,-16284.0,184.0,-2928.0,3740.0,1008.0,-434.0,45036.0
649,3976.0,-16040.0,432.0,-2944.0,3738.0,918.0,-482.0,45042.0
650,4680.0,-15784.0,508.0,-2976.0,3759.0,984.0,-394.0,45048.0
651,5056.0,-15556.0,476.0,-2928.0,3781.0,1146.0,-303.0,45053.0
652,5216.0,-15584.0,532.0,-2992.0,3774.0,1379.0,-151.0,45060.0
653,5056.0,-15852.0,644.0,-2944.0,3818.0,1618.0,-24.0,45066.0
654,4784.0,-15864.0,560.0,-2960.0,3866.0,1781.0,106.0,45072.0
655,4572.0,-15936.0,584.0,-2960.0,3909.0,1896.0,173.0,45078.0
656,4340.0,-16196.0,656.0,-2960.0,3970.0,2040.0,291.0,45083.0
657,4308.0,-16228.0,960.0,-2944.0,4025.0,2175.0,338.0,45089.0
658,4040.0,-16164.0,788.0,-2976.0,4101.0,2353.0,338.0,45095.0
659,3592.0,-16224.0,968.0,-2928.0,4179.0,2302.0,369.0,45102.0
660,3316.0,-16084.0,1120.0,-2992.0,4204.0,2036.0,370.0,45107.0
661,3240.0,-16012.0,1064.0,-2960.0,4263.0,1608.0,320.0,45113.0
662,3672.0,-15648.0,1500.0,-2960.0,4210.0,1254.0,387.0,45119.0
663,3500.0,-15868.0,1416.0,-2960.0,4277.0,1086.0,272.0,45125.0
664,3564.0,-16140.0,1380.0,-2960.0,4314.0,975.0,226.0,45131.0
665,3576.0,-16144.0,1332.0,-2944.0,4342.0,924.0,268.0,45136.0
666,3656.0,-16028.0,1364.0,-2944.0,4329.0,953.0,251.0,45143.0
667,3672.0,-15992.0,1704.0,-2928.0,4344.0,1026.0,193.0,45149.0
668,3740.0,-15964.0,1772.0,-2960.0,4335.0,1056.0,129.0,45155.0
669,3724.0,-15856.0,1748.0,-2960.0,4337.0,1110.0,78.0,45161.0
670,3884.0,-15636.0,1864.0,-2960.0,4361.0,1200.0,0.0,45166.0
671,3780.0,-15568.0,1940.0,-2944.0,4354.0,1288.0,-70.0,45172.0
672,3728.0,-15664.0,2052.0,-2944.0,4390.0,1449.0,-178.0,45178.0
673,3884.0,-15956.0,2164.0,-2944.0,4422.0,1622.0,-229.0,45185.0
674,3936.0,-16308.0,1752.0,-2944.0,4560.0,1874.0,-280.0,45191.0
675,4064.0,-16672.0,1244.0,-2976.0,4821.0,2043.0,-244.0,45196.0
676,3968.0,-16756.0,1072.0,-2944.0,5135.0,2190.0,-234.0,45202.0
677,3564.0,-16880.0,1052.0,-2912.0,5432.0,2177.0,-179.0,45208.0
678,3656.0,-17332.0,1156.0,-2944.0,5741.0,1910.0,-109.0,45214.0
679,4372.0,-17860.0,1484.0,-2944.0,6059.0,1570.0,39.0,45220.0
680,5116.0,-18140.0,988.0,-2944.0,6413.0,1322.0,253.0,45227.0
681,5700.0,-17828.0,836.0,-2944.0,6797.0,1215.0,717.0,45232.0
682,5988.0,-17680.0,1248.0,-2928.0,7155.0,1225.0,1077.0,45238.0
683,6620.0,-17436.0,1576.0,-2944.0,7511.0,1214.0,1426.0,45244.0
684,7188.0,-17240.0,1300.0,-2944.0,7845.0,1309.0,1818.0,45250.0
685,7132.0,-17372.0,1440.0,-2944.0,8194.0,1592.0,2358.0,45256.0
686,6576.0,-17244.0,1432.0,-2928.0,8574.0,1935.0,2783.0,45262.0
687,6256.0,-17140.0,1916.0,-2928.0,8957.0,2075.0,3160.0,45268.0
688,6148.0,-17080.0,1924.0,-2960.0,9307.0,2184.0,3414.0,45274.0
689,6640.0,-17524.0,2712.0,-2944.0,9671.0,2232.0,3666.0,45280.0
690,7240.0,-17756.0,2308.0,-2928.0,9991.0,2389.0,3923.0,45286.0
691,8052.0,-18276.0,2360.0,-2960.0,10381.0,2808.0,4325.0,45292.0
692,8636.0,-18356.0,2080.0,-2944.0,10752.0,3364.0,4563.0,45298.0
693,8892.0,-18948.0,1932.0,-2960.0,11118.0,3972.0,5012.0,45304.0
694,9124.0,-19412.0,2196.0,-2960.0,11463.0,4830.0,5464.0,45310.0
695,8876.0,-20520.0,2404.0,-2944.0,11856.0,5835.0,5971.0,45317.0
696,8776.0,-21580.0,2192.0,-2960.0,12283.0,6880.0,6356.0,45323.0
697,8100.0,-22976.0,1840.0,-2976.0,12779.0,7782.0,6809.0,45329.0
698,7068.0,-24452.0,2424.0,-2928.0,13307.0,8617.0,7545.0,45335.0
699,6480.0,-27220.0,2988.0,-2944.0,13755.0,8634.0,8140.0,45341.0
700,6868.0,-29316.0,2204.0,-2960.0,14360.0,8673.0,8463.0,45346.0
701,6908.0,-29904.0,1244.0,-2944.0,15156.0,9209.0,8472.0,45352.0
702,6472.0,-29672.0,1388.0,-2944.0,16029.0,9958.0,8692.0,45359.0
703,5784.0,-29652.0,1628.0,-2960.0,16882.0,10949.0,9103.0,45365.0
704,5312.0,-30700.0,1248.0,-2928.0,17766.0,11905.0,9323.0,45371.0
705,5764.0,-31960.0,484.0,-2944.0,18745.0,12311.0,9365.0,45377.0
706,6356.0,-32768.0,-128.0,-2960.0,19675.0,12506.0,9029.0,45383.0
707,7352.0,-32768.0,340.0,-2960.0,20255.0,13014.0,8567.0,45389.0
708,7272.0,-32768.0,-1064.0,-2944.0,21015.0,14536.0,8407.0,45395.0
709,8844.0,-32768.0,-4132.0,-2944.0,22284.0,15592.0,8982.0,45402.0
710,6824.0,-32768.0,-4160.0,-2960.0,23015.0,16397.0,9396.0,45408.0
711,6824.0,-32768.0,-7848.0,-2928.0,23416.0,16056.0,10273.0,45414.0
712,7224.0,-32768.0,-12480.0,-2976.0,23333.0,15842.0,10367.0,45420.0
713,7996.0,-31660.0,-18660.0,-2928.0,22558.0,15349.0,10527.0,45426.0
714,8804.0,-28364.0,-21924.0,-2960.0,21294.0,15210.0,10518.0,45432.0
715,7980.0,-25132.0,-22464.0,-2960.0,19685.0,15042.0,10508.0,45438.0
716,6368.0,-21172.0,-22156.0,-2928.0,17648.0,14221.0,10964.0,45445.0
717,4976.0,-16480.0,-20244.0,-2944.0,15288.0,13246.0,11249.0,45452.0
718,3948.0,-12296.0,-17772.0,-2944.0,12724.0,12077.0,11092.0,45458.0
719,3580.0,-8580.0,-11556.0,-2928.0,10638.0,10630.0,10940.0,45464.0
720,3908.0,-7364.0,-2880.0,-2960.0,9163.0,9251.0,10506.0,45470.0
721,3884.0,-9256.0,3116.0,-2976.0,7870.0,8230.0,9885.0,45476.0
722,2788.0,-13252.0,7136.0,-2976.0,6851.0,6861.0,8832.0,45483.0
723,104.0,-18480.0,9224.0,-2976.0,6435.0,4527.0,8020.0,45489.0
724,-744.0,-21276.0,10280.0,-2944.0,6588.0,3401.0,7185.0,45494.0
725,-2180.0,-21372.0,7536.0,-2960.0,7129.0,2978.0,6056.0,45500.0
726,-2492.0,-19520.0,3468.0,-2960.0,7172.0,1064.0,4884.0,45506.0
727,856.0,-15908.0,1400.0,-2976.0,6679.0,-941.0,4650.0,45512.0
728,4376.0,-12080.0,508.0,-2944.0,6960.0,-1639.0,2385.0,45518.0
729,6772.0,-6496.0,1300.0,-2944.0,6247.0,-1170.0,989.0,45524.0
730,6936.0,-1476.0,248.0,-2944.0,4216.0,495.0,315.0,45530.0
731,6080.0,1384.0,-116.0,-2976.0,1862.0,2667.0,96.0,45536.0
732,4444.0,700.0,-1032.0,-2960.0,-411.0,4721.0,-177.0,45542.0
733,3932.0,80.0,-2120.0,-2976.0,-2216.0,6210.0,-607.0,45548.0
734,4012.0,-212.0,-3576.0,-2928.0,-3741.0,7364.0,-1658.0,45553.0
735,3100.0,-496.0,-5352.0,-2992.0,-5321.0,8093.0,-2420.0,45559.0
736,1544.0,-880.0,-6204.0,-2976.0,-6922.0,8550.0,-2880.0,45565.0
737,-556.0,-1784.0,-6732.0,-2944.0,-8308.0,8504.0,-3132.0,45572.0
738,-3072.0,-2472.0,-7588.0,-2928.0,-9528.0,7485.0,-3426.0,45578.0
739,-4632.0,-2416.0,-7836.0,-2960.0,-10741.0,5273.0,-4089.0,45583.0
740,-4892.0,-1464.0,-6760.0,-2944.0,-12033.0,1990.0,-5257.0,45589.0
741,-4776.0,-1204.0,-5780.0,-2960.0,-13284.0,-1765.0,-6444.0,45595.0
742,-4536.0,-852.0,-5320.0,-2944.0,-14557.0,-5679.0,-7631.0,45601.0
743,-3876.0,-844.0,-5416.0,-2928.0,-15996.0,-9051.0,-8551.0,45607.0
744,-2904.0,-1384.0,-5312.0,-2960.0,-17292.0,-11619.0,-8975.0,45614.0
745,-1768.0,-2140.0,-4964.0,-2960.0,-18605.0,-13259.0,-9108.0,45620.0
746,-848.0,-2780.0,-4688.0,-2944.0,-19892.0,-14277.0,-9173.0,45626.0
747,156.0,-3012.0,-4596.0,-2960.0,-21313.0,-14644.0,-9265.0,45632.0
748,608.0,-3336.0,-5408.0,-2944.0,-23056.0,-14612.0,-9349.0,45638.0
749,1008.0,-3704.0,-6068.0,-2960.0,-24952.0,-14450.0,-9468.0,45644.0
750,1372.0,-4620.0,-6396.0,-2944.0,-26774.0,-13948.0,-9525.0,45650.0
751,2016.0,-5756.0,-6756.0,-2960.0,-28486.0,-13051.0,-9524.0,45657.0
752,2924.0,-6544.0,-6988.0,-2960.0,-30152.0,-12172.0,-9654.0,45663.0
753,388.0,-7428.0,-7108.0,-2976.0,-31692.0,-12073.0,-9688.0,45669.0
754,5232.0,-9240.0,-7344.0,-2960.0,-32768.0,-10574.0,-9748.0,45675.0
755,6056.0,-9624.0,-6908.0,-2960.0,-32768.0,-8226.0,-10093.0,45681.0
756,6956.0,-10804.0,-6424.0,-2944.0,-32768.0,-6695.0,-10072.0,45687.0
757,8092.0,-12768.0,-5900.0,-2944.0,-32768.0,-4690.0,-10436.0,45693.0
758,8856.0,-15100.0,-5312.0,-2944.0,-32768.0,-2720.0,-10859.0,45700.0
759,9888.0,-16860.0,-5320.0,-2960.0,-32768.0,-581.0,-11307.0,45706.0
760,10976.0,-17884.0,-4688.0,-2960.0,-32768.0,1535.0,-12031.0,45712.0
761,11120.0,-19480.0,-4000.0,-2928.0,-32768.0,3872.0,-12771.0,45718.0
762,10520.0,-21500.0,-3516.0,-2976.0,-32768.0,6242.0,-13355.0,45724.0
763,9028.0,-23328.0,-3160.0,-2960.0,-32768.0,8192.0,-13896.0,45731.0
764,6596.0,-25444.0,-2132.0,-2944.0,-32768.0,9150.0,-14480.0,45737.0
765,2740.0,-28568.0,-412.0,-2944.0,-32768.0,9177.0,-15119.0,45744.0
766,-980.0,-30728.0,1364.0,-2944.0,-32768.0,7767.0,-15906.0,45750.0
767,-4464.0,-32448.0,3476.0,-2944.0,-32768.0,5179.0,-16650.0,45756.0
768,-7520.0,-32768.0,6092.0,-2960.0,-32768.0,1992.0,-17149.0,45762.0
769,-9728.0,-32768.0,9276.0,-2960.0,-32768.0,-1304.0,-17545.0,45768.0
770,-10472.0,-32768.0,11588.0,-2960.0,-32768.0,-4699.0,-17872.0,45775.0
771,-10128.0,-32768.0,13584.0,-2992.0,-32768.0,-7958.0,-18048.0,45782.0
772,-9220.0,-32768.0,15424.0,-2944.0,-32768.0,-10766.0,-17920.0,45788.0
773,-7944.0,-32768.0,17892.0,-2928.0,-32367.0,-12808.0,-17542.0,45795.0
774,-7524.0,-32768.0,20248.0,-2992.0,-30082.0,-14445.0,-16635.0,45801.0
775,-7056.0,-32768.0,22824.0,-2944.0,-27376.0,-15383.0,-14891.0,45808.0
776,-5980.0,-32768.0,25572.0,-2960.0,-24263.0,-15531.0,-12416.0,45814.0
777,-4752.0,-32768.0,26716.0,-2960.0,-21128.0,-15452.0,-9604.0,45820.0
778,-3416.0,-31172.0,27560.0,-2960.0,-18191.0,-15085.0,-7020.0,45828.0
779,-2068.0,-28344.0,28572.0,-2960.0,-15391.0,-14560.0,-5383.0,45834.0
780,536.0,-26612.0,29588.0,-2928.0,-12685.0,-13926.0,-4828.0,45840.0
781,3968.0,-27148.0,30864.0,-2944.0,-9787.0,-12776.0,-4670.0,45846.0
782,7288.0,-28508.0,32616.0,-2944.0,-6393.0,-10343.0,-4257.0,45853.0
783,9460.0,-28372.0,32767.0,-2960.0,-2828.0,-6111.0,-3225.0,45859.0
784,8404.0,-28220.0,32767.0,-2960.0,593.0,-463.0,-1590.0,45865.0
785,6336.0,-30996.0,32767.0,-2928.0,4412.0,4729.0,-1351.0,45872.0
786,-2988.0,-24976.0,31972.0,-2976.0,6881.0,8129.0,5029.0,45878.0
787,-2236.0,-24688.0,27648.0,-2912.0,10705.0,10066.0,5389.0,45884.0
788,-11644.0,-23556.0,26032.0,-2960.0,13304.0,10533.0,5186.0,45890.0
789,-15148.0,-23520.0,22072.0,-2944.0,15569.0,8335.0,8007.0,45896.0
790,-12720.0,-20540.0,14160.0,-2944.0,16392.0,6150.0,8503.0,45902.0
791,-1964.0,-13464.0,-13120.0,-2976.0,11744.0,4924.0,5770.0,45908.0
792,24112.0,-2616.0,-32768.0,-2992.0,-1903.0,6199.0,-2890.0,45915.0
793,32767.0,-21460.0,-32768.0,-2928.0,-4538.0,573.0,-15497.0,45921.0
794,32767.0,-32768.0,-21984.0,-2976.0,9600.0,-13003.0,-9712.0,45927.0
795,18124.0,-25528.0,-2656.0,-2960.0,16257.0,-9267.0,5223.0,45933.0
796,7084.0,-16376.0,7500.0,-2960.0,13732.0,6019.0,5280.0,45939.0
797,-15376.0,-24716.0,26680.0,-2960.0,13234.0,9701.0,5841.0,45945.0
798,-24376.0,-32768.0,32767.0,-2960.0,16414.0,1240.0,6584.0,45952.0
799,-30584.0,-32768.0,32456.0,-2944.0,20044.0,-9058.0,4272.0,45958.0
800,-26552.0,-26116.0,664.0,-2944.0,16346.0,-15993.0,2743.0,45964.0
801,-8656.0,-19420.0,-9408.0,-2944.0,13057.0,-18224.0,3088.0,45970.0
802,9272.0,-16600.0,-3776.0,-2976.0,12968.0,-14965.0,3280.0,45976.0
803,17752.0,-11972.0,2076.0,-2944.0,13006.0,-10841.0,920.0,45983.0
804,14996.0,-10384.0,3048.0,-2944.0,11892.0,-8608.0,-436.0,45989.0
805,9912.0,-11692.0,1132.0,-2928.0,10619.0,-6313.0,356.0,45996.0
806,7420.0,-11328.0,-1784.0,-2960.0,9557.0,-3454.0,275.0,46001.0
807,5848.0,-12316.0,-1028.0,-2976.0,9101.0,140.0,528.0,46007.0
808,4408.0,-16148.0,716.0,-2960.0,9337.0,4309.0,1061.0,46013.0
809,1220.0,-21204.0,692.0,-2944.0,9884.0,7700.0,937.0,46019.0
810,-1968.0,-21280.0,-712.0,-2944.0,10056.0,8429.0,116.0,46025.0
811,-3844.0,-18568.0,-496.0,-2944.0,9628.0,7054.0,-906.0,46031.0
812,-3184.0,-15980.0,688.0,-2960.0,8750.0,4796.0,-1804.0,46038.0
813,-252.0,-14872.0,236.0,-2928.0,7919.0,2371.0,-2534.0,46043.0
814,2936.0,-14692.0,-588.0,-2960.0,7359.0,339.0,-2879.0,46049.0
815,5364.0,-13720.0,-720.0,-2960.0,6888.0,-833.0,-2617.0,46055.0
816,6632.0,-12640.0,-700.0,-2960.0,6272.0,-496.0,-2185.0,46061.0
817,6244.0,-12436.0,-824.0,-2960.0,5609.0,938.0,-1980.0,46067.0
818,4668.0,-13276.0,-680.0,-2960.0,4974.0,2575.0,-2137.0,46073.0
819,2828.0,-15148.0,-1060.0,-2992.0,4644.0,3402.0,-2490.0,46078.0
820,2036.0,-16332.0,-1312.0,-2944.0,4409.0,3274.0,-2630.0,46085.0
821,1764.0,-16664.0,-1736.0,-2928.0,4273.0,2476.0,-2731.0,46091.0
822,1608.0,-16732.0,-1612.0,-2976.0,4185.0,1335.0,-2953.0,46097.0
823,1592.0,-16748.0,-1220.0,-2976.0,4097.0,72.0,-3061.0,46103.0
824,2472.0,-16932.0,-932.0,-2944.0,4056.0,-884.0,-3234.0,46109.0
825,3440.0,-16728.0,-1244.0,-2960.0,4037.0,-1445.0,-3286.0,46115.0
826,4500.0,-16120.0,-1364.0,-2960.0,4057.0,-1678.0,-3269.0,46121.0
827,4936.0,-15892.0,-1096.0,-2944.0,4022.0,-1467.0,-3071.0,46128.0
828,5348.0,-15552.0,-784.0,-2928.0,3908.0,-911.0,-2914.0,46134.0
829,5748.0,-15368.0,-608.0,-2960.0,3688.0,-147.0,-2739.0,46139.0
830,6448.0,-15124.0,-324.0,-2960.0,3414.0,581.0,-2470.0,46145.0
831,6824.0,-15124.0,-572.0,-2960.0,3136.0,1172.0,-2094.0,46151.0
832,7228.0,-15120.0,-760.0,-2960.0,2917.0,1710.0,-1637.0,46157.0
833,7180.0,-15292.0,-776.0,-2944.0,2783.0,2216.0,-1184.0,46163.0
834,7124.0,-15440.0,-720.0,-2960.0,2688.0,2704.0,-759.0,46170.0
835,6652.0,-15720.0,-812.0,-2960.0,2602.0,3131.0,-399.0,46176.0
836,6108.0,-15760.0,-732.0,-2960.0,2574.0,3591.0,-155.0,46181.0
837,5496.0,-15868.0,-936.0,-2960.0,2575.0,3967.0,17.0,46187.0
838,5076.0,-16056.0,-692.0,-2976.0,2591.0,4225.0,162.0,46193.0
839,5040.0,-16200.0,-680.0,-2944.0,2682.0,4285.0,285.0,46199.0
840,4924.0,-16352.0,-864.0,-2944.0,2790.0,4341.0,415.0,46205.0
841,4880.0,-16276.0,-896.0,-2976.0,2923.0,4331.0,532.0,46211.0
842,4992.0,-16164.0,-904.0,-2960.0,3023.0,4264.0,614.0,46217.0
843,5016.0,-15964.0,-888.0,-2960.0,3151.0,4136.0,734.0,46223.0
844,5044.0,-15880.0,-748.0,-2928.0,3236.0,4008.0,853.0,46229.0
845,5164.0,-15780.0,-452.0,-2960.0,3306.0,3838.0,986.0,46235.0
846,5272.0,-15756.0,-576.0,-2960.0,3348.0,3743.0,1124.0,46241.0
847,5224.0,-15756.0,-520.0,-2928.0,3386.0,3738.0,1247.0,46246.0
848,5272.0,-15712.0,-392.0,-2960.0,3393.0,3769.0,1345.0,46253.0
849,5120.0,-15824.0,-84.0,-2928.0,3445.0,3755.0,1472.0,46259.0
850,4944.0,-15832.0,-116.0,-2960.0,3520.0,3802.0,1535.0,46265.0
851,4744.0,-15836.0,-56.0,-2960.0,3564.0,3874.0,1622.0,46271.0
852,4520.0,-15964.0,140.0,-2992.0,3637.0,3887.0,1656.0,46276.0
853,4044.0,-16032.0,-72.0,-2960.0,3680.0,3789.0,1646.0,46282.0
854,3852.0,-16028.0,136.0,-2928.0,3742.0,3553.0,1616.0,46288.0
855,3588.0,-15920.0,324.0,-2928.0,3760.0,3301.0,1553.0,46295.0
856,3584.0,-16040.0,292.0,-2960.0,3789.0,3048.0,1512.0,46301.0
857,3556.0,-15880.0,572.0,-2928.0,3797.0,2857.0,1445.0,46307.0
858,3628.0,-16068.0,724.0,-2960.0,3784.0,2639.0,1376.0,46312.0
859,3624.0,-15972.0,800.0,-2960.0,3790.0,2476.0,1362.0,46318.0
860,3592.0,-15812.0,868.0,-2960.0,3747.0,2365.0,1326.0,46324.0
861,3768.0,-15892.0,912.0,-2960.0,3714.0,2257.0,1294.0,46330.0
862,3900.0,-15720.0,1036.0,-2992.0,3688.0,2239.0,1300.0,46337.0
863,3984.0,-15888.0,992.0,-2960.0,3689.0,2255.0,1191.0,46343.0
864,3876.0,-15724.0,1096.0,-2960.0,3640.0,2279.0,1121.0,46348.0
865,3788.0,-15788.0,960.0,-2960.0,3636.0,2360.0,1064.0,46354.0
866,3908.0,-15956.0,1164.0,-2960.0,3568.0,2495.0,1025.0,46360.0
867,4016.0,-16016.0,1164.0,-2976.0,3548.0,2601.0,948.0,46366.0
868,3920.0,-15960.0,1256.0,-2944.0,3565.0,2694.0,950.0,46372.0
869,3888.0,-16128.0,1148.0,-2912.0,3620.0,2821.0,903.0,46379.0
870,3888.0,-16180.0,852.0,-2976.0,3707.0,2813.0,913.0,46385.0
871,3880.0,-16272.0,980.0,-2944.0,3834.0,2791.0,900.0,46390.0
872,4080.0,-16152.0,864.0,-2960.0,3958.0,2705.0,957.0,46396.0
873,4040.0,-16236.0,924.0,-2928.0,4094.0,2640.0,1033.0,46402.0
874,4352.0,-16284.0,856.0,-2928.0,4298.0,2584.0,1090.0,46408.0
875,4444.0,-16268.0,720.0,-2960.0,4495.0,2469.0,1231.0,46414.0
876,4772.0,-16476.0,532.0,-2960.0,4725.0,2391.0,1354.0,46419.0
877,5068.0,-16584.0,592.0,-2960.0,4991.0,2278.0,1556.0,46426.0
878,5304.0,-16388.0,876.0,-2928.0,5229.0,2252.0,1787.0,46432.0
879,5276.0,-16312.0,684.0,-2960.0,5453.0,2317.0,2060.0,46438.0
880,5204.0,-16356.0,824.0,-2960.0,5671.0,2363.0,2297.0,46444.0
881,4860.0,-16408.0,1184.0,-2960.0,5864.0,2376.0,2533.0,46449.0
882,4680.0,-16468.0,1300.0,-2960.0,6093.0,2252.0,2720.0,46455.0
883,4512.0,-16404.0,1512.0,-2944.0,6300.0,2030.0,3013.0,46461.0
884,4392.0,-16492.0,1624.0,-2976.0,6496.0,1831.0,3180.0,46468.0
885,4428.0,-16556.0,1600.0,-2928.0,6692.0,1671.0,3403.0,46474.0
886,4456.0,-16472.0,1812.0,-2928.0,6912.0,1505.0,3627.0,46480.0
887,4684.0,-16532.0,1984.0,-2944.0,7097.0,1370.0,3921.0,46486.0
888,5024.0,-16800.0,2000.0,-2976.0,7296.0,1344.0,4199.0,46492.0
889,5124.0,-16976.0,1768.0,-2944.0,7554.0,1416.0,4497.0,46498.0
890,5736.0,-17120.0,1956.0,-2960.0,7732.0,1510.0,4751.0,46503.0
891,6224.0,-17328.0,2048.0,-2960.0,7974.0,1727.0,5057.0,46510.0
892,6580.0,-17424.0,2004.0,-2976.0,8158.0,2162.0,5449.0,46516.0
893,6388.0,-18172.0,2176.0,-2944.0,8477.0,2968.0,5959.0,46522.0
894,7020.0,-17764.0,2092.0,-2944.0,8680.0,3635.0,6240.0,46528.0
895,4940.0,-18632.0,2704.0,-2928.0,8798.0,4172.0,6188.0,46534.0
896,4392.0,-20268.0,3156.0,-2960.0,9058.0,3863.0,6861.0,46540.0
897,4724.0,-20828.0,3328.0,-2944.0,9158.0,3578.0,6942.0,46546.0
898,5628.0,-21724.0,2920.0,-2944.0,9383.0,3408.0,7247.0,46552.0
899,7424.0,-22496.0,3148.0,-2944.0,9782.0,3816.0,7053.0,46558.0
900,9160.0,-21696.0,2672.0,-2960.0,10098.0,4226.0,6511.0,46564.0
901,8300.0,-22412.0,860.0,-2960.0,10248.0,5477.0,6822.0,46570.0
902,5640.0,-24064.0,1700.0,-2944.0,10567.0,7031.0,7793.0,46576.0
903,3580.0,-24520.0,2800.0,-2960.0,10872.0,8277.0,8236.0,46582.0
904,1676.0,-25416.0,2460.0,-2976.0,11407.0,8172.0,8466.0,46588.0
905,1000.0,-26092.0,1820.0,-2960.0,12034.0,7688.0,8626.0,46595.0
906,940.0,-26652.0,944.0,-2976.0,12724.0,7272.0,8220.0,46601.0
907,900.0,-26776.0,584.0,-2976.0,13522.0,6862.0,8004.0,46607.0
908,1104.0,-26756.0,908.0,-2976.0,14112.0,6704.0,8017.0,46612.0
909,980.0,-26988.0,1116.0,-2944.0,14630.0,7038.0,8097.0,46618.0
910,1216.0,-28180.0,1036.0,-2976.0,15250.0,7487.0,8204.0,46624.0
911,1436.0,-29752.0,52.0,-2928.0,16111.0,7699.0,8449.0,46630.0
912,1616.0,-31024.0,-436.0,-2960.0,17060.0,7701.0,8811.0,46637.0
913,1456.0,-30592.0,-1240.0,-2944.0,17889.0,7435.0,9044.0,46643.0
914,1696.0,-29820.0,-2108.0,-2960.0,18497.0,6774.0,9140.0,46649.0
915,2652.0,-29572.0,-2632.0,-2928.0,19032.0,5950.0,9479.0,46655.0
916,3816.0,-28900.0,-2980.0,-2928.0,19541.0,5296.0,9637.0,46661.0
917,4624.0,-27480.0,-4320.0,-2944.0,19701.0,4566.0,9514.0,46667.0
918,5468.0,-25616.0,-6108.0,-2992.0,19447.0,4024.0,9158.0,46672.0
919,6476.0,-23748.0,-8268.0,-2944.0,18829.0,3658.0,8754.0,46679.0
920,7524.0,-21832.0,-10064.0,-2960.0,17895.0,3470.0,8339.0,46685.0
921,8268.0,-19412.0,-11620.0,-2976.0,16560.0,3542.0,7938.0,46691.0
922,8684.0,-16836.0,-12156.0,-2960.0,14959.0,3769.0,7697.0,46697.0
923,8432.0,-13672.0,-11544.0,-2992.0,13082.0,4241.0,7559.0,46703.0
924,8300.0,-11236.0,-10452.0,-2944.0,11102.0,4691.0,7352.0,46709.0
925,8716.0,-8424.0,-8184.0,-2944.0,8857.0,5462.0,7313.0,46715.0
926,9552.0,-7080.0,-3856.0,-2944.0,7058.0,6606.0,7234.0,46722.0
927,10216.0,-8260.0,3384.0,-2912.0,6591.0,8016.0,6815.0,46728.0
928,9224.0,-11624.0,11412.0,-2928.0,8004.0,9492.0,5832.0,46734.0
929,5692.0,-13620.0,13432.0,-2912.0,9583.0,10934.0,4825.0,46740.0
930,1764.0,-11736.0,9780.0,-2992.0,9355.0,11171.0,4007.0,46746.0
931,460.0,-9196.0,6572.0,-2992.0,8050.0,9161.0,2790.0,46752.0
932,2860.0,-7800.0,3184.0,-2960.0,7218.0,7498.0,990.0,46758.0
933,5456.0,-3580.0,-1280.0,-2928.0,4971.0,8237.0,-467.0,46764.0
934,5268.0,-992.0,-4700.0,-2928.0,1694.0,9794.0,-1197.0,46770.0
935,4484.0,-1688.0,-5960.0,-2976.0,-765.0,10609.0,-1825.0,46776.0
936,4156.0,-2872.0,-6824.0,-2960.0,-2507.0,11019.0,-1931.0,46782.0
937,3992.0,-3012.0,-6948.0,-2960.0,-3899.0,11069.0,-1895.0,46788.0
938,2912.0,-3688.0,-6924.0,-2976.0,-5045.0,11138.0,-2180.0,46794.0
939,1080.0,-4344.0,-6352.0,-2928.0,-5766.0,10886.0,-2859.0,46800.0
940,-376.0,-4328.0,-5732.0,-2976.0,-6431.0,10015.0,-3068.0,46807.0
941,-728.0,-3756.0,-5176.0,-2928.0,-7373.0,8555.0,-3837.0,46812.0
942,-1112.0,-3620.0,-4532.0,-2960.0,-8453.0,6632.0,-4815.0,46818.0
943,-1552.0,-3816.0,-3644.0,-2960.0,-9517.0,4358.0,-5936.0,46824.0
944,-1944.0,-3932.0,-3008.0,-2976.0,-10599.0,1818.0,-7203.0,46830.0
945,-2020.0,-4096.0,-2660.0,-2960.0,-11791.0,-758.0,-8443.0,46836.0
946,-1500.0,-4232.0,-2316.0,-2960.0,-13067.0,-2829.0,-9355.0,46842.0
947,-232.0,-4480.0,-2264.0,-2976.0,-14465.0,-4056.0,-10036.0,46849.0
948,1184.0,-5036.0,-2100.0,-2928.0,-15903.0,-4439.0,-10787.0,46855.0
949,2588.0,-5380.0,-3152.0,-2960.0,-17554.0,-4280.0,-11493.0,46861.0
950,3096.0,-5616.0,-3644.0,-2944.0,-19349.0,-3819.0,-12056.0,46867.0
951,4576.0,-7036.0,-4992.0,-2960.0,-20647.0,-3007.0,-12083.0,46873.0
952,4392.0,-7636.0,-4412.0,-2960.0,-22026.0,-2088.0,-12848.0,46879.0
953,3752.0,-8724.0,-4252.0,-2976.0,-23056.0,-1415.0,-12928.0,46885.0
954,3608.0,-9480.0,-3880.0,-2928.0,-24036.0,-690.0,-13032.0,46892.0
955,3620.0,-10404.0,-3324.0,-2944.0,-25013.0,-149.0,-13352.0,46898.0
956,4188.0,-11528.0,-2620.0,-2944.0,-25818.0,373.0,-13617.0,46904.0
957,5324.0,-12508.0,-2592.0,-2960.0,-26645.0,923.0,-13946.0,46910.0
958,6320.0,-13540.0,-2464.0,-2944.0,-27464.0,1821.0,-14363.0,46916.0
959,6800.0,-14788.0,-2744.0,-2944.0,-28329.0,3079.0,-14789.0,46922.0
960,7188.0,-16232.0,-2548.0,-2992.0,-29082.0,4417.0,-15171.0,46928.0
961,6832.0,-18464.0,-1856.0,-2960.0,-29632.0,5763.0,-15566.0,46935.0
962,5920.0,-19976.0,-1204.0,-2960.0,-29872.0,7060.0,-15819.0,46941.0
963,4484.0,-20652.0,-796.0,-2960.0,-29975.0,8083.0,-16118.0,46947.0
964,2844.0,-21276.0,-480.0,-2944.0,-30018.0,8412.0,-16471.0,46953.0
965,1516.0,-22068.0,-268.0,-2960.0,-30006.0,8166.0,-16782.0,46959.0
966,876.0,-23544.0,212.0,-2960.0,-29955.0,7575.0,-17018.0,46965.0
967,1060.0,-24632.0,328.0,-2976.0,-29882.0,6939.0,-17258.0,46971.0
968,1508.0,-25576.0,620.0,-2960.0,-29764.0,6371.0,-17549.0,46978.0
969,1864.0,-26360.0,876.0,-2912.0,-29597.0,5858.0,-18056.0,46984.0
970,1120.0,-27032.0,1164.0,-2944.0,-29391.0,5052.0,-18841.0,46990.0
971,1636.0,-27808.0,1596.0,-2960.0,-29448.0,4132.0,-18241.0,46996.0
972,2456.0,-28952.0,2228.0,-2960.0,-29310.0,3777.0,-19582.0,47002.0
973,1060.0,-30008.0,2804.0,-2960.0,-28961.0,3040.0,-20682.0,47008.0
974,364.0,-30456.0,3628.0,-2976.0,-28588.0,2127.0,-21240.0,47014.0
975,980.0,-30448.0,4008.0,-2960.0,-28320.0,1527.0,-21517.0,47021.0
976,2056.0,-30220.0,4056.0,-2960.0,-28009.0,1497.0,-21538.0,47027.0
977,3848.0,-29540.0,3328.0,-2976.0,-27650.0,2507.0,-21126.0,47033.0
978,5092.0,-28420.0,2344.0,-2944.0,-27416.0,4633.0,-20407.0,47039.0
979,5860.0,-28336.0,2420.0,-2976.0,-27008.0,7112.0,-18930.0,47045.0
980,6104.0,-27952.0,2940.0,-3008.0,-26400.0,10350.0,-17377.0,47051.0
981,5900.0,-26660.0,3916.0,-2944.0,-26092.0,14475.0,-15759.0,47057.0
982,4984.0,-26500.0,4812.0,-2960.0,-25416.0,18424.0,-14634.0,47064.0
983,5348.0,-26980.0,7040.0,-2912.0,-24377.0,21988.0,-11606.0,47070.0
984,3028.0,-28288.0,9744.0,-2912.0,-22747.0,25239.0,-11551.0,47076.0
985,892.0,-28620.0,12308.0,-2928.0,-20875.0,28465.0,-9811.0,47083.0
986,464.0,-28596.0,14932.0,-2960.0,-18930.0,32444.0,-8865.0,47089.0
987,-728.0,-28784.0,16216.0,-2960.0,-16630.0,32767.0,-8259.0,47095.0
988,-3504.0,-28720.0,16612.0,-2960.0,-13906.0,32767.0,-7107.0,47101.0
989,-7320.0,-27960.0,15984.0,-2944.0,-10736.0,32767.0,-5296.0,47108.0
990,-12088.0,-25608.0,14612.0,-2928.0,-7586.0,32767.0,-2843.0,47114.0
991,-16916.0,-22396.0,12852.0,-2928.0,-4855.0,32767.0,-9.0,47121.0
992,-18552.0,-20856.0,11096.0,-2976.0,-2656.0,32767.0,2466.0,47127.0
993,-17612.0,-23168.0,13364.0,-2960.0,494.0,32767.0,3942.0,47133.0
994,-18812.0,-23876.0,11864.0,-2944.0,3590.0,32767.0,4959.0,47139.0
995,-21812.0,-22676.0,8872.0,-2928.0,5836.0,31774.0,6535.0,47145.0
996,-24252.0,-23376.0,6184.0,-2944.0,7639.0,25773.0,7647.0,47152.0
997,-26328.0,-23192.0,1608.0,-2944.0,8953.0,20847.0,7810.0,47158.0
998,-25468.0,-20252.0,-6420.0,-2928.0,8912.0,14989.0,5688.0,47164.0
999,-24244.0,-17096.0,-14320.0,-2928.0,8130.0,5263.0,2835.0,47170.0
1000,-24244.0,-17392.0,-16256.0,-2928.0,7355.0,-7802.0,2514.0,47176.0
1001,-19396.0,-22172.0,-12888.0,-2976.0,7182.0,-18738.0,2595.0,47182.0
1002,-9216.0,-28704.0,-7136.0,-2960.0,7964.0,-26764.0,-49.0,47188.0
1003,984.0,-32768.0,-3692.0,-2928.0,9127.0,-32768.0,-3365.0,47195.0
1004,588.0,-32768.0,-1036.0,-2944.0,10709.0,-32768.0,-2591.0,47201.0
1005,-92.0,-32768.0,4204.0,-2944.0,12253.0,-32768.0,1685.0,47207.0
1006,4140.0,-29372.0,5040.0,-2960.0,12066.0,-25934.0,2476.0,47213.0
1007,8148.0,-20592.0,-64.0,-2976.0,10696.0,-19841.0,1047.0,47219.0
1008,12320.0,-15588.0,-3000.0,-2960.0,9859.0,-17274.0,1349.0,47225.0
1009,19400.0,-12520.0,-3484.0,-2944.0,9433.0,-14914.0,3009.0,47232.0
1010,25616.0,-9580.0,-3568.0,-2976.0,8962.0,-10073.0,4904.0,47238.0
1011,27644.0,-6588.0,-2920.0,-2960.0,8057.0,-1744.0,6743.0,47244.0
1012,22700.0,-6988.0,-1924.0,-2944.0,7095.0,6724.0,7353.0,47250.0
1013,14412.0,-7880.0,-396.0,-2960.0,6283.0,10907.0,7157.0,47256.0
