id,AcX,AcY,AcZ,Tmp,GyX,GyY,GyZ,Timer
0,27168.0,-30708.0,8020.0,-2880.0,15849.0,-6604.0,-1719.0,87914.0
1,27004.0,-32768.0,-6488.0,-2880.0,16694.0,-2349.0,-1005.0,87920.0
2,17068.0,-32768.0,-17132.0,-2896.0,18986.0,6074.0,3840.0,87926.0
3,-1440.0,-29424.0,-21432.0,-2896.0,20286.0,16015.0,10228.0,87932.0
4,-13796.0,-18640.0,-17456.0,-2912.0,20835.0,19655.0,12642.0,87939.0
5,-12040.0,-14128.0,-10488.0,-2912.0,21354.0,14292.0,10696.0,87946.0
6,-5764.0,-11792.0,-4592.0,-2880.0,21079.0,5468.0,7940.0,87952.0
7,-1728.0,-9320.0,-1600.0,-2896.0,20085.0,96.0,6668.0,87958.0
8,1152.0,-5120.0,-696.0,-2928.0,18572.0,-2065.0,5526.0,87964.0
9,4612.0,-172.0,172.0,-2896.0,16080.0,-4002.0,2762.0,87970.0
10,7144.0,-324.0,3088.0,-2928.0,13494.0,-7264.0,359.0,87975.0
11,9600.0,-8268.0,6548.0,-2896.0,12830.0,-9588.0,-913.0,87982.0
12,7364.0,-16324.0,10356.0,-2912.0,13248.0,-8707.0,-942.0,87988.0
13,2888.0,-20628.0,10480.0,-2896.0,13172.0,-5574.0,339.0,87994.0
14,452.0,-22952.0,7288.0,-2848.0,12784.0,-2568.0,1596.0,88000.0
15,1552.0,-23168.0,4200.0,-2864.0,12336.0,-687.0,2408.0,88006.0
16,3588.0,-21932.0,3540.0,-2896.0,12237.0,145.0,2620.0,88012.0
17,6072.0,-19072.0,3124.0,-2912.0,12112.0,541.0,3049.0,88018.0
18,5204.0,-17156.0,2356.0,-2896.0,11675.0,1232.0,3279.0,88025.0
19,3824.0,-15904.0,1364.0,-2912.0,11173.0,1846.0,3367.0,88031.0
20,2400.0,-14920.0,1980.0,-2864.0,10636.0,2241.0,3307.0,88037.0
21,2056.0,-14696.0,2728.0,-2880.0,10062.0,2981.0,3213.0,88043.0
22,2124.0,-15160.0,2948.0,-2896.0,9515.0,3900.0,2904.0,88049.0
23,1700.0,-16148.0,2188.0,-2912.0,9189.0,4395.0,2249.0,88054.0
24,792.0,-16348.0,1600.0,-2896.0,8925.0,4470.0,1695.0,88060.0
25,368.0,-16308.0,1260.0,-2864.0,8647.0,4051.0,1117.0,88067.0
26,432.0,-15760.0,2056.0,-2896.0,8183.0,3379.0,610.0,88073.0
27,764.0,-15712.0,2592.0,-2896.0,7431.0,2892.0,139.0,88079.0
28,1000.0,-15912.0,3100.0,-2896.0,6866.0,2554.0,-260.0,88085.0
29,1672.0,-16404.0,2720.0,-2896.0,6501.0,2389.0,-664.0,88091.0
30,3132.0,-16012.0,2132.0,-2896.0,6200.0,2428.0,-938.0,88097.0
31,5056.0,-15068.0,1584.0,-2880.0,5759.0,2687.0,-967.0,88102.0
32,6308.0,-14444.0,1600.0,-2880.0,5285.0,3093.0,-736.0,88109.0
33,6820.0,-14452.0,1544.0,-2880.0,4804.0,3918.0,-535.0,88115.0
34,6436.0,-14820.0,1576.0,-2912.0,4475.0,4698.0,-247.0,88121.0
35,6052.0,-15780.0,1308.0,-2896.0,4311.0,5211.0,-32.0,88127.0
36,5272.0,-15396.0,1136.0,-2912.0,4191.0,5264.0,46.0,88133.0
37,5032.0,-15388.0,1568.0,-2880.0,3883.0,5190.0,229.0,88138.0
38,4768.0,-16024.0,1128.0,-2896.0,3734.0,5367.0,221.0,88144.0
39,4560.0,-16304.0,988.0,-2880.0,3696.0,5424.0,353.0,88151.0
40,4304.0,-16016.0,1008.0,-2928.0,3556.0,5574.0,469.0,88157.0
41,4316.0,-15872.0,1140.0,-2864.0,3480.0,5510.0,509.0,88163.0
42,4244.0,-15760.0,528.0,-2896.0,3376.0,5422.0,467.0,88168.0
43,4052.0,-15684.0,112.0,-2896.0,3167.0,5266.0,463.0,88174.0
44,3760.0,-15972.0,524.0,-2864.0,2982.0,5080.0,467.0,88180.0
45,3520.0,-16420.0,1004.0,-2928.0,2917.0,4893.0,484.0,88186.0
46,3872.0,-16416.0,840.0,-2880.0,2936.0,4818.0,343.0,88193.0
47,3788.0,-15916.0,836.0,-2912.0,2837.0,4657.0,466.0,88198.0
48,3524.0,-15984.0,972.0,-2880.0,2707.0,4273.0,447.0,88204.0
49,3140.0,-16096.0,1268.0,-2864.0,2642.0,3670.0,362.0,88210.0
50,3448.0,-16064.0,1416.0,-2896.0,2641.0,2922.0,275.0,88216.0
51,3824.0,-16084.0,1280.0,-2896.0,2606.0,2458.0,186.0,88222.0
52,4348.0,-15724.0,1556.0,-2896.0,2530.0,2354.0,147.0,88228.0
53,4168.0,-15880.0,1572.0,-2896.0,2399.0,2459.0,154.0,88233.0
54,32767.0,-22692.0,6436.0,-2896.0,2861.0,18977.0,-3129.0,88240.0
55,9172.0,-14104.0,-796.0,-2896.0,1410.0,24151.0,1844.0,88246.0
56,-32768.0,-18016.0,-7996.0,-2896.0,3899.0,-1359.0,10940.0,88252.0
57,-8004.0,-27372.0,7824.0,-2896.0,6921.0,-4655.0,-5632.0,88258.0
58,12104.0,-16712.0,6928.0,-2912.0,1955.0,-6387.0,-1377.0,88264.0
59,14904.0,-15876.0,360.0,-2896.0,2363.0,133.0,-1991.0,88270.0
60,11088.0,-15596.0,1156.0,-2896.0,2406.0,3247.0,-746.0,88276.0
61,10160.0,-17452.0,272.0,-2912.0,2731.0,5901.0,-1253.0,88283.0
62,6872.0,-16464.0,748.0,-2912.0,2723.0,7259.0,-450.0,88289.0
63,5612.0,-17260.0,964.0,-2912.0,3166.0,7933.0,-580.0,88294.0
64,3716.0,-17364.0,1148.0,-2912.0,3628.0,8259.0,-56.0,88300.0
65,3188.0,-17688.0,1136.0,-2864.0,4282.0,8222.0,12.0,88306.0
66,4368.0,-17440.0,552.0,-2896.0,4908.0,7665.0,90.0,88312.0
67,5232.0,-17608.0,-348.0,-2912.0,5543.0,7278.0,278.0,88318.0
68,5644.0,-17976.0,-632.0,-2896.0,6244.0,7065.0,610.0,88324.0
69,5832.0,-17992.0,36.0,-2896.0,6854.0,6834.0,856.0,88330.0
70,5612.0,-18188.0,416.0,-2880.0,7420.0,6638.0,1122.0,88336.0
71,5252.0,-18364.0,656.0,-2880.0,7924.0,6539.0,1440.0,88342.0
72,4680.0,-18756.0,736.0,-2896.0,8448.0,6508.0,1735.0,88348.0
73,3876.0,-18828.0,1196.0,-2928.0,8850.0,6446.0,2065.0,88353.0
74,2784.0,-19000.0,1588.0,-2864.0,9255.0,6445.0,2472.0,88359.0
75,1996.0,-19288.0,2204.0,-2912.0,9597.0,6268.0,2983.0,88366.0
76,884.0,-19936.0,2316.0,-2912.0,9915.0,5935.0,3449.0,88372.0
77,1024.0,-20492.0,1956.0,-2880.0,10238.0,5562.0,3978.0,88378.0
78,680.0,-20364.0,2296.0,-2896.0,10701.0,5019.0,4281.0,88384.0
79,272.0,-21168.0,2604.0,-2864.0,11066.0,4628.0,4692.0,88390.0
80,-212.0,-21904.0,2240.0,-2912.0,11615.0,4166.0,5215.0,88396.0
81,-872.0,-22032.0,2176.0,-2912.0,12077.0,3582.0,5799.0,88401.0
82,-532.0,-22460.0,2140.0,-2896.0,12606.0,2975.0,6162.0,88408.0
83,-400.0,-22972.0,2120.0,-2912.0,13160.0,2185.0,6615.0,88414.0
84,448.0,-23016.0,2096.0,-2880.0,13582.0,1426.0,7057.0,88420.0
85,1520.0,-23228.0,2164.0,-2928.0,14015.0,1042.0,7411.0,88426.0
86,2328.0,-23600.0,2356.0,-2896.0,14428.0,921.0,7781.0,88432.0
87,2956.0,-23896.0,2296.0,-2880.0,14791.0,1026.0,8193.0,88438.0
88,3236.0,-23856.0,2500.0,-2896.0,15141.0,1237.0,8665.0,88444.0
89,3620.0,-23784.0,2216.0,-2912.0,15502.0,1587.0,9235.0,88451.0
90,4016.0,-23716.0,1940.0,-2896.0,15907.0,1941.0,9835.0,88457.0
91,4684.0,-23716.0,1560.0,-2912.0,16310.0,2258.0,10472.0,88463.0
92,5864.0,-23824.0,1004.0,-2928.0,16793.0,2464.0,11103.0,88469.0
93,7196.0,-23924.0,892.0,-2912.0,17319.0,2690.0,11658.0,88475.0
94,8696.0,-24156.0,1136.0,-2928.0,17921.0,3053.0,12178.0,88481.0
95,9912.0,-24688.0,1324.0,-2912.0,18555.0,3682.0,12753.0,88486.0
96,11216.0,-25608.0,296.0,-2880.0,19281.0,4649.0,13232.0,88493.0
97,12496.0,-26496.0,-324.0,-2928.0,19968.0,5521.0,13714.0,88499.0
98,13440.0,-27720.0,-1584.0,-2912.0,20640.0,6568.0,14156.0,88505.0
99,12340.0,-29296.0,-3064.0,-2912.0,21122.0,7873.0,14938.0,88512.0
100,12260.0,-32768.0,-5416.0,-2880.0,21352.0,7959.0,15748.0,88518.0
101,15088.0,-32768.0,-8656.0,-2912.0,21660.0,7544.0,16063.0,88524.0
102,18104.0,-32768.0,-12020.0,-2912.0,22113.0,7994.0,15887.0,88530.0
103,19324.0,-32768.0,-15444.0,-2912.0,22471.0,8642.0,15367.0,88537.0
104,20020.0,-32768.0,-18892.0,-2896.0,22570.0,8460.0,14555.0,88543.0
105,20136.0,-32768.0,-22848.0,-2896.0,22421.0,9288.0,13757.0,88549.0
106,17868.0,-32768.0,-24384.0,-2896.0,22247.0,10517.0,13523.0,88555.0
107,11532.0,-32688.0,-22908.0,-2880.0,21588.0,12096.0,14071.0,88561.0
108,6600.0,-30688.0,-16948.0,-2896.0,20593.0,13649.0,15210.0,88567.0
109,2220.0,-30308.0,-6280.0,-2896.0,20171.0,14513.0,17950.0,88574.0
110,-52.0,-28448.0,968.0,-2896.0,19422.0,12549.0,19126.0,88581.0
111,-3672.0,-26772.0,2408.0,-2880.0,17936.0,5431.0,17900.0,88587.0
112,-6196.0,-26192.0,-708.0,-2880.0,15632.0,-3884.0,16215.0,88593.0
113,-4888.0,-26324.0,-5676.0,-2928.0,12490.0,-13563.0,13121.0,88599.0
114,-1704.0,-30268.0,-6884.0,-2896.0,10004.0,-20494.0,10329.0,88605.0
115,1528.0,-32768.0,-156.0,-2928.0,10554.0,-24139.0,8640.0,88611.0
116,4320.0,-32768.0,2768.0,-2944.0,13696.0,-23400.0,8228.0,88617.0
117,2752.0,-32768.0,2460.0,-2912.0,17616.0,-20574.0,8165.0,88624.0
118,-964.0,-25432.0,1244.0,-2912.0,19397.0,-21177.0,8743.0,88630.0
119,-2776.0,-16936.0,2040.0,-2896.0,18366.0,-23416.0,9577.0,88636.0
120,-1172.0,-13568.0,1356.0,-2880.0,15439.0,-23415.0,9659.0,88642.0
121,3008.0,-10764.0,-4900.0,-2912.0,11676.0,-22130.0,8403.0,88648.0
122,8488.0,-10304.0,-9284.0,-2912.0,8370.0,-21761.0,6371.0,88654.0
123,13832.0,-8148.0,-14784.0,-2896.0,5598.0,-21122.0,3396.0,88660.0
124,17236.0,-6100.0,-18544.0,-2944.0,2954.0,-20135.0,422.0,88667.0
125,18292.0,-3540.0,-19692.0,-2912.0,406.0,-19290.0,-940.0,88673.0
126,20088.0,-12.0,-17964.0,-2944.0,-2037.0,-17774.0,-1273.0,88679.0
127,20648.0,2068.0,-14764.0,-2896.0,-4231.0,-14541.0,-1791.0,88685.0
128,19196.0,3552.0,-15660.0,-2896.0,-6287.0,-8704.0,-2251.0,88691.0
129,16252.0,4652.0,-11832.0,-2944.0,-8984.0,-3109.0,-2057.0,88697.0
130,13844.0,5968.0,-12328.0,-2944.0,-11654.0,705.0,-2771.0,88704.0
131,11844.0,6804.0,-11720.0,-2928.0,-14587.0,2755.0,-3672.0,88710.0
132,9656.0,6596.0,-11584.0,-2896.0,-17708.0,4343.0,-4377.0,88716.0
133,6660.0,4988.0,-10736.0,-2912.0,-20454.0,5106.0,-4902.0,88722.0
134,3772.0,3288.0,-10456.0,-2928.0,-22878.0,5379.0,-5411.0,88728.0
135,1084.0,1588.0,-10084.0,-2896.0,-25079.0,5129.0,-5949.0,88734.0
136,-760.0,140.0,-9996.0,-2912.0,-27103.0,4509.0,-6478.0,88740.0
137,-1984.0,-1372.0,-10332.0,-2912.0,-28981.0,3622.0,-6974.0,88747.0
138,-2604.0,-2680.0,-10452.0,-2896.0,-30858.0,2766.0,-7378.0,88753.0
139,-2464.0,-3456.0,-10192.0,-2896.0,-32768.0,2399.0,-7692.0,88759.0
140,-2992.0,-4848.0,-11792.0,-2912.0,-32768.0,1233.0,-8092.0,88765.0
141,-2084.0,-6340.0,-11080.0,-2912.0,-32768.0,110.0,-8393.0,88771.0
142,-1368.0,-7556.0,-10832.0,-2896.0,-32768.0,-964.0,-8770.0,88777.0
143,-524.0,-9076.0,-10164.0,-2880.0,-32768.0,-1925.0,-9030.0,88783.0
144,-36.0,-10332.0,-10136.0,-2928.0,-32768.0,-2917.0,-9186.0,88788.0
145,-1560.0,-11732.0,-9108.0,-2880.0,-32768.0,-5190.0,-9107.0,88795.0
146,2128.0,-12880.0,-9280.0,-2896.0,-32768.0,-5138.0,-9903.0,88801.0
147,1708.0,-13716.0,-9376.0,-2944.0,-32768.0,-8020.0,-8765.0,88807.0
148,7028.0,-16076.0,-8840.0,-2880.0,-32768.0,-7237.0,-10790.0,88813.0
149,13720.0,-17448.0,-7208.0,-2912.0,-32768.0,-2825.0,-12112.0,88819.0
150,5944.0,-17952.0,-8224.0,-2912.0,-32768.0,-1820.0,-11426.0,88826.0
151,6036.0,-21816.0,-7036.0,-2928.0,-32768.0,-433.0,-11548.0,88833.0
152,6432.0,-24776.0,-6248.0,-2928.0,-32768.0,538.0,-12262.0,88839.0
153,6064.0,-27864.0,-6104.0,-2912.0,-32768.0,1597.0,-13125.0,88845.0
154,6216.0,-29800.0,-5548.0,-2896.0,-32768.0,3052.0,-13910.0,88851.0
155,5828.0,-32184.0,-5000.0,-2928.0,-32768.0,4269.0,-14511.0,88857.0
156,4488.0,-32768.0,-3428.0,-2880.0,-32768.0,4987.0,-14605.0,88863.0
157,3620.0,-32768.0,-1220.0,-2912.0,-32768.0,5476.0,-14518.0,88869.0
158,3820.0,-32768.0,1536.0,-2896.0,-32768.0,6238.0,-14468.0,88876.0
159,4632.0,-32768.0,5592.0,-2928.0,-32768.0,7289.0,-14473.0,88882.0
160,4444.0,-32768.0,9168.0,-2896.0,-32768.0,8519.0,-14480.0,88888.0
161,3524.0,-32768.0,12500.0,-2912.0,-32768.0,9540.0,-14615.0,88894.0
162,2608.0,-32768.0,15404.0,-2928.0,-32768.0,9883.0,-14812.0,88901.0
163,1360.0,-32768.0,19376.0,-2912.0,-32768.0,9363.0,-14899.0,88907.0
164,260.0,-32768.0,22992.0,-2912.0,-32768.0,8120.0,-14993.0,88913.0
165,-1420.0,-32768.0,25812.0,-2912.0,-32768.0,6498.0,-15336.0,88920.0
166,-3644.0,-32768.0,28696.0,-2928.0,-32768.0,5030.0,-15734.0,88926.0
167,-5860.0,-32768.0,31852.0,-2912.0,-32490.0,4086.0,-15743.0,88932.0
168,-8276.0,-32768.0,32767.0,-2928.0,-29260.0,3242.0,-15132.0,88939.0
169,-11156.0,-32768.0,32767.0,-2896.0,-26172.0,2473.0,-13885.0,88945.0
170,-13756.0,-32768.0,32767.0,-2896.0,-23122.0,1944.0,-12003.0,88951.0
171,-15592.0,-32768.0,32767.0,-2928.0,-19515.0,1130.0,-9877.0,88957.0
172,-15644.0,-32768.0,32767.0,-2912.0,-15386.0,-80.0,-7575.0,88965.0
173,-13456.0,-32768.0,32767.0,-2912.0,-10811.0,-1697.0,-5188.0,88971.0
174,-10336.0,-31816.0,32767.0,-2944.0,-5795.0,-3030.0,-2873.0,88977.0
175,-6960.0,-32472.0,32767.0,-2928.0,-259.0,-3657.0,-1214.0,88983.0
176,-10328.0,-32768.0,32767.0,-2928.0,5361.0,-4360.0,-1057.0,88989.0
177,-8468.0,-30700.0,32767.0,-2912.0,9488.0,-4892.0,4678.0,88996.0
178,-8092.0,-29860.0,32767.0,-2896.0,14011.0,-5314.0,4291.0,89003.0
179,-15652.0,-25360.0,32767.0,-2928.0,16565.0,-6410.0,2723.0,89009.0
180,-18436.0,-24048.0,32767.0,-2912.0,18856.0,-9540.0,4625.0,89015.0
181,-17188.0,-23020.0,29744.0,-2912.0,20744.0,-13077.0,4929.0,89021.0
182,-14704.0,-19976.0,17272.0,-2928.0,20832.0,-17577.0,5619.0,89027.0
183,7464.0,11932.0,-32768.0,-2928.0,7403.0,-21543.0,1559.0,89033.0
184,32767.0,-12140.0,-32768.0,-2912.0,-2931.0,-24519.0,-20435.0,89039.0
185,32767.0,-32768.0,-25352.0,-2944.0,11145.0,-32768.0,-16120.0,89047.0
186,12400.0,-32768.0,12676.0,-2864.0,27432.0,-20322.0,17001.0,89053.0
187,-30832.0,-32768.0,32767.0,-2912.0,31020.0,24067.0,23194.0,89059.0
188,-32768.0,-32768.0,32767.0,-2928.0,32194.0,31662.0,16661.0,89066.0
189,-25628.0,-32768.0,22920.0,-2896.0,28682.0,3561.0,5220.0,89072.0
190,-3256.0,-25452.0,-15892.0,-2928.0,25914.0,-21355.0,-2504.0,89078.0
191,11264.0,-16444.0,-13232.0,-2928.0,28245.0,-26786.0,-534.0,89084.0
192,19280.0,-3548.0,384.0,-2928.0,29943.0,-18568.0,3295.0,89091.0
193,12976.0,12296.0,10512.0,-2928.0,23649.0,-7908.0,676.0,89097.0
194,3632.0,4872.0,9664.0,-2912.0,17695.0,-4037.0,84.0,89103.0
195,3044.0,-6608.0,5980.0,-2912.0,15002.0,-4637.0,612.0,89109.0
196,5352.0,-16040.0,4712.0,-2928.0,14471.0,-5291.0,576.0,89115.0
197,4580.0,-23076.0,3820.0,-2896.0,15170.0,-1799.0,1530.0,89121.0
198,4932.0,-25504.0,4268.0,-2896.0,15864.0,1778.0,2767.0,89127.0
199,5564.0,-25284.0,3608.0,-2912.0,16081.0,3000.0,2663.0,89134.0
200,4488.0,-23356.0,1900.0,-2896.0,15923.0,3754.0,2801.0,89140.0
201,2604.0,-19032.0,1840.0,-2912.0,15625.0,5226.0,3098.0,89146.0
202,-416.0,-16100.0,2880.0,-2928.0,14864.0,7280.0,2385.0,89152.0
203,-3016.0,-13848.0,3588.0,-2944.0,13281.0,7357.0,1132.0,89158.0
204,-2484.0,-12484.0,3084.0,-2928.0,11471.0,5609.0,-79.0,89164.0
205,788.0,-11980.0,1972.0,-2912.0,10074.0,3300.0,-737.0,89170.0
206,4348.0,-12612.0,1120.0,-2912.0,9285.0,2493.0,-638.0,89177.0
207,6252.0,-13288.0,604.0,-2912.0,8581.0,3727.0,-614.0,89182.0
208,5604.0,-13652.0,1064.0,-2912.0,7822.0,5188.0,-705.0,89188.0
209,4880.0,-13896.0,1856.0,-2896.0,6885.0,6645.0,-686.0,89194.0
210,3984.0,-14600.0,2076.0,-2928.0,6059.0,7884.0,-862.0,89200.0
211,2940.0,-15644.0,1720.0,-2912.0,5623.0,8315.0,-1126.0,89206.0
212,2460.0,-16012.0,1640.0,-2944.0,5473.0,7627.0,-1319.0,89212.0
213,2656.0,-15644.0,1208.0,-2928.0,5107.0,6514.0,-1426.0,89219.0
214,3780.0,-15000.0,560.0,-2912.0,4603.0,5434.0,-1505.0,89225.0
215,5148.0,-14976.0,-76.0,-2912.0,4026.0,4551.0,-1354.0,89231.0
216,6576.0,-15048.0,-104.0,-2912.0,3512.0,4356.0,-998.0,89236.0
217,7420.0,-15000.0,-272.0,-2912.0,3019.0,4792.0,-515.0,89242.0
218,7308.0,-15460.0,-616.0,-2944.0,2643.0,5539.0,-77.0,89248.0
219,6452.0,-15916.0,-892.0,-2928.0,2411.0,6329.0,194.0,89254.0
220,5276.0,-16348.0,-820.0,-2928.0,2311.0,6885.0,255.0,89261.0
221,3848.0,-17116.0,-1132.0,-2928.0,2389.0,7133.0,168.0,89266.0
222,2780.0,-17456.0,-1040.0,-2896.0,2571.0,6949.0,-124.0,89272.0
223,1820.0,-17848.0,-808.0,-2928.0,2802.0,6271.0,-499.0,89278.0
224,1496.0,-18284.0,-744.0,-2928.0,3081.0,5142.0,-831.0,89284.0
225,1928.0,-17872.0,-536.0,-2896.0,3286.0,3910.0,-986.0,89290.0
226,3124.0,-17812.0,-484.0,-2912.0,3593.0,3102.0,-1130.0,89295.0
227,4020.0,-17460.0,-336.0,-2896.0,3868.0,2751.0,-1227.0,89302.0
228,4872.0,-16876.0,-480.0,-2928.0,4155.0,2713.0,-1169.0,89308.0
229,5816.0,-16408.0,-172.0,-2928.0,4487.0,3063.0,-1020.0,89314.0
230,6536.0,-15852.0,-448.0,-2960.0,4813.0,3565.0,-922.0,89320.0
231,7148.0,-15396.0,-380.0,-2928.0,5152.0,4031.0,-622.0,89326.0
232,7372.0,-15536.0,-296.0,-2928.0,5497.0,4593.0,-288.0,89332.0
233,7688.0,-15436.0,-164.0,-2928.0,5850.0,5192.0,-184.0,89337.0
234,7812.0,-15364.0,-756.0,-2944.0,6269.0,5596.0,12.0,89344.0
235,8072.0,-15952.0,-760.0,-2944.0,6661.0,5795.0,219.0,89350.0
236,11900.0,-16732.0,-160.0,-2928.0,7019.0,6138.0,-517.0,89356.0
237,14572.0,-13600.0,-2720.0,-2928.0,7178.0,6095.0,-1030.0,89361.0
238,11292.0,-14940.0,-1100.0,-2944.0,7518.0,6874.0,908.0,89367.0
239,10220.0,-15660.0,272.0,-2928.0,7744.0,8699.0,606.0,89373.0
240,8524.0,-15556.0,612.0,-2896.0,8034.0,9016.0,720.0,89379.0
241,7532.0,-16148.0,1000.0,-2960.0,8360.0,9251.0,1521.0,89385.0
242,7016.0,-16452.0,992.0,-2960.0,8597.0,9913.0,1654.0,89392.0
243,6336.0,-16912.0,968.0,-2928.0,8952.0,10327.0,1826.0,89398.0
244,5208.0,-17220.0,1060.0,-2960.0,9308.0,10553.0,2050.0,89404.0
245,3816.0,-17192.0,1280.0,-2928.0,9581.0,10548.0,2230.0,89410.0
246,2124.0,-17524.0,1712.0,-2928.0,9899.0,10493.0,2411.0,89415.0
247,512.0,-18144.0,2148.0,-2944.0,10223.0,10163.0,2566.0,89421.0
248,-1216.0,-18900.0,2584.0,-2928.0,10623.0,9534.0,2925.0,89427.0
249,-2696.0,-19672.0,2568.0,-2944.0,11079.0,8819.0,3336.0,89434.0
250,-3700.0,-19972.0,2484.0,-2928.0,11541.0,7849.0,3684.0,89440.0
251,-3968.0,-20472.0,2716.0,-2912.0,12041.0,6762.0,4185.0,89446.0
252,-3668.0,-21316.0,2808.0,-2928.0,12583.0,5582.0,4524.0,89452.0
253,-3284.0,-21780.0,2340.0,-2896.0,13212.0,4477.0,4855.0,89458.0
254,-2732.0,-22280.0,2096.0,-2928.0,13826.0,3398.0,5148.0,89464.0
255,-2340.0,-22456.0,2296.0,-2912.0,14390.0,2443.0,5478.0,89470.0
256,-1996.0,-23200.0,2792.0,-2928.0,14948.0,1738.0,5890.0,89477.0
257,-1616.0,-23956.0,3000.0,-2912.0,15458.0,1053.0,6328.0,89483.0
258,-656.0,-24464.0,2980.0,-2928.0,15959.0,437.0,6751.0,89489.0
259,196.0,-24848.0,2672.0,-2928.0,16457.0,-27.0,7140.0,89495.0
260,1308.0,-25064.0,2672.0,-2944.0,16911.0,-365.0,7508.0,89500.0
261,2296.0,-25500.0,2564.0,-2960.0,17342.0,-392.0,7979.0,89506.0
262,3432.0,-25800.0,2532.0,-2928.0,17737.0,-162.0,8514.0,89512.0
263,4324.0,-26168.0,2068.0,-2944.0,18211.0,288.0,9155.0,89519.0
264,5560.0,-26316.0,1572.0,-2944.0,18669.0,812.0,9710.0,89525.0
265,7152.0,-26716.0,880.0,-2928.0,19234.0,1391.0,10224.0,89531.0
266,8632.0,-26828.0,416.0,-2928.0,19772.0,2095.0,10745.0,89537.0
267,10672.0,-27344.0,196.0,-2960.0,20385.0,2985.0,11198.0,89543.0
268,11644.0,-28388.0,2436.0,-2944.0,21213.0,4011.0,11670.0,89549.0
269,11088.0,-28628.0,584.0,-2912.0,21713.0,5554.0,12474.0,89555.0
270,11912.0,-29776.0,-452.0,-2928.0,22356.0,6962.0,12563.0,89562.0
271,12368.0,-30276.0,-1364.0,-2944.0,22961.0,8258.0,13048.0,89568.0
272,13716.0,-31152.0,-3928.0,-2944.0,23428.0,9850.0,13208.0,89574.0
273,12912.0,-32288.0,-6976.0,-2944.0,23646.0,11909.0,13631.0,89580.0
274,12640.0,-32768.0,-10756.0,-2944.0,23498.0,12778.0,14170.0,89586.0
275,13004.0,-32768.0,-13832.0,-2896.0,23387.0,12835.0,14652.0,89592.0
276,12848.0,-32768.0,-17340.0,-2944.0,23201.0,12522.0,14827.0,89598.0
277,12884.0,-32768.0,-21616.0,-2912.0,22620.0,11922.0,14944.0,89606.0
278,13504.0,-32768.0,-23572.0,-2928.0,21957.0,11878.0,14455.0,89612.0
279,10324.0,-32768.0,-27248.0,-2944.0,21357.0,11775.0,14340.0,89618.0
280,5204.0,-32768.0,-25504.0,-2928.0,20439.0,9121.0,15041.0,89624.0
281,724.0,-28048.0,-18256.0,-2928.0,19180.0,6417.0,16244.0,89630.0
282,-2028.0,-25184.0,-1888.0,-2944.0,18924.0,3858.0,17739.0,89636.0
283,-1948.0,-23552.0,1492.0,-2944.0,17543.0,92.0,17951.0,89643.0
284,-1236.0,-24804.0,-1944.0,-2912.0,14308.0,-7420.0,15975.0,89649.0
285,1152.0,-31588.0,456.0,-2944.0,12152.0,-16300.0,12823.0,89655.0
286,3884.0,-32768.0,8776.0,-2912.0,14451.0,-23365.0,10612.0,89661.0
287,7072.0,-32768.0,9012.0,-2928.0,17949.0,-24015.0,9320.0,89667.0
288,7028.0,-32768.0,2208.0,-2928.0,20546.0,-23199.0,8963.0,89673.0
289,8460.0,-32768.0,-1088.0,-2928.0,21772.0,-22158.0,8337.0,89679.0
290,9456.0,-23212.0,-6172.0,-2912.0,20508.0,-21553.0,7505.0,89686.0
291,13088.0,-15136.0,-8992.0,-2912.0,16811.0,-20289.0,6509.0,89692.0
292,18216.0,-13452.0,-13312.0,-2944.0,13116.0,-16648.0,4959.0,89698.0
293,19696.0,-12740.0,-17772.0,-2912.0,9932.0,-12822.0,3672.0,89704.0
294,20388.0,-9680.0,-21024.0,-2912.0,7161.0,-10065.0,3019.0,89711.0
295,21004.0,-4704.0,-23392.0,-2912.0,3976.0,-6583.0,2153.0,89717.0
296,19480.0,-876.0,-23904.0,-2928.0,839.0,-2573.0,1275.0,89723.0
297,17340.0,2632.0,-22432.0,-2928.0,-2480.0,1319.0,1299.0,89729.0
298,14868.0,5672.0,-19324.0,-2928.0,-5454.0,5115.0,-324.0,89735.0
299,11100.0,4776.0,-16376.0,-2944.0,-8735.0,8941.0,3478.0,89741.0
300,13044.0,5516.0,-16720.0,-2928.0,-11177.0,12954.0,1408.0,89747.0
301,5844.0,6228.0,-15432.0,-2928.0,-14587.0,14308.0,-2838.0,89753.0
302,192.0,6056.0,-14448.0,-2976.0,-18040.0,13148.0,-2952.0,89759.0
303,-2456.0,4684.0,-13852.0,-2928.0,-21032.0,10663.0,-3001.0,89765.0
304,-4080.0,2620.0,-13476.0,-2928.0,-23676.0,7325.0,-3184.0,89772.0
305,-4516.0,596.0,-13088.0,-2928.0,-25919.0,3967.0,-3976.0,89778.0
306,-4172.0,-1368.0,-12252.0,-2912.0,-27900.0,1131.0,-5102.0,89784.0
307,-3572.0,-2948.0,-11864.0,-2928.0,-29836.0,-1104.0,-6670.0,89790.0
308,-3292.0,-4752.0,-11772.0,-2912.0,-31743.0,-3454.0,-8362.0,89796.0
309,-2792.0,-6336.0,-11332.0,-2928.0,-32768.0,-6247.0,-9753.0,89802.0
310,-1632.0,-7400.0,-10840.0,-2928.0,-32768.0,-8989.0,-10806.0,89808.0
311,-60.0,-7540.0,-10860.0,-2960.0,-32768.0,-11175.0,-11026.0,89815.0
312,2488.0,-7956.0,-10832.0,-2944.0,-32768.0,-12112.0,-10840.0,89821.0
313,4680.0,-9148.0,-11020.0,-2896.0,-32768.0,-11637.0,-10635.0,89827.0
314,6456.0,-11256.0,-10200.0,-2928.0,-32768.0,-10194.0,-10742.0,89834.0
315,5732.0,-13516.0,-8748.0,-2960.0,-32768.0,-9010.0,-10792.0,89840.0
316,5680.0,-14724.0,-8540.0,-2928.0,-32768.0,-8301.0,-10402.0,89846.0
317,6508.0,-15384.0,-8168.0,-2928.0,-32768.0,-6045.0,-11244.0,89852.0
318,2444.0,-16944.0,-7604.0,-2960.0,-32768.0,-6504.0,-10893.0,89859.0
319,9280.0,-19440.0,-7824.0,-2912.0,-32768.0,-5838.0,-11655.0,89865.0
320,9524.0,-20700.0,-7984.0,-2928.0,-32768.0,-3341.0,-13141.0,89871.0
321,5112.0,-23040.0,-6200.0,-2944.0,-32768.0,-2499.0,-12220.0,89877.0
322,4844.0,-25356.0,-6464.0,-2928.0,-32768.0,-1538.0,-12412.0,89883.0
323,4796.0,-28008.0,-5764.0,-2928.0,-32768.0,-967.0,-12781.0,89890.0
324,4856.0,-30588.0,-4640.0,-2928.0,-32768.0,-668.0,-12902.0,89896.0
325,5148.0,-32644.0,-3200.0,-2912.0,-32768.0,-312.0,-13009.0,89903.0
326,6148.0,-32768.0,-2108.0,-2944.0,-32768.0,401.0,-12981.0,89909.0
327,8232.0,-32768.0,0.0,-2944.0,-32768.0,1678.0,-12960.0,89915.0
328,10416.0,-32768.0,2488.0,-2928.0,-32768.0,3362.0,-13065.0,89921.0
329,12224.0,-32768.0,5788.0,-2928.0,-32768.0,5849.0,-13138.0,89927.0
330,13580.0,-32768.0,8684.0,-2928.0,-32768.0,9039.0,-13341.0,89933.0
331,13844.0,-32768.0,12372.0,-2944.0,-32768.0,12201.0,-13658.0,89939.0
332,13492.0,-32768.0,14916.0,-2944.0,-32768.0,14867.0,-13997.0,89947.0
333,11476.0,-32768.0,18280.0,-2944.0,-32768.0,16476.0,-14188.0,89953.0
334,8236.0,-32768.0,21556.0,-2944.0,-32768.0,17159.0,-14221.0,89959.0
335,4472.0,-32768.0,25140.0,-2960.0,-32768.0,16929.0,-14524.0,89966.0
336,392.0,-32768.0,28856.0,-2944.0,-32768.0,16535.0,-14809.0,89972.0
337,-3148.0,-32768.0,32388.0,-2928.0,-32768.0,16475.0,-14737.0,89978.0
