id,AcX,AcY,AcZ,Tmp,GyX,GyY,GyZ,Timer
0,32767.0,-32768.0,-32768.0,-2560.0,13575.0,1620.0,3396.0,2524.0
1,2148.0,-7920.0,-9732.0,-2560.0,15683.0,20036.0,15034.0,2530.0
2,-28920.0,-6676.0,2064.0,-2576.0,10333.0,29845.0,10402.0,2536.0
3,-32768.0,-20268.0,13980.0,-2544.0,9321.0,20110.0,7272.0,2542.0
4,-27904.0,-32768.0,21532.0,-2592.0,12156.0,1428.0,3282.0,2548.0
5,-17048.0,-32768.0,29024.0,-2560.0,15186.0,-8677.0,1497.0,2554.0
6,-7872.0,-20804.0,27636.0,-2576.0,14652.0,-8071.0,-2200.0,2561.0
7,2020.0,-15268.0,8540.0,-2544.0,12228.0,-8637.0,-3986.0,2567.0
8,8460.0,-19692.0,-6676.0,-2576.0,11381.0,-5206.0,-2911.0,2573.0
9,9148.0,-22352.0,-10064.0,-2560.0,12146.0,3494.0,-887.0,2579.0
10,10076.0,-20380.0,-3772.0,-2576.0,13273.0,7642.0,72.0,2585.0
11,9116.0,-20664.0,6612.0,-2592.0,14326.0,7759.0,477.0,2591.0
12,3536.0,-18304.0,7536.0,-2592.0,13838.0,7026.0,404.0,2596.0
13,-688.0,-12920.0,3300.0,-2560.0,12176.0,5552.0,15.0,2603.0
14,184.0,-11208.0,2348.0,-2528.0,11111.0,4439.0,-103.0,2609.0
15,2480.0,-13800.0,1608.0,-2592.0,11084.0,4669.0,187.0,2615.0
16,3984.0,-14676.0,1264.0,-2592.0,10665.0,4695.0,279.0,2621.0
17,5028.0,-14488.0,832.0,-2592.0,10002.0,3992.0,511.0,2627.0
18,3816.0,-14516.0,1272.0,-2544.0,9280.0,2949.0,303.0,2632.0
19,3236.0,-14060.0,2808.0,-2544.0,8317.0,2409.0,587.0,2638.0
20,2256.0,-15352.0,3600.0,-2592.0,7344.0,3295.0,1117.0,2644.0
21,152.0,-16532.0,2148.0,-2592.0,6772.0,3936.0,789.0,2651.0
22,-1164.0,-16324.0,1324.0,-2592.0,6342.0,2516.0,140.0,2656.0
23,116.0,-15100.0,1460.0,-2576.0,5729.0,662.0,-327.0,2662.0
24,2084.0,-15764.0,1600.0,-2528.0,5305.0,233.0,-579.0,2668.0
25,2728.0,-16356.0,1776.0,-2576.0,4951.0,844.0,-681.0,2674.0
26,3080.0,-16024.0,1464.0,-2528.0,4533.0,1335.0,-787.0,2679.0
27,3580.0,-15980.0,752.0,-2560.0,4133.0,1828.0,-725.0,2685.0
28,3684.0,-15808.0,704.0,-2544.0,3791.0,2459.0,-599.0,2692.0
29,3052.0,-15944.0,876.0,-2576.0,3495.0,3131.0,-672.0,2698.0
30,1868.0,-15816.0,812.0,-2560.0,3211.0,3381.0,-820.0,2703.0
31,1768.0,-16048.0,924.0,-2544.0,3020.0,3102.0,-984.0,2709.0
32,2216.0,-16140.0,908.0,-2576.0,2864.0,2750.0,-1072.0,2715.0
33,2732.0,-15988.0,792.0,-2560.0,2746.0,2438.0,-1322.0,2721.0
34,3264.0,-16380.0,664.0,-2560.0,2655.0,2211.0,-1169.0,2726.0
35,3656.0,-16112.0,104.0,-2560.0,2646.0,2082.0,-1270.0,2733.0
36,4280.0,-15728.0,-216.0,-2576.0,2624.0,1810.0,-1104.0,2739.0
37,4960.0,-16188.0,60.0,-2576.0,2622.0,1784.0,-1012.0,2745.0
38,4996.0,-16036.0,48.0,-2592.0,2672.0,1735.0,-875.0,2751.0
39,5016.0,-16056.0,-288.0,-2576.0,2755.0,1954.0,-738.0,2756.0
40,4812.0,-15916.0,-116.0,-2560.0,2901.0,2048.0,-592.0,2762.0
41,4164.0,-15816.0,-120.0,-2592.0,2980.0,2184.0,-608.0,2768.0
42,3700.0,-16212.0,-104.0,-2576.0,3149.0,2016.0,-546.0,2774.0
43,3404.0,-16396.0,-140.0,-2608.0,3347.0,1784.0,-660.0,2780.0
44,2976.0,-16756.0,-396.0,-2592.0,3616.0,1315.0,-710.0,2786.0
45,3340.0,-16880.0,36.0,-2544.0,3818.0,891.0,-753.0,2792.0
46,3780.0,-17004.0,-24.0,-2560.0,4066.0,745.0,-760.0,2797.0
47,4376.0,-17104.0,-424.0,-2592.0,4371.0,725.0,-781.0,2803.0
48,4804.0,-16556.0,-140.0,-2576.0,4591.0,775.0,-657.0,2809.0
49,5592.0,-16812.0,28.0,-2592.0,4831.0,1043.0,-669.0,2814.0
50,5640.0,-16812.0,-240.0,-2576.0,5166.0,1312.0,-511.0,2821.0
51,5476.0,-16744.0,-156.0,-2560.0,5424.0,1561.0,-410.0,2827.0
52,5880.0,-16832.0,-100.0,-2592.0,5678.0,1773.0,-362.0,2833.0
53,6240.0,-16960.0,-16.0,-2576.0,5983.0,2030.0,-296.0,2838.0
54,6464.0,-17312.0,-300.0,-2560.0,6296.0,2440.0,-134.0,2844.0
55,6540.0,-17256.0,-388.0,-2544.0,6590.0,2807.0,-26.0,2850.0
56,6740.0,-17784.0,-348.0,-2592.0,6882.0,3298.0,41.0,2855.0
57,7052.0,-17556.0,-648.0,-2544.0,7298.0,3791.0,16.0,2862.0
58,6856.0,-18104.0,-812.0,-2592.0,7614.0,4352.0,271.0,2868.0
59,7236.0,-18316.0,-532.0,-2544.0,7980.0,4864.0,182.0,2874.0
60,8536.0,-18672.0,252.0,-2576.0,8229.0,5565.0,64.0,2879.0
61,10360.0,-19056.0,-12.0,-2576.0,8453.0,6478.0,-133.0,2885.0
62,11036.0,-18928.0,68.0,-2560.0,8666.0,7897.0,-113.0,2891.0
63,10116.0,-18652.0,80.0,-2592.0,8850.0,9435.0,-172.0,2896.0
64,8344.0,-19056.0,1068.0,-2576.0,8987.0,10768.0,87.0,2903.0
65,5792.0,-19532.0,1820.0,-2560.0,9416.0,11801.0,522.0,2909.0
66,2864.0,-19272.0,1776.0,-2592.0,9938.0,12334.0,887.0,2915.0
67,-88.0,-19160.0,2020.0,-2560.0,10379.0,12145.0,1429.0,2921.0
68,-2440.0,-19960.0,2760.0,-2544.0,10852.0,11616.0,2084.0,2926.0
69,-3708.0,-20800.0,3216.0,-2576.0,11353.0,10740.0,2387.0,2932.0
70,-4720.0,-21272.0,3604.0,-2560.0,11843.0,9623.0,3075.0,2938.0
71,-4892.0,-21908.0,3464.0,-2608.0,12313.0,8464.0,3440.0,2945.0
72,-4328.0,-22532.0,2756.0,-2576.0,12827.0,7250.0,3903.0,2951.0
73,-3420.0,-23320.0,2336.0,-2560.0,13542.0,6027.0,4357.0,2957.0
74,-2452.0,-23724.0,1980.0,-2624.0,14110.0,4875.0,4816.0,2963.0
75,-1296.0,-23760.0,1684.0,-2544.0,14574.0,3822.0,5355.0,2969.0
76,-232.0,-24100.0,1388.0,-2576.0,15028.0,3277.0,5755.0,2975.0
77,380.0,-24756.0,1036.0,-2592.0,15515.0,2863.0,6124.0,2980.0
78,1124.0,-25420.0,992.0,-2560.0,15974.0,2687.0,6710.0,2987.0
79,1448.0,-25656.0,796.0,-2560.0,16327.0,2732.0,7180.0,2993.0
80,1816.0,-26064.0,752.0,-2592.0,16625.0,2762.0,7794.0,2999.0
81,2216.0,-26292.0,740.0,-2592.0,16989.0,2908.0,8462.0,3005.0
82,2408.0,-26192.0,408.0,-2560.0,17326.0,2998.0,9038.0,3011.0
83,3328.0,-26084.0,-184.0,-2592.0,17657.0,2822.0,9732.0,3016.0
84,5172.0,-26128.0,-404.0,-2560.0,18054.0,2771.0,10378.0,3022.0
85,7252.0,-26380.0,-764.0,-2592.0,18431.0,3092.0,10897.0,3028.0
86,9160.0,-27248.0,112.0,-2576.0,19027.0,3768.0,11489.0,3035.0
87,10296.0,-28008.0,-1556.0,-2576.0,19438.0,5236.0,12220.0,3041.0
88,12140.0,-29432.0,-3208.0,-2560.0,20000.0,6657.0,12717.0,3047.0
89,13708.0,-30480.0,-5260.0,-2592.0,20577.0,8372.0,13387.0,3053.0
90,14628.0,-31892.0,-7552.0,-2608.0,21133.0,9999.0,13841.0,3059.0
91,11340.0,-32768.0,-10296.0,-2544.0,21436.0,11958.0,15007.0,3065.0
92,8176.0,-32768.0,-12736.0,-2608.0,21399.0,11112.0,16236.0,3072.0
93,7468.0,-32768.0,-17124.0,-2608.0,21358.0,9335.0,17186.0,3078.0
94,10704.0,-32768.0,-21700.0,-2624.0,21277.0,7839.0,17048.0,3084.0
95,15416.0,-32768.0,-25304.0,-2592.0,21310.0,6483.0,16217.0,3090.0
96,16468.0,-32768.0,-28672.0,-2560.0,21082.0,5728.0,15213.0,3096.0
97,13756.0,-32768.0,-27956.0,-2592.0,20547.0,5316.0,14626.0,3102.0
98,8584.0,-32768.0,-20624.0,-2560.0,20250.0,5061.0,14697.0,3108.0
99,3776.0,-32768.0,-5372.0,-2592.0,21133.0,4209.0,15576.0,3115.0
100,-816.0,-32768.0,3244.0,-2576.0,21196.0,3098.0,16954.0,3121.0
101,-3064.0,-32768.0,3460.0,-2560.0,19832.0,-886.0,16986.0,3127.0
102,-2508.0,-32768.0,-2748.0,-2560.0,17359.0,-8605.0,15597.0,3133.0
103,840.0,-32132.0,-7460.0,-2544.0,15202.0,-16762.0,13132.0,3139.0
104,4776.0,-32768.0,-3032.0,-2592.0,14912.0,-22351.0,10405.0,3145.0
105,7440.0,-32768.0,-1204.0,-2592.0,16266.0,-23465.0,9238.0,3151.0
106,8308.0,-32768.0,-1788.0,-2608.0,18177.0,-19863.0,9175.0,3158.0
107,7140.0,-32256.0,-416.0,-2560.0,19928.0,-15831.0,9809.0,3164.0
108,4596.0,-22872.0,-3044.0,-2608.0,20027.0,-14959.0,10655.0,3170.0
109,5076.0,-14188.0,-7512.0,-2608.0,17051.0,-14674.0,10859.0,3176.0
110,8412.0,-9744.0,-9380.0,-2576.0,13291.0,-13355.0,8919.0,3182.0
111,10184.0,-7780.0,-12880.0,-2560.0,9930.0,-12643.0,6669.0,3188.0
112,11968.0,-6032.0,-16840.0,-2576.0,7203.0,-11538.0,5037.0,3194.0
113,12896.0,-3808.0,-20784.0,-2592.0,4664.0,-10007.0,3665.0,3201.0
114,13360.0,-456.0,-20184.0,-2576.0,1809.0,-10201.0,2761.0,3207.0
115,15768.0,2940.0,-18156.0,-2592.0,-1184.0,-9764.0,2207.0,3213.0
116,17388.0,4404.0,-15356.0,-2576.0,-3977.0,-6971.0,1629.0,3219.0
117,17492.0,4272.0,-12784.0,-2576.0,-6336.0,-2956.0,1310.0,3225.0
118,16140.0,3784.0,-10928.0,-2592.0,-8661.0,1117.0,795.0,3230.0
119,14580.0,3812.0,-9852.0,-2608.0,-11182.0,3757.0,-237.0,3236.0
120,13272.0,3348.0,-9420.0,-2608.0,-13666.0,5097.0,-1213.0,3243.0
121,11796.0,2644.0,-8868.0,-2576.0,-16005.0,5519.0,-2254.0,3249.0
122,10132.0,2208.0,-8652.0,-2592.0,-18307.0,5085.0,-3169.0,3255.0
123,8056.0,1712.0,-9228.0,-2576.0,-20601.0,4120.0,-3930.0,3261.0
124,6588.0,1132.0,-10356.0,-2576.0,-22872.0,3126.0,-4682.0,3267.0
125,5856.0,-12.0,-11708.0,-2560.0,-25069.0,2103.0,-5499.0,3273.0
126,5808.0,-1572.0,-12712.0,-2560.0,-26962.0,1075.0,-6390.0,3278.0
127,6248.0,-2980.0,-13404.0,-2576.0,-28810.0,471.0,-7198.0,3284.0
128,6088.0,-4724.0,-13548.0,-2608.0,-30369.0,-662.0,-8022.0,3291.0
129,5828.0,-6924.0,-12552.0,-2592.0,-31724.0,-1407.0,-8322.0,3297.0
130,5096.0,-8320.0,-11236.0,-2576.0,-32768.0,-1610.0,-8347.0,3303.0
131,4236.0,-9496.0,-10560.0,-2576.0,-32768.0,-1459.0,-8327.0,3309.0
132,3000.0,-11048.0,-9656.0,-2576.0,-32768.0,-793.0,-8378.0,3315.0
133,1916.0,-12584.0,-8524.0,-2576.0,-32768.0,-145.0,-8639.0,3321.0
134,592.0,-14328.0,-7880.0,-2592.0,-32768.0,3.0,-9145.0,3328.0
135,92.0,-15668.0,-7092.0,-2576.0,-32768.0,-276.0,-9664.0,3333.0
136,-368.0,-16832.0,-6764.0,-2608.0,-32768.0,-1196.0,-10276.0,3339.0
137,-328.0,-18108.0,-5544.0,-2592.0,-32768.0,-2543.0,-10719.0,3345.0
138,-84.0,-19244.0,-4580.0,-2576.0,-32768.0,-3956.0,-11019.0,3351.0
139,892.0,-20328.0,-4216.0,-2576.0,-32768.0,-5194.0,-11301.0,3357.0
140,2200.0,-21416.0,-4744.0,-2592.0,-32768.0,-6224.0,-11752.0,3363.0
141,3908.0,-23012.0,-5136.0,-2592.0,-32768.0,-6841.0,-12331.0,3369.0
142,5600.0,-24656.0,-5096.0,-2608.0,-32768.0,-6999.0,-12629.0,3376.0
143,7744.0,-26604.0,-4704.0,-2608.0,-32768.0,-6644.0,-12998.0,3382.0
144,9560.0,-28508.0,-4112.0,-2592.0,-32768.0,-5671.0,-13196.0,3388.0
145,10852.0,-30448.0,-3240.0,-2576.0,-32768.0,-3958.0,-13442.0,3394.0
146,11540.0,-32444.0,-2840.0,-2608.0,-32768.0,-1753.0,-13952.0,3400.0
147,11612.0,-32768.0,-2640.0,-2576.0,-32768.0,547.0,-14574.0,3406.0
148,10660.0,-32768.0,-1688.0,-2592.0,-32768.0,2629.0,-15129.0,3412.0
149,8396.0,-32768.0,416.0,-2624.0,-32768.0,4389.0,-15442.0,3419.0
150,5496.0,-32768.0,3252.0,-2592.0,-32768.0,5641.0,-15554.0,3425.0
151,3308.0,-32768.0,5744.0,-2592.0,-32768.0,6755.0,-15670.0,3431.0
152,1800.0,-32768.0,8972.0,-2576.0,-32768.0,7434.0,-15716.0,3437.0
153,556.0,-32768.0,12716.0,-2560.0,-32768.0,7785.0,-15677.0,3443.0
154,-564.0,-32768.0,16400.0,-2576.0,-32768.0,8007.0,-15473.0,3449.0
155,-844.0,-32768.0,19392.0,-2608.0,-32768.0,7907.0,-15311.0,3456.0
156,-924.0,-32768.0,22028.0,-2592.0,-32768.0,7470.0,-15099.0,3462.0
157,-1876.0,-32768.0,25448.0,-2624.0,-32768.0,6714.0,-14754.0,3468.0
158,-4308.0,-32768.0,29536.0,-2592.0,-32768.0,6465.0,-14290.0,3474.0
159,-7488.0,-32768.0,32767.0,-2576.0,-30788.0,6520.0,-14023.0,3480.0
160,-11784.0,-32768.0,32767.0,-2640.0,-27481.0,6245.0,-13823.0,3486.0
161,-15516.0,-32768.0,32767.0,-2608.0,-23785.0,4978.0,-13060.0,3492.0
162,-18124.0,-32768.0,32767.0,-2592.0,-19335.0,2728.0,-11157.0,3499.0
163,-18812.0,-32768.0,32767.0,-2608.0,-14280.0,362.0,-8405.0,3505.0
164,-17324.0,-32768.0,32767.0,-2576.0,-9038.0,-1431.0,-5431.0,3511.0
165,-14624.0,-32768.0,32767.0,-2592.0,-3521.0,-2425.0,-2625.0,3518.0
166,-11504.0,-32768.0,32767.0,-2624.0,1807.0,-2455.0,-272.0,3524.0
167,-10752.0,-32768.0,32767.0,-2592.0,6737.0,-1916.0,1558.0,3530.0
168,-12224.0,-31148.0,32767.0,-2608.0,10981.0,-1823.0,2883.0,3536.0
169,-17576.0,-32768.0,32767.0,-2608.0,15204.0,-3106.0,3573.0,3543.0
170,-14304.0,-29748.0,32767.0,-2608.0,18355.0,-4862.0,1176.0,3549.0
171,-22172.0,-27308.0,32767.0,-2576.0,20020.0,-9140.0,9705.0,3555.0
172,-8804.0,-25252.0,32428.0,-2608.0,22530.0,-11522.0,9251.0,3561.0
173,-11476.0,-21840.0,26824.0,-2576.0,23360.0,-13350.0,6184.0,3567.0
174,-8068.0,-8336.0,3012.0,-2576.0,19944.0,-17039.0,5829.0,3573.0
175,32767.0,7104.0,-32768.0,-2592.0,-4030.0,-20070.0,-10223.0,3579.0
176,32767.0,-32768.0,-32768.0,-2592.0,1963.0,-32768.0,-32259.0,3586.0
177,16344.0,-32768.0,7788.0,-2592.0,29341.0,-29634.0,11367.0,3592.0
178,-27616.0,-32768.0,32767.0,-2608.0,30793.0,21470.0,32081.0,3598.0
179,-32768.0,-32768.0,32767.0,-2592.0,28495.0,32767.0,18322.0,3605.0
180,-32768.0,-32768.0,32767.0,-2640.0,27852.0,6080.0,5766.0,3611.0
181,-22216.0,-29300.0,-13544.0,-2608.0,25476.0,-18611.0,1377.0,3617.0
182,12932.0,4748.0,-22004.0,-2624.0,23070.0,-20742.0,397.0,3623.0
183,25416.0,16640.0,-524.0,-2608.0,20825.0,-11079.0,-1663.0,3630.0
184,20452.0,7036.0,21548.0,-2592.0,18385.0,-3076.0,-4898.0,3636.0
185,12004.0,-18780.0,23448.0,-2608.0,18113.0,846.0,-5513.0,3642.0
186,10124.0,-26432.0,11332.0,-2608.0,17274.0,-1541.0,-4165.0,3648.0
187,6684.0,-26012.0,384.0,-2592.0,16816.0,-3739.0,-1437.0,3654.0
188,6224.0,-22592.0,2816.0,-2608.0,17298.0,-2449.0,2046.0,3660.0
189,9556.0,-18356.0,3424.0,-2608.0,17222.0,-1187.0,2600.0,3666.0
190,9320.0,-18580.0,3320.0,-2592.0,16637.0,2906.0,3159.0,3673.0
191,4312.0,-18724.0,4032.0,-2608.0,15868.0,8127.0,3167.0,3678.0
192,612.0,-15948.0,2832.0,-2592.0,14599.0,9530.0,1291.0,3684.0
193,-856.0,-11980.0,2564.0,-2592.0,13102.0,7377.0,-57.0,3690.0
194,-156.0,-10452.0,2984.0,-2624.0,11333.0,4795.0,290.0,3696.0
195,1960.0,-13048.0,2024.0,-2592.0,9951.0,5039.0,784.0,3702.0
196,3524.0,-14644.0,620.0,-2592.0,9131.0,6300.0,156.0,3708.0
197,3688.0,-13540.0,488.0,-2608.0,8355.0,6355.0,-471.0,3714.0
198,3632.0,-13304.0,0.0,-2608.0,7602.0,5782.0,-370.0,3720.0
199,2908.0,-14868.0,-276.0,-2624.0,7162.0,6084.0,-325.0,3726.0
200,896.0,-16980.0,-496.0,-2608.0,6942.0,6064.0,-623.0,3732.0
201,-588.0,-17808.0,-624.0,-2608.0,6884.0,4930.0,-978.0,3737.0
202,224.0,-17024.0,40.0,-2592.0,6674.0,3328.0,-1271.0,3743.0
203,2900.0,-16056.0,192.0,-2608.0,6352.0,2059.0,-1569.0,3749.0
204,6812.0,-15824.0,-196.0,-2608.0,6057.0,1730.0,-1461.0,3756.0
205,9108.0,-15700.0,-688.0,-2576.0,5838.0,2481.0,-1030.0,3761.0
206,8780.0,-15480.0,-692.0,-2608.0,5591.0,3567.0,-621.0,3767.0
207,7136.0,-15588.0,-184.0,-2624.0,5446.0,4217.0,-216.0,3773.0
208,5688.0,-15624.0,-40.0,-2592.0,5356.0,4644.0,137.0,3779.0
209,4708.0,-15764.0,52.0,-2576.0,5404.0,5051.0,137.0,3784.0
210,3748.0,-16372.0,-288.0,-2624.0,5565.0,5256.0,51.0,3790.0
211,3632.0,-17020.0,-532.0,-2592.0,5859.0,5101.0,-120.0,3796.0
212,3836.0,-17100.0,-1024.0,-2592.0,6182.0,4630.0,-284.0,3803.0
213,4740.0,-16884.0,-1100.0,-2608.0,6406.0,4276.0,-313.0,3808.0
214,4888.0,-17312.0,-1128.0,-2608.0,6633.0,4036.0,-441.0,3814.0
215,4220.0,-17176.0,-1336.0,-2608.0,6914.0,3562.0,-363.0,3820.0
216,3816.0,-17144.0,-1112.0,-2608.0,7200.0,2933.0,-365.0,3826.0
217,5152.0,-17124.0,-1280.0,-2608.0,7357.0,2450.0,-741.0,3832.0
218,9532.0,-15684.0,-2136.0,-2592.0,7454.0,2262.0,-1687.0,3837.0
219,12312.0,-14272.0,-2248.0,-2608.0,7599.0,2560.0,-1732.0,3844.0
220,10584.0,-14860.0,-452.0,-2608.0,7748.0,3963.0,-522.0,3850.0
221,9168.0,-15448.0,1128.0,-2608.0,7914.0,5899.0,37.0,3856.0
222,7336.0,-14716.0,1516.0,-2608.0,8055.0,7297.0,205.0,3862.0
223,4708.0,-15892.0,1756.0,-2624.0,8336.0,7370.0,710.0,3867.0
224,4504.0,-15780.0,1692.0,-2608.0,8559.0,7209.0,970.0,3873.0
225,4472.0,-15912.0,1720.0,-2576.0,8719.0,7023.0,1116.0,3879.0
226,4600.0,-16448.0,1616.0,-2608.0,8845.0,6739.0,1236.0,3886.0
227,4628.0,-17248.0,1672.0,-2576.0,8991.0,6437.0,1362.0,3892.0
228,4728.0,-17392.0,1364.0,-2608.0,9132.0,6235.0,1392.0,3897.0
229,4660.0,-17824.0,1252.0,-2608.0,9340.0,5986.0,1468.0,3903.0
230,4608.0,-17928.0,1176.0,-2576.0,9553.0,5934.0,1442.0,3909.0
231,4640.0,-18224.0,1376.0,-2608.0,9786.0,6153.0,1458.0,3915.0
232,4176.0,-18516.0,1636.0,-2608.0,10060.0,6653.0,1679.0,3921.0
233,3116.0,-19312.0,1480.0,-2592.0,10454.0,7230.0,1982.0,3928.0
234,1852.0,-19480.0,1488.0,-2608.0,10894.0,7537.0,2215.0,3934.0
235,676.0,-19784.0,1752.0,-2640.0,11327.0,7447.0,2400.0,3939.0
236,-184.0,-20352.0,1768.0,-2640.0,11864.0,7092.0,2572.0,3945.0
237,-1016.0,-20592.0,2036.0,-2608.0,12388.0,6643.0,2743.0,3951.0
238,-1716.0,-20700.0,2372.0,-2592.0,12827.0,6061.0,3005.0,3957.0
239,-2084.0,-21128.0,2404.0,-2656.0,13257.0,5384.0,3282.0,3963.0
240,-1672.0,-21668.0,3180.0,-2608.0,13579.0,4623.0,3620.0,3970.0
241,-760.0,-22208.0,3028.0,-2608.0,14101.0,4040.0,3907.0,3976.0
242,260.0,-22404.0,2836.0,-2608.0,14497.0,3562.0,4154.0,3982.0
243,1320.0,-22664.0,2912.0,-2608.0,14915.0,3301.0,4417.0,3987.0
244,2492.0,-22760.0,2844.0,-2592.0,15281.0,3345.0,4802.0,3993.0
245,3536.0,-23060.0,2588.0,-2592.0,15711.0,3671.0,5250.0,3999.0
246,4012.0,-23328.0,2148.0,-2608.0,16195.0,4165.0,5725.0,4005.0
247,4432.0,-23684.0,1720.0,-2608.0,16666.0,4527.0,6171.0,4012.0
248,4360.0,-24136.0,1912.0,-2608.0,17201.0,4478.0,6675.0,4018.0
249,5452.0,-24480.0,1648.0,-2624.0,17700.0,4586.0,7204.0,4024.0
250,6288.0,-25156.0,1536.0,-2592.0,18198.0,5038.0,7716.0,4029.0
251,6896.0,-25972.0,1356.0,-2608.0,18745.0,5442.0,8433.0,4035.0
252,7968.0,-26224.0,1124.0,-2608.0,19241.0,5877.0,9166.0,4041.0
253,9596.0,-27500.0,2436.0,-2640.0,20046.0,6501.0,9755.0,4047.0
254,10572.0,-28208.0,1516.0,-2624.0,20696.0,7613.0,10544.0,4054.0
255,12424.0,-29388.0,376.0,-2608.0,21499.0,8820.0,10936.0,4060.0
256,13928.0,-30312.0,-1124.0,-2592.0,22280.0,10407.0,11675.0,4066.0
257,15772.0,-31296.0,-3616.0,-2624.0,22970.0,12401.0,12057.0,4072.0
258,17400.0,-32768.0,-6872.0,-2624.0,23505.0,14401.0,12248.0,4078.0
259,17716.0,-32768.0,-9960.0,-2608.0,23997.0,17094.0,12569.0,4084.0
260,13140.0,-32768.0,-13084.0,-2624.0,24144.0,18899.0,13786.0,4090.0
261,10416.0,-32768.0,-16072.0,-2592.0,24183.0,18305.0,14892.0,4097.0
262,9692.0,-32768.0,-21008.0,-2592.0,24066.0,17890.0,15727.0,4103.0
263,10688.0,-32768.0,-26916.0,-2624.0,24010.0,17919.0,15853.0,4109.0
264,9128.0,-32768.0,-31092.0,-2624.0,24068.0,16828.0,15277.0,4115.0
265,4192.0,-32768.0,-30276.0,-2592.0,23922.0,14196.0,15177.0,4122.0
266,-648.0,-32768.0,-26468.0,-2624.0,23281.0,11173.0,15788.0,4128.0
267,-2876.0,-32768.0,-11508.0,-2624.0,23280.0,7190.0,16606.0,4134.0
268,-3144.0,-32768.0,1940.0,-2592.0,23279.0,3013.0,18229.0,4141.0
269,-2808.0,-32768.0,3516.0,-2608.0,22073.0,-3275.0,17090.0,4147.0
270,-3700.0,-32768.0,-1924.0,-2592.0,19817.0,-12750.0,15696.0,4153.0
271,-132.0,-30388.0,-8556.0,-2592.0,17073.0,-23016.0,12954.0,4159.0
272,5056.0,-29640.0,-12344.0,-2608.0,14856.0,-29860.0,9342.0,4165.0
273,9744.0,-32768.0,-6480.0,-2640.0,15490.0,-30677.0,7226.0,4171.0
274,12220.0,-32768.0,-3164.0,-2592.0,17937.0,-26725.0,6647.0,4177.0
275,12972.0,-32768.0,-4836.0,-2624.0,19236.0,-21694.0,7321.0,4184.0
276,14268.0,-22892.0,-8320.0,-2624.0,18523.0,-17880.0,8236.0,4190.0
277,16844.0,-13584.0,-8656.0,-2608.0,15692.0,-15027.0,7656.0,4196.0
278,19016.0,-8880.0,-10608.0,-2640.0,11819.0,-10591.0,6637.0,4202.0
279,19516.0,-6484.0,-15904.0,-2576.0,6866.0,-5403.0,5493.0,4208.0
280,18644.0,-6176.0,-18800.0,-2592.0,2867.0,-527.0,4416.0,4214.0
281,16440.0,-5444.0,-22716.0,-2592.0,-61.0,2465.0,3642.0,4220.0
282,14868.0,-3200.0,-22768.0,-2592.0,-2682.0,3510.0,3249.0,4226.0
283,13488.0,268.0,-21848.0,-2576.0,-5515.0,4680.0,2956.0,4232.0
284,8348.0,3368.0,-18864.0,-2640.0,-8224.0,5729.0,1307.0,4238.0
285,8864.0,680.0,-14696.0,-2624.0,-10737.0,9432.0,8411.0,4244.0
286,10608.0,1100.0,-15368.0,-2624.0,-11802.0,11485.0,697.0,4250.0
287,468.0,3612.0,-13292.0,-2608.0,-15344.0,11483.0,-2254.0,4256.0
288,-2472.0,5540.0,-11212.0,-2608.0,-19757.0,10530.0,6.0,4262.0
289,-1584.0,4220.0,-10856.0,-2640.0,-22825.0,8858.0,1254.0,4269.0
290,-748.0,2444.0,-11180.0,-2624.0,-25405.0,5973.0,33.0,4274.0
291,-852.0,1280.0,-11376.0,-2608.0,-27538.0,2857.0,-1886.0,4280.0
292,-1284.0,-292.0,-11020.0,-2640.0,-29376.0,-79.0,-3747.0,4286.0
293,-1364.0,-1804.0,-11084.0,-2608.0,-31276.0,-2525.0,-5709.0,4292.0
294,-1692.0,-4096.0,-11216.0,-2592.0,-32768.0,-4844.0,-8133.0,4298.0
295,-1572.0,-5948.0,-10988.0,-2608.0,-32768.0,-7127.0,-9425.0,4304.0
296,640.0,-7180.0,-10820.0,-2624.0,-32768.0,-9223.0,-9847.0,4311.0
297,3732.0,-8244.0,-10356.0,-2608.0,-32768.0,-10838.0,-10196.0,4317.0
298,6476.0,-9024.0,-9532.0,-2640.0,-32768.0,-11442.0,-10331.0,4323.0
299,8192.0,-10088.0,-9504.0,-2592.0,-32768.0,-11036.0,-10308.0,4329.0
300,9428.0,-11492.0,-8828.0,-2608.0,-32768.0,-9787.0,-10052.0,4335.0
301,9820.0,-12836.0,-7980.0,-2608.0,-32768.0,-8033.0,-10051.0,4341.0
302,9592.0,-14172.0,-7420.0,-2624.0,-32768.0,-6369.0,-10259.0,4347.0
303,9300.0,-15800.0,-7592.0,-2624.0,-32768.0,-4928.0,-10602.0,4354.0
304,7260.0,-17568.0,-7044.0,-2608.0,-32768.0,-4488.0,-11056.0,4360.0
305,8696.0,-19204.0,-7092.0,-2640.0,-32768.0,-3091.0,-11670.0,4366.0
306,10084.0,-21532.0,-6232.0,-2624.0,-32768.0,-1822.0,-12125.0,4372.0
307,9084.0,-22932.0,-5748.0,-2624.0,-32768.0,-423.0,-12701.0,4378.0
308,8260.0,-24576.0,-5180.0,-2608.0,-32768.0,887.0,-13288.0,4384.0
309,7860.0,-26456.0,-5164.0,-2592.0,-32768.0,2084.0,-13995.0,4390.0
310,8048.0,-28788.0,-5164.0,-2608.0,-32768.0,3106.0,-14678.0,4397.0
311,8672.0,-31264.0,-4632.0,-2624.0,-32768.0,4235.0,-15092.0,4403.0
312,9276.0,-32768.0,-3500.0,-2608.0,-32768.0,5529.0,-15224.0,4409.0
313,9148.0,-32768.0,-1336.0,-2608.0,-32768.0,7005.0,-15177.0,4415.0
314,8904.0,-32768.0,828.0,-2592.0,-32768.0,8641.0,-15426.0,4421.0
315,8576.0,-32768.0,3180.0,-2608.0,-32768.0,10345.0,-16015.0,4426.0
316,7748.0,-32768.0,6216.0,-2608.0,-32768.0,12091.0,-16651.0,4432.0
317,5892.0,-32768.0,10012.0,-2592.0,-32768.0,13583.0,-17127.0,4440.0
318,2416.0,-32768.0,14308.0,-2592.0,-32768.0,14398.0,-17317.0,4446.0
319,-892.0,-32768.0,17780.0,-2640.0,-32768.0,14112.0,-17052.0,4452.0
320,-4352.0,-32768.0,20944.0,-2624.0,-32768.0,12680.0,-16713.0,4458.0
321,-7684.0,-32768.0,23820.0,-2624.0,-32768.0,10066.0,-16311.0,4464.0
322,-11660.0,-32768.0,27720.0,-2640.0,-32768.0,6887.0,-15688.0,4470.0
323,-14292.0,-32768.0,32260.0,-2624.0,-32768.0,4200.0,-14483.0,4476.0
324,-17116.0,-32768.0,32767.0,-2608.0,-30373.0,2099.0,-12767.0,4483.0
325,-20024.0,-32768.0,32767.0,-2624.0,-27359.0,353.0,-11280.0,4490.0
326,-21776.0,-32768.0,32767.0,-2640.0,-24140.0,-2050.0,-10627.0,4496.0
327,-21908.0,-32768.0,32767.0,-2640.0,-20415.0,-5620.0,-10397.0,4502.0
328,-20196.0,-32768.0,32767.0,-2608.0,-16100.0,-8956.0,-9535.0,4508.0
329,-17344.0,-32768.0,32767.0,-2624.0,-10993.0,-10862.0,-8019.0,4515.0
330,-14240.0,-32768.0,32767.0,-2624.0,-4957.0,-12419.0,-5842.0,4521.0
331,-11484.0,-32768.0,32767.0,-2608.0,1109.0,-13888.0,-3467.0,4528.0
332,-9376.0,-32768.0,32767.0,-2592.0,7042.0,-14745.0,-503.0,4534.0
333,-8640.0,-32768.0,32767.0,-2608.0,12048.0,-14253.0,2222.0,4540.0
334,-9232.0,-30308.0,32767.0,-2640.0,16090.0,-12943.0,4052.0,4546.0
335,-10344.0,-26356.0,32767.0,-2640.0,18954.0,-11858.0,4875.0,4552.0
336,-11308.0,-23356.0,32767.0,-2640.0,21128.0,-11578.0,5258.0,4558.0
337,-11100.0,-21560.0,31776.0,-2624.0,22482.0,-12514.0,5603.0,4566.0
338,-6204.0,-9728.0,1052.0,-2608.0,18373.0,-15585.0,4971.0,4572.0
339,32767.0,10672.0,-32768.0,-2640.0,-4319.0,-17016.0,-10885.0,4578.0
340,32767.0,-32768.0,-32768.0,-2592.0,3922.0,-32768.0,-32768.0,4584.0
341,9324.0,-32768.0,17820.0,-2624.0,32767.0,-25506.0,9254.0,4590.0
342,-32768.0,-32768.0,32767.0,-2640.0,32767.0,25499.0,32767.0,4596.0
343,-32768.0,-31868.0,32767.0,-2624.0,32767.0,32767.0,29227.0,4602.0
344,-29584.0,-32768.0,28892.0,-2624.0,31374.0,11499.0,2295.0,4609.0
345,-22728.0,-29920.0,-18044.0,-2624.0,30130.0,-21826.0,-5799.0,4615.0
346,4792.0,-5128.0,-21100.0,-2656.0,31555.0,-32366.0,1164.0,4622.0
347,27552.0,12300.0,6424.0,-2608.0,31936.0,-25926.0,2713.0,4628.0
348,26308.0,16096.0,24352.0,-2608.0,25543.0,-14992.0,-1706.0,4634.0
349,9784.0,-1112.0,23784.0,-2608.0,18905.0,-7519.0,-2261.0,4640.0
350,3992.0,-14988.0,10732.0,-2608.0,16449.0,-4078.0,-602.0,4646.0
351,2540.0,-28724.0,7672.0,-2592.0,17864.0,-2769.0,1298.0,4653.0
352,6940.0,-32200.0,5468.0,-2640.0,19555.0,3577.0,6845.0,4659.0
353,5360.0,-27548.0,5584.0,-2624.0,20871.0,6729.0,-103.0,4664.0
354,1620.0,-23316.0,5792.0,-2624.0,19984.0,8901.0,1868.0,4670.0
355,4252.0,-19328.0,1592.0,-2608.0,18765.0,10846.0,2811.0,4676.0
356,3476.0,-13452.0,2276.0,-2656.0,16958.0,11864.0,738.0,4682.0
357,-952.0,-9760.0,3928.0,-2656.0,14932.0,12049.0,203.0,4688.0
358,-3668.0,-7816.0,3224.0,-2656.0,12657.0,10909.0,-562.0,4695.0
359,-3184.0,-9064.0,2000.0,-2640.0,10533.0,7709.0,-1773.0,4701.0
360,-684.0,-11760.0,1852.0,-2640.0,9412.0,5166.0,-2271.0,4707.0
361,2460.0,-12656.0,2528.0,-2608.0,8294.0,3804.0,-2055.0,4712.0
362,5784.0,-12992.0,2436.0,-2608.0,7148.0,4132.0,-1700.0,4718.0
363,6904.0,-13928.0,2120.0,-2624.0,6130.0,5874.0,-1290.0,4724.0
364,5108.0,-15180.0,1596.0,-2656.0,5299.0,7691.0,-975.0,4730.0
365,2308.0,-16268.0,860.0,-2592.0,4867.0,7901.0,-695.0,4737.0
366,348.0,-16472.0,764.0,-2624.0,4406.0,6704.0,-834.0,4743.0
367,256.0,-16064.0,732.0,-2640.0,3917.0,4853.0,-1187.0,4748.0
368,2060.0,-15864.0,1080.0,-2624.0,3512.0,3085.0,-1483.0,4754.0
369,4324.0,-15944.0,1056.0,-2608.0,3164.0,2113.0,-1532.0,4760.0
370,6472.0,-15928.0,596.0,-2608.0,2894.0,1998.0,-1319.0,4766.0
371,7536.0,-15532.0,184.0,-2640.0,2699.0,2526.0,-939.0,4772.0
372,7288.0,-15604.0,172.0,-2592.0,2636.0,3466.0,-479.0,4777.0
373,5832.0,-16128.0,108.0,-2624.0,2745.0,4320.0,-256.0,4784.0
374,4276.0,-16372.0,-364.0,-2608.0,2934.0,4716.0,-218.0,4790.0
375,3208.0,-16484.0,-1216.0,-2656.0,3153.0,4821.0,-415.0,4796.0
376,2568.0,-16928.0,-1300.0,-2624.0,3425.0,4636.0,-779.0,4802.0
377,2052.0,-17240.0,-1328.0,-2592.0,3670.0,4363.0,-1185.0,4807.0
378,1872.0,-17132.0,-828.0,-2592.0,3855.0,3860.0,-1523.0,4813.0
379,1752.0,-17488.0,-260.0,-2624.0,4029.0,3252.0,-1593.0,4819.0
380,2500.0,-17028.0,-108.0,-2656.0,4116.0,2554.0,-1629.0,4826.0
381,3692.0,-16632.0,-104.0,-2640.0,4229.0,1821.0,-1664.0,4832.0
382,5436.0,-16240.0,-192.0,-2640.0,4348.0,1430.0,-1578.0,4837.0
383,7484.0,-16064.0,-692.0,-2608.0,4397.0,1568.0,-1538.0,4843.0
384,8880.0,-16508.0,-824.0,-2608.0,4690.0,2266.0,-1365.0,4849.0
385,9844.0,-16120.0,-600.0,-2624.0,5041.0,3381.0,-1057.0,4855.0
386,10904.0,-15984.0,-804.0,-2656.0,5387.0,4830.0,-992.0,4861.0
387,11512.0,-14572.0,-1656.0,-2624.0,5870.0,5913.0,-1055.0,4867.0
388,9292.0,-15320.0,-568.0,-2640.0,6440.0,6818.0,-52.0,4873.0
389,8480.0,-15880.0,-388.0,-2608.0,6948.0,7959.0,38.0,4879.0
390,7304.0,-16000.0,-288.0,-2608.0,7435.0,8141.0,13.0,4885.0
391,5792.0,-16644.0,-92.0,-2640.0,8001.0,7954.0,428.0,4890.0
392,4920.0,-16852.0,8.0,-2656.0,8531.0,7579.0,665.0,4896.0
393,4048.0,-17120.0,300.0,-2592.0,8941.0,7172.0,792.0,4902.0
394,3836.0,-17628.0,308.0,-2624.0,9399.0,6595.0,982.0,4908.0
395,4592.0,-18244.0,572.0,-2640.0,9785.0,6083.0,1048.0,4914.0
396,5480.0,-18464.0,740.0,-2624.0,10118.0,6109.0,1001.0,4920.0
397,5540.0,-18932.0,888.0,-2624.0,10495.0,6584.0,993.0,4926.0
398,4740.0,-18928.0,1236.0,-2592.0,10791.0,7135.0,1077.0,4932.0
399,3344.0,-19196.0,1476.0,-2656.0,11036.0,7845.0,1285.0,4937.0
400,1268.0,-19592.0,1724.0,-2640.0,11455.0,8408.0,1735.0,4943.0
401,-820.0,-19876.0,1704.0,-2640.0,11856.0,8764.0,2087.0,4950.0
402,-2172.0,-20188.0,1836.0,-2640.0,12272.0,8329.0,2400.0,4956.0
403,-2424.0,-20820.0,2168.0,-2656.0,12783.0,7633.0,2750.0,4962.0
404,-2820.0,-22172.0,2148.0,-2624.0,13424.0,7130.0,3105.0,4968.0
405,-2888.0,-22832.0,2232.0,-2608.0,13848.0,6303.0,3546.0,4974.0
406,-2328.0,-23500.0,2672.0,-2608.0,14447.0,5462.0,4018.0,4980.0
407,-1216.0,-24200.0,2516.0,-2624.0,15008.0,4610.0,4356.0,4985.0
408,216.0,-24536.0,1880.0,-2624.0,15595.0,3979.0,4761.0,4992.0
409,1328.0,-24708.0,1492.0,-2688.0,16186.0,3669.0,5203.0,4998.0
410,1488.0,-24640.0,1316.0,-2624.0,16753.0,3766.0,5746.0,5004.0
411,1304.0,-25208.0,1644.0,-2608.0,17249.0,3957.0,6298.0,5010.0
412,900.0,-26540.0,1548.0,-2640.0,17830.0,4077.0,6846.0,5016.0
413,920.0,-26956.0,1848.0,-2640.0,18347.0,3937.0,7556.0,5022.0
414,1568.0,-27720.0,1320.0,-2640.0,18802.0,3920.0,8212.0,5027.0
415,2576.0,-28396.0,984.0,-2624.0,19333.0,3856.0,8842.0,5033.0
416,4088.0,-28760.0,832.0,-2624.0,19762.0,3935.0,9496.0,5040.0
417,6244.0,-28884.0,648.0,-2656.0,20219.0,4167.0,10209.0,5046.0
418,8376.0,-29632.0,2384.0,-2640.0,20850.0,4826.0,10977.0,5052.0
419,9292.0,-29996.0,808.0,-2640.0,21283.0,6090.0,11915.0,5058.0
420,11236.0,-30640.0,-912.0,-2688.0,21811.0,7356.0,12387.0,5064.0
421,12772.0,-30936.0,-2116.0,-2672.0,22318.0,8928.0,13054.0,5070.0
422,14560.0,-31972.0,-4652.0,-2624.0,22754.0,10912.0,13355.0,5076.0
423,15208.0,-32768.0,-8952.0,-2624.0,23033.0,12966.0,13753.0,5083.0
424,15776.0,-32768.0,-11348.0,-2656.0,23361.0,15206.0,13924.0,5089.0
425,9388.0,-32768.0,-15224.0,-2624.0,23301.0,17219.0,15180.0,5095.0
426,5608.0,-32768.0,-19824.0,-2624.0,22755.0,16306.0,16208.0,5101.0
427,5612.0,-32768.0,-23336.0,-2624.0,22077.0,15667.0,17259.0,5107.0
428,6360.0,-32768.0,-26348.0,-2656.0,21948.0,15252.0,17554.0,5113.0
429,5016.0,-32768.0,-30564.0,-2656.0,21463.0,13753.0,17911.0,5120.0
430,3740.0,-32768.0,-31276.0,-2656.0,20723.0,10933.0,18084.0,5126.0
431,340.0,-32768.0,-25028.0,-2656.0,20486.0,6588.0,18413.0,5132.0
432,-5160.0,-32768.0,-4900.0,-2640.0,22135.0,1392.0,19188.0,5138.0
433,-7320.0,-32768.0,4944.0,-2672.0,23071.0,-5565.0,18509.0,5144.0
434,-5216.0,-32768.0,-4152.0,-2656.0,21476.0,-15882.0,16033.0,5150.0
435,520.0,-32768.0,-13588.0,-2656.0,18698.0,-27394.0,13802.0,5156.0
436,9376.0,-32768.0,-12804.0,-2672.0,16771.0,-32768.0,11379.0,5163.0
437,17528.0,-32768.0,-1320.0,-2640.0,19305.0,-32768.0,9213.0,5169.0
438,22488.0,-32768.0,-1728.0,-2704.0,23080.0,-27603.0,9076.0,5175.0
439,24856.0,-32768.0,-4904.0,-2640.0,24095.0,-21502.0,9226.0,5181.0
440,26032.0,-27952.0,-8868.0,-2656.0,23857.0,-16204.0,9026.0,5187.0
441,29136.0,-18720.0,-13016.0,-2624.0,20591.0,-9633.0,7707.0,5193.0
442,31060.0,-13040.0,-17344.0,-2624.0,15011.0,-1564.0,5874.0,5199.0
443,27260.0,-12984.0,-21048.0,-2608.0,10457.0,6192.0,5209.0,5206.0
444,16552.0,-14072.0,-23152.0,-2640.0,7610.0,11281.0,6521.0,5212.0
445,8128.0,-10736.0,-23128.0,-2656.0,5298.0,13029.0,8034.0,5218.0
446,2688.0,-6816.0,-21444.0,-2608.0,2655.0,11753.0,7964.0,5224.0
447,-844.0,-4088.0,-18864.0,-2656.0,207.0,8360.0,6080.0,5230.0
448,-2252.0,-1004.0,-17148.0,-2656.0,-2735.0,5118.0,4356.0,5236.0
449,-828.0,2420.0,-17044.0,-2624.0,-6513.0,2522.0,2362.0,5242.0
450,4780.0,7664.0,-15900.0,-2624.0,-10902.0,60.0,-150.0,5249.0
451,4108.0,1996.0,-15696.0,-2656.0,-14125.0,-2173.0,1955.0,5254.0
452,932.0,380.0,-24788.0,-2624.0,-14091.0,-5759.0,-5109.0,5260.0
453,12880.0,8592.0,-15600.0,-2672.0,-20533.0,-4534.0,-1499.0,5266.0
454,1424.0,2952.0,-19924.0,-2656.0,-23066.0,-5933.0,-4826.0,5272.0
455,12904.0,7948.0,-19960.0,-2672.0,-26140.0,-5878.0,-9747.0,5278.0
456,-1584.0,-1460.0,-15908.0,-2640.0,-27455.0,-9275.0,-14089.0,5284.0
457,2604.0,-3780.0,-16184.0,-2640.0,-30847.0,-13546.0,-2586.0,5291.0
458,15148.0,-3100.0,-16904.0,-2640.0,-32768.0,-13185.0,-3110.0,5297.0
459,18260.0,-3388.0,-16368.0,-2624.0,-32768.0,-10633.0,-8720.0,5303.0
460,11552.0,-5844.0,-15076.0,-2624.0,-32768.0,-8161.0,-11016.0,5309.0
461,7188.0,-7448.0,-13556.0,-2672.0,-32768.0,-7175.0,-8862.0,5315.0
462,7952.0,-8232.0,-12328.0,-2640.0,-32768.0,-5375.0,-8457.0,5321.0
463,3828.0,-11228.0,-10920.0,-2624.0,-32768.0,-4590.0,-8517.0,5327.0
464,5776.0,-12236.0,-10184.0,-2608.0,-32768.0,-2795.0,-7506.0,5334.0
465,4656.0,-17548.0,-11360.0,-2672.0,-32768.0,-1836.0,-8939.0,5340.0
466,6752.0,-16688.0,-12552.0,-2656.0,-32768.0,-1103.0,-11567.0,5346.0
467,7808.0,-16328.0,-10020.0,-2672.0,-32768.0,-367.0,-11030.0,5352.0
468,11260.0,-18316.0,-10292.0,-2640.0,-32768.0,691.0,-11257.0,5358.0
469,11888.0,-19524.0,-10304.0,-2640.0,-32768.0,3180.0,-11585.0,5364.0
470,10144.0,-21864.0,-10108.0,-2672.0,-32768.0,6646.0,-11503.0,5370.0
471,6104.0,-24636.0,-9300.0,-2640.0,-32768.0,9894.0,-11462.0,5377.0
472,1656.0,-26488.0,-9208.0,-2656.0,-32768.0,11635.0,-11819.0,5383.0
473,-1456.0,-31584.0,-7508.0,-2624.0,-32768.0,11202.0,-12037.0,5389.0
474,-1672.0,-32196.0,-6020.0,-2624.0,-32768.0,9754.0,-13008.0,5395.0
475,-4324.0,-32768.0,-4076.0,-2640.0,-32768.0,7608.0,-14471.0,5401.0
476,-5000.0,-32768.0,-2024.0,-2624.0,-32768.0,5190.0,-15159.0,5407.0
477,-3716.0,-32768.0,1492.0,-2640.0,-32768.0,2892.0,-16189.0,5413.0
478,-2164.0,-32768.0,4824.0,-2672.0,-32768.0,988.0,-17492.0,5420.0
479,-440.0,-32768.0,8964.0,-2656.0,-32768.0,-387.0,-18451.0,5426.0
480,420.0,-32768.0,13348.0,-2640.0,-32768.0,-1259.0,-18644.0,5432.0
481,372.0,-32768.0,17284.0,-2640.0,-32768.0,-1781.0,-18546.0,5438.0
482,-92.0,-32768.0,21724.0,-2640.0,-32768.0,-2567.0,-17848.0,5444.0
483,636.0,-32768.0,25908.0,-2608.0,-32768.0,-3367.0,-16595.0,5451.0
484,2172.0,-32768.0,29836.0,-2640.0,-32768.0,-3122.0,-15504.0,5457.0
485,3892.0,-32768.0,32767.0,-2640.0,-32768.0,-1620.0,-13807.0,5464.0
486,6176.0,-32768.0,32767.0,-2656.0,-32768.0,987.0,-12236.0,5470.0
487,7368.0,-32768.0,32767.0,-2688.0,-32768.0,4140.0,-10926.0,5476.0
488,6164.0,-32768.0,32767.0,-2624.0,-30475.0,7425.0,-10594.0,5482.0
489,2168.0,-32768.0,32767.0,-2640.0,-26582.0,9379.0,-11413.0,5488.0
490,-3924.0,-32768.0,32767.0,-2624.0,-22715.0,10335.0,-12335.0,5494.0
491,-9328.0,-32768.0,32767.0,-2640.0,-18636.0,10956.0,-12302.0,5500.0
492,-16268.0,-32768.0,32767.0,-2656.0,-13916.0,11154.0,-10582.0,5507.0
493,-21672.0,-32768.0,32767.0,-2624.0,-8232.0,9736.0,-7567.0,5514.0
494,-24812.0,-32768.0,32767.0,-2656.0,-1934.0,5983.0,-3786.0,5520.0
495,-27316.0,-32768.0,32767.0,-2624.0,4817.0,1563.0,297.0,5526.0
496,-27384.0,-32768.0,32767.0,-2672.0,10815.0,-2190.0,3653.0,5532.0
497,-26704.0,-32768.0,32767.0,-2672.0,15721.0,-5275.0,5599.0,5538.0
498,-26256.0,-28880.0,32767.0,-2624.0,19152.0,-8001.0,6080.0,5544.0
499,-25640.0,-26320.0,32767.0,-2624.0,21821.0,-11194.0,6312.0,5551.0
500,-22472.0,-23192.0,32767.0,-2624.0,23435.0,-15464.0,5310.0,5557.0
501,-17060.0,-7024.0,-14476.0,-2672.0,18212.0,-22291.0,4602.0,5563.0
502,32767.0,11244.0,-32768.0,-2656.0,-10805.0,-27398.0,-16977.0,5569.0
503,32767.0,-32768.0,-32768.0,-2656.0,11203.0,-32768.0,-32768.0,5576.0
504,-932.0,-32768.0,32767.0,-2656.0,32767.0,-24535.0,21626.0,5582.0
505,-32768.0,-32768.0,32767.0,-2672.0,32767.0,23234.0,32767.0,5588.0
506,-32768.0,-32768.0,32767.0,-2656.0,32767.0,32767.0,12930.0,5595.0
507,-32768.0,-32768.0,11224.0,-2672.0,30058.0,2301.0,1922.0,5601.0
508,-8856.0,-32768.0,-27024.0,-2640.0,32440.0,-31901.0,-3283.0,5607.0
509,20636.0,-16664.0,-8460.0,-2656.0,32767.0,-32768.0,1298.0,5614.0
510,25316.0,14280.0,13448.0,-2672.0,32767.0,-24641.0,3181.0,5620.0
511,9204.0,25948.0,18116.0,-2640.0,26227.0,-14541.0,649.0,5626.0
512,3216.0,13772.0,11936.0,-2640.0,18663.0,-15290.0,-941.0,5633.0
513,7324.0,-10776.0,8136.0,-2640.0,17154.0,-13193.0,-153.0,5639.0
514,12172.0,-26992.0,4508.0,-2704.0,18179.0,-5437.0,1731.0,5644.0
515,11316.0,-28780.0,5000.0,-2656.0,19269.0,671.0,3739.0,5650.0
516,7392.0,-25352.0,4340.0,-2672.0,18690.0,2920.0,4967.0,5656.0
517,1360.0,-20516.0,5448.0,-2608.0,17178.0,6138.0,6165.0,5662.0
518,-2744.0,-16656.0,6328.0,-2656.0,15334.0,11396.0,5665.0,5668.0
519,-6364.0,-16744.0,4144.0,-2640.0,14034.0,13184.0,3009.0,5675.0
520,-6616.0,-15960.0,1608.0,-2672.0,13203.0,9264.0,775.0,5681.0
521,-3652.0,-13620.0,2544.0,-2672.0,12163.0,4311.0,-131.0,5687.0
522,-1224.0,-13516.0,3288.0,-2672.0,10959.0,2344.0,-416.0,5693.0
523,276.0,-14484.0,2708.0,-2640.0,9966.0,2038.0,-978.0,5699.0
524,2920.0,-14140.0,2060.0,-2672.0,9073.0,1716.0,-1442.0,5705.0
525,5524.0,-13384.0,1604.0,-2640.0,8179.0,2401.0,-1476.0,5710.0
526,5916.0,-12936.0,1944.0,-2656.0,7139.0,4505.0,-1267.0,5716.0
527,4848.0,-14076.0,1880.0,-2656.0,6287.0,6466.0,-1304.0,5723.0
528,3276.0,-15524.0,1540.0,-2672.0,5732.0,6987.0,-1349.0,5729.0
529,2572.0,-16176.0,224.0,-2672.0,5362.0,6256.0,-1377.0,5735.0
530,3140.0,-15432.0,376.0,-2640.0,4933.0,4824.0,-1410.0,5741.0
531,4624.0,-14720.0,248.0,-2672.0,4367.0,3381.0,-1424.0,5747.0
532,7012.0,-14460.0,716.0,-2672.0,3917.0,2769.0,-1131.0,5752.0
533,8356.0,-15236.0,712.0,-2672.0,3483.0,3529.0,-762.0,5758.0
534,7980.0,-15668.0,240.0,-2656.0,3185.0,4898.0,-285.0,5765.0
535,7072.0,-15736.0,-20.0,-2640.0,2989.0,6096.0,41.0,5771.0
536,5500.0,-15884.0,-200.0,-2688.0,2876.0,6949.0,244.0,5776.0
537,3468.0,-16804.0,-716.0,-2672.0,2935.0,7360.0,232.0,5782.0
538,1728.0,-17720.0,-1056.0,-2656.0,3192.0,7265.0,-96.0,5788.0
539,108.0,-17976.0,-1448.0,-2656.0,3516.0,6824.0,-658.0,5794.0
540,-1332.0,-17736.0,-1804.0,-2672.0,3732.0,5854.0,-1328.0,5799.0
541,-2724.0,-18088.0,-1536.0,-2640.0,3772.0,4150.0,-2007.0,5806.0
542,-2568.0,-18924.0,-640.0,-2656.0,4044.0,1870.0,-2492.0,5812.0
543,-376.0,-18476.0,-164.0,-2688.0,4469.0,64.0,-2935.0,5818.0
544,2756.0,-17500.0,-312.0,-2672.0,4918.0,-856.0,-3065.0,5824.0
545,5828.0,-16492.0,-152.0,-2656.0,5294.0,-750.0,-2910.0,5829.0
546,8244.0,-15628.0,24.0,-2672.0,5623.0,199.0,-2463.0,5835.0
547,9500.0,-14832.0,-128.0,-2656.0,5973.0,1716.0,-1951.0,5841.0
548,9820.0,-15596.0,-652.0,-2656.0,6529.0,3580.0,-1391.0,5848.0
549,8476.0,-15500.0,-760.0,-2672.0,7159.0,4873.0,-874.0,5853.0
550,7768.0,-14744.0,-728.0,-2640.0,7723.0,5759.0,-434.0,5859.0
551,7032.0,-15092.0,-732.0,-2672.0,8302.0,6157.0,-83.0,5865.0
552,6768.0,-15728.0,-872.0,-2688.0,8936.0,6147.0,238.0,5871.0
553,6532.0,-16392.0,-1348.0,-2640.0,9641.0,5825.0,541.0,5876.0
554,6788.0,-16700.0,-840.0,-2672.0,10180.0,5335.0,728.0,5882.0
555,8120.0,-16752.0,-704.0,-2656.0,10586.0,4900.0,809.0,5889.0
556,10552.0,-18936.0,-568.0,-2656.0,10908.0,5407.0,668.0,5895.0
557,12316.0,-16008.0,-1188.0,-2656.0,11239.0,5763.0,275.0,5900.0
558,8828.0,-17504.0,532.0,-2688.0,11661.0,6715.0,1918.0,5906.0
559,7372.0,-17856.0,1368.0,-2640.0,11900.0,8594.0,1582.0,5912.0
560,4120.0,-17812.0,1560.0,-2672.0,12277.0,8973.0,2169.0,5918.0
561,1860.0,-18380.0,1784.0,-2640.0,12633.0,9398.0,2839.0,5924.0
562,-72.0,-18992.0,2204.0,-2688.0,13095.0,9270.0,2964.0,5931.0
563,-1516.0,-19908.0,2212.0,-2672.0,13522.0,8554.0,3279.0,5937.0
564,-1752.0,-20584.0,2784.0,-2656.0,13711.0,7637.0,3528.0,5943.0
565,-1624.0,-21460.0,3212.0,-2688.0,14034.0,6804.0,3846.0,5948.0
566,-828.0,-22216.0,3216.0,-2704.0,14351.0,5784.0,4052.0,5954.0
567,560.0,-22780.0,3232.0,-2640.0,14655.0,4882.0,4215.0,5960.0
568,2032.0,-23336.0,3200.0,-2672.0,14943.0,4426.0,4433.0,5966.0
569,3164.0,-23848.0,2968.0,-2672.0,15233.0,4523.0,4714.0,5972.0
570,3512.0,-24416.0,3060.0,-2672.0,15585.0,5141.0,5243.0,5979.0
571,2988.0,-25168.0,3052.0,-2656.0,15986.0,5822.0,5799.0,5985.0
572,2176.0,-26488.0,2708.0,-2656.0,16450.0,6333.0,6468.0,5990.0
573,2368.0,-27104.0,2540.0,-2672.0,16935.0,6600.0,7200.0,5996.0
574,2060.0,-27816.0,2408.0,-2672.0,17535.0,6680.0,7699.0,6002.0
575,1796.0,-28284.0,1900.0,-2672.0,18171.0,6586.0,8348.0,6008.0
576,2004.0,-28544.0,1800.0,-2688.0,18833.0,6434.0,9028.0,6014.0
577,1980.0,-29016.0,1644.0,-2656.0,19584.0,6233.0,9694.0,6021.0
578,2712.0,-29300.0,2232.0,-2672.0,20353.0,6044.0,10389.0,6027.0
579,3260.0,-29868.0,2176.0,-2672.0,21114.0,6094.0,11153.0,6033.0
580,4600.0,-30792.0,2064.0,-2688.0,21929.0,6321.0,11812.0,6039.0
581,6416.0,-31732.0,708.0,-2672.0,22678.0,6856.0,12518.0,6045.0
582,8724.0,-32768.0,-1280.0,-2656.0,23461.0,7655.0,13038.0,6050.0
583,10960.0,-32768.0,-4344.0,-2656.0,24121.0,8785.0,13447.0,6056.0
584,11244.0,-32768.0,-7864.0,-2640.0,24739.0,10381.0,14024.0,6063.0
585,7248.0,-32768.0,-11968.0,-2640.0,24903.0,11057.0,15297.0,6069.0
586,6284.0,-32768.0,-15928.0,-2672.0,24793.0,9444.0,16389.0,6075.0
587,7868.0,-32768.0,-19484.0,-2672.0,24827.0,7702.0,16707.0,6081.0
588,10632.0,-32768.0,-21648.0,-2656.0,25478.0,5684.0,16533.0,6087.0
589,11144.0,-32768.0,-22616.0,-2688.0,26091.0,3099.0,15799.0,6093.0
590,11068.0,-32768.0,-16936.0,-2656.0,27012.0,434.0,14920.0,6100.0
591,10248.0,-32768.0,-6772.0,-2672.0,28960.0,-282.0,14456.0,6107.0
592,7520.0,-32768.0,-104.0,-2656.0,31034.0,-133.0,14413.0,6112.0
593,2432.0,-32768.0,-4916.0,-2672.0,31456.0,-2468.0,14446.0,6118.0
594,2156.0,-32768.0,-12952.0,-2688.0,30159.0,-5221.0,15927.0,6124.0
595,5068.0,-32768.0,-17936.0,-2640.0,28538.0,-7379.0,16046.0,6130.0
596,6600.0,-31152.0,-20356.0,-2672.0,26322.0,-11042.0,15210.0,6136.0
597,9836.0,-24916.0,-21124.0,-2672.0,24003.0,-13442.0,13740.0,6142.0
598,12588.0,-23736.0,-14868.0,-2640.0,22877.0,-13209.0,10548.0,6149.0
599,16468.0,-25676.0,-8068.0,-2672.0,22825.0,-12543.0,6856.0,6156.0
600,18276.0,-21948.0,-12608.0,-2640.0,20854.0,-13751.0,7065.0,6162.0
601,23704.0,-18740.0,-16268.0,-2672.0,18337.0,-10554.0,8226.0,6168.0
602,23048.0,-13540.0,-19256.0,-2640.0,13794.0,-2864.0,5978.0,6174.0
603,16432.0,-6376.0,-19568.0,-2672.0,8502.0,1466.0,4932.0,6180.0
604,12784.0,-2704.0,-19392.0,-2704.0,4388.0,2346.0,4520.0,6187.0
605,11312.0,-3068.0,-18744.0,-2656.0,1072.0,2437.0,3095.0,6193.0
606,10056.0,-3644.0,-17176.0,-2672.0,-1612.0,3102.0,1786.0,6199.0
607,9280.0,-2824.0,-15896.0,-2688.0,-4068.0,4818.0,1104.0,6205.0
608,8340.0,-1232.0,-15920.0,-2688.0,-6458.0,6708.0,592.0,6210.0
609,7548.0,704.0,-15968.0,-2656.0,-9066.0,7907.0,-186.0,6216.0
610,6756.0,2392.0,-15920.0,-2688.0,-11734.0,8304.0,-1343.0,6222.0
611,5500.0,3468.0,-15368.0,-2688.0,-14374.0,8205.0,-2516.0,6228.0
612,3792.0,3696.0,-14872.0,-2672.0,-17140.0,7876.0,-3604.0,6235.0
613,1776.0,2936.0,-14404.0,-2656.0,-19948.0,7415.0,-4504.0,6241.0
614,-64.0,1268.0,-13460.0,-2656.0,-22558.0,6787.0,-5321.0,6247.0
615,-1632.0,-492.0,-13052.0,-2656.0,-25056.0,5707.0,-6249.0,6252.0
616,-2544.0,-1988.0,-13000.0,-2640.0,-27512.0,3994.0,-7225.0,6258.0
617,-2900.0,-3464.0,-12240.0,-2656.0,-29738.0,1944.0,-8152.0,6264.0
618,-2860.0,-5020.0,-11064.0,-2672.0,-31492.0,-262.0,-8800.0,6270.0
619,-2128.0,-6128.0,-10396.0,-2672.0,-32768.0,-2262.0,-9250.0,6277.0
620,-1000.0,-7112.0,-10060.0,-2656.0,-32768.0,-3927.0,-9711.0,6283.0
621,-264.0,-7632.0,-10436.0,-2704.0,-32768.0,-5281.0,-10245.0,6289.0
622,804.0,-8720.0,-10536.0,-2656.0,-32768.0,-6083.0,-10718.0,6295.0
623,1808.0,-10372.0,-10076.0,-2672.0,-32768.0,-6418.0,-11157.0,6301.0
624,3288.0,-12072.0,-8956.0,-2672.0,-32768.0,-6447.0,-11206.0,6307.0
625,4904.0,-13604.0,-8180.0,-2656.0,-32768.0,-5861.0,-11316.0,6313.0
626,6176.0,-15296.0,-8120.0,-2672.0,-32768.0,-4659.0,-11530.0,6320.0
627,6376.0,-16232.0,-7916.0,-2704.0,-32768.0,-3186.0,-12069.0,6326.0
628,6448.0,-17168.0,-7200.0,-2656.0,-32768.0,-1804.0,-12137.0,6332.0
629,7300.0,-18640.0,-6660.0,-2656.0,-32768.0,74.0,-12632.0,6338.0
630,6512.0,-20588.0,-6516.0,-2688.0,-32768.0,1325.0,-13362.0,6344.0
631,5800.0,-21820.0,-5816.0,-2704.0,-32768.0,2161.0,-13701.0,6350.0
632,4888.0,-23652.0,-5064.0,-2672.0,-32768.0,2526.0,-14179.0,6356.0
633,4148.0,-25424.0,-4124.0,-2656.0,-32768.0,2468.0,-14507.0,6363.0
634,4236.0,-27344.0,-3768.0,-2672.0,-32768.0,2347.0,-14838.0,6369.0
635,4240.0,-29360.0,-3336.0,-2704.0,-32768.0,2302.0,-15210.0,6375.0
636,3344.0,-31376.0,-2192.0,-2688.0,-32768.0,2040.0,-15852.0,6381.0
637,2236.0,-32768.0,-372.0,-2672.0,-32768.0,1378.0,-16680.0,6387.0
638,1292.0,-32768.0,1540.0,-2656.0,-32768.0,483.0,-17458.0,6393.0
639,1416.0,-32768.0,4172.0,-2672.0,-32768.0,-168.0,-18447.0,6400.0
640,3048.0,-32768.0,7320.0,-2688.0,-32768.0,-72.0,-19248.0,6406.0
641,4508.0,-32768.0,9624.0,-2656.0,-32768.0,746.0,-19398.0,6411.0
642,3836.0,-32768.0,12760.0,-2672.0,-32768.0,1614.0,-18995.0,6417.0
643,1612.0,-32768.0,15908.0,-2704.0,-32768.0,2068.0,-18031.0,6423.0
644,-576.0,-32768.0,19320.0,-2688.0,-32768.0,1897.0,-16991.0,6429.0
645,-1900.0,-32768.0,22672.0,-2656.0,-32768.0,822.0,-15352.0,6435.0
646,-2760.0,-32768.0,25872.0,-2704.0,-32768.0,-312.0,-14399.0,6441.0
647,-2884.0,-32768.0,28972.0,-2688.0,-32768.0,-1450.0,-13723.0,6448.0
648,-1500.0,-32768.0,32072.0,-2688.0,-32768.0,-1810.0,-12829.0,6454.0
649,-12.0,-32768.0,32767.0,-2656.0,-32097.0,-1019.0,-12322.0,6460.0
650,-16.0,-32768.0,32767.0,-2688.0,-29034.0,220.0,-12292.0,6466.0
651,-1320.0,-32768.0,32767.0,-2656.0,-26180.0,1094.0,-12885.0,6472.0
652,-4244.0,-32768.0,32767.0,-2704.0,-22891.0,1170.0,-13851.0,6479.0
653,-8120.0,-32768.0,32767.0,-2688.0,-19435.0,-63.0,-13596.0,6486.0
654,-11648.0,-32768.0,32767.0,-2672.0,-15441.0,-655.0,-11897.0,6492.0
655,-14436.0,-32768.0,32767.0,-2704.0,-10599.0,-685.0,-9036.0,6498.0
656,-16872.0,-32768.0,32767.0,-2640.0,-5431.0,-1821.0,-5662.0,6504.0
657,-17236.0,-32768.0,32767.0,-2688.0,110.0,-3496.0,-2544.0,6510.0
658,-16500.0,-32560.0,32767.0,-2672.0,5329.0,-5205.0,-120.0,6516.0
659,-15312.0,-30792.0,32767.0,-2656.0,9959.0,-6399.0,1915.0,6522.0
660,-14060.0,-28572.0,32767.0,-2688.0,13938.0,-6893.0,3641.0,6529.0
661,-15096.0,-23964.0,32767.0,-2688.0,16400.0,-7261.0,1068.0,6535.0
662,-16644.0,-25892.0,32767.0,-2704.0,19251.0,-8544.0,5381.0,6541.0
663,-13672.0,-21224.0,32767.0,-2672.0,21133.0,-10421.0,4530.0,6547.0
664,-12976.0,-21508.0,28700.0,-2688.0,22701.0,-12430.0,5262.0,6553.0
665,-8916.0,-15088.0,7872.0,-2672.0,21579.0,-15291.0,6022.0,6560.0
666,31712.0,32767.0,-32768.0,-2688.0,-11547.0,-12723.0,-3145.0,6566.0
667,32767.0,-32768.0,-32768.0,-2704.0,-11674.0,-29917.0,-32768.0,6573.0
668,32767.0,-32768.0,11292.0,-2656.0,30644.0,-32768.0,-2960.0,6579.0
669,-32768.0,-32768.0,32767.0,-2656.0,32767.0,28296.0,32767.0,6585.0
670,-32768.0,-32768.0,32767.0,-2672.0,32767.0,32767.0,32052.0,6591.0
671,-32768.0,-32768.0,32767.0,-2688.0,32742.0,26858.0,4845.0,6598.0
672,-32768.0,-26012.0,-14324.0,-2672.0,26537.0,-17389.0,-4066.0,6604.0
673,7924.0,-10776.0,-21068.0,-2672.0,28762.0,-32768.0,-3634.0,6610.0
674,32767.0,3480.0,4564.0,-2688.0,32592.0,-32768.0,-802.0,6617.0
675,32767.0,10668.0,20616.0,-2672.0,28828.0,-16648.0,-2617.0,6623.0
676,8328.0,2364.0,19404.0,-2672.0,21061.0,-4191.0,-2688.0,6629.0
677,3284.0,-9612.0,11840.0,-2672.0,16837.0,923.0,1035.0,6635.0
678,6940.0,-23380.0,7172.0,-2688.0,17449.0,2118.0,276.0,6641.0
679,5032.0,-31372.0,2772.0,-2720.0,19324.0,3928.0,381.0,6647.0
680,6520.0,-32768.0,4200.0,-2656.0,21690.0,5796.0,2465.0,6653.0
681,7424.0,-27464.0,3464.0,-2704.0,22558.0,8550.0,3550.0,6660.0
682,3768.0,-13344.0,2888.0,-2656.0,19204.0,11178.0,3642.0,6665.0
683,20.0,-6728.0,4612.0,-2704.0,15952.0,14302.0,2201.0,6671.0
684,-3052.0,-8896.0,3536.0,-2672.0,14060.0,13877.0,696.0,6677.0
685,-2216.0,-11368.0,504.0,-2672.0,12500.0,9339.0,431.0,6683.0
686,1272.0,-12324.0,420.0,-2704.0,11386.0,6233.0,425.0,6689.0
687,2148.0,-12324.0,2036.0,-2704.0,10437.0,4547.0,439.0,6695.0
688,3068.0,-12596.0,2256.0,-2704.0,9175.0,3947.0,491.0,6702.0
689,4884.0,-13100.0,2940.0,-2672.0,7902.0,5031.0,287.0,6707.0
690,4156.0,-14624.0,1836.0,-2672.0,7034.0,6369.0,188.0,6713.0
691,3400.0,-15540.0,1484.0,-2672.0,6466.0,7141.0,279.0,6719.0
692,2296.0,-15492.0,1488.0,-2704.0,5824.0,7428.0,230.0,6725.0
693,1024.0,-16064.0,1640.0,-2720.0,5373.0,7054.0,35.0,6731.0
694,1016.0,-16100.0,1892.0,-2704.0,4923.0,6025.0,-446.0,6736.0
695,1976.0,-16200.0,2176.0,-2704.0,4511.0,4836.0,-693.0,6743.0
696,3404.0,-15964.0,2020.0,-2672.0,4053.0,3856.0,-764.0,6749.0
697,5136.0,-15684.0,1524.0,-2720.0,3620.0,3125.0,-818.0,6755.0
698,6400.0,-15828.0,1104.0,-2720.0,3256.0,2977.0,-639.0,6760.0
699,7544.0,-15952.0,124.0,-2720.0,2844.0,3418.0,-427.0,6766.0
700,8064.0,-16248.0,-548.0,-2672.0,2544.0,4332.0,-318.0,6772.0
701,7560.0,-16540.0,-320.0,-2688.0,2343.0,5237.0,-80.0,6778.0
702,6872.0,-17252.0,-580.0,-2672.0,2200.0,6233.0,83.0,6784.0
703,6952.0,-17136.0,-3044.0,-2688.0,1893.0,7377.0,-388.0,6790.0
704,6928.0,-18156.0,-1448.0,-2688.0,2191.0,7903.0,-1042.0,6796.0
705,5424.0,-18204.0,-1064.0,-2688.0,2241.0,8179.0,-784.0,6802.0
706,4424.0,-18684.0,-908.0,-2720.0,2406.0,8315.0,-1355.0,6808.0
707,3440.0,-18492.0,-704.0,-2688.0,2698.0,7429.0,-1809.0,6813.0
708,3992.0,-17912.0,-228.0,-2656.0,2938.0,6178.0,-2074.0,6819.0
709,5252.0,-17792.0,-188.0,-2704.0,3205.0,5396.0,-2335.0,6825.0
710,6004.0,-17300.0,-16.0,-2704.0,3533.0,5261.0,-2215.0,6832.0
711,6044.0,-16660.0,236.0,-2672.0,3848.0,5775.0,-1884.0,6838.0
712,5628.0,-15956.0,948.0,-2688.0,4089.0,6483.0,-1479.0,6843.0
713,4960.0,-15492.0,1240.0,-2656.0,4383.0,7248.0,-1072.0,6849.0
714,4036.0,-15204.0,1248.0,-2688.0,4787.0,7563.0,-696.0,6855.0
715,3260.0,-14992.0,1412.0,-2720.0,5212.0,7532.0,-391.0,6861.0
716,2580.0,-14928.0,1684.0,-2688.0,5587.0,7224.0,-112.0,6867.0
717,2576.0,-15024.0,1592.0,-2672.0,5894.0,6769.0,110.0,6873.0
718,3000.0,-15300.0,1352.0,-2672.0,6305.0,6339.0,381.0,6879.0
719,2936.0,-15228.0,1164.0,-2656.0,6705.0,6011.0,606.0,6885.0
720,3048.0,-15616.0,1128.0,-2688.0,7087.0,5596.0,744.0,6891.0
721,3348.0,-16144.0,924.0,-2688.0,7472.0,5250.0,905.0,6896.0
722,3772.0,-16744.0,1052.0,-2704.0,7923.0,5072.0,1112.0,6902.0
723,3704.0,-17328.0,924.0,-2672.0,8376.0,5194.0,1307.0,6908.0
724,3188.0,-17612.0,748.0,-2720.0,8856.0,5247.0,1507.0,6915.0
725,2924.0,-17868.0,748.0,-2720.0,9411.0,5233.0,1803.0,6921.0
726,2428.0,-18028.0,556.0,-2672.0,10021.0,5251.0,2062.0,6926.0
727,2020.0,-18028.0,580.0,-2704.0,10563.0,5168.0,2264.0,6932.0
728,1496.0,-18252.0,1104.0,-2704.0,11145.0,4966.0,2472.0,6938.0
729,752.0,-18476.0,1508.0,-2720.0,11704.0,4564.0,2691.0,6944.0
730,-52.0,-18716.0,1756.0,-2720.0,12251.0,4067.0,2922.0,6950.0
731,-484.0,-19240.0,1792.0,-2672.0,12797.0,3608.0,3252.0,6956.0
732,-296.0,-19848.0,2076.0,-2688.0,13189.0,2982.0,3610.0,6962.0
733,980.0,-20480.0,2540.0,-2688.0,13588.0,2278.0,4069.0,6968.0
734,2912.0,-21012.0,2628.0,-2656.0,13988.0,1635.0,4338.0,6974.0
735,5148.0,-21660.0,2296.0,-2688.0,14334.0,1261.0,4541.0,6980.0
736,7052.0,-21964.0,2396.0,-2704.0,14611.0,1566.0,4786.0,6986.0
737,7940.0,-22264.0,2248.0,-2672.0,14905.0,2322.0,5035.0,6992.0
738,7420.0,-22388.0,2380.0,-2720.0,15252.0,3384.0,5394.0,6998.0
739,5940.0,-22756.0,2308.0,-2688.0,15569.0,4195.0,5765.0,7004.0
740,4512.0,-23344.0,2428.0,-2688.0,15975.0,4789.0,6243.0,7010.0
741,3036.0,-23884.0,2460.0,-2672.0,16391.0,5126.0,6731.0,7016.0
742,2136.0,-24412.0,1980.0,-2704.0,16898.0,5230.0,7253.0,7022.0
743,1708.0,-24540.0,1732.0,-2688.0,17412.0,5096.0,7830.0,7028.0
744,1780.0,-24928.0,1508.0,-2688.0,17981.0,4864.0,8410.0,7034.0
745,2584.0,-25264.0,1320.0,-2672.0,18515.0,4492.0,9078.0,7041.0
746,4312.0,-26092.0,1096.0,-2704.0,19047.0,4214.0,9609.0,7046.0
747,6368.0,-26732.0,896.0,-2672.0,19604.0,4270.0,10073.0,7052.0
748,8560.0,-27688.0,1464.0,-2688.0,20272.0,4572.0,10506.0,7058.0
749,10232.0,-28372.0,1152.0,-2704.0,20882.0,5403.0,11040.0,7064.0
750,12248.0,-29308.0,-136.0,-2672.0,21445.0,6911.0,11159.0,7070.0
751,14248.0,-30448.0,-1588.0,-2704.0,22062.0,8684.0,11422.0,7076.0
752,15768.0,-32020.0,-3724.0,-2688.0,22547.0,10898.0,11439.0,7083.0
753,14924.0,-32768.0,-5856.0,-2720.0,22939.0,14114.0,12455.0,7089.0
754,11748.0,-32768.0,-8528.0,-2720.0,22757.0,15629.0,12485.0,7095.0
755,11756.0,-32768.0,-13052.0,-2704.0,22361.0,15730.0,14635.0,7101.0
756,14648.0,-32768.0,-16908.0,-2688.0,21903.0,17662.0,14864.0,7107.0
757,15792.0,-32768.0,-21272.0,-2720.0,21658.0,19757.0,14425.0,7113.0
758,14264.0,-32768.0,-26524.0,-2704.0,21701.0,20663.0,13873.0,7119.0
759,8672.0,-32768.0,-27524.0,-2672.0,21415.0,18926.0,13750.0,7127.0
760,3676.0,-32768.0,-22692.0,-2704.0,20692.0,16483.0,14577.0,7133.0
761,-1184.0,-32460.0,-10552.0,-2704.0,20865.0,13754.0,15629.0,7139.0
762,-5980.0,-30464.0,3692.0,-2704.0,21754.0,9594.0,16799.0,7145.0
763,-6636.0,-27968.0,6920.0,-2688.0,21078.0,3262.0,16191.0,7151.0
764,-4508.0,-26724.0,1060.0,-2672.0,18558.0,-5876.0,14370.0,7157.0
765,1396.0,-25012.0,-5456.0,-2704.0,15633.0,-14680.0,12416.0,7163.0
766,8088.0,-22948.0,-12356.0,-2688.0,12291.0,-20241.0,9699.0,7170.0
767,12448.0,-28284.0,-10956.0,-2688.0,10579.0,-21724.0,7790.0,7176.0
768,15212.0,-32768.0,-1468.0,-2688.0,12511.0,-19331.0,7160.0,7182.0
769,15356.0,-32768.0,0.0,-2720.0,15581.0,-13989.0,7019.0,7188.0
770,12800.0,-30024.0,-1060.0,-2688.0,17718.0,-7984.0,7604.0,7194.0
771,10636.0,-20568.0,-1872.0,-2688.0,17311.0,-3724.0,8633.0,7200.0
772,8904.0,-14580.0,436.0,-2736.0,15459.0,-998.0,8952.0,7206.0
773,7668.0,-11204.0,888.0,-2672.0,12858.0,71.0,8743.0,7212.0
774,8080.0,-8300.0,-128.0,-2688.0,9759.0,966.0,7995.0,7218.0
775,8524.0,-6460.0,-2720.0,-2704.0,6544.0,2131.0,6772.0,7224.0
776,8504.0,-5892.0,-5464.0,-2672.0,3908.0,2973.0,5484.0,7230.0
777,8352.0,-5888.0,-8280.0,-2720.0,2119.0,3307.0,4285.0,7235.0
778,7332.0,-4696.0,-11284.0,-2688.0,379.0,3248.0,3229.0,7241.0
779,6216.0,-2740.0,-11932.0,-2720.0,-1613.0,3050.0,2420.0,7247.0
780,5192.0,-776.0,-11832.0,-2688.0,-3491.0,2930.0,1880.0,7254.0
781,5380.0,1772.0,-11096.0,-2688.0,-5841.0,2476.0,1186.0,7260.0
782,5444.0,4240.0,-10620.0,-2720.0,-8851.0,2708.0,-75.0,7266.0
783,4900.0,5316.0,-10660.0,-2704.0,-11894.0,3585.0,-1509.0,7271.0
784,4128.0,5280.0,-10944.0,-2720.0,-14705.0,3842.0,-3124.0,7277.0
785,3292.0,4932.0,-11184.0,-2672.0,-16991.0,3096.0,-4690.0,7283.0
786,2272.0,3872.0,-10780.0,-2704.0,-18842.0,1447.0,-5973.0,7289.0
787,1264.0,3048.0,-9576.0,-2720.0,-20566.0,-918.0,-6681.0,7296.0
788,692.0,2048.0,-8252.0,-2720.0,-22351.0,-3176.0,-6957.0,7302.0
789,-104.0,916.0,-7752.0,-2688.0,-24299.0,-4828.0,-6997.0,7308.0
790,-864.0,-488.0,-7756.0,-2688.0,-26415.0,-5847.0,-7043.0,7313.0
791,-1360.0,-1536.0,-8396.0,-2688.0,-28535.0,-6378.0,-7282.0,7319.0
792,-1200.0,-2608.0,-9088.0,-2656.0,-30586.0,-6657.0,-7895.0,7325.0
793,48.0,-2592.0,-9508.0,-2704.0,-32682.0,-7083.0,-8683.0,7331.0
794,796.0,-3660.0,-10632.0,-2672.0,-32768.0,-7990.0,-9564.0,7337.0
795,1896.0,-4940.0,-10252.0,-2704.0,-32768.0,-8607.0,-10116.0,7344.0
796,3116.0,-5740.0,-10368.0,-2704.0,-32768.0,-8811.0,-10452.0,7350.0
797,4256.0,-7320.0,-10584.0,-2688.0,-32768.0,-8887.0,-10699.0,7356.0
798,5220.0,-8764.0,-10180.0,-2688.0,-32768.0,-8463.0,-10813.0,7362.0
799,5736.0,-9920.0,-9688.0,-2736.0,-32768.0,-7748.0,-10985.0,7368.0
800,6108.0,-10872.0,-9552.0,-2688.0,-32768.0,-7094.0,-11300.0,7374.0
801,6500.0,-12064.0,-9376.0,-2672.0,-32768.0,-6698.0,-11713.0,7380.0
802,6756.0,-13728.0,-8700.0,-2672.0,-32768.0,-6232.0,-12232.0,7387.0
803,7316.0,-15572.0,-8128.0,-2720.0,-32768.0,-5568.0,-12747.0,7393.0
804,8524.0,-17276.0,-7052.0,-2720.0,-32768.0,-4541.0,-13157.0,7399.0
805,9944.0,-19212.0,-6884.0,-2736.0,-32768.0,-3244.0,-13776.0,7405.0
806,10960.0,-21292.0,-6412.0,-2688.0,-32768.0,-1674.0,-14475.0,7411.0
807,10532.0,-23912.0,-5820.0,-2688.0,-32768.0,-122.0,-15150.0,7417.0
808,8472.0,-27576.0,-3944.0,-2704.0,-32768.0,1093.0,-15793.0,7424.0
809,5892.0,-31744.0,-1776.0,-2704.0,-32768.0,1929.0,-16753.0,7430.0
810,4664.0,-32768.0,-388.0,-2688.0,-32768.0,2710.0,-17669.0,7436.0
811,4064.0,-32768.0,1672.0,-2704.0,-32768.0,2852.0,-18282.0,7441.0
812,3076.0,-32768.0,4440.0,-2688.0,-32768.0,2609.0,-18151.0,7447.0
813,2288.0,-32768.0,7532.0,-2688.0,-32768.0,2575.0,-17682.0,7453.0
814,2284.0,-32768.0,10932.0,-2736.0,-32768.0,2416.0,-17186.0,7459.0
815,2776.0,-32768.0,15480.0,-2704.0,-32768.0,2641.0,-16596.0,7465.0
816,2544.0,-32768.0,19792.0,-2688.0,-32768.0,3277.0,-16217.0,7472.0
817,2300.0,-32768.0,24016.0,-2688.0,-32768.0,3659.0,-16291.0,7479.0
818,1716.0,-32768.0,27688.0,-2720.0,-32768.0,3166.0,-16712.0,7485.0
819,1052.0,-32768.0,30620.0,-2672.0,-32768.0,2050.0,-17049.0,7491.0
820,-552.0,-32768.0,32767.0,-2704.0,-32768.0,1679.0,-17158.0,7497.0
821,-3540.0,-32768.0,32767.0,-2720.0,-31017.0,1676.0,-16873.0,7503.0
822,-7460.0,-32768.0,32767.0,-2720.0,-27072.0,550.0,-16259.0,7510.0
823,-11224.0,-32768.0,32767.0,-2704.0,-23575.0,-1102.0,-15473.0,7516.0
824,-14680.0,-32768.0,32767.0,-2736.0,-19876.0,-2375.0,-14187.0,7522.0
825,-16752.0,-32768.0,32767.0,-2704.0,-15635.0,-2857.0,-11864.0,7528.0
826,-17232.0,-32768.0,32767.0,-2704.0,-10768.0,-2553.0,-8204.0,7534.0
827,-15800.0,-31544.0,32767.0,-2688.0,-5556.0,-2484.0,-4539.0,7540.0
828,-13836.0,-29052.0,32767.0,-2704.0,-347.0,-2748.0,-1529.0,7547.0
829,-12360.0,-28076.0,32767.0,-2704.0,4809.0,-3354.0,582.0,7554.0
830,-12080.0,-28548.0,32767.0,-2736.0,9800.0,-4648.0,2260.0,7560.0
831,-11856.0,-28232.0,32767.0,-2736.0,14406.0,-6114.0,4080.0,7566.0
832,-11972.0,-27136.0,32767.0,-2704.0,18033.0,-6813.0,5300.0,7572.0
833,-13260.0,-25708.0,31516.0,-2704.0,20578.0,-6954.0,5891.0,7578.0
834,-14040.0,-23176.0,22324.0,-2688.0,21493.0,-7784.0,6525.0,7584.0
835,-6276.0,-2344.0,-24508.0,-2720.0,15681.0,-11188.0,5414.0,7590.0
836,32767.0,11624.0,-32768.0,-2752.0,-8063.0,-14837.0,-11693.0,7597.0
837,32767.0,-32768.0,-32768.0,-2720.0,-911.0,-26580.0,-28579.0,7603.0
838,16164.0,-32768.0,10304.0,-2704.0,23659.0,-28314.0,-1749.0,7609.0
839,-8928.0,-32768.0,32767.0,-2720.0,32176.0,11718.0,18871.0,7615.0
840,-19900.0,-32768.0,32767.0,-2688.0,32767.0,28456.0,19574.0,7621.0
841,-16472.0,-32768.0,26352.0,-2720.0,29410.0,5112.0,4655.0,7628.0
842,-23432.0,-32768.0,-10848.0,-2720.0,25493.0,-17389.0,-790.0,7634.0
843,-17344.0,-32768.0,-12872.0,-2704.0,32767.0,-18947.0,4147.0,7641.0
844,1520.0,-7996.0,5388.0,-2688.0,32767.0,-17594.0,9698.0,7647.0
845,12216.0,10328.0,12368.0,-2736.0,30685.0,-17290.0,6659.0,7653.0
846,10216.0,11840.0,9744.0,-2704.0,21022.0,-13698.0,3285.0,7659.0
847,12144.0,-4620.0,664.0,-2720.0,18619.0,-7290.0,1947.0,7665.0
848,13624.0,-15556.0,-2828.0,-2704.0,20380.0,-6243.0,-1460.0,7671.0
849,7832.0,-15560.0,2384.0,-2688.0,20111.0,-1709.0,1349.0,7677.0
850,3712.0,-15944.0,7268.0,-2736.0,17344.0,7230.0,4542.0,7684.0
851,1764.0,-17700.0,4640.0,-2736.0,15207.0,14353.0,3055.0,7690.0
852,-116.0,-17416.0,572.0,-2704.0,14479.0,14444.0,521.0,7696.0
853,-2044.0,-13928.0,1216.0,-2704.0,13298.0,10488.0,962.0,7702.0
854,-96.0,-12956.0,992.0,-2720.0,12080.0,7659.0,1502.0,7707.0
855,912.0,-11672.0,1908.0,-2704.0,10544.0,5532.0,957.0,7713.0
