id,AcX,AcY,AcZ,Tmp,GyX,GyY,GyZ,Timer
0,3440.0,-16012.0,-1576.0,-2864.0,7064.0,1434.0,345.0,291670.0
1,3384.0,-15780.0,-1268.0,-2864.0,6965.0,1047.0,229.0,291676.0
2,3792.0,-15624.0,-1084.0,-2848.0,6834.0,472.0,183.0,291682.0
3,4320.0,-15340.0,-1220.0,-2848.0,6686.0,-62.0,147.0,291688.0
4,4876.0,-15232.0,-1116.0,-2816.0,6540.0,-522.0,138.0,291694.0
5,5440.0,-15128.0,-1324.0,-2848.0,6410.0,-742.0,183.0,291699.0
6,5884.0,-15188.0,-1168.0,-2848.0,6288.0,-782.0,301.0,291705.0
7,6232.0,-15356.0,-1008.0,-2848.0,6235.0,-607.0,446.0,291712.0
8,6176.0,-15628.0,-812.0,-2816.0,6187.0,-172.0,605.0,291718.0
9,5800.0,-16032.0,-632.0,-2816.0,6220.0,391.0,741.0,291724.0
10,5392.0,-16604.0,-624.0,-2848.0,6404.0,1114.0,827.0,291730.0
11,5000.0,-16872.0,-1064.0,-2848.0,6654.0,1729.0,916.0,291735.0
12,4952.0,-16168.0,-1332.0,-2864.0,6740.0,2020.0,940.0,291741.0
13,4760.0,-15396.0,-1060.0,-2864.0,6516.0,2055.0,915.0,291747.0
14,4408.0,-15424.0,-932.0,-2848.0,6249.0,2068.0,947.0,291753.0
15,4184.0,-15688.0,-812.0,-2848.0,6104.0,2051.0,968.0,291760.0
16,4160.0,-15784.0,-736.0,-2848.0,5962.0,1975.0,971.0,291766.0
17,4748.0,-15764.0,-1132.0,-2848.0,5828.0,1779.0,981.0,291772.0
18,5224.0,-15560.0,-988.0,-2864.0,5667.0,1600.0,1053.0,291778.0
19,5300.0,-15692.0,-784.0,-2832.0,5496.0,1658.0,1123.0,291783.0
20,5428.0,-15692.0,-888.0,-2864.0,5411.0,1817.0,1240.0,291789.0
21,5444.0,-15708.0,-616.0,-2848.0,5353.0,2057.0,1345.0,291795.0
22,5244.0,-15956.0,-956.0,-2864.0,5306.0,2255.0,1399.0,291802.0
23,5336.0,-16068.0,-936.0,-2864.0,5382.0,2355.0,1505.0,291808.0
24,5344.0,-15592.0,-660.0,-2864.0,5310.0,2409.0,1583.0,291814.0
25,4920.0,-15480.0,-392.0,-2848.0,5168.0,2566.0,1550.0,291820.0
26,4544.0,-15668.0,-240.0,-2848.0,5069.0,2655.0,1557.0,291826.0
27,4600.0,-15748.0,-336.0,-2880.0,5024.0,2578.0,1596.0,291831.0
28,4800.0,-15808.0,-308.0,-2864.0,4977.0,2586.0,1604.0,291837.0
29,4932.0,-15740.0,-244.0,-2832.0,4973.0,2721.0,1592.0,291844.0
30,4968.0,-15640.0,44.0,-2864.0,4898.0,2801.0,1658.0,291850.0
31,5000.0,-15700.0,232.0,-2832.0,4819.0,2978.0,1707.0,291856.0
32,4864.0,-15792.0,-4.0,-2864.0,4788.0,3100.0,1741.0,291862.0
33,4960.0,-15800.0,136.0,-2832.0,4804.0,3070.0,1783.0,291867.0
34,4764.0,-15620.0,136.0,-2832.0,4728.0,3022.0,1817.0,291873.0
35,4620.0,-15656.0,376.0,-2864.0,4680.0,3038.0,1851.0,291879.0
36,4508.0,-15780.0,676.0,-2848.0,4672.0,3020.0,1904.0,291886.0
37,4396.0,-16004.0,920.0,-2848.0,4585.0,3055.0,1950.0,291892.0
38,4316.0,-16204.0,592.0,-2848.0,4577.0,3107.0,1943.0,291898.0
39,4424.0,-15984.0,452.0,-2848.0,4544.0,3015.0,1927.0,291904.0
40,4624.0,-15848.0,772.0,-2864.0,4446.0,2975.0,1924.0,291910.0
41,4488.0,-15884.0,1040.0,-2832.0,4415.0,3000.0,1949.0,291915.0
42,4568.0,-15908.0,1060.0,-2848.0,4344.0,3116.0,2103.0,291921.0
43,4300.0,-16024.0,1088.0,-2848.0,4297.0,3220.0,2002.0,291928.0
44,3816.0,-15952.0,1048.0,-2832.0,4307.0,3210.0,1945.0,291934.0
45,3696.0,-15616.0,1376.0,-2832.0,4218.0,3050.0,1872.0,291940.0
46,3704.0,-15912.0,1452.0,-2848.0,4124.0,2990.0,1872.0,291946.0
47,3520.0,-15988.0,1432.0,-2832.0,4114.0,2903.0,1781.0,291952.0
48,3616.0,-16036.0,1496.0,-2848.0,4067.0,2800.0,1727.0,291958.0
49,3800.0,-15836.0,1456.0,-2848.0,3985.0,2624.0,1681.0,291964.0
50,3740.0,-15908.0,1520.0,-2864.0,3924.0,2481.0,1668.0,291971.0
51,3956.0,-15960.0,1652.0,-2880.0,3879.0,2484.0,1622.0,291977.0
52,3760.0,-16148.0,1456.0,-2864.0,3900.0,2521.0,1617.0,291982.0
53,3824.0,-16060.0,1608.0,-2864.0,3909.0,2472.0,1565.0,291988.0
54,3936.0,-16204.0,1704.0,-2848.0,3878.0,2467.0,1543.0,291994.0
55,3928.0,-16096.0,1712.0,-2832.0,3870.0,2506.0,1574.0,292000.0
56,4076.0,-16128.0,1800.0,-2832.0,3837.0,2532.0,1604.0,292006.0
57,3916.0,-16020.0,1912.0,-2848.0,3810.0,2763.0,1605.0,292013.0
58,3716.0,-16348.0,1860.0,-2832.0,3846.0,2921.0,1575.0,292019.0
59,3600.0,-16300.0,1876.0,-2848.0,3829.0,2921.0,1569.0,292025.0
60,3780.0,-16360.0,1848.0,-2848.0,3836.0,2859.0,1571.0,292031.0
61,3856.0,-16468.0,1756.0,-2832.0,3891.0,2838.0,1554.0,292037.0
62,3920.0,-16380.0,1976.0,-2880.0,3966.0,2836.0,1489.0,292043.0
63,3828.0,-16376.0,1752.0,-2816.0,4024.0,2899.0,1519.0,292048.0
64,4080.0,-16384.0,1900.0,-2832.0,4156.0,2987.0,1553.0,292055.0
65,4224.0,-16356.0,1960.0,-2880.0,4274.0,3129.0,1637.0,292061.0
66,4384.0,-16304.0,1908.0,-2800.0,4401.0,3204.0,1737.0,292067.0
67,4336.0,-16532.0,1816.0,-2864.0,4584.0,3252.0,1843.0,292073.0
68,4076.0,-16784.0,1684.0,-2880.0,4819.0,3291.0,1990.0,292079.0
69,3940.0,-17036.0,1612.0,-2832.0,5112.0,3198.0,2118.0,292085.0
70,3828.0,-16932.0,1696.0,-2864.0,5364.0,2992.0,2312.0,292091.0
71,3804.0,-17088.0,1660.0,-2880.0,5654.0,2772.0,2549.0,292098.0
72,4008.0,-17076.0,1836.0,-2864.0,5909.0,2605.0,2643.0,292104.0
73,3996.0,-16952.0,1836.0,-2848.0,6165.0,2348.0,2794.0,292110.0
74,3980.0,-17044.0,2308.0,-2848.0,6350.0,2208.0,3077.0,292116.0
75,4304.0,-17508.0,2772.0,-2832.0,6581.0,2268.0,3213.0,292121.0
76,4372.0,-17444.0,3028.0,-2848.0,6797.0,2231.0,3456.0,292127.0
77,4484.0,-16912.0,2348.0,-2848.0,6895.0,2268.0,3668.0,292133.0
78,4284.0,-17336.0,2428.0,-2832.0,7088.0,2510.0,3972.0,292140.0
79,4168.0,-17528.0,2712.0,-2832.0,7228.0,2602.0,4159.0,292146.0
80,4208.0,-17888.0,2876.0,-2848.0,7409.0,2635.0,4341.0,292152.0
81,4504.0,-17732.0,3292.0,-2832.0,7608.0,2694.0,4472.0,292158.0
82,4740.0,-17644.0,2988.0,-2848.0,7740.0,2795.0,4579.0,292164.0
83,4724.0,-18144.0,2652.0,-2864.0,7916.0,3026.0,4794.0,292170.0
84,4284.0,-18348.0,3124.0,-2832.0,8071.0,3283.0,5047.0,292176.0
85,3928.0,-18660.0,3256.0,-2816.0,8220.0,3531.0,5272.0,292183.0
86,3672.0,-18928.0,3440.0,-2832.0,8422.0,3701.0,5440.0,292189.0
87,3328.0,-18952.0,3756.0,-2848.0,8561.0,3926.0,5703.0,292194.0
88,3504.0,-19256.0,3748.0,-2848.0,8727.0,4160.0,5877.0,292200.0
89,2960.0,-19440.0,3644.0,-2832.0,8864.0,4479.0,6135.0,292206.0
90,2592.0,-19932.0,3708.0,-2832.0,8992.0,4733.0,6371.0,292212.0
91,1136.0,-20812.0,4152.0,-2832.0,9083.0,4961.0,6808.0,292218.0
92,76.0,-21856.0,5620.0,-2864.0,9076.0,4686.0,7308.0,292225.0
93,1040.0,-22928.0,5520.0,-2864.0,9165.0,3954.0,7663.0,292231.0
94,3360.0,-22588.0,3920.0,-2816.0,9384.0,3805.0,7593.0,292237.0
95,4928.0,-21968.0,2452.0,-2896.0,9635.0,4312.0,7393.0,292243.0
96,4976.0,-22124.0,3088.0,-2864.0,9882.0,5094.0,7532.0,292249.0
97,4340.0,-22704.0,3288.0,-2848.0,10144.0,5930.0,7902.0,292255.0
98,3196.0,-22824.0,2872.0,-2864.0,10467.0,6501.0,8356.0,292260.0
99,2068.0,-22736.0,2496.0,-2848.0,10883.0,6520.0,8716.0,292267.0
100,1348.0,-22588.0,2240.0,-2832.0,11300.0,6319.0,9063.0,292273.0
101,1424.0,-23088.0,2712.0,-2880.0,11801.0,6023.0,9324.0,292279.0
102,1940.0,-24208.0,4036.0,-2864.0,12460.0,5690.0,9768.0,292285.0
103,1780.0,-24788.0,3776.0,-2832.0,13089.0,5468.0,10294.0,292291.0
104,2700.0,-25248.0,2260.0,-2880.0,13645.0,5518.0,10633.0,292297.0
105,3572.0,-25480.0,1448.0,-2848.0,14250.0,5207.0,10921.0,292303.0
106,4904.0,-25148.0,-144.0,-2864.0,14542.0,5045.0,11144.0,292310.0
107,7048.0,-26552.0,-2152.0,-2848.0,14798.0,5464.0,11073.0,292316.0
108,9088.0,-28596.0,-4316.0,-2848.0,15226.0,5926.0,11018.0,292322.0
109,10524.0,-29408.0,-6420.0,-2880.0,15733.0,6399.0,11071.0,292328.0
110,10948.0,-29340.0,-8236.0,-2848.0,16163.0,7000.0,11046.0,292334.0
111,9760.0,-28516.0,-9984.0,-2848.0,16465.0,7321.0,11213.0,292341.0
112,7716.0,-27552.0,-11048.0,-2848.0,16525.0,7218.0,11591.0,292347.0
113,5108.0,-25872.0,-11248.0,-2880.0,16319.0,6225.0,11820.0,292354.0
114,3568.0,-23968.0,-11600.0,-2880.0,15841.0,4612.0,11942.0,292360.0
115,3344.0,-21048.0,-11640.0,-2848.0,15076.0,3104.0,12170.0,292366.0
116,2912.0,-18916.0,-11040.0,-2864.0,14074.0,2469.0,12515.0,292372.0
117,2448.0,-17824.0,-7008.0,-2832.0,13259.0,1820.0,12750.0,292378.0
118,1928.0,-17452.0,-1084.0,-2848.0,12887.0,776.0,12869.0,292384.0
119,1192.0,-17828.0,4436.0,-2864.0,12872.0,-574.0,12898.0,292390.0
120,672.0,-19180.0,7528.0,-2832.0,12624.0,-1793.0,12908.0,292397.0
121,1096.0,-18828.0,6152.0,-2848.0,11534.0,-3560.0,12022.0,292403.0
122,1872.0,-19232.0,4440.0,-2848.0,10144.0,-5685.0,10549.0,292409.0
123,2452.0,-20296.0,4824.0,-2848.0,9488.0,-7776.0,9306.0,292415.0
124,2464.0,-22404.0,5096.0,-2864.0,10115.0,-9651.0,8906.0,292421.0
125,2420.0,-22960.0,3888.0,-2848.0,11193.0,-9924.0,8936.0,292427.0
126,3120.0,-19188.0,1104.0,-2848.0,11149.0,-9513.0,8635.0,292433.0
127,3656.0,-15872.0,984.0,-2864.0,10983.0,-10107.0,8026.0,292440.0
128,5476.0,-12076.0,-368.0,-2848.0,10450.0,-10377.0,7512.0,292446.0
129,5388.0,-9144.0,-1112.0,-2848.0,9022.0,-9260.0,7486.0,292452.0
130,4076.0,-8824.0,-1644.0,-2848.0,7219.0,-7553.0,7834.0,292458.0
131,3824.0,-9144.0,-2572.0,-2832.0,5638.0,-6417.0,7604.0,292464.0
132,4080.0,-9000.0,-3860.0,-2864.0,4300.0,-5939.0,7060.0,292470.0
133,4808.0,-7360.0,-5580.0,-2864.0,2632.0,-5686.0,6478.0,292476.0
134,4960.0,-6848.0,-6804.0,-2896.0,1241.0,-5826.0,5396.0,292483.0
135,4528.0,-5128.0,-7380.0,-2848.0,-519.0,-6619.0,4255.0,292489.0
136,4772.0,-4472.0,-6252.0,-2848.0,-2543.0,-6957.0,5684.0,292494.0
137,6924.0,-4052.0,-6756.0,-2864.0,-3928.0,-6392.0,4264.0,292500.0
138,4912.0,-3732.0,-6776.0,-2848.0,-5355.0,-6582.0,1992.0,292506.0
139,3116.0,-3024.0,-6256.0,-2816.0,-6919.0,-7372.0,1884.0,292512.0
140,3556.0,-2724.0,-5636.0,-2832.0,-8618.0,-8216.0,1924.0,292518.0
141,3584.0,-2848.0,-4208.0,-2848.0,-10209.0,-8980.0,1296.0,292525.0
142,3320.0,-3796.0,-3312.0,-2864.0,-11422.0,-9794.0,956.0,292531.0
143,3364.0,-4396.0,-2588.0,-2832.0,-12518.0,-10493.0,497.0,292537.0
144,3900.0,-4556.0,-1876.0,-2864.0,-13773.0,-11001.0,-422.0,292543.0
145,3640.0,-4684.0,-1724.0,-2880.0,-15058.0,-11438.0,-1379.0,292549.0
146,3720.0,-3960.0,-1960.0,-2864.0,-16671.0,-11646.0,-1913.0,292555.0
147,4412.0,-3840.0,-2460.0,-2864.0,-18496.0,-11843.0,-2419.0,292561.0
148,5072.0,-4160.0,-2968.0,-2864.0,-20276.0,-11453.0,-2856.0,292568.0
149,5572.0,-4956.0,-3524.0,-2848.0,-21916.0,-10839.0,-3185.0,292574.0
150,6020.0,-5768.0,-4016.0,-2848.0,-23445.0,-9950.0,-3485.0,292580.0
151,6476.0,-6384.0,-3916.0,-2864.0,-24919.0,-8945.0,-3932.0,292586.0
152,6348.0,-7600.0,-4236.0,-2848.0,-26042.0,-8139.0,-4408.0,292592.0
153,6624.0,-8768.0,-3836.0,-2832.0,-26982.0,-7435.0,-4733.0,292598.0
154,6744.0,-9680.0,-3188.0,-2848.0,-27845.0,-6761.0,-5058.0,292604.0
155,6816.0,-10608.0,-2604.0,-2832.0,-28727.0,-6070.0,-5386.0,292611.0
156,7244.0,-11636.0,-1968.0,-2864.0,-29652.0,-5306.0,-5779.0,292617.0
157,7468.0,-12668.0,-1240.0,-2864.0,-30501.0,-4448.0,-6160.0,292623.0
158,7460.0,-13780.0,-1052.0,-2848.0,-31314.0,-3567.0,-6673.0,292629.0
159,7372.0,-14940.0,-416.0,-2832.0,-32058.0,-2814.0,-7310.0,292635.0
160,6768.0,-15860.0,176.0,-2832.0,-32768.0,-2238.0,-7944.0,292641.0
161,6332.0,-17200.0,460.0,-2864.0,-32768.0,-1879.0,-8669.0,292647.0
162,5844.0,-18232.0,640.0,-2832.0,-32768.0,-1259.0,-9264.0,292654.0
163,5152.0,-18596.0,828.0,-2864.0,-32768.0,-684.0,-9929.0,292661.0
164,4868.0,-18924.0,588.0,-2848.0,-32768.0,-409.0,-10622.0,292667.0
165,4500.0,-20032.0,488.0,-2816.0,-32768.0,-264.0,-11385.0,292673.0
166,4428.0,-21348.0,640.0,-2848.0,-32768.0,-134.0,-12082.0,292679.0
167,3888.0,-23096.0,616.0,-2848.0,-32768.0,-151.0,-12580.0,292685.0
168,3868.0,-24044.0,968.0,-2848.0,-32768.0,-18.0,-13046.0,292691.0
169,3780.0,-24936.0,1164.0,-2864.0,-32768.0,104.0,-13357.0,292698.0
170,3912.0,-25628.0,1180.0,-2832.0,-32768.0,268.0,-13786.0,292704.0
171,4168.0,-26168.0,1172.0,-2832.0,-32768.0,480.0,-14226.0,292710.0
172,4460.0,-26988.0,1120.0,-2832.0,-32768.0,748.0,-14649.0,292716.0
173,4656.0,-27740.0,1452.0,-2864.0,-32768.0,1130.0,-15036.0,292722.0
174,4828.0,-28392.0,1684.0,-2864.0,-32768.0,1573.0,-15299.0,292728.0
175,4852.0,-29212.0,2584.0,-2864.0,-32768.0,2034.0,-15482.0,292734.0
176,4472.0,-30180.0,4016.0,-2848.0,-32768.0,2337.0,-15567.0,292741.0
177,3804.0,-30476.0,5452.0,-2832.0,-32768.0,2544.0,-15470.0,292748.0
178,-1108.0,-32768.0,4432.0,-2832.0,-32768.0,2609.0,-14960.0,292754.0
179,-1844.0,-30648.0,8456.0,-2832.0,-32768.0,2457.0,-15957.0,292760.0
180,6264.0,-32144.0,8332.0,-2848.0,-32369.0,3891.0,-12370.0,292766.0
181,1980.0,-32472.0,10564.0,-2832.0,-30741.0,4705.0,-16066.0,292772.0
182,-592.0,-31708.0,12080.0,-2848.0,-29776.0,4660.0,-15035.0,292780.0
183,796.0,-32468.0,13504.0,-2864.0,-28375.0,5045.0,-14181.0,292786.0
184,1032.0,-32768.0,15384.0,-2816.0,-26495.0,5452.0,-13488.0,292792.0
185,780.0,-32396.0,17128.0,-2832.0,-24505.0,6348.0,-12367.0,292798.0
186,420.0,-31380.0,18828.0,-2864.0,-22405.0,7624.0,-11898.0,292804.0
187,-2188.0,-30348.0,20732.0,-2816.0,-20142.0,8993.0,-11416.0,292810.0
188,-4736.0,-29520.0,22024.0,-2880.0,-17832.0,10071.0,-10583.0,292817.0
189,-7816.0,-28904.0,23844.0,-2800.0,-15333.0,10659.0,-9272.0,292824.0
190,-9440.0,-28032.0,25656.0,-2832.0,-12822.0,11064.0,-7476.0,292830.0
191,-10940.0,-26968.0,27804.0,-2832.0,-9917.0,11342.0,-5565.0,292837.0
192,-11728.0,-25872.0,28664.0,-2800.0,-6791.0,11482.0,-3605.0,292843.0
193,-12964.0,-25880.0,29108.0,-2864.0,-3392.0,10974.0,-1697.0,292849.0
194,-13808.0,-25696.0,29332.0,-2864.0,22.0,9370.0,100.0,292856.0
195,-14252.0,-25436.0,28432.0,-2832.0,3210.0,6888.0,1409.0,292862.0
196,-14376.0,-24888.0,26676.0,-2864.0,6290.0,3662.0,2431.0,292869.0
197,-13548.0,-23612.0,25036.0,-2832.0,8921.0,455.0,3228.0,292875.0
198,-12824.0,-23116.0,23592.0,-2848.0,11037.0,-2304.0,3760.0,292881.0
199,-11828.0,-22136.0,21320.0,-2832.0,12847.0,-4865.0,4187.0,292887.0
200,-10428.0,-19744.0,15268.0,-2880.0,13721.0,-7699.0,4645.0,292893.0
201,-6840.0,-12348.0,-4084.0,-2832.0,11342.0,-10780.0,3953.0,292899.0
202,27916.0,1796.0,-32768.0,-2864.0,-2978.0,-12125.0,-5717.0,292905.0
203,32767.0,-26548.0,-32768.0,-2848.0,-5372.0,-17025.0,-21013.0,292913.0
204,20872.0,-32768.0,-16800.0,-2832.0,9669.0,-24279.0,-4382.0,292919.0
205,8772.0,-32768.0,1260.0,-2832.0,14108.0,-7549.0,11222.0,292925.0
206,-11580.0,-29924.0,19912.0,-2832.0,14080.0,15132.0,11952.0,292932.0
207,-22732.0,-32768.0,32180.0,-2832.0,14978.0,15674.0,8020.0,292938.0
208,-19032.0,-32768.0,27208.0,-2848.0,16480.0,580.0,449.0,292944.0
209,-15568.0,-32768.0,9324.0,-2864.0,17076.0,-11782.0,-884.0,292951.0
210,-560.0,-22696.0,-7992.0,-2832.0,16708.0,-16565.0,1316.0,292957.0
211,10944.0,-13152.0,-9664.0,-2864.0,15940.0,-16678.0,2747.0,292963.0
212,16364.0,-5700.0,-1208.0,-2848.0,14339.0,-13107.0,2787.0,292970.0
213,12720.0,-4880.0,3436.0,-2864.0,11924.0,-6624.0,1576.0,292976.0
214,7632.0,-8880.0,2840.0,-2848.0,10481.0,-3434.0,1597.0,292982.0
215,7844.0,-11412.0,-680.0,-2848.0,9530.0,-2888.0,1313.0,292988.0
216,9180.0,-12816.0,-2140.0,-2848.0,8962.0,-2821.0,749.0,292995.0
217,8924.0,-15036.0,-2544.0,-2864.0,8706.0,-1503.0,1364.0,293001.0
218,6980.0,-17692.0,-1740.0,-2848.0,8697.0,1179.0,2123.0,293006.0
219,3568.0,-19988.0,-1544.0,-2864.0,9034.0,3966.0,2101.0,293012.0
220,312.0,-20768.0,-1760.0,-2848.0,9555.0,5321.0,1571.0,293018.0
221,-1356.0,-19812.0,-1820.0,-2848.0,9751.0,5193.0,878.0,293024.0
222,-936.0,-17864.0,-2032.0,-2832.0,9445.0,4163.0,508.0,293030.0
223,1312.0,-15892.0,-1688.0,-2864.0,8969.0,2992.0,403.0,293037.0
224,3212.0,-14792.0,-1276.0,-2848.0,8457.0,2299.0,71.0,293043.0
225,3424.0,-13764.0,-664.0,-2816.0,7788.0,2313.0,-248.0,293049.0
226,2972.0,-13772.0,-364.0,-2880.0,7114.0,2625.0,-543.0,293055.0
227,2092.0,-14820.0,-352.0,-2832.0,6707.0,2483.0,-1128.0,293061.0
228,1704.0,-15728.0,-168.0,-2832.0,6479.0,1846.0,-1519.0,293066.0
229,2212.0,-16636.0,-700.0,-2880.0,6415.0,1145.0,-1794.0,293072.0
230,3588.0,-16740.0,-1108.0,-2848.0,6406.0,442.0,-1857.0,293079.0
231,5500.0,-16356.0,-1300.0,-2864.0,6383.0,-310.0,-1713.0,293085.0
232,6984.0,-15800.0,-1340.0,-2896.0,6310.0,-793.0,-1345.0,293091.0
233,8364.0,-15036.0,-1488.0,-2848.0,6161.0,-651.0,-809.0,293097.0
234,8756.0,-14896.0,-1452.0,-2848.0,6057.0,154.0,-331.0,293103.0
235,8600.0,-14924.0,-1416.0,-2864.0,6063.0,1316.0,20.0,293109.0
236,7940.0,-14828.0,-1292.0,-2864.0,6103.0,2345.0,276.0,293115.0
237,6860.0,-15152.0,-1224.0,-2848.0,6225.0,3039.0,413.0,293121.0
238,5840.0,-15204.0,-1256.0,-2848.0,6194.0,3300.0,572.0,293127.0
239,4996.0,-15680.0,-1068.0,-2864.0,6163.0,3313.0,702.0,293133.0
240,4488.0,-16344.0,-1252.0,-2864.0,6168.0,3292.0,743.0,293139.0
241,4560.0,-16556.0,-1916.0,-2848.0,6298.0,3295.0,743.0,293145.0
242,4684.0,-16100.0,-2036.0,-2832.0,6327.0,3157.0,726.0,293151.0
243,4844.0,-15728.0,-1952.0,-2864.0,6224.0,3067.0,759.0,293157.0
244,5164.0,-15608.0,-1848.0,-2848.0,6105.0,3209.0,822.0,293164.0
245,5584.0,-15472.0,-1768.0,-2880.0,6054.0,3375.0,943.0,293170.0
246,6232.0,-15624.0,-1920.0,-2864.0,6076.0,3629.0,1149.0,293176.0
247,6792.0,-15820.0,-2260.0,-2864.0,6225.0,3730.0,1406.0,293182.0
248,6988.0,-15676.0,-1896.0,-2864.0,6377.0,3654.0,1743.0,293187.0
249,6792.0,-15272.0,-1528.0,-2848.0,6462.0,3547.0,2006.0,293193.0
250,6668.0,-15640.0,-1456.0,-2832.0,6590.0,3695.0,2281.0,293199.0
251,6724.0,-15824.0,-1832.0,-2848.0,6832.0,3925.0,2455.0,293206.0
252,6724.0,-15332.0,-1340.0,-2864.0,6971.0,3852.0,2694.0,293212.0
253,6220.0,-15172.0,-576.0,-2848.0,6928.0,3851.0,2852.0,293218.0
254,5480.0,-15580.0,-492.0,-2848.0,6906.0,3869.0,2999.0,293224.0
255,4736.0,-15656.0,40.0,-2864.0,6825.0,3649.0,3094.0,293230.0
256,4252.0,-15572.0,124.0,-2864.0,6759.0,3372.0,3073.0,293236.0
257,3856.0,-15784.0,228.0,-2864.0,6769.0,2908.0,3014.0,293242.0
258,3460.0,-16016.0,464.0,-2848.0,6741.0,2403.0,2942.0,293249.0
259,3284.0,-16104.0,564.0,-2880.0,6705.0,1991.0,2831.0,293255.0
260,3592.0,-16060.0,644.0,-2864.0,6592.0,1649.0,2721.0,293260.0
261,4244.0,-15980.0,1088.0,-2848.0,6499.0,1637.0,2685.0,293266.0
262,4536.0,-15720.0,944.0,-2816.0,6419.0,1889.0,2655.0,293272.0
263,4444.0,-15700.0,1088.0,-2832.0,6288.0,2318.0,2652.0,293278.0
264,4152.0,-15824.0,1404.0,-2848.0,6137.0,2660.0,2627.0,293284.0
265,3976.0,-15968.0,1296.0,-2848.0,6078.0,2784.0,2540.0,293291.0
266,3868.0,-16132.0,1300.0,-2864.0,6065.0,2767.0,2485.0,293297.0
267,3908.0,-16012.0,1256.0,-2848.0,6003.0,2642.0,2426.0,293303.0
268,4120.0,-15856.0,1460.0,-2848.0,5910.0,2515.0,2373.0,293309.0
269,4264.0,-16132.0,1612.0,-2864.0,5815.0,2503.0,2329.0,293315.0
270,4332.0,-16236.0,1792.0,-2848.0,5762.0,2603.0,2323.0,293321.0
271,4308.0,-16136.0,1788.0,-2864.0,5643.0,2678.0,2260.0,293326.0
272,4380.0,-16376.0,1672.0,-2864.0,5579.0,2743.0,2255.0,293332.0
273,4232.0,-16296.0,1828.0,-2848.0,5545.0,2828.0,2237.0,293339.0
274,3908.0,-16368.0,1896.0,-2864.0,5477.0,2961.0,2189.0,293345.0
275,3952.0,-16484.0,2040.0,-2864.0,5503.0,3083.0,2035.0,293351.0
276,3832.0,-16528.0,1876.0,-2848.0,5508.0,3126.0,2026.0,293357.0
277,3884.0,-16568.0,1888.0,-2864.0,5570.0,3252.0,1881.0,293363.0
278,3868.0,-16740.0,1876.0,-2864.0,5654.0,3299.0,1827.0,293369.0
279,4260.0,-16648.0,1608.0,-2816.0,5719.0,3392.0,1720.0,293376.0
280,4468.0,-16748.0,1992.0,-2864.0,5821.0,3509.0,1630.0,293382.0
281,4832.0,-16792.0,1976.0,-2896.0,5913.0,3753.0,1497.0,293388.0
282,5812.0,-17240.0,1740.0,-2848.0,6086.0,4144.0,1352.0,293394.0
283,5004.0,-16604.0,1284.0,-2864.0,6249.0,4391.0,1580.0,293399.0
284,4464.0,-16648.0,1800.0,-2848.0,6444.0,4832.0,1847.0,293405.0
285,4232.0,-16760.0,2008.0,-2816.0,6650.0,5008.0,1914.0,293411.0
286,4384.0,-17276.0,1868.0,-2864.0,6957.0,4972.0,2126.0,293417.0
287,5136.0,-17472.0,1852.0,-2848.0,7280.0,4901.0,2224.0,293424.0
288,6160.0,-17196.0,1824.0,-2848.0,7525.0,4675.0,2268.0,293430.0
289,6480.0,-17264.0,1852.0,-2832.0,7747.0,4779.0,2489.0,293436.0
290,6680.0,-17220.0,2040.0,-2848.0,7967.0,5048.0,2752.0,293442.0
291,7232.0,-16828.0,1996.0,-2848.0,8178.0,5334.0,2543.0,293448.0
292,6060.0,-18532.0,1392.0,-2832.0,8551.0,5433.0,4126.0,293454.0
293,4744.0,-16512.0,2752.0,-2848.0,8603.0,6272.0,3463.0,293460.0
294,3348.0,-17928.0,3036.0,-2864.0,8864.0,5960.0,4124.0,293467.0
295,3176.0,-18560.0,2932.0,-2864.0,9142.0,5679.0,4506.0,293472.0
296,2736.0,-18804.0,2816.0,-2880.0,9465.0,5429.0,4931.0,293478.0
297,2700.0,-19184.0,3064.0,-2896.0,9785.0,5294.0,5089.0,293484.0
298,1812.0,-19672.0,2936.0,-2848.0,10171.0,5050.0,5221.0,293490.0
299,1420.0,-20084.0,2864.0,-2864.0,10603.0,4761.0,5565.0,293496.0
300,928.0,-20536.0,2884.0,-2848.0,11084.0,4543.0,5970.0,293502.0
301,836.0,-20940.0,3120.0,-2848.0,11566.0,4305.0,6371.0,293509.0
302,864.0,-21396.0,3224.0,-2832.0,12074.0,4019.0,6735.0,293515.0
303,1012.0,-21788.0,3284.0,-2864.0,12534.0,3738.0,6996.0,293521.0
304,1552.0,-22332.0,3364.0,-2832.0,13110.0,3481.0,7228.0,293527.0
305,2288.0,-22808.0,3180.0,-2848.0,13586.0,3413.0,7539.0,293533.0
306,3072.0,-23408.0,2888.0,-2832.0,14077.0,3530.0,7820.0,293539.0
307,2944.0,-23456.0,3100.0,-2848.0,14417.0,3731.0,8120.0,293545.0
308,2740.0,-23304.0,3732.0,-2832.0,14740.0,4098.0,9076.0,293552.0
309,2420.0,-25184.0,4440.0,-2848.0,14897.0,3921.0,9863.0,293558.0
310,3576.0,-27252.0,3780.0,-2864.0,15180.0,3418.0,10327.0,293564.0
311,6684.0,-27336.0,2568.0,-2896.0,15727.0,3375.0,10279.0,293570.0
312,9308.0,-26664.0,2084.0,-2816.0,16368.0,3816.0,10115.0,293576.0
313,10952.0,-27376.0,2336.0,-2880.0,17049.0,5044.0,10016.0,293582.0
314,11912.0,-28764.0,1704.0,-2880.0,17660.0,6764.0,9984.0,293588.0
315,12576.0,-30076.0,1040.0,-2896.0,18283.0,8477.0,9843.0,293595.0
316,13580.0,-30304.0,4.0,-2864.0,18817.0,10157.0,9575.0,293601.0
317,14456.0,-32064.0,-2088.0,-2848.0,19246.0,12454.0,9261.0,293607.0
318,14624.0,-32768.0,-6096.0,-2848.0,19755.0,14690.0,9278.0,293613.0
319,13144.0,-32768.0,-9864.0,-2848.0,20177.0,16563.0,9857.0,293619.0
320,11164.0,-32768.0,-14040.0,-2880.0,20235.0,17630.0,10490.0,293625.0
321,9352.0,-32456.0,-16212.0,-2864.0,19998.0,17403.0,10891.0,293632.0
322,7364.0,-30840.0,-17320.0,-2864.0,19499.0,16844.0,11364.0,293638.0
323,5188.0,-28184.0,-18344.0,-2848.0,18585.0,15551.0,11539.0,293644.0
324,4208.0,-24672.0,-18352.0,-2848.0,17229.0,13939.0,11751.0,293651.0
325,3388.0,-20696.0,-16864.0,-2832.0,15451.0,12815.0,11961.0,293657.0
326,1880.0,-17140.0,-12872.0,-2832.0,13620.0,11927.0,12200.0,293663.0
327,-696.0,-15344.0,-2448.0,-2848.0,12693.0,10439.0,12702.0,293669.0
328,-2800.0,-15192.0,5000.0,-2848.0,12241.0,7911.0,13113.0,293676.0
329,-3452.0,-14800.0,6460.0,-2816.0,10873.0,4312.0,12730.0,293682.0
330,-2760.0,-15208.0,3924.0,-2864.0,8494.0,242.0,11216.0,293688.0
331,-920.0,-21340.0,7304.0,-2848.0,7676.0,-3692.0,9495.0,293694.0
332,-1416.0,-26740.0,8568.0,-2832.0,9365.0,-7767.0,8464.0,293700.0
333,352.0,-27760.0,10004.0,-2880.0,11122.0,-8293.0,7982.0,293706.0
334,100.0,-24500.0,5888.0,-2864.0,12248.0,-8596.0,7801.0,293712.0
335,1268.0,-18416.0,2524.0,-2880.0,12094.0,-9789.0,7600.0,293719.0
336,3548.0,-12696.0,1072.0,-2880.0,11246.0,-9918.0,6944.0,293725.0
337,4892.0,-7312.0,-1280.0,-2864.0,9264.0,-8639.0,6429.0,293731.0
338,6096.0,-4384.0,-3108.0,-2864.0,6699.0,-6926.0,5855.0,293737.0
339,7096.0,-4584.0,-4100.0,-2832.0,4164.0,-4749.0,5004.0,293743.0
340,7392.0,-4944.0,-5428.0,-2832.0,2287.0,-2843.0,4211.0,293749.0
341,7460.0,-4516.0,-7128.0,-2880.0,641.0,-1413.0,3522.0,293754.0
342,7172.0,-3668.0,-8468.0,-2848.0,-1050.0,-416.0,2830.0,293761.0
343,6624.0,-2768.0,-8280.0,-2816.0,-2775.0,291.0,2308.0,293767.0
344,5412.0,-2224.0,-7704.0,-2832.0,-4429.0,658.0,1908.0,293773.0
345,4444.0,-2048.0,-6584.0,-2864.0,-5826.0,504.0,1414.0,293779.0
346,3364.0,-1896.0,-5700.0,-2864.0,-7142.0,-113.0,769.0,293785.0
347,2312.0,-1764.0,-5108.0,-2832.0,-8536.0,-915.0,44.0,293791.0
348,1140.0,-1596.0,-4816.0,-2848.0,-10019.0,-1861.0,-771.0,293796.0
349,232.0,-1288.0,-4944.0,-2832.0,-11708.0,-3269.0,-1735.0,293803.0
350,-408.0,-828.0,-4904.0,-2880.0,-13490.0,-5016.0,-2513.0,293809.0
351,-208.0,-1104.0,-4144.0,-2816.0,-15264.0,-6841.0,-3088.0,293815.0
352,120.0,-1852.0,-4128.0,-2832.0,-16906.0,-8486.0,-3711.0,293821.0
353,632.0,-2864.0,-3736.0,-2848.0,-18370.0,-9689.0,-4335.0,293827.0
354,1144.0,-3600.0,-3536.0,-2848.0,-19688.0,-10247.0,-4886.0,293833.0
355,2012.0,-3924.0,-3880.0,-2848.0,-21165.0,-10305.0,-5308.0,293839.0
356,2960.0,-3920.0,-4456.0,-2832.0,-22829.0,-9995.0,-5703.0,293846.0
357,3892.0,-4192.0,-4908.0,-2832.0,-24599.0,-9462.0,-6162.0,293852.0
358,4876.0,-4468.0,-5632.0,-2848.0,-26380.0,-8842.0,-6619.0,293858.0
359,5484.0,-5260.0,-6096.0,-2864.0,-27837.0,-8181.0,-7102.0,293864.0
360,5960.0,-6580.0,-5844.0,-2880.0,-29009.0,-7592.0,-7398.0,293870.0
361,6048.0,-7724.0,-5460.0,-2864.0,-29926.0,-6895.0,-7746.0,293876.0
362,6592.0,-9152.0,-4652.0,-2864.0,-30777.0,-5973.0,-8123.0,293882.0
363,7048.0,-9924.0,-3748.0,-2848.0,-31679.0,-4982.0,-8585.0,293889.0
364,7780.0,-10992.0,-3260.0,-2832.0,-32698.0,-3867.0,-9151.0,293895.0
365,8668.0,-12196.0,-2668.0,-2864.0,-32768.0,-2592.0,-9786.0,293901.0
366,9080.0,-13732.0,-2560.0,-2848.0,-32768.0,-1360.0,-10436.0,293907.0
367,8952.0,-15092.0,-2564.0,-2848.0,-32768.0,-100.0,-11073.0,293913.0
368,8440.0,-16392.0,-1972.0,-2864.0,-32768.0,899.0,-11588.0,293920.0
369,7152.0,-18076.0,-1596.0,-2880.0,-32768.0,2005.0,-11969.0,293926.0
370,5916.0,-18436.0,-1480.0,-2832.0,-32768.0,3102.0,-12359.0,293933.0
371,4240.0,-19072.0,-1548.0,-2896.0,-32768.0,3747.0,-13074.0,293939.0
372,2896.0,-20040.0,-1692.0,-2848.0,-32768.0,3900.0,-13869.0,293945.0
373,2324.0,-21644.0,-860.0,-2864.0,-32768.0,3668.0,-14557.0,293952.0
374,2068.0,-23552.0,-548.0,-2816.0,-32768.0,3382.0,-15262.0,293958.0
375,2264.0,-25144.0,-44.0,-2848.0,-32768.0,3205.0,-15872.0,293964.0
376,2940.0,-26540.0,140.0,-2848.0,-32768.0,3268.0,-16439.0,293970.0
377,3700.0,-28308.0,412.0,-2848.0,-32768.0,3432.0,-17064.0,293977.0
378,4264.0,-29772.0,1148.0,-2880.0,-32768.0,3727.0,-17620.0,293983.0
379,4336.0,-30932.0,2116.0,-2848.0,-32768.0,4074.0,-18200.0,293989.0
380,4364.0,-31580.0,2636.0,-2832.0,-32768.0,4487.0,-18872.0,293995.0
381,3800.0,-32768.0,3920.0,-2848.0,-32768.0,4755.0,-19445.0,294001.0
382,2944.0,-32768.0,5524.0,-2848.0,-32768.0,4721.0,-19871.0,294008.0
383,2020.0,-32768.0,7080.0,-2864.0,-32768.0,4425.0,-20243.0,294014.0
384,628.0,-32768.0,8964.0,-2864.0,-32768.0,3766.0,-20411.0,294021.0
385,-632.0,-32768.0,10684.0,-2864.0,-32768.0,3015.0,-20273.0,294027.0
386,-1628.0,-32768.0,12412.0,-2848.0,-32768.0,2291.0,-19789.0,294033.0
387,-3256.0,-32768.0,14544.0,-2848.0,-32555.0,1739.0,-18728.0,294039.0
388,-4528.0,-32768.0,16388.0,-2880.0,-30754.0,1218.0,-17260.0,294046.0
389,-5744.0,-32768.0,18552.0,-2848.0,-28557.0,349.0,-15846.0,294052.0
390,-5988.0,-32768.0,20864.0,-2816.0,-25991.0,-968.0,-14513.0,294059.0
391,-5416.0,-32768.0,23760.0,-2848.0,-23181.0,-2211.0,-13273.0,294066.0
392,-5044.0,-32768.0,26160.0,-2848.0,-20148.0,-3016.0,-12145.0,294072.0
393,-5160.0,-32404.0,29320.0,-2832.0,-17120.0,-2875.0,-10919.0,294078.0
394,-6180.0,-32068.0,32767.0,-2832.0,-13340.0,-1820.0,-11118.0,294085.0
395,-12288.0,-31300.0,32767.0,-2880.0,-9664.0,-566.0,-3519.0,294091.0
396,-10892.0,-29512.0,32767.0,-2896.0,-5517.0,2625.0,-3477.0,294097.0
397,-19160.0,-27620.0,32767.0,-2832.0,-1261.0,4084.0,-2225.0,294105.0
398,-20652.0,-26884.0,32767.0,-2816.0,2901.0,2105.0,607.0,294111.0
399,-19608.0,-27188.0,32767.0,-2864.0,6945.0,-2007.0,2845.0,294117.0
400,-15952.0,-27776.0,29860.0,-2848.0,10938.0,-6708.0,5045.0,294123.0
401,-11972.0,-26164.0,26872.0,-2832.0,14059.0,-9670.0,6277.0,294129.0
402,-8512.0,-23620.0,23464.0,-2848.0,16036.0,-10564.0,6393.0,294135.0
403,-7164.0,-22192.0,20620.0,-2864.0,17315.0,-10647.0,6101.0,294142.0
404,-6996.0,-19564.0,14804.0,-2864.0,17797.0,-11315.0,6095.0,294149.0
405,-4372.0,-8188.0,-15968.0,-2880.0,13963.0,-12608.0,5433.0,294155.0
406,28852.0,13560.0,-32768.0,-2864.0,-7921.0,-12865.0,-5259.0,294161.0
407,32767.0,-32768.0,-32768.0,-2832.0,-6800.0,-20129.0,-25786.0,294168.0
408,26076.0,-32768.0,-9552.0,-2848.0,17399.0,-26665.0,-675.0,294174.0
409,7636.0,-21532.0,8396.0,-2848.0,17317.0,-3579.0,14146.0,294180.0
410,-14844.0,-26276.0,32767.0,-2848.0,17040.0,12908.0,9186.0,294187.0
411,-22716.0,-32768.0,32767.0,-2832.0,18220.0,7812.0,5555.0,294194.0
412,-27612.0,-32768.0,29920.0,-2864.0,18286.0,-6103.0,1088.0,294200.0
413,-23440.0,-32768.0,-876.0,-2832.0,17110.0,-15728.0,-4.0,294206.0
414,-6484.0,-20864.0,-15936.0,-2864.0,16184.0,-20132.0,1173.0,294212.0
415,16328.0,-9808.0,-5716.0,-2848.0,16541.0,-22253.0,1442.0,294218.0
416,21132.0,-6056.0,4340.0,-2864.0,16025.0,-16502.0,1628.0,294225.0
417,13960.0,-9376.0,5884.0,-2864.0,13848.0,-7747.0,2882.0,294232.0
418,8580.0,-15968.0,-992.0,-2848.0,12293.0,-2542.0,3177.0,294238.0
419,8572.0,-18036.0,-3184.0,-2864.0,12339.0,-2496.0,2126.0,294244.0
420,7788.0,-17512.0,-3184.0,-2864.0,13109.0,-2557.0,2379.0,294250.0
421,6704.0,-15968.0,-1544.0,-2864.0,12980.0,750.0,3478.0,294256.0
422,4240.0,-17296.0,-672.0,-2816.0,12846.0,5486.0,3718.0,294262.0
423,0.0,-19368.0,-176.0,-2864.0,12915.0,8118.0,3231.0,294268.0
424,-3372.0,-18300.0,400.0,-2864.0,12585.0,7909.0,2222.0,294274.0
425,-3204.0,-15908.0,-200.0,-2832.0,11601.0,5070.0,1105.0,294280.0
426,1196.0,-15148.0,-1320.0,-2896.0,10982.0,2173.0,384.0,294286.0
427,5128.0,-15472.0,-1832.0,-2848.0,10960.0,687.0,91.0,294292.0
428,6364.0,-14724.0,-1416.0,-2880.0,10792.0,732.0,432.0,294298.0
429,5536.0,-13888.0,-900.0,-2848.0,10198.0,2235.0,851.0,294304.0
430,3348.0,-13808.0,-644.0,-2864.0,9486.0,3824.0,608.0,294310.0
431,1156.0,-14696.0,-176.0,-2864.0,8949.0,4271.0,101.0,294317.0
432,504.0,-15828.0,-436.0,-2864.0,8647.0,3800.0,-176.0,294323.0
433,1352.0,-16108.0,-852.0,-2864.0,8468.0,2862.0,-400.0,294328.0
434,2124.0,-15796.0,-1164.0,-2864.0,8283.0,1805.0,-596.0,294334.0
435,2944.0,-15220.0,-1216.0,-2816.0,8090.0,672.0,-706.0,294340.0
436,4188.0,-14824.0,-760.0,-2848.0,7776.0,-34.0,-687.0,294346.0
437,5592.0,-14908.0,-856.0,-2864.0,7441.0,13.0,-585.0,294352.0
438,6440.0,-14964.0,-840.0,-2864.0,7183.0,464.0,-294.0,294358.0
439,6444.0,-15292.0,-1212.0,-2864.0,7055.0,1269.0,-7.0,294364.0
440,5608.0,-15436.0,-1076.0,-2864.0,6892.0,1981.0,254.0,294370.0
441,4504.0,-15460.0,-628.0,-2864.0,6649.0,2313.0,434.0,294376.0
442,3728.0,-15528.0,-364.0,-2864.0,6343.0,2349.0,472.0,294382.0
443,3648.0,-15844.0,-128.0,-2880.0,5979.0,1974.0,454.0,294388.0
444,3888.0,-16024.0,-528.0,-2880.0,5674.0,1513.0,472.0,294394.0
445,4016.0,-15888.0,-476.0,-2848.0,5433.0,1143.0,601.0,294400.0
446,4044.0,-15888.0,-532.0,-2848.0,5235.0,1019.0,657.0,294406.0
447,4024.0,-15904.0,-364.0,-2848.0,5056.0,1144.0,725.0,294412.0
448,3672.0,-16000.0,-320.0,-2912.0,4940.0,1326.0,730.0,294418.0
449,3572.0,-16024.0,-180.0,-2880.0,4857.0,1453.0,713.0,294424.0
450,3308.0,-15988.0,-48.0,-2864.0,4786.0,1459.0,661.0,294430.0
451,3524.0,-16192.0,36.0,-2848.0,4766.0,1379.0,562.0,294435.0
452,3748.0,-16236.0,-240.0,-2912.0,4720.0,1280.0,529.0,294441.0
453,4084.0,-16140.0,0.0,-2880.0,4694.0,1195.0,540.0,294448.0
454,4324.0,-16044.0,164.0,-2864.0,4692.0,1223.0,567.0,294454.0
455,4532.0,-16000.0,76.0,-2896.0,4651.0,1229.0,650.0,294460.0
456,4776.0,-15828.0,228.0,-2832.0,4595.0,1334.0,730.0,294465.0
457,5000.0,-15676.0,76.0,-2864.0,4564.0,1506.0,837.0,294471.0
458,4996.0,-15560.0,328.0,-2880.0,4529.0,1801.0,905.0,294477.0
459,4748.0,-15512.0,312.0,-2848.0,4515.0,2041.0,1010.0,294483.0
460,4160.0,-15636.0,456.0,-2880.0,4503.0,2106.0,1057.0,294490.0
461,3736.0,-15792.0,472.0,-2880.0,4497.0,1933.0,1098.0,294496.0
462,3408.0,-16000.0,648.0,-2864.0,4484.0,1640.0,1073.0,294501.0
463,3356.0,-16056.0,788.0,-2864.0,4485.0,1359.0,1045.0,294507.0
464,3824.0,-15916.0,740.0,-2896.0,4485.0,1219.0,1030.0,294513.0
465,4208.0,-15912.0,784.0,-2864.0,4495.0,1274.0,1056.0,294519.0
466,4056.0,-15860.0,820.0,-2880.0,4501.0,1406.0,1065.0,294525.0
467,3996.0,-15872.0,912.0,-2880.0,4521.0,1493.0,1079.0,294532.0
468,3832.0,-16068.0,984.0,-2880.0,4537.0,1471.0,1124.0,294538.0
469,3324.0,-16120.0,1252.0,-2848.0,4528.0,1395.0,1080.0,294543.0
470,3072.0,-16168.0,1060.0,-2864.0,4585.0,1317.0,1071.0,294549.0
471,3016.0,-16244.0,1176.0,-2848.0,4610.0,1136.0,1070.0,294555.0
472,3312.0,-16064.0,1316.0,-2848.0,4665.0,973.0,1043.0,294561.0
473,3844.0,-16324.0,1028.0,-2864.0,4758.0,882.0,1027.0,294567.0
474,4052.0,-16256.0,1188.0,-2864.0,4853.0,752.0,1059.0,294574.0
475,4276.0,-15836.0,1236.0,-2864.0,4889.0,750.0,1095.0,294580.0
476,4348.0,-15916.0,1336.0,-2896.0,4914.0,787.0,1165.0,294586.0
477,4268.0,-16004.0,1412.0,-2864.0,4971.0,869.0,1213.0,294591.0
478,4196.0,-15984.0,1536.0,-2864.0,5018.0,919.0,1249.0,294597.0
479,4304.0,-15812.0,1840.0,-2848.0,4990.0,1024.0,1280.0,294603.0
480,4268.0,-15812.0,1876.0,-2864.0,4980.0,1262.0,1312.0,294609.0
481,3992.0,-16052.0,1980.0,-2864.0,4975.0,1512.0,1320.0,294616.0
482,3672.0,-16000.0,1988.0,-2880.0,5010.0,1632.0,1340.0,294622.0
483,3632.0,-16212.0,1748.0,-2864.0,5037.0,1715.0,1358.0,294628.0
484,3460.0,-16372.0,1780.0,-2880.0,5141.0,1738.0,1376.0,294634.0
485,3644.0,-16500.0,1904.0,-2880.0,5235.0,1723.0,1367.0,294640.0
486,3872.0,-16576.0,1592.0,-2864.0,5404.0,1700.0,1381.0,294646.0
487,3964.0,-16540.0,1640.0,-2816.0,5555.0,1745.0,1502.0,294652.0
488,4184.0,-16476.0,1696.0,-2848.0,5723.0,1787.0,1567.0,294658.0
489,4328.0,-16476.0,1796.0,-2864.0,5889.0,1781.0,1681.0,294664.0
490,4332.0,-16584.0,1872.0,-2864.0,6055.0,1832.0,1834.0,294670.0
491,4568.0,-16832.0,1780.0,-2880.0,6300.0,1888.0,1993.0,294676.0
492,4960.0,-16920.0,1948.0,-2864.0,6493.0,1844.0,2183.0,294682.0
493,5048.0,-17208.0,1924.0,-2880.0,6758.0,1952.0,2446.0,294688.0
494,5212.0,-17324.0,1812.0,-2864.0,7043.0,2142.0,2622.0,294694.0
495,5300.0,-17140.0,1788.0,-2864.0,7278.0,2303.0,2828.0,294701.0
496,4856.0,-17220.0,2124.0,-2880.0,7526.0,2455.0,3150.0,294707.0
497,4356.0,-17172.0,2272.0,-2832.0,7808.0,2600.0,3462.0,294713.0
498,3796.0,-16324.0,2516.0,-2864.0,7864.0,2590.0,3152.0,294719.0
499,6260.0,-18140.0,2148.0,-2880.0,8362.0,2390.0,4409.0,294725.0
500,4752.0,-16832.0,2912.0,-2864.0,8454.0,2958.0,3908.0,294730.0
501,4908.0,-17752.0,2588.0,-2864.0,8689.0,2638.0,4527.0,294736.0
502,5964.0,-18292.0,3016.0,-2848.0,8960.0,2706.0,4697.0,294743.0
503,6940.0,-18528.0,2980.0,-2832.0,9270.0,2889.0,4997.0,294749.0
504,7656.0,-18756.0,2428.0,-2880.0,9511.0,3406.0,5126.0,294755.0
505,7680.0,-19432.0,2392.0,-2848.0,9843.0,4196.0,5449.0,294761.0
506,6932.0,-20400.0,2644.0,-2864.0,10189.0,5053.0,6071.0,294767.0
507,6212.0,-21556.0,2816.0,-2880.0,10539.0,5840.0,6705.0,294773.0
508,5436.0,-23224.0,3180.0,-2864.0,10926.0,6226.0,7361.0,294779.0
509,5000.0,-25108.0,3252.0,-2880.0,11405.0,6374.0,7979.0,294786.0
510,5168.0,-26620.0,2376.0,-2896.0,12047.0,6348.0,8210.0,294792.0
511,5064.0,-27324.0,1900.0,-2848.0,12793.0,6298.0,8398.0,294798.0
512,4844.0,-27428.0,1900.0,-2864.0,13602.0,6637.0,8685.0,294804.0
513,4428.0,-28160.0,1684.0,-2896.0,14400.0,7166.0,9216.0,294810.0
514,4120.0,-29108.0,1244.0,-2880.0,15329.0,7474.0,9617.0,294816.0
515,4352.0,-30028.0,316.0,-2864.0,16351.0,7430.0,9773.0,294822.0
516,5116.0,-30700.0,-224.0,-2880.0,17327.0,7435.0,9827.0,294829.0
517,5800.0,-31692.0,176.0,-2880.0,18204.0,7562.0,9769.0,294834.0
518,6328.0,-32768.0,84.0,-2864.0,19056.0,7588.0,9557.0,294840.0
519,7692.0,-32768.0,596.0,-2864.0,19505.0,7952.0,9256.0,294846.0
520,9736.0,-32768.0,-752.0,-2864.0,20034.0,9416.0,8948.0,294852.0
521,10400.0,-32768.0,-1772.0,-2864.0,21170.0,11001.0,8973.0,294858.0
522,9128.0,-32768.0,-4188.0,-2864.0,21887.0,12042.0,9624.0,294864.0
523,7740.0,-32768.0,-7164.0,-2880.0,22105.0,12469.0,10031.0,294871.0
524,7192.0,-32420.0,-11844.0,-2864.0,21809.0,12306.0,10280.0,294877.0
525,7316.0,-28572.0,-17076.0,-2896.0,21063.0,11644.0,10278.0,294883.0
526,7052.0,-25252.0,-19688.0,-2848.0,19722.0,10941.0,10224.0,294890.0
527,6324.0,-22068.0,-20772.0,-2880.0,18110.0,9718.0,9990.0,294896.0
528,4436.0,-18236.0,-19224.0,-2880.0,16336.0,8002.0,10024.0,294902.0
529,3832.0,-14472.0,-17620.0,-2848.0,14202.0,6361.0,10189.0,294908.0
530,4500.0,-10832.0,-14712.0,-2880.0,11787.0,5045.0,9820.0,294915.0
531,5328.0,-8408.0,-10404.0,-2848.0,9403.0,4407.0,9417.0,294921.0
532,6520.0,-7772.0,-4056.0,-2864.0,7459.0,4449.0,8888.0,294927.0
533,6444.0,-11508.0,3972.0,-2832.0,6724.0,5320.0,10266.0,294933.0
534,8744.0,-15468.0,10968.0,-2896.0,6974.0,7314.0,7724.0,294939.0
535,2928.0,-18876.0,11260.0,-2864.0,7577.0,8244.0,5871.0,294945.0
536,-1344.0,-19960.0,8708.0,-2848.0,7906.0,7310.0,6950.0,294951.0
537,-680.0,-18356.0,6192.0,-2832.0,8359.0,6097.0,6723.0,294958.0
538,1544.0,-15468.0,4116.0,-2848.0,8869.0,5367.0,4490.0,294964.0
539,1164.0,-9236.0,236.0,-2848.0,7598.0,4208.0,3243.0,294970.0
540,408.0,-5380.0,-3212.0,-2848.0,5371.0,3150.0,2626.0,294975.0
541,-1956.0,-4736.0,-3232.0,-2848.0,3081.0,2715.0,3648.0,294981.0
542,-8.0,-5808.0,-4664.0,-2864.0,2120.0,2882.0,3532.0,294987.0
543,-1028.0,-3736.0,-5788.0,-2880.0,685.0,2391.0,1134.0,294993.0
544,-1240.0,-1756.0,-7196.0,-2816.0,-1345.0,1390.0,149.0,295000.0
545,-108.0,-612.0,-8012.0,-2848.0,-3700.0,810.0,-431.0,295006.0
546,780.0,-732.0,-7948.0,-2864.0,-5747.0,534.0,-999.0,295011.0
547,976.0,-1268.0,-7992.0,-2848.0,-7318.0,111.0,-1545.0,295017.0
548,1228.0,-1704.0,-7672.0,-2880.0,-8633.0,-620.0,-1983.0,295023.0
549,1280.0,-1688.0,-7056.0,-2848.0,-9898.0,-1635.0,-2639.0,295029.0
550,1100.0,-1892.0,-5840.0,-2832.0,-11189.0,-2823.0,-3339.0,295035.0
551,728.0,-2268.0,-4336.0,-2848.0,-12392.0,-3871.0,-3804.0,295042.0
552,372.0,-2424.0,-3104.0,-2896.0,-13652.0,-4721.0,-4170.0,295047.0
553,532.0,-2612.0,-2124.0,-2864.0,-15044.0,-5251.0,-4507.0,295053.0
554,1172.0,-2904.0,-1408.0,-2848.0,-16471.0,-5439.0,-5011.0,295059.0
555,1852.0,-3432.0,-748.0,-2864.0,-17796.0,-5256.0,-5754.0,295065.0
556,2280.0,-3948.0,-1352.0,-2816.0,-19130.0,-4901.0,-6510.0,295071.0
557,2368.0,-4360.0,-1620.0,-2864.0,-20404.0,-4551.0,-7299.0,295077.0
558,2296.0,-4876.0,-1904.0,-2880.0,-21597.0,-4141.0,-7812.0,295084.0
559,1960.0,-5704.0,-2452.0,-2864.0,-22778.0,-3750.0,-8113.0,295090.0
560,1864.0,-6172.0,-2748.0,-2864.0,-24030.0,-3339.0,-8408.0,295096.0
561,1280.0,-7156.0,-3068.0,-2864.0,-24872.0,-3660.0,-8721.0,295102.0
562,1064.0,-8932.0,-2624.0,-2864.0,-25634.0,-4365.0,-8881.0,295108.0
563,1068.0,-10284.0,-1552.0,-2880.0,-26224.0,-5131.0,-8991.0,295114.0
564,700.0,-11580.0,-856.0,-2880.0,-26652.0,-6019.0,-9087.0,295120.0
565,-20.0,-12312.0,-768.0,-2880.0,-27247.0,-6860.0,-9018.0,295127.0
566,-496.0,-12912.0,-108.0,-2832.0,-27839.0,-8125.0,-9123.0,295133.0
567,-1864.0,-14052.0,1044.0,-2848.0,-28195.0,-9815.0,-9207.0,295139.0
568,-2752.0,-15112.0,2728.0,-2864.0,-28415.0,-11842.0,-9331.0,295145.0
569,-4232.0,-15080.0,3320.0,-2896.0,-28725.0,-14624.0,-9781.0,295151.0
570,-5560.0,-14928.0,3412.0,-2896.0,-29250.0,-18340.0,-9929.0,295157.0
571,-6240.0,-14540.0,3256.0,-2848.0,-29742.0,-22490.0,-10136.0,295164.0
572,-6136.0,-13804.0,3512.0,-2864.0,-30144.0,-26705.0,-10559.0,295171.0
573,-4660.0,-12484.0,3564.0,-2880.0,-30537.0,-30456.0,-10837.0,295177.0
574,-1740.0,-10828.0,2780.0,-2848.0,-31350.0,-32768.0,-11104.0,295184.0
575,1984.0,-9536.0,2800.0,-2864.0,-32475.0,-32768.0,-11231.0,295190.0
576,7220.0,-8256.0,3480.0,-2848.0,-32768.0,-32768.0,-10980.0,295196.0
577,10960.0,-8124.0,5336.0,-2864.0,-32768.0,-32768.0,-10239.0,295203.0
578,13404.0,-9904.0,8640.0,-2832.0,-32768.0,-29139.0,-9401.0,295209.0
579,14164.0,-14268.0,13856.0,-2864.0,-32768.0,-24266.0,-8710.0,295216.0
580,14204.0,-19696.0,18880.0,-2864.0,-32768.0,-19603.0,-7747.0,295223.0
581,15308.0,-25416.0,24768.0,-2848.0,-32768.0,-15649.0,-6300.0,295229.0
582,16700.0,-22168.0,23312.0,-2848.0,-31189.0,-13155.0,-4450.0,295235.0
583,32767.0,-30088.0,32767.0,-2896.0,-32659.0,-21590.0,-9798.0,295242.0
584,32767.0,-32768.0,32767.0,-2816.0,18163.0,-32768.0,-28334.0,295248.0
585,-32768.0,-32768.0,32767.0,-2880.0,32767.0,23345.0,16859.0,295255.0
586,-32768.0,-20112.0,28156.0,-2848.0,18115.0,32767.0,32767.0,295262.0
587,-32768.0,12544.0,-32768.0,-2848.0,4820.0,32767.0,18021.0,295268.0
588,-18240.0,24132.0,-32768.0,-2864.0,11616.0,18745.0,-13295.0,295274.0
589,10944.0,25868.0,-27564.0,-2848.0,15662.0,-12331.0,-16155.0,295281.0
590,32767.0,-10904.0,-6748.0,-2832.0,15620.0,-31390.0,-9317.0,295287.0
591,17656.0,-28344.0,12460.0,-2832.0,18748.0,-27765.0,2662.0,295293.0
592,-2044.0,-19064.0,22052.0,-2880.0,15832.0,-13113.0,7167.0,295301.0
593,-1452.0,-9200.0,17672.0,-2864.0,11067.0,-4590.0,4155.0,295307.0
594,6148.0,-3484.0,4956.0,-2864.0,6328.0,-888.0,-3444.0,295313.0
595,3200.0,-14536.0,-2264.0,-2896.0,5951.0,-1475.0,-7243.0,295319.0
596,13464.0,-22268.0,-3112.0,-2864.0,9019.0,-6620.0,1316.0,295325.0
597,13284.0,-19528.0,1940.0,-2864.0,11157.0,-4213.0,3582.0,295331.0
598,5896.0,-11648.0,5672.0,-2880.0,8878.0,2467.0,2615.0,295337.0
599,3320.0,-12884.0,5668.0,-2864.0,6640.0,6860.0,1694.0,295344.0
600,704.0,-15840.0,4004.0,-2848.0,5486.0,8707.0,1100.0,295350.0
601,-392.0,-16444.0,1440.0,-2864.0,5076.0,8177.0,955.0,295356.0
602,-540.0,-15668.0,-232.0,-2896.0,5230.0,5002.0,791.0,295362.0
603,180.0,-14372.0,1244.0,-2864.0,5503.0,1353.0,889.0,295367.0
604,-384.0,-13660.0,3116.0,-2864.0,4937.0,-532.0,788.0,295373.0
605,-1748.0,-17508.0,3436.0,-2864.0,4910.0,-1911.0,401.0,295379.0
606,-204.0,-14984.0,4832.0,-2896.0,3349.0,-2782.0,1126.0,295386.0
607,1152.0,-16416.0,3652.0,-2880.0,3310.0,-4489.0,-133.0,295392.0
608,2280.0,-15520.0,3128.0,-2864.0,3038.0,-5536.0,-384.0,295398.0
609,5024.0,-16024.0,2580.0,-2864.0,2837.0,-5417.0,73.0,295404.0
610,5660.0,-16864.0,2032.0,-2864.0,2978.0,-4274.0,357.0,295409.0
611,6148.0,-16572.0,2180.0,-2848.0,2935.0,-2717.0,1557.0,295415.0
612,4852.0,-15892.0,2472.0,-2896.0,2921.0,-921.0,1525.0,295421.0
613,2696.0,-15472.0,2936.0,-2880.0,2731.0,232.0,1631.0,295428.0
614,1780.0,-15436.0,3192.0,-2880.0,2460.0,479.0,1495.0,295434.0
615,1676.0,-16108.0,3140.0,-2864.0,2325.0,485.0,1324.0,295440.0
616,1648.0,-17016.0,2692.0,-2896.0,2369.0,612.0,1276.0,295446.0
617,1636.0,-17668.0,2608.0,-2880.0,2560.0,885.0,1122.0,295452.0
618,1448.0,-18484.0,2420.0,-2880.0,2875.0,1171.0,937.0,295458.0
619,1732.0,-19248.0,2420.0,-2896.0,3278.0,1695.0,849.0,295464.0
620,1832.0,-19872.0,2444.0,-2832.0,3934.0,2827.0,821.0,295471.0
621,2208.0,-19280.0,992.0,-2864.0,4560.0,4133.0,590.0,295476.0
622,2972.0,-18428.0,-492.0,-2896.0,5432.0,4840.0,388.0,295482.0
623,4616.0,-18096.0,-688.0,-2880.0,6247.0,4998.0,621.0,295488.0
624,6052.0,-18932.0,-1720.0,-2880.0,7021.0,5548.0,1241.0,295494.0
625,6188.0,-19388.0,-2756.0,-2896.0,7630.0,6541.0,1956.0,295500.0
626,4776.0,-19656.0,-1612.0,-2848.0,7939.0,6849.0,2684.0,295506.0
627,3888.0,-19020.0,600.0,-2832.0,8191.0,6069.0,2849.0,295513.0
628,3892.0,-19620.0,1700.0,-2848.0,8446.0,5040.0,3121.0,295519.0
629,4472.0,-21372.0,1488.0,-2832.0,9047.0,4640.0,3439.0,295525.0
630,4460.0,-23188.0,764.0,-2864.0,9777.0,4549.0,3643.0,295531.0
631,4084.0,-26692.0,192.0,-2848.0,10728.0,4621.0,3879.0,295536.0
632,4016.0,-30920.0,-384.0,-2848.0,11728.0,4899.0,4165.0,295542.0
633,2328.0,-32768.0,-1208.0,-2864.0,12754.0,5115.0,4656.0,295548.0
634,1500.0,-32768.0,-104.0,-2848.0,13755.0,5239.0,5039.0,295555.0
635,5304.0,-32768.0,-152.0,-2896.0,15226.0,4186.0,3661.0,295561.0
636,6692.0,-32768.0,-5292.0,-2880.0,15780.0,2070.0,3024.0,295567.0
637,3444.0,-32768.0,-5740.0,-2864.0,17075.0,2199.0,5514.0,295573.0
638,840.0,-32768.0,-7452.0,-2880.0,17321.0,4611.0,5813.0,295579.0
639,-1004.0,-32768.0,-9884.0,-2864.0,16610.0,5286.0,5035.0,295585.0
640,-2064.0,-32768.0,-9576.0,-2848.0,16005.0,3812.0,4864.0,295591.0
641,-1928.0,-32204.0,-7828.0,-2896.0,16121.0,1679.0,4907.0,295598.0
642,-2676.0,-26936.0,-5072.0,-2864.0,17255.0,-973.0,5007.0,295604.0
643,-1072.0,-18580.0,-6056.0,-2880.0,16883.0,-3153.0,4785.0,295610.0
644,1540.0,-14624.0,-5576.0,-2880.0,16255.0,-4516.0,3649.0,295616.0
645,3512.0,-10576.0,-6912.0,-2896.0,15384.0,-5269.0,2750.0,295622.0
646,4708.0,-6332.0,-4764.0,-2880.0,14467.0,-6001.0,2331.0,295628.0
647,6196.0,1528.0,-9804.0,-2864.0,12496.0,-6494.0,1679.0,295634.0
648,8960.0,11016.0,-21952.0,-2880.0,8289.0,-5252.0,839.0,295641.0
649,8048.0,12988.0,-30264.0,-2864.0,3628.0,-3345.0,478.0,295647.0
650,5240.0,12692.0,-31920.0,-2880.0,-13.0,-3347.0,197.0,295653.0
651,5080.0,12868.0,-32768.0,-2896.0,-3526.0,-5110.0,-442.0,295659.0
652,7828.0,13720.0,-32768.0,-2848.0,-7618.0,-7034.0,-1582.0,295665.0
653,11580.0,13624.0,-32768.0,-2896.0,-11721.0,-7323.0,-2081.0,295671.0
654,13492.0,13076.0,-32768.0,-2864.0,-15580.0,-5729.0,-2099.0,295677.0
655,9656.0,11972.0,-29052.0,-2880.0,-19478.0,-3596.0,-1728.0,295684.0
656,3084.0,8584.0,-25016.0,-2848.0,-23194.0,-2099.0,-1244.0,295690.0
657,-2968.0,3600.0,-20848.0,-2864.0,-26457.0,-1868.0,-1565.0,295696.0
658,-5636.0,-1536.0,-15896.0,-2896.0,-29058.0,-3610.0,-2694.0,295702.0
659,-4728.0,-7160.0,-8508.0,-2848.0,-30725.0,-6380.0,-3856.0,295708.0
660,-1720.0,-11248.0,-1588.0,-2864.0,-31569.0,-8641.0,-4610.0,295714.0
661,1084.0,-14676.0,5224.0,-2864.0,-31837.0,-9790.0,-5007.0,295720.0
662,2504.0,-18364.0,11612.0,-2864.0,-31482.0,-9845.0,-5107.0,295727.0
663,3372.0,-22208.0,17556.0,-2880.0,-30491.0,-9269.0,-4924.0,295733.0
664,3224.0,-25736.0,23644.0,-2848.0,-28729.0,-8691.0,-4379.0,295739.0
665,2924.0,-27244.0,28532.0,-2880.0,-26449.0,-8079.0,-3844.0,295745.0
666,2796.0,-28008.0,32092.0,-2848.0,-23838.0,-6958.0,-3414.0,295751.0
667,2912.0,-28396.0,32767.0,-2848.0,-20996.0,-5459.0,-3325.0,295757.0
668,5300.0,-25820.0,32767.0,-2896.0,-17888.0,-5433.0,-3545.0,295763.0
669,30260.0,-32768.0,32767.0,-2864.0,-2406.0,-15545.0,-9133.0,295771.0
670,15988.0,-32768.0,32767.0,-2864.0,25251.0,-10482.0,-1289.0,295777.0
671,-32768.0,-26060.0,32767.0,-2848.0,13066.0,24969.0,11591.0,295783.0
672,-30428.0,32056.0,-6544.0,-2880.0,6787.0,12757.0,5823.0,295789.0
673,-8616.0,32767.0,-26172.0,-2880.0,9720.0,6385.0,-5950.0,295795.0
674,-6664.0,8292.0,-17808.0,-2880.0,9480.0,-1886.0,-888.0,295802.0
675,27996.0,-31416.0,-4836.0,-2864.0,10210.0,-1627.0,-3866.0,295809.0
676,27280.0,-32768.0,-12192.0,-2864.0,10268.0,-3682.0,-4984.0,295815.0
677,22180.0,-28864.0,-6896.0,-2832.0,10763.0,-4366.0,1508.0,295821.0
678,15828.0,-13332.0,11316.0,-2832.0,11005.0,3601.0,2897.0,295827.0
679,-4380.0,-12188.0,23368.0,-2864.0,10577.0,9005.0,3841.0,295833.0
680,-21976.0,-12680.0,14292.0,-2864.0,8965.0,9424.0,3995.0,295839.0
681,-19852.0,-13368.0,3360.0,-2864.0,8603.0,2802.0,-621.0,295845.0
682,-10068.0,-15284.0,2916.0,-2848.0,8914.0,-3909.0,-2546.0,295852.0
683,916.0,-17192.0,4560.0,-2864.0,8503.0,-5604.0,-1893.0,295859.0
684,10152.0,-17976.0,2048.0,-2896.0,7935.0,-4792.0,-2065.0,295864.0
685,15180.0,-15408.0,468.0,-2896.0,7603.0,-2225.0,-638.0,295870.0
686,11208.0,-13840.0,2984.0,-2880.0,7199.0,1613.0,1102.0,295876.0
687,2252.0,-14864.0,5780.0,-2864.0,6532.0,3434.0,1780.0,295882.0
688,-3556.0,-15052.0,6480.0,-2880.0,5923.0,2555.0,1595.0,295888.0
689,-4680.0,-14536.0,6408.0,-2864.0,5623.0,-277.0,440.0,295895.0
690,-3004.0,-13980.0,6028.0,-2832.0,5158.0,-2972.0,-467.0,295901.0
691,984.0,-14836.0,5148.0,-2848.0,4670.0,-4032.0,-806.0,295907.0
692,4728.0,-16260.0,4612.0,-2880.0,4372.0,-3297.0,-583.0,295913.0
693,6032.0,-16376.0,4884.0,-2896.0,4128.0,-1193.0,118.0,295919.0
694,5272.0,-15384.0,4788.0,-2896.0,3872.0,995.0,611.0,295925.0
695,2820.0,-14656.0,4812.0,-2896.0,3592.0,2108.0,716.0,295931.0
696,360.0,-14844.0,5072.0,-2864.0,3269.0,1914.0,526.0,295937.0
697,-1064.0,-15060.0,5468.0,-2896.0,2932.0,948.0,247.0,295943.0
698,-1172.0,-15180.0,6456.0,-2880.0,2603.0,-408.0,-161.0,295949.0
699,48.0,-15148.0,6324.0,-2880.0,2228.0,-1283.0,-284.0,295955.0
700,1636.0,-15036.0,5664.0,-2848.0,1892.0,-1501.0,-330.0,295961.0
701,3148.0,-14908.0,5456.0,-2864.0,1620.0,-1311.0,-247.0,295967.0
702,3612.0,-15016.0,5220.0,-2864.0,1381.0,-687.0,-96.0,295973.0
703,3336.0,-15528.0,4836.0,-2864.0,1239.0,59.0,-47.0,295979.0
704,2628.0,-15988.0,4172.0,-2832.0,1253.0,602.0,37.0,295985.0
705,1812.0,-16000.0,4308.0,-2880.0,1288.0,812.0,9.0,295991.0
706,1412.0,-15852.0,4732.0,-2864.0,1279.0,737.0,-109.0,295997.0
707,1464.0,-15716.0,4844.0,-2864.0,1226.0,446.0,-126.0,296003.0
708,1712.0,-15836.0,4992.0,-2880.0,1220.0,267.0,-161.0,296008.0
709,1648.0,-16116.0,4868.0,-2880.0,1221.0,139.0,-168.0,296014.0
710,1908.0,-16216.0,4904.0,-2880.0,1202.0,-1.0,-195.0,296020.0
711,2020.0,-16556.0,4772.0,-2896.0,1253.0,47.0,-210.0,296027.0
712,1932.0,-17024.0,4724.0,-2896.0,1372.0,287.0,-201.0,296033.0
713,2188.0,-17408.0,4360.0,-2896.0,1585.0,611.0,-216.0,296039.0
714,2364.0,-17992.0,4104.0,-2864.0,1875.0,889.0,-138.0,296044.0
715,2764.0,-18552.0,3836.0,-2864.0,2119.0,1181.0,-92.0,296050.0
716,3032.0,-19856.0,3668.0,-2864.0,2472.0,1488.0,32.0,296056.0
717,2736.0,-21256.0,3724.0,-2880.0,2911.0,1974.0,191.0,296062.0
718,2616.0,-22636.0,3836.0,-2880.0,3414.0,2194.0,979.0,296069.0
719,2372.0,-26140.0,3716.0,-2880.0,3970.0,2974.0,564.0,296075.0
720,-300.0,-28440.0,4640.0,-2864.0,4517.0,2831.0,1105.0,296081.0
721,1084.0,-28712.0,4544.0,-2864.0,5184.0,2152.0,1576.0,296086.0
722,2200.0,-29096.0,3280.0,-2880.0,5969.0,2420.0,1619.0,296092.0
723,4536.0,-29368.0,944.0,-2880.0,6600.0,3311.0,1332.0,296098.0
724,7156.0,-32768.0,-436.0,-2880.0,7289.0,3577.0,903.0,296104.0
725,3192.0,-32768.0,352.0,-2880.0,8527.0,5327.0,2658.0,296111.0
726,1120.0,-32768.0,-3404.0,-2864.0,8952.0,8205.0,3422.0,296117.0
727,-1816.0,-32768.0,-9508.0,-2896.0,7681.0,9020.0,2682.0,296123.0
728,-2972.0,-32768.0,-4304.0,-2880.0,8130.0,7295.0,2362.0,296129.0
729,-6568.0,-32768.0,600.0,-2896.0,11623.0,2987.0,3443.0,296135.0
730,-2640.0,-16480.0,-1108.0,-2848.0,11202.0,1341.0,2740.0,296141.0
731,-2840.0,-12700.0,-2644.0,-2864.0,10693.0,360.0,1415.0,296147.0
732,-1636.0,-7408.0,-6156.0,-2864.0,10014.0,-1331.0,1227.0,296153.0
733,-272.0,-924.0,-7808.0,-2880.0,8785.0,-2728.0,1111.0,296159.0
734,496.0,7700.0,-12688.0,-2880.0,6502.0,-3263.0,932.0,296165.0
735,808.0,19028.0,-32480.0,-2848.0,1745.0,-3099.0,663.0,296171.0
736,3284.0,31588.0,-32768.0,-2880.0,-3213.0,-2424.0,52.0,296177.0
737,1960.0,32767.0,-32768.0,-2864.0,-9023.0,-2807.0,341.0,296183.0
738,2508.0,30980.0,-32768.0,-2848.0,-14481.0,-3551.0,413.0,296189.0
739,4476.0,25816.0,-32768.0,-2864.0,-19400.0,-5196.0,-839.0,296196.0
740,7400.0,20344.0,-32768.0,-2896.0,-24117.0,-7073.0,-1526.0,296202.0
741,9572.0,11148.0,-28412.0,-2896.0,-28087.0,-7022.0,-1393.0,296208.0
742,8788.0,3344.0,-13144.0,-2880.0,-30605.0,-4959.0,-743.0,296214.0
743,6144.0,-6292.0,3088.0,-2848.0,-32306.0,-1556.0,147.0,296220.0
744,1248.0,-16968.0,16928.0,-2912.0,-32520.0,888.0,406.0,296226.0
745,-636.0,-24616.0,27988.0,-2864.0,-30815.0,-202.0,-886.0,296232.0
746,2012.0,-30052.0,32767.0,-2848.0,-27623.0,-2144.0,-2227.0,296239.0
747,11988.0,-32768.0,32767.0,-2896.0,-21342.0,-4238.0,-3103.0,296245.0
748,32767.0,-32768.0,32767.0,-2880.0,16797.0,-17548.0,-13665.0,296251.0
749,-32768.0,-32768.0,32767.0,-2896.0,4892.0,18120.0,9798.0,296257.0
750,-20816.0,7356.0,-13716.0,-2864.0,6681.0,5450.0,2117.0,296263.0
751,-8220.0,32767.0,-29824.0,-2864.0,6057.0,9151.0,-2902.0,296269.0
752,-21572.0,29100.0,-24140.0,-2912.0,914.0,3803.0,-1179.0,296275.0
753,18392.0,-32768.0,-6992.0,-2864.0,4669.0,4260.0,-499.0,296282.0
754,19256.0,-32768.0,-3776.0,-2848.0,5886.0,8030.0,865.0,296288.0
755,17268.0,-31348.0,-7788.0,-2864.0,5135.0,2807.0,-4537.0,296294.0
756,14784.0,-21824.0,2296.0,-2864.0,5038.0,594.0,-2882.0,296300.0
757,16632.0,-8512.0,14008.0,-2896.0,5412.0,4434.0,1999.0,296306.0
758,-6432.0,-10596.0,13852.0,-2864.0,5313.0,9766.0,3033.0,296312.0
759,-22772.0,-14064.0,6684.0,-2880.0,4567.0,6319.0,267.0,296318.0
760,-19328.0,-18708.0,3648.0,-2896.0,5147.0,-847.0,-1482.0,296325.0
761,-7144.0,-17912.0,5636.0,-2880.0,5935.0,-3617.0,-2603.0,296331.0
762,1588.0,-15552.0,8536.0,-2864.0,5444.0,-3256.0,-3618.0,296337.0
763,8592.0,-16396.0,5472.0,-2880.0,4931.0,-3005.0,-2821.0,296343.0
764,13824.0,-16664.0,608.0,-2864.0,4763.0,-1416.0,-1132.0,296349.0
765,13420.0,-15120.0,1324.0,-2880.0,4661.0,1654.0,462.0,296355.0
766,6948.0,-14788.0,4964.0,-2880.0,4282.0,4203.0,1867.0,296361.0
767,-1268.0,-15852.0,6368.0,-2880.0,4059.0,4751.0,2075.0,296368.0
768,-5976.0,-15716.0,6108.0,-2896.0,3888.0,3254.0,1527.0,296374.0
769,-6736.0,-15288.0,6960.0,-2896.0,3627.0,173.0,403.0,296380.0
770,-3280.0,-15592.0,6552.0,-2864.0,3292.0,-2626.0,-418.0,296385.0
771,1960.0,-16052.0,5068.0,-2832.0,3001.0,-3759.0,-523.0,296391.0
772,5296.0,-16004.0,4592.0,-2848.0,2883.0,-2962.0,-9.0,296397.0
773,6172.0,-15064.0,5148.0,-2880.0,2693.0,-1316.0,664.0,296403.0
774,4488.0,-14932.0,5616.0,-2912.0,2405.0,402.0,1238.0,296410.0
775,1836.0,-15320.0,5788.0,-2896.0,2178.0,1428.0,1380.0,296416.0
776,-936.0,-15408.0,6436.0,-2864.0,2004.0,1225.0,1015.0,296422.0
777,-1964.0,-15648.0,6316.0,-2880.0,1792.0,296.0,543.0,296428.0
778,-1124.0,-16412.0,5444.0,-2880.0,1713.0,-491.0,161.0,296434.0
779,584.0,-17484.0,5056.0,-2880.0,1795.0,-859.0,75.0,296439.0
780,1832.0,-18020.0,5208.0,-2896.0,1729.0,-695.0,137.0,296445.0
781,3024.0,-18468.0,5408.0,-2912.0,1747.0,-268.0,213.0,296452.0
782,3028.0,-18304.0,5572.0,-2880.0,1746.0,360.0,376.0,296458.0
783,2528.0,-18832.0,6016.0,-2880.0,1728.0,907.0,522.0,296464.0
784,2196.0,-19692.0,5792.0,-2896.0,1830.0,1221.0,633.0,296469.0
785,1700.0,-21112.0,5292.0,-2848.0,2078.0,1616.0,849.0,296475.0
786,1740.0,-22596.0,5380.0,-2880.0,2426.0,1903.0,1067.0,296481.0
787,2680.0,-24228.0,5536.0,-2896.0,2981.0,2245.0,1307.0,296487.0
788,2976.0,-26892.0,4724.0,-2864.0,3548.0,2591.0,1544.0,296494.0
789,3132.0,-30416.0,2964.0,-2848.0,4278.0,3373.0,2122.0,296500.0
790,3652.0,-32768.0,2368.0,-2864.0,5345.0,4088.0,2209.0,296506.0
791,2540.0,-32768.0,1624.0,-2864.0,6511.0,4656.0,2853.0,296512.0
792,1524.0,-32768.0,-104.0,-2880.0,7551.0,5920.0,3881.0,296518.0
793,1420.0,-32768.0,-224.0,-2880.0,8585.0,6341.0,4102.0,296524.0
794,1260.0,-32768.0,-812.0,-2896.0,9327.0,6410.0,5159.0,296529.0
795,2648.0,-32768.0,-3032.0,-2864.0,9557.0,6992.0,5677.0,296536.0
796,8.0,-32768.0,-10396.0,-2912.0,9011.0,5966.0,5932.0,296542.0
797,-840.0,-32768.0,-14796.0,-2880.0,6732.0,3284.0,5534.0,296548.0
798,584.0,-32768.0,904.0,-2896.0,10451.0,791.0,4492.0,296554.0
799,212.0,-10556.0,-4028.0,-2928.0,10523.0,-1811.0,5987.0,296560.0
800,4808.0,2952.0,-3060.0,-2896.0,9158.0,-1389.0,3989.0,296566.0
801,2616.0,4200.0,-1972.0,-2896.0,8257.0,-1603.0,4100.0,296572.0
802,2608.0,8636.0,324.0,-2880.0,7309.0,-3670.0,3701.0,296578.0
803,1976.0,17352.0,288.0,-2880.0,6456.0,-6233.0,2475.0,296584.0
804,7412.0,29024.0,-19732.0,-2880.0,819.0,-7032.0,684.0,296590.0
805,11756.0,30612.0,-29224.0,-2912.0,-3655.0,-5488.0,-660.0,296596.0
806,7276.0,23940.0,-32540.0,-2880.0,-7431.0,-3678.0,-170.0,296602.0
807,4756.0,19836.0,-28736.0,-2864.0,-10481.0,-5041.0,-165.0,296608.0
808,6860.0,19408.0,-26228.0,-2880.0,-14156.0,-6950.0,-1809.0,296614.0
809,10348.0,15772.0,-25884.0,-2912.0,-17792.0,-7551.0,-2394.0,296621.0
810,12216.0,8512.0,-21976.0,-2912.0,-20317.0,-5703.0,-2086.0,296627.0
811,9188.0,4412.0,-16096.0,-2880.0,-22011.0,-2945.0,-1727.0,296633.0
812,3784.0,1352.0,-10056.0,-2848.0,-23590.0,-729.0,-979.0,296639.0
813,-1756.0,-2252.0,-3836.0,-2880.0,-24676.0,346.0,-747.0,296645.0
814,-5732.0,-5532.0,2312.0,-2864.0,-25253.0,-361.0,-1172.0,296651.0
815,-7832.0,-8548.0,7636.0,-2896.0,-25500.0,-2339.0,-1697.0,296657.0
816,-7392.0,-11308.0,12096.0,-2848.0,-25469.0,-4449.0,-1918.0,296664.0
817,-6148.0,-13596.0,16264.0,-2848.0,-24702.0,-6351.0,-2321.0,296670.0
818,-3524.0,-12724.0,19968.0,-2880.0,-23544.0,-8916.0,-3077.0,296676.0
819,3312.0,-14224.0,32767.0,-2880.0,-20898.0,-10508.0,-4358.0,296682.0
820,19024.0,-4656.0,32767.0,-2880.0,-19345.0,-15698.0,-8550.0,296688.0
821,32767.0,-32768.0,32767.0,-2928.0,24647.0,-32768.0,-23155.0,296694.0
822,-32768.0,-32768.0,31896.0,-2912.0,2282.0,25504.0,21468.0,296700.0
823,-19912.0,5200.0,-32768.0,-2912.0,8587.0,9286.0,4384.0,296708.0
824,-11576.0,32767.0,-32768.0,-2864.0,2818.0,8351.0,-4460.0,296714.0
825,-32768.0,19548.0,-32768.0,-2880.0,-2385.0,5936.0,6120.0,296720.0
826,22896.0,-32768.0,-31600.0,-2896.0,1123.0,517.0,-1281.0,296726.0
827,32767.0,-32768.0,-18228.0,-2864.0,6119.0,-3874.0,-5957.0,296732.0
828,26892.0,-17476.0,-780.0,-2896.0,6934.0,-1361.0,2387.0,296738.0
829,16656.0,-8992.0,12700.0,-2896.0,5233.0,2273.0,4467.0,296744.0
830,-400.0,-15876.0,16472.0,-2864.0,3583.0,5256.0,2412.0,296751.0
831,-11828.0,-12536.0,14480.0,-2880.0,3398.0,5082.0,1164.0,296757.0
832,-23180.0,-9760.0,15604.0,-2880.0,3382.0,2343.0,205.0,296763.0
833,-23832.0,-14492.0,11440.0,-2864.0,2571.0,-1938.0,-1674.0,296769.0
834,-9328.0,-16544.0,3616.0,-2864.0,2158.0,-6430.0,-4245.0,296775.0
835,9340.0,-16532.0,2956.0,-2880.0,2707.0,-6517.0,-4390.0,296781.0
836,14972.0,-16916.0,4976.0,-2864.0,2547.0,-2224.0,-2976.0,296787.0
837,14800.0,-17444.0,3140.0,-2864.0,1587.0,1810.0,-1346.0,296794.0
838,12216.0,-16560.0,392.0,-2896.0,1493.0,3936.0,363.0,296800.0
839,7844.0,-14888.0,1692.0,-2864.0,1865.0,4818.0,1674.0,296806.0
840,940.0,-14864.0,4424.0,-2880.0,1818.0,5463.0,2286.0,296812.0
841,-5776.0,-15212.0,6044.0,-2896.0,1339.0,5481.0,1587.0,296818.0
842,-9336.0,-15120.0,6692.0,-2880.0,1248.0,3440.0,-184.0,296824.0
843,-6016.0,-15132.0,6240.0,-2880.0,1285.0,253.0,-1406.0,296829.0
844,-260.0,-15688.0,4412.0,-2896.0,1303.0,-1213.0,-2119.0,296836.0
845,5156.0,-16688.0,2708.0,-2880.0,1383.0,-899.0,-2155.0,296842.0
846,7188.0,-18148.0,2136.0,-2848.0,1705.0,558.0,-1521.0,296848.0
847,6324.0,-18064.0,1652.0,-2864.0,2006.0,2309.0,-753.0,296854.0
848,4192.0,-17460.0,2308.0,-2864.0,2354.0,3658.0,-394.0,296860.0
849,1688.0,-16728.0,3152.0,-2880.0,2638.0,4041.0,-149.0,296866.0
850,576.0,-15352.0,4588.0,-2880.0,2552.0,3675.0,-221.0,296872.0
851,1076.0,-15032.0,6440.0,-2864.0,2245.0,2897.0,-404.0,296879.0
852,2376.0,-14528.0,6916.0,-2864.0,1874.0,2287.0,-464.0,296884.0
853,3888.0,-14420.0,6212.0,-2880.0,1513.0,2024.0,-69.0,296890.0
854,4860.0,-15212.0,6336.0,-2848.0,1329.0,2404.0,555.0,296896.0
855,4704.0,-16712.0,5488.0,-2880.0,1162.0,3572.0,1038.0,296902.0
856,3692.0,-17436.0,5200.0,-2864.0,1205.0,4788.0,1378.0,296908.0
857,3272.0,-17288.0,5312.0,-2880.0,1310.0,5499.0,1692.0,296914.0
858,2524.0,-17480.0,5304.0,-2896.0,1470.0,6129.0,1943.0,296921.0
859,1052.0,-17820.0,5188.0,-2880.0,1730.0,6298.0,1943.0,296927.0
860,528.0,-18996.0,5084.0,-2864.0,1916.0,5974.0,1955.0,296933.0
861,36.0,-19480.0,4008.0,-2896.0,1946.0,5578.0,1858.0,296939.0
862,-480.0,-20848.0,3440.0,-2864.0,2054.0,5267.0,1946.0,296945.0
863,-324.0,-22188.0,3256.0,-2848.0,2261.0,4924.0,1775.0,296950.0
864,-708.0,-24516.0,3552.0,-2896.0,2523.0,4758.0,1792.0,296956.0
865,-648.0,-28056.0,3752.0,-2896.0,2970.0,4693.0,1959.0,296963.0
866,548.0,-32768.0,5700.0,-2880.0,3778.0,5221.0,1853.0,296969.0
867,2328.0,-32728.0,1936.0,-2880.0,4422.0,4757.0,1507.0,296975.0
868,1316.0,-32768.0,-88.0,-2864.0,5638.0,5684.0,3086.0,296981.0
869,680.0,-32768.0,-2240.0,-2864.0,7026.0,6670.0,3462.0,296987.0
870,-5356.0,-32768.0,-3804.0,-2896.0,8462.0,7613.0,5480.0,296993.0
871,-6892.0,-32768.0,-5836.0,-2896.0,9499.0,7348.0,6019.0,296999.0
872,-7328.0,-32768.0,-7528.0,-2912.0,10104.0,5184.0,5985.0,297006.0
873,-7064.0,-32768.0,-12104.0,-2896.0,9415.0,1678.0,6495.0,297012.0
874,-4824.0,-32768.0,-12756.0,-2864.0,8512.0,-2252.0,6010.0,297018.0
875,1320.0,-32716.0,-2384.0,-2912.0,10654.0,-3830.0,5705.0,297024.0
876,1532.0,-4228.0,-4628.0,-2880.0,10886.0,-5046.0,6065.0,297030.0
877,2456.0,2160.0,-7800.0,-2864.0,9315.0,-4837.0,4252.0,297036.0
878,2608.0,3420.0,-7724.0,-2848.0,8466.0,-5931.0,3988.0,297042.0
879,3256.0,10952.0,-4404.0,-2880.0,7710.0,-8287.0,3575.0,297049.0
880,5612.0,25616.0,-3800.0,-2864.0,5978.0,-10852.0,2438.0,297054.0
881,9752.0,32767.0,-26208.0,-2896.0,-636.0,-10701.0,965.0,297060.0
882,13880.0,32767.0,-32768.0,-2880.0,-6872.0,-7610.0,-690.0,297066.0
883,11428.0,32767.0,-32768.0,-2864.0,-11580.0,-6174.0,-1264.0,297072.0
884,8692.0,32767.0,-32768.0,-2864.0,-15615.0,-6518.0,-1232.0,297079.0
885,9356.0,31580.0,-32768.0,-2864.0,-19774.0,-6301.0,-2450.0,297085.0
886,10188.0,27180.0,-32768.0,-2864.0,-23411.0,-6442.0,-2372.0,297092.0
887,7976.0,23356.0,-27364.0,-2896.0,-26600.0,-3762.0,-721.0,297098.0
888,-2744.0,11588.0,-17168.0,-2864.0,-29061.0,2404.0,1540.0,297104.0
889,-11720.0,-788.0,-2016.0,-2864.0,-29529.0,5643.0,-128.0,297110.0
890,-7236.0,-15220.0,32767.0,-2880.0,-21896.0,1755.0,-693.0,297116.0
891,5940.0,-20092.0,32767.0,-2832.0,-22604.0,-3654.0,-9433.0,297122.0
892,11772.0,-32768.0,32767.0,-2864.0,-17904.0,-3964.0,-6389.0,297128.0
893,13340.0,-32768.0,32767.0,-2880.0,-7105.0,5388.0,-1081.0,297135.0
894,4552.0,-32768.0,32767.0,-2896.0,2917.0,12556.0,206.0,297141.0
895,-19720.0,-32768.0,32767.0,-2896.0,6872.0,12868.0,780.0,297147.0
896,-13824.0,-32768.0,-10084.0,-2880.0,4573.0,8722.0,-408.0,297153.0
897,-3708.0,-32768.0,-32768.0,-2864.0,6315.0,6917.0,3532.0,297159.0
898,-7144.0,11536.0,-32768.0,-2864.0,6180.0,4921.0,5855.0,297165.0
899,480.0,-12328.0,-19924.0,-2864.0,3905.0,4891.0,3807.0,297171.0
900,8644.0,-32768.0,840.0,-2896.0,6707.0,1343.0,1441.0,297178.0
901,10208.0,-32768.0,11232.0,-2912.0,6839.0,1260.0,2388.0,297184.0
902,5836.0,-23336.0,11272.0,-2880.0,6430.0,3531.0,2027.0,297190.0
903,-312.0,-19560.0,8716.0,-2864.0,6909.0,3310.0,205.0,297196.0
904,-4196.0,-18528.0,5884.0,-2864.0,7127.0,1014.0,-1144.0,297202.0
905,-3628.0,-16344.0,3144.0,-2880.0,6799.0,-2153.0,-751.0,297208.0
906,-228.0,-14868.0,2776.0,-2896.0,5989.0,-2994.0,-467.0,297214.0
907,1936.0,-16688.0,2332.0,-2896.0,4108.0,-1079.0,-577.0,297221.0
908,772.0,-24964.0,8464.0,-2848.0,3641.0,1759.0,31.0,297226.0
909,-1192.0,-19444.0,9116.0,-2864.0,3793.0,3445.0,990.0,297232.0
910,-4308.0,-13028.0,7060.0,-2880.0,3235.0,4613.0,1834.0,297238.0
911,-6572.0,-12516.0,5840.0,-2896.0,2764.0,4351.0,2464.0,297244.0
912,-7292.0,-13880.0,4808.0,-2880.0,2806.0,2842.0,2416.0,297250.0
913,-7164.0,-14592.0,3584.0,-2896.0,2903.0,703.0,2030.0,297256.0
914,-6528.0,-14256.0,3192.0,-2896.0,2800.0,-1438.0,2019.0,297263.0
915,-4876.0,-14564.0,3044.0,-2912.0,2628.0,-3209.0,2101.0,297269.0
916,-2980.0,-14596.0,2940.0,-2896.0,2374.0,-4490.0,2303.0,297275.0
917,-1112.0,-14160.0,3156.0,-2896.0,2113.0,-5228.0,2472.0,297281.0
918,568.0,-13152.0,2716.0,-2912.0,1979.0,-5910.0,2395.0,297287.0
919,2256.0,-10968.0,1576.0,-2880.0,1901.0,-6944.0,2069.0,297293.0
920,4496.0,-7880.0,868.0,-2864.0,1639.0,-7906.0,1819.0,297299.0
921,6568.0,-4044.0,-1200.0,-2880.0,888.0,-8160.0,1319.0,297305.0
922,8776.0,-1324.0,-4064.0,-2912.0,-281.0,-7541.0,374.0,297311.0
923,12328.0,1628.0,-10800.0,-2880.0,-2289.0,-6696.0,-830.0,297317.0
924,14288.0,3588.0,-13300.0,-2864.0,-3841.0,-5131.0,-1493.0,297323.0
925,12980.0,4572.0,-14444.0,-2848.0,-5728.0,-3509.0,-1510.0,297329.0
926,11192.0,4420.0,-15960.0,-2864.0,-7892.0,-1796.0,-1613.0,297335.0
927,7956.0,3640.0,-17868.0,-2864.0,-10108.0,-17.0,-1704.0,297341.0
928,4196.0,3004.0,-18652.0,-2880.0,-12129.0,1169.0,-1435.0,297348.0
929,572.0,3384.0,-19084.0,-2864.0,-14051.0,1465.0,-1211.0,297354.0
930,-2772.0,4224.0,-18960.0,-2912.0,-16056.0,1067.0,-1187.0,297360.0
931,-6228.0,4084.0,-18192.0,-2880.0,-18270.0,819.0,-802.0,297366.0
932,-11508.0,1528.0,-16492.0,-2880.0,-20246.0,877.0,102.0,297372.0
933,-16376.0,-1232.0,-16384.0,-2896.0,-21496.0,-1027.0,-46.0,297378.0
934,-17180.0,-1388.0,-12648.0,-2864.0,-22166.0,-6391.0,-1260.0,297384.0
935,-10820.0,-5128.0,5712.0,-2864.0,-21898.0,-11323.0,-2514.0,297391.0
936,6080.0,-4880.0,28012.0,-2880.0,-18296.0,-16345.0,-7077.0,297397.0
937,19624.0,-10688.0,27952.0,-2880.0,-20207.0,-18142.0,-9678.0,297403.0
938,32767.0,-32768.0,32767.0,-2864.0,19470.0,-32380.0,-19477.0,297409.0
939,-32768.0,-32768.0,6144.0,-2880.0,-2235.0,13176.0,13301.0,297415.0
940,-23360.0,-32768.0,-32768.0,-2880.0,5861.0,18830.0,7139.0,297421.0
941,-1340.0,32767.0,-32768.0,-2912.0,3250.0,14890.0,-277.0,297428.0
942,-7032.0,32767.0,-29020.0,-2848.0,563.0,7436.0,-8919.0,297435.0
943,21076.0,-32768.0,-9976.0,-2928.0,3291.0,1482.0,-2748.0,297441.0
944,23260.0,-32768.0,4472.0,-2912.0,6028.0,5524.0,3716.0,297447.0
945,11228.0,-7096.0,12008.0,-2880.0,6310.0,6086.0,2583.0,297453.0
946,712.0,-6552.0,16240.0,-2896.0,4201.0,4701.0,752.0,297459.0
947,-12952.0,-16696.0,11096.0,-2864.0,3896.0,8540.0,1354.0,297464.0
948,-23236.0,-19440.0,4896.0,-2864.0,5208.0,8517.0,-129.0,297470.0
949,-18408.0,-17244.0,1756.0,-2912.0,5655.0,208.0,-2739.0,297477.0
950,-1924.0,-15944.0,-864.0,-2864.0,5447.0,-8949.0,-4512.0,297483.0
951,11040.0,-16164.0,2032.0,-2880.0,5403.0,-12060.0,-3924.0,297489.0
952,15744.0,-16248.0,5216.0,-2896.0,5009.0,-9079.0,-1771.0,297495.0
953,12192.0,-18084.0,5096.0,-2864.0,4075.0,-2550.0,476.0,297501.0
954,4340.0,-20428.0,2924.0,-2880.0,3680.0,3214.0,2123.0,297507.0
955,324.0,-17396.0,2576.0,-2864.0,3614.0,5461.0,2470.0,297513.0
956,-1876.0,-13200.0,3992.0,-2864.0,3388.0,5028.0,890.0,297520.0
957,-756.0,-12504.0,4516.0,-2912.0,3072.0,2172.0,1596.0,297526.0
958,372.0,-14092.0,3808.0,-2880.0,2770.0,390.0,915.0,297532.0
959,-488.0,-15916.0,3780.0,-2880.0,2646.0,-470.0,856.0,297538.0
960,-200.0,-16940.0,4272.0,-2880.0,2616.0,-1031.0,1051.0,297543.0
961,632.0,-16756.0,4352.0,-2896.0,2503.0,-1071.0,870.0,297549.0
962,624.0,-16896.0,4004.0,-2864.0,2374.0,-796.0,502.0,297555.0
963,648.0,-17552.0,4056.0,-2864.0,2370.0,-533.0,419.0,297562.0
964,304.0,-18356.0,3852.0,-2944.0,2328.0,67.0,641.0,297568.0
965,-212.0,-19836.0,3244.0,-2848.0,2590.0,536.0,694.0,297574.0
966,-840.0,-20544.0,3412.0,-2880.0,2790.0,882.0,831.0,297579.0
967,772.0,-21384.0,3400.0,-2864.0,3066.0,1302.0,1348.0,297585.0
968,496.0,-22892.0,3344.0,-2880.0,3435.0,2123.0,1501.0,297591.0
969,848.0,-24916.0,2492.0,-2864.0,4072.0,2561.0,2050.0,297597.0
970,624.0,-27364.0,1660.0,-2864.0,4675.0,2831.0,2395.0,297604.0
971,468.0,-31000.0,1416.0,-2880.0,5253.0,2957.0,3055.0,297610.0
972,-44.0,-32768.0,696.0,-2880.0,5931.0,3137.0,4103.0,297616.0
973,-1492.0,-32768.0,840.0,-2848.0,6828.0,3294.0,5380.0,297621.0
974,-4436.0,-32768.0,232.0,-2880.0,7876.0,2512.0,6944.0,297627.0
975,-5532.0,-32768.0,-1928.0,-2864.0,8807.0,2040.0,8119.0,297633.0
976,-1848.0,-32768.0,-7680.0,-2880.0,8793.0,822.0,6678.0,297639.0
977,-1536.0,-32768.0,-16548.0,-2880.0,6313.0,-3114.0,6233.0,297646.0
978,4708.0,-32768.0,-6704.0,-2880.0,6470.0,-5841.0,6369.0,297652.0
979,4440.0,-24328.0,-4844.0,-2896.0,10224.0,-7881.0,8354.0,297658.0
980,11672.0,8252.0,-9812.0,-2880.0,8950.0,-7564.0,7358.0,297664.0
981,9392.0,21704.0,-5244.0,-2896.0,7422.0,-8755.0,5732.0,297670.0
982,11276.0,27812.0,-280.0,-2912.0,4954.0,-9529.0,5158.0,297676.0
983,11976.0,28056.0,-16248.0,-2896.0,171.0,-9479.0,2166.0,297682.0
984,14076.0,31840.0,-26800.0,-2864.0,-3498.0,-8737.0,-564.0,297689.0
985,15108.0,32767.0,-32768.0,-2848.0,-7483.0,-6355.0,-1691.0,297695.0
986,11552.0,32767.0,-28032.0,-2880.0,-11610.0,-3080.0,-2105.0,297701.0
987,8900.0,32767.0,-21380.0,-2880.0,-15228.0,69.0,-3111.0,297707.0
988,6888.0,23764.0,-8532.0,-2864.0,-17207.0,1921.0,-3427.0,297713.0
989,3948.0,16268.0,9788.0,-2864.0,-19129.0,4842.0,-3466.0,297719.0
990,-3164.0,1916.0,28492.0,-2880.0,-19540.0,9327.0,-3628.0,297725.0
991,-9604.0,-12184.0,32767.0,-2880.0,-16342.0,11111.0,-3301.0,297732.0
992,-15752.0,-25208.0,32767.0,-2912.0,-11927.0,11444.0,-2075.0,297738.0
993,-17720.0,-32768.0,32767.0,-2880.0,-4988.0,10500.0,-1354.0,297744.0
994,-22008.0,-32768.0,32767.0,-2864.0,3149.0,7611.0,-2316.0,297750.0
995,-24248.0,-32768.0,-3952.0,-2864.0,-982.0,10515.0,608.0,297757.0
996,-11576.0,-32768.0,-32768.0,-2912.0,2621.0,1169.0,-4550.0,297762.0
997,-6472.0,-20016.0,-32768.0,-2864.0,6033.0,-11298.0,2025.0,297769.0
998,21196.0,24864.0,308.0,-2896.0,3994.0,-8812.0,876.0,297776.0
999,24116.0,-14860.0,13736.0,-2848.0,3190.0,1679.0,796.0,297782.0
1000,10952.0,-17056.0,11180.0,-2864.0,3920.0,6745.0,2050.0,297788.0
1001,-2988.0,-5380.0,7692.0,-2864.0,3061.0,7377.0,1480.0,297794.0
1002,-9440.0,-1168.0,7016.0,-2880.0,2725.0,4376.0,-1289.0,297799.0
1003,-9952.0,-8068.0,5324.0,-2880.0,2633.0,231.0,-2042.0,297805.0
1004,-4156.0,-13332.0,4888.0,-2864.0,2665.0,-2799.0,-2048.0,297811.0
1005,444.0,-14444.0,6256.0,-2880.0,2586.0,-3846.0,-1448.0,297818.0
1006,3576.0,-14576.0,7444.0,-2880.0,2352.0,-3001.0,-743.0,297824.0
1007,4068.0,-15068.0,7052.0,-2864.0,1922.0,-1014.0,-138.0,297830.0
1008,3548.0,-16184.0,6680.0,-2896.0,1303.0,1410.0,91.0,297836.0
1009,2172.0,-18728.0,5400.0,-2896.0,838.0,3766.0,211.0,297842.0
1010,464.0,-22148.0,3904.0,-2864.0,737.0,4996.0,433.0,297848.0
1011,-788.0,-25120.0,3400.0,-2864.0,575.0,5467.0,557.0,297853.0
1012,-2136.0,-28964.0,3740.0,-2896.0,620.0,5457.0,802.0,297860.0
1013,-3868.0,-31336.0,3664.0,-2896.0,808.0,4802.0,1085.0,297866.0
1014,-4672.0,-32032.0,3148.0,-2880.0,1036.0,4061.0,1809.0,297872.0
1015,-5160.0,-32332.0,2344.0,-2864.0,1311.0,3538.0,2072.0,297878.0
1016,-5596.0,-32768.0,2100.0,-2880.0,1750.0,2617.0,2521.0,297884.0
1017,-5240.0,-32740.0,1464.0,-2896.0,2198.0,1670.0,3104.0,297890.0
1018,-5768.0,-30780.0,-3016.0,-2880.0,1684.0,248.0,3319.0,297896.0
1019,-6836.0,-32768.0,-5476.0,-2896.0,933.0,-2010.0,3238.0,297903.0
1020,-3820.0,-32768.0,-6620.0,-2848.0,1313.0,-3141.0,3303.0,297909.0
1021,-1460.0,-32768.0,-804.0,-2864.0,4152.0,-4401.0,3933.0,297915.0
1022,-544.0,-13120.0,-6624.0,-2864.0,4657.0,-5184.0,4680.0,297920.0
1023,2084.0,776.0,-8168.0,-2880.0,4031.0,-5596.0,3662.0,297926.0
1024,3604.0,8728.0,-6088.0,-2880.0,3455.0,-7006.0,3171.0,297932.0
1025,5580.0,13688.0,-1624.0,-2864.0,2099.0,-7554.0,2584.0,297938.0
1026,5616.0,14644.0,472.0,-2848.0,588.0,-6993.0,1457.0,297945.0
1027,2996.0,19036.0,-22128.0,-2848.0,-3914.0,-6898.0,286.0,297951.0
1028,8768.0,19916.0,-19800.0,-2864.0,-6391.0,-6578.0,-1151.0,297957.0
1029,10636.0,24644.0,-21172.0,-2864.0,-9051.0,-5716.0,-1355.0,297963.0
1030,8308.0,20656.0,-20136.0,-2864.0,-11784.0,-4507.0,-1374.0,297969.0
1031,9752.0,15660.0,-14400.0,-2896.0,-14149.0,-3142.0,-2183.0,297975.0
1032,7972.0,9692.0,-8636.0,-2880.0,-16753.0,322.0,-1459.0,297981.0
1033,2068.0,-32.0,-1560.0,-2896.0,-17810.0,4348.0,-557.0,297988.0
1034,-3600.0,-8084.0,8312.0,-2896.0,-16490.0,5048.0,-875.0,297994.0
1035,-4372.0,-14740.0,26404.0,-2880.0,-12766.0,2390.0,-1828.0,298000.0
1036,972.0,-17876.0,32767.0,-2880.0,-10645.0,-1244.0,-4095.0,298006.0
1037,6224.0,-29748.0,32767.0,-2896.0,-7919.0,-410.0,-4340.0,298012.0
1038,9000.0,-32768.0,32767.0,-2864.0,-2186.0,4464.0,-3553.0,298018.0
1039,-2188.0,-32768.0,32767.0,-2848.0,1577.0,9769.0,-1108.0,298024.0
1040,-15200.0,-31896.0,32767.0,-2912.0,3175.0,11197.0,-874.0,298031.0
1041,-16620.0,-31312.0,7936.0,-2864.0,2974.0,5712.0,-1633.0,298037.0
1042,-4756.0,-32768.0,-23868.0,-2896.0,3068.0,2502.0,-535.0,298043.0
1043,-1516.0,-32768.0,-32768.0,-2848.0,2086.0,2107.0,-694.0,298049.0
1044,8580.0,-32768.0,-26952.0,-2864.0,2847.0,-1463.0,-1888.0,298055.0
1045,16024.0,-32768.0,928.0,-2864.0,5046.0,-3781.0,-1698.0,298061.0
1046,13824.0,-24332.0,11316.0,-2880.0,4560.0,-1076.0,1665.0,298067.0
1047,8920.0,-10808.0,10456.0,-2880.0,4171.0,2702.0,4366.0,298074.0
1048,-64.0,-2068.0,10924.0,-2864.0,3645.0,5836.0,945.0,298080.0
1049,-11228.0,-3392.0,10416.0,-2864.0,3212.0,4117.0,-128.0,298086.0
1050,-14624.0,-7604.0,7960.0,-2864.0,3277.0,414.0,-754.0,298092.0
1051,-10256.0,-9284.0,5028.0,-2880.0,3421.0,-2045.0,-754.0,298097.0
1052,-4812.0,-10764.0,4968.0,-2896.0,3186.0,-2488.0,-247.0,298103.0
1053,-464.0,-12584.0,6140.0,-2864.0,2806.0,-1966.0,51.0,298109.0
1054,2164.0,-14112.0,6028.0,-2896.0,2342.0,-1454.0,82.0,298116.0
1055,4492.0,-14884.0,4568.0,-2896.0,1695.0,-1060.0,337.0,298122.0
1056,6116.0,-16116.0,3208.0,-2912.0,1329.0,-913.0,239.0,298128.0
1057,5364.0,-16808.0,2760.0,-2880.0,999.0,-697.0,337.0,298134.0
1058,3884.0,-17324.0,3620.0,-2880.0,701.0,-509.0,413.0,298139.0
1059,1496.0,-18284.0,4408.0,-2880.0,464.0,-212.0,620.0,298145.0
1060,-672.0,-19500.0,4332.0,-2912.0,391.0,176.0,804.0,298151.0
1061,-2228.0,-20052.0,3748.0,-2896.0,448.0,441.0,851.0,298158.0
1062,-2868.0,-20364.0,3564.0,-2896.0,464.0,913.0,926.0,298164.0
1063,-3136.0,-20364.0,3252.0,-2896.0,585.0,1385.0,806.0,298169.0
1064,-3140.0,-20040.0,3384.0,-2864.0,738.0,1477.0,663.0,298175.0
1065,-2648.0,-20456.0,3180.0,-2896.0,940.0,1282.0,551.0,298181.0
1066,-2068.0,-20740.0,2976.0,-2896.0,1152.0,745.0,422.0,298187.0
1067,-904.0,-21100.0,2652.0,-2864.0,1398.0,270.0,364.0,298193.0
1068,192.0,-21108.0,2676.0,-2864.0,1605.0,147.0,327.0,298200.0
1069,856.0,-21908.0,2544.0,-2880.0,1737.0,373.0,287.0,298205.0
1070,972.0,-23416.0,2536.0,-2864.0,1935.0,749.0,343.0,298211.0
1071,1116.0,-25336.0,2592.0,-2896.0,2110.0,1339.0,415.0,298217.0
1072,888.0,-26552.0,1868.0,-2864.0,2269.0,2055.0,597.0,298223.0
1073,348.0,-27940.0,1520.0,-2896.0,2385.0,2662.0,942.0,298229.0
1074,-928.0,-28932.0,1256.0,-2896.0,2282.0,3476.0,1897.0,298234.0
1075,-2836.0,-30044.0,-520.0,-2896.0,1689.0,3660.0,2415.0,298241.0
1076,-6020.0,-32612.0,-3800.0,-2864.0,575.0,1903.0,2705.0,298247.0
1077,-4164.0,-32768.0,-4272.0,-2880.0,-76.0,-817.0,2622.0,298253.0
1078,-2004.0,-32768.0,5264.0,-2896.0,3291.0,-3108.0,2813.0,298259.0
1079,1664.0,-7004.0,-1796.0,-2864.0,3566.0,-4536.0,3507.0,298265.0
1080,3468.0,-2160.0,-208.0,-2896.0,3156.0,-3993.0,2415.0,298271.0
1081,4308.0,-1792.0,-664.0,-2912.0,2935.0,-3965.0,2013.0,298276.0
1082,4524.0,-1276.0,472.0,-2880.0,2619.0,-4041.0,1555.0,298283.0
1083,3856.0,2748.0,2888.0,-2880.0,2369.0,-4404.0,894.0,298289.0
1084,3320.0,9712.0,2140.0,-2880.0,1329.0,-6068.0,-11.0,298295.0
1085,4108.0,15748.0,-7312.0,-2864.0,-1957.0,-6383.0,-790.0,298301.0
1086,8624.0,19356.0,-12708.0,-2880.0,-4400.0,-6761.0,-2279.0,298307.0
1087,10820.0,21656.0,-17248.0,-2864.0,-7290.0,-5747.0,-3046.0,298313.0
1088,11272.0,18908.0,-14192.0,-2896.0,-9911.0,-3058.0,-2924.0,298319.0
1089,9620.0,15140.0,-9536.0,-2896.0,-12268.0,-439.0,-3711.0,298326.0
1090,9048.0,8128.0,-3152.0,-2848.0,-13636.0,1737.0,-4461.0,298332.0
1091,9628.0,-80.0,5768.0,-2896.0,-13308.0,4145.0,-5127.0,298338.0
1092,9820.0,-8840.0,15160.0,-2880.0,-11815.0,6813.0,-5453.0,298344.0
1093,8540.0,-16016.0,28680.0,-2864.0,-9944.0,9375.0,-5137.0,298350.0
1094,5344.0,-23224.0,32767.0,-2880.0,-7790.0,13290.0,-4336.0,298356.0
1095,-2412.0,-31228.0,32767.0,-2848.0,-4414.0,16998.0,-3627.0,298362.0
1096,-12924.0,-32768.0,32767.0,-2848.0,-1165.0,16787.0,-2832.0,298369.0
1097,-18704.0,-26420.0,22080.0,-2832.0,-807.0,13526.0,-2060.0,298375.0
1098,-21028.0,-32768.0,-2788.0,-2880.0,-489.0,10009.0,-758.0,298381.0
1099,-18416.0,-32768.0,-29804.0,-2880.0,-997.0,9185.0,-172.0,298387.0
1100,-16880.0,-32768.0,-32768.0,-2864.0,182.0,5290.0,732.0,298393.0
1101,-2636.0,-32768.0,-11960.0,-2880.0,3371.0,-3074.0,-744.0,298399.0
1102,3788.0,-32768.0,5824.0,-2896.0,4366.0,-8527.0,1721.0,298405.0
1103,9424.0,-10344.0,10576.0,-2880.0,3588.0,-6753.0,3184.0,298412.0
1104,9740.0,-2412.0,9728.0,-2880.0,3133.0,-1717.0,1502.0,298418.0
1105,4564.0,-7832.0,7092.0,-2848.0,2872.0,1991.0,243.0,298424.0
1106,-2996.0,-13560.0,3532.0,-2880.0,3120.0,2866.0,-211.0,298429.0
1107,-6480.0,-12236.0,688.0,-2896.0,3456.0,1263.0,-529.0,298435.0
1108,-4604.0,-10828.0,992.0,-2896.0,3408.0,-176.0,-995.0,298441.0
1109,-1180.0,-12072.0,2996.0,-2864.0,3194.0,-319.0,-1032.0,298447.0
1110,984.0,-13708.0,5268.0,-2880.0,3101.0,536.0,-773.0,298454.0
1111,1072.0,-13960.0,6504.0,-2864.0,2962.0,1674.0,-458.0,298460.0
1112,108.0,-13856.0,6612.0,-2880.0,2515.0,2416.0,-232.0,298466.0
1113,352.0,-13056.0,5300.0,-2880.0,2081.0,2943.0,26.0,298471.0
1114,152.0,-12320.0,4188.0,-2880.0,1799.0,3219.0,-40.0,298477.0
1115,-760.0,-11492.0,3920.0,-2896.0,1394.0,3040.0,-199.0,298483.0
1116,-1320.0,-11696.0,3700.0,-2912.0,1107.0,2153.0,-457.0,298489.0
1117,-988.0,-11432.0,4148.0,-2848.0,761.0,738.0,-631.0,298496.0
1118,404.0,-11240.0,4648.0,-2880.0,432.0,-359.0,-857.0,298502.0
1119,2468.0,-11464.0,5100.0,-2864.0,80.0,-792.0,-1148.0,298507.0
1120,3932.0,-12504.0,4828.0,-2896.0,-188.0,-545.0,-1383.0,298513.0
1121,4268.0,-13928.0,4468.0,-2864.0,-384.0,266.0,-1548.0,298519.0
1122,3360.0,-15420.0,3676.0,-2880.0,-510.0,1005.0,-1638.0,298525.0
1123,2172.0,-16956.0,3368.0,-2880.0,-596.0,1584.0,-1577.0,298531.0
1124,960.0,-19040.0,2952.0,-2864.0,-596.0,2028.0,-1465.0,298537.0
1125,-252.0,-20528.0,2916.0,-2864.0,-518.0,2328.0,-1281.0,298543.0
1126,-884.0,-21892.0,2876.0,-2864.0,-369.0,2583.0,-1072.0,298549.0
1127,-1668.0,-23012.0,2760.0,-2880.0,-23.0,2565.0,-912.0,298555.0
1128,-1928.0,-23844.0,2548.0,-2896.0,158.0,2703.0,-663.0,298561.0
1129,-1716.0,-25412.0,2456.0,-2880.0,330.0,2766.0,-490.0,298567.0
1130,-1444.0,-26112.0,2000.0,-2880.0,590.0,2822.0,-304.0,298573.0
1131,-1592.0,-25628.0,1904.0,-2864.0,832.0,2835.0,-87.0,298579.0
1132,-1896.0,-24684.0,1996.0,-2848.0,1026.0,2509.0,104.0,298585.0
1133,-1780.0,-23580.0,1888.0,-2896.0,1176.0,2098.0,241.0,298591.0
1134,-1392.0,-22168.0,1080.0,-2880.0,1209.0,1681.0,366.0,298597.0
1135,-1492.0,-20860.0,40.0,-2880.0,1138.0,1068.0,491.0,298603.0
1136,-2340.0,-18568.0,-248.0,-2848.0,836.0,-145.0,559.0,298609.0
1137,-2072.0,-15448.0,1096.0,-2864.0,576.0,-1536.0,317.0,298615.0
1138,-964.0,-11448.0,3688.0,-2864.0,380.0,-2662.0,224.0,298620.0
1139,560.0,-7652.0,6304.0,-2896.0,248.0,-3029.0,154.0,298627.0
1140,1000.0,-4292.0,8148.0,-2896.0,237.0,-2810.0,81.0,298633.0
1141,1092.0,-1232.0,8260.0,-2864.0,19.0,-2621.0,-107.0,298639.0
1142,1756.0,-1308.0,8004.0,-2880.0,-360.0,-2142.0,-517.0,298644.0
1143,2380.0,-2848.0,7616.0,-2896.0,-563.0,-1436.0,-993.0,298650.0
1144,3056.0,-2804.0,6376.0,-2896.0,-895.0,-705.0,-1311.0,298656.0
1145,3212.0,-1628.0,6072.0,-2864.0,-1352.0,-125.0,-1610.0,298662.0
1146,2344.0,-648.0,6672.0,-2880.0,-2006.0,445.0,-1758.0,298669.0
1147,2708.0,-844.0,7004.0,-2864.0,-2407.0,230.0,-1946.0,298674.0
1148,3600.0,104.0,8348.0,-2864.0,-3036.0,102.0,-2287.0,298680.0
1149,3024.0,304.0,8600.0,-2848.0,-3999.0,899.0,-2713.0,298686.0
1150,2292.0,-608.0,7600.0,-2880.0,-4809.0,1329.0,-2900.0,298692.0
1151,1384.0,-1452.0,6524.0,-2880.0,-5194.0,1424.0,-2800.0,298698.0
1152,728.0,-2080.0,5544.0,-2896.0,-5312.0,1447.0,-2553.0,298703.0
1153,20.0,-2688.0,5420.0,-2896.0,-5454.0,1300.0,-2412.0,298710.0
1154,140.0,-4360.0,6488.0,-2848.0,-5557.0,1220.0,-2401.0,298716.0
1155,1848.0,-10252.0,3496.0,-2880.0,-5007.0,1536.0,-2939.0,298722.0
1156,3212.0,-15560.0,1548.0,-2864.0,-3831.0,401.0,-3257.0,298728.0
1157,4336.0,-19696.0,16.0,-2880.0,-4518.0,-193.0,-3003.0,298734.0
1158,4552.0,-25712.0,-3808.0,-2912.0,-4801.0,-968.0,-3584.0,298740.0
1159,4428.0,-32768.0,-4844.0,-2912.0,-4332.0,-2369.0,-3103.0,298746.0
1160,4860.0,-32768.0,-6796.0,-2864.0,-3329.0,-1368.0,-2338.0,298752.0
1161,1560.0,-32768.0,-8116.0,-2864.0,-835.0,-1868.0,728.0,298758.0
1162,-6292.0,-32768.0,-3244.0,-2864.0,771.0,-2879.0,3926.0,298764.0
1163,-2908.0,-23256.0,3668.0,-2880.0,1119.0,-3512.0,4462.0,298770.0
1164,-768.0,-2596.0,5840.0,-2864.0,765.0,-2618.0,2906.0,298776.0
1165,-1160.0,1812.0,3768.0,-2864.0,-237.0,-1050.0,2037.0,298782.0
1166,-1784.0,-6172.0,2188.0,-2896.0,-329.0,127.0,1739.0,298788.0
1167,-3168.0,-9216.0,2552.0,-2896.0,6.0,424.0,1234.0,298795.0
1168,-4548.0,-7736.0,3692.0,-2848.0,85.0,-248.0,888.0,298800.0
1169,-4032.0,-9208.0,4588.0,-2896.0,-59.0,-1347.0,568.0,298806.0
1170,-2504.0,-12816.0,4824.0,-2880.0,-242.0,-2148.0,431.0,298812.0
1171,-824.0,-15832.0,4640.0,-2864.0,-255.0,-2652.0,13.0,298818.0
1172,28.0,-16208.0,4128.0,-2880.0,-409.0,-2872.0,-159.0,298823.0
1173,1448.0,-15980.0,3556.0,-2864.0,-547.0,-2839.0,-16.0,298829.0
1174,2948.0,-14992.0,3120.0,-2864.0,-704.0,-2212.0,105.0,298835.0
1175,3752.0,-14372.0,3216.0,-2864.0,-906.0,-1436.0,164.0,298842.0
1176,4312.0,-14360.0,3604.0,-2864.0,-1124.0,-686.0,143.0,298848.0
1177,4156.0,-15184.0,3732.0,-2864.0,-1261.0,77.0,16.0,298854.0
1178,3588.0,-15928.0,3028.0,-2864.0,-1218.0,732.0,6.0,298859.0
1179,2776.0,-16228.0,3060.0,-2880.0,-1259.0,1341.0,-86.0,298865.0
1180,1272.0,-16944.0,2696.0,-2912.0,-1203.0,1909.0,-132.0,298871.0
1181,-52.0,-17564.0,2384.0,-2880.0,-1105.0,2298.0,-61.0,298877.0
1182,-1200.0,-18032.0,2332.0,-2880.0,-977.0,2316.0,-69.0,298883.0
1183,-2000.0,-19304.0,2488.0,-2896.0,-697.0,2034.0,-228.0,298889.0
1184,-2448.0,-20876.0,1420.0,-2880.0,-110.0,1329.0,-437.0,298895.0
1185,-2100.0,-21076.0,1620.0,-2880.0,133.0,191.0,-387.0,298901.0
1186,-484.0,-21480.0,1664.0,-2848.0,367.0,-294.0,-445.0,298907.0
1187,1016.0,-21552.0,1412.0,-2864.0,679.0,-179.0,-357.0,298912.0
1188,1504.0,-20696.0,1316.0,-2896.0,920.0,125.0,-210.0,298918.0
1189,1420.0,-19948.0,1616.0,-2880.0,1143.0,372.0,-6.0,298925.0
1190,1304.0,-19644.0,1800.0,-2880.0,1351.0,569.0,92.0,298931.0
1191,1520.0,-20260.0,2828.0,-2896.0,1621.0,846.0,114.0,298937.0
1192,1444.0,-19604.0,1648.0,-2896.0,1740.0,996.0,76.0,298942.0
1193,1484.0,-19828.0,1308.0,-2880.0,1934.0,1148.0,60.0,298948.0
1194,1408.0,-20144.0,1016.0,-2880.0,2195.0,1116.0,52.0,298954.0
1195,636.0,-20572.0,1416.0,-2880.0,2477.0,1139.0,157.0,298960.0
1196,836.0,-20672.0,1576.0,-2880.0,2606.0,1226.0,135.0,298967.0
1197,1156.0,-21044.0,1920.0,-2880.0,2746.0,1237.0,166.0,298972.0
1198,980.0,-21128.0,1124.0,-2880.0,2631.0,1350.0,351.0,298978.0
1199,-400.0,-21660.0,-1212.0,-2848.0,1948.0,1050.0,291.0,298984.0
1200,-1264.0,-23884.0,-1800.0,-2912.0,1413.0,5.0,71.0,298990.0
1201,148.0,-24604.0,-584.0,-2896.0,1450.0,-764.0,224.0,298996.0
1202,1644.0,-23700.0,3480.0,-2896.0,2647.0,-1229.0,785.0,299001.0
1203,1592.0,-14648.0,2016.0,-2880.0,3362.0,-1380.0,1526.0,299008.0
1204,1136.0,-10736.0,1224.0,-2896.0,3447.0,-1104.0,1413.0,299014.0
1205,224.0,-8896.0,908.0,-2880.0,3602.0,-1749.0,1152.0,299020.0
1206,612.0,-4496.0,1576.0,-2896.0,3322.0,-2943.0,1157.0,299026.0
1207,2440.0,-1628.0,3024.0,-2864.0,2866.0,-4418.0,630.0,299032.0
1208,4408.0,460.0,5012.0,-2864.0,2110.0,-5092.0,-8.0,299037.0
1209,5460.0,680.0,7200.0,-2880.0,1356.0,-4879.0,-871.0,299043.0
1210,6108.0,488.0,8320.0,-2896.0,730.0,-4624.0,-1884.0,299049.0
1211,7264.0,996.0,8924.0,-2864.0,221.0,-4204.0,-2764.0,299056.0
1212,8252.0,2604.0,7236.0,-2832.0,-523.0,-3053.0,-3340.0,299061.0
1213,8884.0,3712.0,5448.0,-2896.0,-1290.0,-140.0,-3649.0,299067.0
1214,8600.0,2916.0,4240.0,-2864.0,-1263.0,2752.0,-4016.0,299073.0
1215,7180.0,2752.0,-1124.0,-2896.0,-2323.0,5113.0,-3965.0,299079.0
1216,7768.0,-1772.0,5532.0,-2864.0,-1631.0,8561.0,-3556.0,299085.0
1217,1932.0,-8532.0,11976.0,-2880.0,-561.0,11348.0,-2660.0,299091.0
1218,-3376.0,-12612.0,17900.0,-2896.0,310.0,12104.0,-1720.0,299098.0
1219,-6156.0,-15392.0,18720.0,-2864.0,203.0,10956.0,-1912.0,299104.0
1220,-7416.0,-18680.0,12500.0,-2848.0,-289.0,9686.0,-1805.0,299110.0
1221,-6204.0,-20760.0,3876.0,-2864.0,-346.0,8205.0,-1416.0,299116.0
1222,-6920.0,-19716.0,-3144.0,-2880.0,-477.0,7028.0,-583.0,299122.0
1223,-9616.0,-18348.0,-7764.0,-2864.0,-943.0,4870.0,-158.0,299127.0
1224,-9412.0,-20008.0,-8472.0,-2896.0,-1322.0,1309.0,208.0,299133.0
1225,-5368.0,-26600.0,-1180.0,-2864.0,-702.0,-2616.0,-1296.0,299140.0
1226,1384.0,-32768.0,5928.0,-2880.0,337.0,-5236.0,-1438.0,299146.0
1227,6020.0,-32768.0,880.0,-2864.0,1295.0,-5721.0,-1950.0,299152.0
1228,7012.0,-32768.0,-6268.0,-2880.0,2467.0,-5166.0,-1021.0,299158.0
1229,5896.0,-27840.0,-3900.0,-2896.0,3193.0,-3490.0,513.0,299164.0
1230,1880.0,-14660.0,3844.0,-2864.0,3376.0,-1787.0,977.0,299170.0
1231,-1856.0,-11784.0,7088.0,-2848.0,3188.0,-557.0,377.0,299176.0
1232,-3404.0,-12640.0,5916.0,-2912.0,3237.0,-416.0,-598.0,299183.0
1233,-2912.0,-11540.0,4048.0,-2896.0,3237.0,-894.0,-1221.0,299188.0
1234,-2000.0,-9632.0,4424.0,-2880.0,2892.0,-994.0,-1758.0,299194.0
1235,-380.0,-9640.0,5400.0,-2880.0,2416.0,-641.0,-1977.0,299200.0
1236,996.0,-11984.0,5776.0,-2848.0,2008.0,181.0,-1947.0,299206.0
1237,1164.0,-13752.0,5556.0,-2880.0,1662.0,747.0,-1746.0,299212.0
1238,844.0,-14100.0,4656.0,-2896.0,1331.0,596.0,-1610.0,299218.0
1239,1128.0,-13800.0,4584.0,-2864.0,1015.0,-113.0,-1675.0,299225.0
1240,1712.0,-13704.0,4948.0,-2864.0,652.0,-847.0,-1842.0,299231.0
1241,1896.0,-14764.0,4964.0,-2848.0,338.0,-1222.0,-1946.0,299236.0
1242,1828.0,-16248.0,4452.0,-2864.0,63.0,-1105.0,-1931.0,299242.0
1243,1712.0,-17436.0,3896.0,-2864.0,-91.0,-678.0,-1724.0,299248.0
1244,1192.0,-17660.0,4088.0,-2864.0,-172.0,-68.0,-1478.0,299254.0
1245,372.0,-17016.0,4584.0,-2880.0,-297.0,384.0,-1274.0,299260.0
1246,-216.0,-16844.0,4896.0,-2848.0,-472.0,485.0,-1229.0,299267.0
1247,-116.0,-16548.0,4500.0,-2880.0,-601.0,343.0,-1242.0,299272.0
1248,360.0,-16128.0,4112.0,-2880.0,-655.0,59.0,-1272.0,299278.0
1249,928.0,-15860.0,3860.0,-2896.0,-713.0,-224.0,-1323.0,299284.0
1250,1372.0,-15520.0,3560.0,-2896.0,-759.0,-527.0,-1368.0,299290.0
1251,1808.0,-15080.0,3700.0,-2864.0,-812.0,-822.0,-1380.0,299296.0
1252,2076.0,-14752.0,3860.0,-2880.0,-844.0,-1018.0,-1451.0,299302.0
1253,2312.0,-14840.0,4296.0,-2864.0,-951.0,-1056.0,-1376.0,299308.0
1254,2268.0,-15128.0,3900.0,-2896.0,-1039.0,-945.0,-1426.0,299314.0
1255,1996.0,-15680.0,4064.0,-2880.0,-1144.0,-725.0,-1351.0,299320.0
1256,1672.0,-16420.0,4040.0,-2896.0,-1180.0,-351.0,-1284.0,299326.0
1257,1324.0,-16764.0,3900.0,-2880.0,-1161.0,-15.0,-1187.0,299332.0
1258,904.0,-16648.0,3448.0,-2848.0,-1100.0,165.0,-1111.0,299338.0
1259,816.0,-16092.0,3728.0,-2912.0,-1073.0,79.0,-1091.0,299344.0
1260,856.0,-15488.0,4016.0,-2880.0,-1077.0,-221.0,-1114.0,299351.0
1261,1080.0,-15236.0,4072.0,-2880.0,-1149.0,-438.0,-1132.0,299356.0
1262,1488.0,-15284.0,3868.0,-2864.0,-1180.0,-672.0,-1170.0,299362.0
1263,1712.0,-15480.0,3648.0,-2880.0,-1154.0,-768.0,-1224.0,299368.0
1264,1680.0,-15456.0,3568.0,-2912.0,-1173.0,-729.0,-1257.0,299374.0
1265,1764.0,-15572.0,3472.0,-2864.0,-1169.0,-832.0,-1283.0,299380.0
1266,1816.0,-15416.0,3684.0,-2864.0,-1151.0,-878.0,-1263.0,299386.0
1267,2208.0,-15564.0,3860.0,-2896.0,-1184.0,-826.0,-1273.0,299393.0
1268,2268.0,-15972.0,3396.0,-2896.0,-1140.0,-664.0,-1282.0,299399.0
1269,2188.0,-16020.0,3208.0,-2880.0,-1131.0,-414.0,-1193.0,299405.0
1270,2212.0,-15744.0,3320.0,-2896.0,-1083.0,-169.0,-1186.0,299411.0
1271,1800.0,-15656.0,3712.0,-2912.0,-1069.0,-161.0,-1219.0,299417.0
1272,1560.0,-15812.0,3796.0,-2880.0,-1083.0,-103.0,-1268.0,299423.0
1273,1452.0,-16040.0,3468.0,-2896.0,-1079.0,-47.0,-1282.0,299428.0
1274,1624.0,-16088.0,3360.0,-2896.0,-1006.0,-45.0,-1339.0,299435.0
1275,1700.0,-15892.0,3092.0,-2864.0,-963.0,-132.0,-1415.0,299441.0
1276,1856.0,-15496.0,3544.0,-2880.0,-943.0,-256.0,-1448.0,299447.0
1277,2124.0,-15372.0,3696.0,-2880.0,-972.0,-337.0,-1529.0,299453.0
1278,2112.0,-15672.0,3724.0,-2880.0,-1000.0,-193.0,-1535.0,299459.0
1279,1976.0,-15940.0,3732.0,-2896.0,-1010.0,-16.0,-1519.0,299465.0
1280,1676.0,-16116.0,3532.0,-2896.0,-1030.0,126.0,-1559.0,299471.0
1281,1580.0,-16376.0,3660.0,-2880.0,-1087.0,219.0,-1572.0,299476.0
1282,1452.0,-16416.0,3564.0,-2832.0,-1073.0,177.0,-1541.0,299483.0
1283,1460.0,-15924.0,3788.0,-2864.0,-1119.0,-35.0,-1575.0,299489.0
1284,1692.0,-15892.0,4112.0,-2880.0,-1261.0,-139.0,-1555.0,299495.0
1285,1680.0,-15760.0,4232.0,-2848.0,-1439.0,-200.0,-1578.0,299501.0
1286,1628.0,-15616.0,4284.0,-2896.0,-1605.0,-320.0,-1611.0,299507.0
1287,1892.0,-15448.0,4320.0,-2880.0,-1839.0,-394.0,-1624.0,299513.0
1288,2184.0,-15516.0,4124.0,-2880.0,-2010.0,-302.0,-1687.0,299520.0
1289,2200.0,-15800.0,3996.0,-2864.0,-2185.0,-169.0,-1694.0,299526.0
1290,2128.0,-15708.0,3852.0,-2848.0,-2397.0,53.0,-1653.0,299532.0
1291,1952.0,-15568.0,4036.0,-2880.0,-2573.0,258.0,-1676.0,299537.0
1292,1604.0,-15696.0,4128.0,-2864.0,-2789.0,372.0,-1693.0,299543.0
1293,1560.0,-15712.0,4224.0,-2864.0,-2978.0,364.0,-1722.0,299549.0
1294,1628.0,-15680.0,4260.0,-2848.0,-3167.0,296.0,-1824.0,299555.0
1295,1788.0,-15768.0,4220.0,-2896.0,-3353.0,267.0,-1941.0,299561.0
1296,2260.0,-15968.0,3780.0,-2880.0,-3525.0,283.0,-1967.0,299568.0
1297,2228.0,-15780.0,3448.0,-2848.0,-3672.0,342.0,-1999.0,299574.0
1298,2452.0,-15624.0,3544.0,-2896.0,-3830.0,334.0,-2018.0,299580.0
1299,2464.0,-15396.0,3584.0,-2880.0,-3998.0,324.0,-2091.0,299586.0
1300,2324.0,-15524.0,3488.0,-2896.0,-4152.0,432.0,-2135.0,299592.0
1301,2408.0,-15684.0,3404.0,-2864.0,-4254.0,615.0,-2131.0,299598.0
1302,2276.0,-15708.0,3172.0,-2848.0,-4312.0,758.0,-2175.0,299603.0
1303,2364.0,-15736.0,3148.0,-2864.0,-4375.0,824.0,-2232.0,299610.0
1304,2616.0,-15900.0,2992.0,-2864.0,-4423.0,844.0,-2329.0,299616.0
1305,2752.0,-16256.0,2616.0,-2880.0,-4373.0,953.0,-2318.0,299622.0
1306,2952.0,-16256.0,2396.0,-2896.0,-4341.0,1127.0,-2315.0,299628.0
1307,2912.0,-16140.0,2324.0,-2880.0,-4223.0,1204.0,-2294.0,299634.0
1308,2884.0,-15820.0,2124.0,-2864.0,-4176.0,1211.0,-2289.0,299640.0
1309,2760.0,-15792.0,2188.0,-2848.0,-4089.0,1209.0,-2297.0,299646.0
1310,2596.0,-15948.0,2308.0,-2864.0,-3934.0,1276.0,-2258.0,299653.0
1311,2720.0,-16328.0,1820.0,-2848.0,-3734.0,1257.0,-2225.0,299659.0
1312,2960.0,-16324.0,1520.0,-2896.0,-3575.0,1273.0,-2164.0,299665.0
1313,3256.0,-16108.0,1204.0,-2880.0,-3355.0,1116.0,-2157.0,299671.0
1314,3640.0,-15916.0,1244.0,-2864.0,-3109.0,938.0,-2138.0,299677.0
1315,4224.0,-15852.0,1256.0,-2880.0,-2923.0,926.0,-2067.0,299683.0
1316,4136.0,-16084.0,1368.0,-2864.0,-2696.0,1148.0,-1975.0,299689.0
1317,3952.0,-16372.0,1532.0,-2880.0,-2496.0,1362.0,-1824.0,299696.0
1318,3596.0,-16304.0,1572.0,-2896.0,-2270.0,1545.0,-1684.0,299701.0
1319,3528.0,-16460.0,1600.0,-2880.0,-2075.0,1690.0,-1563.0,299707.0
1320,3284.0,-16636.0,1380.0,-2864.0,-1839.0,1836.0,-1358.0,299713.0
1321,2928.0,-16836.0,1208.0,-2880.0,-1530.0,1846.0,-1202.0,299719.0
1322,3192.0,-16648.0,1040.0,-2896.0,-1217.0,1623.0,-1086.0,299725.0
1323,3660.0,-16448.0,1104.0,-2848.0,-922.0,1274.0,-1016.0,299731.0
1324,4380.0,-16460.0,820.0,-2864.0,-614.0,1102.0,-927.0,299738.0
1325,4556.0,-16168.0,884.0,-2880.0,-391.0,985.0,-664.0,299744.0
1326,4676.0,-16220.0,1112.0,-2880.0,-194.0,1130.0,-526.0,299750.0
1327,4396.0,-16612.0,1156.0,-2880.0,21.0,1318.0,-246.0,299756.0
1328,4228.0,-16668.0,1308.0,-2880.0,260.0,1419.0,-51.0,299761.0
1329,3804.0,-16636.0,1208.0,-2880.0,464.0,1533.0,117.0,299767.0
1330,3544.0,-16408.0,1076.0,-2848.0,716.0,1403.0,355.0,299773.0
1331,3376.0,-16328.0,1464.0,-2880.0,884.0,1302.0,465.0,299780.0
1332,3060.0,-16532.0,1528.0,-2880.0,1096.0,1198.0,604.0,299786.0
1333,2836.0,-16536.0,1488.0,-2864.0,1306.0,1017.0,727.0,299792.0
1334,2912.0,-16500.0,1536.0,-2864.0,1504.0,814.0,847.0,299797.0
1335,3044.0,-16452.0,1372.0,-2896.0,1710.0,618.0,967.0,299803.0
1336,3244.0,-16328.0,1336.0,-2880.0,1935.0,460.0,1069.0,299809.0
1337,3368.0,-16236.0,1284.0,-2880.0,2138.0,284.0,1189.0,299815.0
1338,3300.0,-16152.0,1548.0,-2848.0,2259.0,222.0,1276.0,299822.0
1339,3168.0,-16128.0,1976.0,-2880.0,2280.0,179.0,1296.0,299828.0
1340,2968.0,-16460.0,2208.0,-2864.0,2358.0,261.0,1320.0,299834.0
1341,2492.0,-16672.0,2216.0,-2864.0,2426.0,220.0,1379.0,299839.0
1342,2420.0,-16784.0,2484.0,-2864.0,2484.0,260.0,1406.0,299845.0
1343,2596.0,-16768.0,2268.0,-2880.0,2544.0,190.0,1399.0,299851.0
1344,2988.0,-16756.0,2424.0,-2880.0,2562.0,61.0,1433.0,299857.0
1345,3148.0,-16488.0,2336.0,-2848.0,2550.0,-43.0,1486.0,299864.0
1346,3232.0,-16220.0,2676.0,-2848.0,2498.0,-124.0,1473.0,299870.0
1347,2916.0,-16036.0,2892.0,-2880.0,2407.0,-79.0,1414.0,299876.0
1348,2252.0,-15940.0,3000.0,-2848.0,2284.0,-64.0,1395.0,299881.0
1349,1892.0,-15968.0,3216.0,-2880.0,2178.0,-31.0,1332.0,299887.0
1350,1716.0,-15864.0,3212.0,-2880.0,2071.0,-142.0,1289.0,299893.0
1351,1592.0,-15800.0,3452.0,-2880.0,1945.0,-310.0,1207.0,299899.0
1352,1768.0,-15756.0,3420.0,-2864.0,1811.0,-390.0,1067.0,299906.0
1353,2236.0,-15484.0,2908.0,-2864.0,1689.0,-432.0,994.0,299912.0
1354,2324.0,-15076.0,2992.0,-2864.0,1554.0,-457.0,901.0,299917.0
1355,2328.0,-14976.0,3128.0,-2864.0,1423.0,-420.0,680.0,299923.0
1356,2208.0,-14604.0,3528.0,-2864.0,1217.0,-408.0,538.0,299929.0
1357,1856.0,-15144.0,3604.0,-2864.0,1061.0,-241.0,530.0,299935.0
1358,1560.0,-15252.0,3816.0,-2864.0,929.0,-157.0,434.0,299941.0
1359,1292.0,-15276.0,3760.0,-2896.0,796.0,-217.0,421.0,299948.0
1360,1560.0,-15444.0,3484.0,-2848.0,678.0,-339.0,369.0,299953.0
1361,1796.0,-15656.0,3356.0,-2848.0,625.0,-467.0,367.0,299959.0
1362,2232.0,-15828.0,3304.0,-2848.0,540.0,-530.0,322.0,299965.0
1363,2644.0,-16120.0,3020.0,-2864.0,488.0,-526.0,313.0,299971.0
1364,2752.0,-16180.0,2908.0,-2896.0,532.0,-473.0,308.0,299976.0
1365,2816.0,-16488.0,2712.0,-2848.0,566.0,-359.0,317.0,299982.0
1366,2736.0,-16704.0,2560.0,-2880.0,643.0,-230.0,309.0,299988.0
1367,2644.0,-16568.0,2280.0,-2864.0,765.0,-138.0,371.0,299995.0
1368,2520.0,-16292.0,2388.0,-2896.0,872.0,-139.0,367.0,300000.0
1369,2596.0,-16324.0,2476.0,-2880.0,1021.0,-154.0,329.0,300006.0
1370,2720.0,-16420.0,2436.0,-2880.0,1193.0,-141.0,374.0,300012.0
1371,2888.0,-16488.0,2388.0,-2848.0,1364.0,-73.0,432.0,300018.0
1372,3000.0,-16236.0,1996.0,-2880.0,1574.0,-7.0,559.0,300024.0
1373,3240.0,-15772.0,2020.0,-2896.0,1719.0,-77.0,615.0,300029.0
1374,3612.0,-15460.0,2324.0,-2880.0,1858.0,-148.0,575.0,300036.0
1375,3428.0,-15500.0,2644.0,-2848.0,1952.0,-73.0,495.0,300042.0
1376,3352.0,-15536.0,2516.0,-2864.0,2060.0,97.0,550.0,300048.0
1377,3072.0,-14924.0,2420.0,-2864.0,2163.0,97.0,650.0,300053.0
1378,2920.0,-13912.0,2804.0,-2896.0,2173.0,-121.0,669.0,300059.0
1379,2936.0,-13404.0,3316.0,-2896.0,2102.0,-256.0,555.0,300065.0
1380,2624.0,-12948.0,3464.0,-2864.0,1984.0,-343.0,534.0,300071.0
1381,2312.0,-12516.0,3896.0,-2864.0,1792.0,-460.0,524.0,300078.0
1382,1772.0,-11840.0,4432.0,-2864.0,1537.0,-708.0,416.0,300084.0
1383,1524.0,-11488.0,4704.0,-2864.0,1250.0,-986.0,289.0,300089.0
1384,1800.0,-11640.0,4900.0,-2896.0,875.0,-1074.0,390.0,300095.0
1385,1744.0,-12644.0,4696.0,-2896.0,640.0,-912.0,227.0,300101.0
1386,1440.0,-13540.0,4212.0,-2880.0,377.0,-1001.0,232.0,300107.0
1387,1712.0,-14964.0,4056.0,-2880.0,164.0,-1270.0,172.0,300113.0
1388,2308.0,-16420.0,4148.0,-2880.0,16.0,-1490.0,103.0,300119.0
1389,2744.0,-18080.0,3964.0,-2896.0,-117.0,-1468.0,83.0,300125.0
1390,2712.0,-19464.0,3536.0,-2864.0,-174.0,-1162.0,104.0,300131.0
1391,2412.0,-20156.0,3328.0,-2864.0,-158.0,-938.0,136.0,300137.0
1392,2044.0,-19952.0,3360.0,-2864.0,-186.0,-716.0,114.0,300143.0
1393,1588.0,-19440.0,3380.0,-2848.0,-220.0,-542.0,83.0,300148.0
1394,1464.0,-18468.0,3296.0,-2848.0,-206.0,-426.0,11.0,300154.0
1395,1504.0,-17200.0,3692.0,-2864.0,-313.0,-390.0,-127.0,300161.0
1396,1684.0,-16104.0,4192.0,-2848.0,-502.0,-359.0,-232.0,300167.0
1397,2028.0,-15556.0,4236.0,-2880.0,-760.0,-115.0,-452.0,300172.0
1398,1956.0,-15496.0,4340.0,-2848.0,-1040.0,181.0,-534.0,300178.0
1399,1828.0,-15460.0,4272.0,-2848.0,-1311.0,380.0,-621.0,300184.0
1400,1932.0,-15292.0,4356.0,-2880.0,-1629.0,407.0,-712.0,300190.0
1401,2168.0,-15016.0,4468.0,-2848.0,-1953.0,324.0,-779.0,300196.0
1402,2260.0,-14864.0,4644.0,-2832.0,-2319.0,338.0,-866.0,300203.0
1403,2244.0,-15088.0,4400.0,-2864.0,-2690.0,350.0,-864.0,300208.0
1404,2176.0,-15044.0,4440.0,-2864.0,-3021.0,392.0,-921.0,300214.0
1405,2112.0,-15068.0,4372.0,-2864.0,-3331.0,404.0,-949.0,300220.0
1406,2168.0,-15120.0,4180.0,-2864.0,-3613.0,411.0,-1030.0,300226.0
1407,2312.0,-15232.0,4052.0,-2864.0,-3857.0,442.0,-1073.0,300232.0
1408,2280.0,-15632.0,3848.0,-2880.0,-4057.0,499.0,-1180.0,300238.0
1409,2240.0,-15564.0,3524.0,-2864.0,-4253.0,520.0,-1247.0,300244.0
1410,2080.0,-15544.0,3472.0,-2864.0,-4415.0,520.0,-1358.0,300251.0
1411,2192.0,-15628.0,3304.0,-2848.0,-4546.0,495.0,-1485.0,300256.0
1412,2160.0,-15688.0,3080.0,-2848.0,-4635.0,476.0,-1659.0,300262.0
1413,2132.0,-15708.0,3104.0,-2864.0,-4705.0,394.0,-1735.0,300268.0
1414,2436.0,-15932.0,2768.0,-2864.0,-4731.0,416.0,-1797.0,300274.0
1415,2624.0,-15736.0,2512.0,-2896.0,-4747.0,495.0,-1877.0,300280.0
1416,2780.0,-15780.0,2352.0,-2880.0,-4697.0,641.0,-1950.0,300286.0
1417,2876.0,-15784.0,2172.0,-2864.0,-4654.0,749.0,-2023.0,300293.0
1418,2772.0,-15768.0,2116.0,-2848.0,-4605.0,777.0,-2063.0,300299.0
1419,2904.0,-15796.0,2068.0,-2848.0,-4538.0,817.0,-2049.0,300305.0
1420,2836.0,-15756.0,2040.0,-2864.0,-4483.0,897.0,-2104.0,300310.0
1421,2752.0,-15628.0,2020.0,-2896.0,-4408.0,940.0,-2134.0,300316.0
1422,2780.0,-15748.0,2088.0,-2880.0,-4334.0,891.0,-2157.0,300322.0
1423,2860.0,-15996.0,1980.0,-2848.0,-4263.0,868.0,-2181.0,300328.0
1424,2956.0,-15992.0,1932.0,-2864.0,-4174.0,803.0,-2159.0,300335.0
1425,2984.0,-15980.0,1820.0,-2864.0,-4115.0,767.0,-2154.0,300341.0
1426,3124.0,-15948.0,1756.0,-2848.0,-4079.0,666.0,-2164.0,300347.0
1427,3256.0,-16048.0,1920.0,-2864.0,-3977.0,600.0,-2142.0,300353.0
1428,3188.0,-15864.0,1764.0,-2864.0,-3925.0,600.0,-2101.0,300359.0
1429,3332.0,-16136.0,1584.0,-2864.0,-3835.0,585.0,-2099.0,300365.0
1430,3376.0,-16380.0,1568.0,-2880.0,-3750.0,617.0,-2026.0,300370.0
1431,3448.0,-16400.0,1320.0,-2864.0,-3649.0,658.0,-1941.0,300377.0
1432,3320.0,-16444.0,1456.0,-2896.0,-3552.0,642.0,-1917.0,300383.0
1433,3548.0,-16580.0,1260.0,-2912.0,-3435.0,644.0,-1886.0,300389.0
1434,3700.0,-16744.0,1156.0,-2880.0,-3312.0,658.0,-1847.0,300395.0
1435,3892.0,-16724.0,1244.0,-2864.0,-3231.0,729.0,-1780.0,300401.0
1436,3940.0,-16764.0,1220.0,-2880.0,-3120.0,814.0,-1691.0,300407.0
1437,3852.0,-16496.0,1032.0,-2848.0,-3032.0,995.0,-1631.0,300413.0
1438,3632.0,-16376.0,1152.0,-2864.0,-2905.0,1137.0,-1567.0,300420.0
1439,3444.0,-16440.0,976.0,-2848.0,-2798.0,1220.0,-1510.0,300425.0
1440,3500.0,-16548.0,1124.0,-2880.0,-2680.0,1244.0,-1465.0,300431.0
1441,3636.0,-16488.0,1096.0,-2864.0,-2571.0,1213.0,-1434.0,300437.0
1442,3684.0,-16348.0,936.0,-2848.0,-2458.0,1239.0,-1340.0,300443.0
1443,3756.0,-16428.0,860.0,-2864.0,-2314.0,1225.0,-1269.0,300449.0
1444,3704.0,-16352.0,980.0,-2832.0,-2173.0,1194.0,-1197.0,300455.0
1445,3744.0,-16328.0,736.0,-2880.0,-1994.0,1106.0,-1117.0,300462.0
1446,3820.0,-16460.0,808.0,-2816.0,-1806.0,1046.0,-1006.0,300468.0
