id,AcX,AcY,AcZ,Tmp,GyX,GyY,GyZ,Timer
0,-5880.0,-24280.0,-4168.0,-2832.0,-30902.0,-4079.0,-8767.0,55658.0
1,-5536.0,-25028.0,-3232.0,-2848.0,-30958.0,-6341.0,-9003.0,55664.0
2,-4536.0,-25668.0,-2688.0,-2848.0,-30922.0,-8124.0,-9048.0,55670.0
3,-3340.0,-25940.0,-1892.0,-2896.0,-30834.0,-9302.0,-8840.0,55676.0
4,-1556.0,-26104.0,-856.0,-2848.0,-30617.0,-9797.0,-8479.0,55683.0
5,-216.0,-25600.0,-388.0,-2832.0,-30344.0,-9466.0,-7729.0,55689.0
6,-2044.0,-27320.0,860.0,-2832.0,-29812.0,-9177.0,-7994.0,55695.0
7,4452.0,-25416.0,1644.0,-2864.0,-29701.0,-7470.0,-4096.0,55701.0
8,5956.0,-25504.0,1796.0,-2864.0,-29193.0,-4638.0,-5456.0,55707.0
9,4312.0,-25796.0,2612.0,-2896.0,-28430.0,-2404.0,-5680.0,55713.0
10,2808.0,-25252.0,3732.0,-2864.0,-27839.0,-631.0,-5062.0,55720.0
11,3316.0,-24328.0,3916.0,-2912.0,-27396.0,1006.0,-4725.0,55726.0
12,4000.0,-23536.0,5404.0,-2864.0,-26920.0,2083.0,-4991.0,55732.0
13,4572.0,-24124.0,8048.0,-2864.0,-25759.0,2800.0,-5476.0,55738.0
14,5236.0,-23832.0,9892.0,-2848.0,-24440.0,3346.0,-6013.0,55744.0
15,4932.0,-23120.0,11240.0,-2864.0,-23251.0,3702.0,-6420.0,55750.0
16,4596.0,-23056.0,12376.0,-2864.0,-21876.0,4302.0,-6514.0,55756.0
17,4280.0,-22560.0,12976.0,-2864.0,-20448.0,4986.0,-6574.0,55763.0
18,3884.0,-22244.0,13188.0,-2864.0,-19147.0,5754.0,-6621.0,55770.0
19,3608.0,-22088.0,13348.0,-2832.0,-17943.0,6444.0,-6280.0,55776.0
20,3564.0,-22648.0,14016.0,-2864.0,-16581.0,6966.0,-5852.0,55782.0
21,3564.0,-23456.0,16452.0,-2864.0,-14794.0,7787.0,-4825.0,55788.0
22,2808.0,-23916.0,19676.0,-2864.0,-12545.0,9000.0,-3594.0,55794.0
23,1704.0,-23848.0,22980.0,-2864.0,-10012.0,10050.0,-2494.0,55800.0
24,436.0,-23416.0,25272.0,-2864.0,-7399.0,10730.0,-1479.0,55806.0
25,-628.0,-23640.0,26136.0,-2848.0,-4688.0,11265.0,-553.0,55813.0
26,-1760.0,-23468.0,26524.0,-2880.0,-1946.0,11795.0,410.0,55819.0
27,-4376.0,-25128.0,27192.0,-2864.0,965.0,12057.0,-113.0,55825.0
28,-6428.0,-22656.0,26948.0,-2880.0,2956.0,11837.0,2900.0,55831.0
29,-8536.0,-22796.0,26540.0,-2832.0,5487.0,10668.0,2046.0,55837.0
30,-10364.0,-23216.0,26020.0,-2864.0,7931.0,8549.0,3429.0,55843.0
31,-6388.0,-22104.0,24992.0,-2848.0,9902.0,6262.0,3934.0,55849.0
32,6724.0,-17192.0,16504.0,-2880.0,9945.0,4473.0,2282.0,55856.0
33,30348.0,-9156.0,-20612.0,-2896.0,2577.0,5544.0,-3728.0,55862.0
34,32767.0,-24128.0,-32768.0,-2848.0,-839.0,5939.0,-9558.0,55868.0
35,32767.0,-32768.0,-30804.0,-2864.0,6330.0,7353.0,-2847.0,55874.0
36,2112.0,-32768.0,-1592.0,-2832.0,14528.0,22288.0,10621.0,55880.0
37,-20924.0,-23624.0,4724.0,-2864.0,14357.0,32767.0,14678.0,55886.0
38,-22988.0,-22412.0,5640.0,-2864.0,12550.0,31845.0,10299.0,55892.0
39,-10560.0,-30516.0,7228.0,-2880.0,14841.0,13416.0,4464.0,55899.0
40,-3192.0,-28504.0,7224.0,-2848.0,18316.0,-221.0,3379.0,55905.0
41,748.0,-15532.0,3488.0,-2864.0,18360.0,-3477.0,4354.0,55911.0
42,1740.0,-4992.0,-760.0,-2864.0,15271.0,-2483.0,4128.0,55917.0
43,1264.0,-3572.0,-2544.0,-2880.0,12185.0,-2808.0,2111.0,55923.0
44,56.0,-8888.0,1648.0,-2864.0,10940.0,-4651.0,512.0,55929.0
45,248.0,-14300.0,5444.0,-2880.0,10557.0,-5830.0,-240.0,55936.0
46,1040.0,-17988.0,4616.0,-2864.0,10128.0,-6019.0,-231.0,55941.0
47,3176.0,-19604.0,1276.0,-2864.0,9679.0,-5773.0,-138.0,55947.0
48,5736.0,-20728.0,-888.0,-2880.0,9765.0,-5938.0,123.0,55953.0
49,7856.0,-20492.0,-1176.0,-2848.0,10213.0,-5312.0,410.0,55959.0
50,7348.0,-18464.0,-368.0,-2864.0,10213.0,-3230.0,682.0,55965.0
51,6152.0,-15584.0,-320.0,-2896.0,9417.0,-1022.0,1144.0,55971.0
52,4836.0,-14092.0,-492.0,-2864.0,8463.0,301.0,1159.0,55977.0
53,3956.0,-13732.0,-440.0,-2864.0,7758.0,1339.0,1218.0,55984.0
54,3540.0,-14016.0,-1108.0,-2848.0,7196.0,2452.0,1044.0,55990.0
55,3220.0,-14240.0,-2148.0,-2896.0,6653.0,3437.0,529.0,55995.0
56,2044.0,-15204.0,-2628.0,-2864.0,6277.0,4243.0,48.0,56001.0
57,548.0,-16220.0,-2328.0,-2864.0,6127.0,4760.0,-393.0,56007.0
58,-892.0,-17240.0,-1644.0,-2896.0,6078.0,4677.0,-942.0,56013.0
59,-1256.0,-17724.0,-1088.0,-2896.0,6069.0,3818.0,-1481.0,56019.0
60,-736.0,-17552.0,-964.0,-2848.0,5969.0,2452.0,-1972.0,56026.0
61,1076.0,-16704.0,-1212.0,-2880.0,5852.0,1124.0,-2254.0,56032.0
62,3684.0,-15608.0,-1224.0,-2864.0,5643.0,91.0,-2382.0,56037.0
63,5932.0,-14916.0,-1508.0,-2864.0,5398.0,-520.0,-2405.0,56043.0
64,7296.0,-14576.0,-1364.0,-2848.0,5201.0,-572.0,-2075.0,56049.0
65,7752.0,-14500.0,-1024.0,-2880.0,5018.0,-173.0,-1621.0,56055.0
66,7556.0,-14824.0,-1004.0,-2864.0,4808.0,559.0,-1077.0,56061.0
67,6736.0,-15452.0,-1072.0,-2864.0,4640.0,1485.0,-692.0,56068.0
68,5852.0,-15876.0,-816.0,-2848.0,4495.0,2365.0,-404.0,56074.0
69,4860.0,-16188.0,-864.0,-2880.0,4371.0,2998.0,-269.0,56080.0
70,3928.0,-16368.0,-888.0,-2880.0,4223.0,3358.0,-326.0,56085.0
71,3080.0,-16184.0,-1020.0,-2848.0,4086.0,3431.0,-473.0,56091.0
72,2656.0,-16028.0,-1200.0,-2880.0,3971.0,3177.0,-692.0,56097.0
73,2456.0,-16048.0,-1076.0,-2880.0,3969.0,2603.0,-947.0,56103.0
74,2712.0,-16084.0,-1244.0,-2832.0,4025.0,1974.0,-1114.0,56110.0
75,3196.0,-16332.0,-1288.0,-2864.0,4137.0,1509.0,-1196.0,56116.0
76,4076.0,-16612.0,-1836.0,-2864.0,4391.0,1229.0,-1289.0,56122.0
77,5064.0,-16132.0,-2148.0,-2880.0,4613.0,1012.0,-1279.0,56128.0
78,5912.0,-15800.0,-2144.0,-2848.0,4767.0,986.0,-1175.0,56134.0
79,6404.0,-15668.0,-1700.0,-2864.0,4895.0,1167.0,-915.0,56139.0
80,6344.0,-16136.0,-1368.0,-2864.0,5093.0,1836.0,-603.0,56145.0
81,6288.0,-16780.0,-1408.0,-2880.0,5486.0,2636.0,-280.0,56152.0
82,6448.0,-17216.0,-1636.0,-2880.0,5941.0,3251.0,-203.0,56158.0
83,6620.0,-16116.0,-1660.0,-2880.0,6140.0,3468.0,14.0,56164.0
84,6632.0,-15768.0,-956.0,-2880.0,6303.0,3865.0,216.0,56170.0
85,6308.0,-16120.0,-240.0,-2848.0,6435.0,4535.0,512.0,56176.0
86,5628.0,-16504.0,-592.0,-2880.0,6536.0,5256.0,711.0,56181.0
87,5476.0,-15992.0,-428.0,-2864.0,6568.0,5408.0,842.0,56187.0
88,5484.0,-15668.0,-580.0,-2928.0,6536.0,5265.0,995.0,56194.0
89,5684.0,-15604.0,-268.0,-2864.0,6565.0,5332.0,1137.0,56200.0
90,5936.0,-15420.0,-308.0,-2896.0,6588.0,5582.0,1265.0,56206.0
91,5360.0,-15244.0,20.0,-2896.0,6563.0,5832.0,1363.0,56211.0
92,5180.0,-15252.0,-472.0,-2896.0,6608.0,5949.0,1373.0,56217.0
93,4624.0,-15404.0,-432.0,-2896.0,6543.0,6039.0,1355.0,56223.0
94,4072.0,-15444.0,-224.0,-2864.0,6397.0,5968.0,1352.0,56229.0
95,3536.0,-15708.0,-8.0,-2864.0,6222.0,5678.0,1364.0,56236.0
96,3312.0,-16092.0,-128.0,-2848.0,6119.0,5213.0,1322.0,56241.0
97,3612.0,-16276.0,84.0,-2880.0,6068.0,4735.0,1308.0,56247.0
98,3984.0,-16204.0,188.0,-2880.0,5965.0,4252.0,1270.0,56253.0
99,4240.0,-16008.0,248.0,-2880.0,5905.0,3976.0,1302.0,56259.0
100,4404.0,-15864.0,572.0,-2880.0,5781.0,3821.0,1328.0,56265.0
101,4660.0,-15980.0,784.0,-2848.0,5704.0,3831.0,1372.0,56271.0
102,4780.0,-16176.0,656.0,-2880.0,5652.0,4026.0,1344.0,56276.0
103,4820.0,-16252.0,876.0,-2880.0,5601.0,4254.0,1426.0,56283.0
104,4636.0,-16180.0,920.0,-2880.0,5523.0,4557.0,1461.0,56289.0
105,4548.0,-16456.0,896.0,-2848.0,5528.0,4783.0,1504.0,56295.0
106,4548.0,-16580.0,1124.0,-2912.0,5523.0,4945.0,1571.0,56301.0
107,4136.0,-16244.0,1252.0,-2880.0,5535.0,4968.0,1538.0,56307.0
108,4236.0,-16500.0,1400.0,-2864.0,5529.0,5030.0,1581.0,56312.0
109,4068.0,-16440.0,1576.0,-2864.0,5593.0,5087.0,1602.0,56318.0
110,3976.0,-16460.0,1532.0,-2864.0,5686.0,5098.0,1669.0,56325.0
111,4040.0,-16592.0,1416.0,-2848.0,5838.0,5141.0,1699.0,56331.0
112,4184.0,-16956.0,1248.0,-2880.0,5981.0,5148.0,1768.0,56337.0
113,4464.0,-17228.0,1060.0,-2880.0,6247.0,5149.0,1772.0,56343.0
114,4360.0,-17156.0,984.0,-2864.0,6523.0,5177.0,1902.0,56349.0
115,4112.0,-17316.0,1108.0,-2864.0,6865.0,5212.0,2044.0,56355.0
116,5060.0,-17404.0,708.0,-2864.0,7243.0,5146.0,1985.0,56360.0
117,3964.0,-17508.0,1252.0,-2864.0,7479.0,5022.0,2313.0,56367.0
118,3680.0,-17904.0,1568.0,-2848.0,7835.0,5021.0,2554.0,56373.0
119,3164.0,-18008.0,1440.0,-2880.0,8215.0,4873.0,2830.0,56379.0
120,2704.0,-18012.0,1716.0,-2880.0,8526.0,4573.0,3094.0,56385.0
121,2416.0,-18056.0,1936.0,-2864.0,8835.0,4267.0,3352.0,56391.0
122,2492.0,-18144.0,2052.0,-2896.0,9144.0,3983.0,3617.0,56397.0
123,2200.0,-18404.0,2468.0,-2864.0,9407.0,3653.0,3900.0,56403.0
124,2504.0,-18804.0,2696.0,-2864.0,9709.0,3235.0,4008.0,56409.0
125,3292.0,-18700.0,2684.0,-2880.0,9891.0,2824.0,4142.0,56415.0
126,4016.0,-18976.0,2712.0,-2880.0,10148.0,2689.0,4307.0,56421.0
127,3976.0,-18960.0,3052.0,-2864.0,10349.0,2848.0,4582.0,56427.0
128,3000.0,-19592.0,3084.0,-2880.0,10558.0,3112.0,5058.0,56433.0
129,2212.0,-19756.0,3080.0,-2864.0,10827.0,3271.0,5420.0,56439.0
130,1616.0,-19756.0,3124.0,-2880.0,11123.0,3212.0,5871.0,56445.0
131,1328.0,-20256.0,2948.0,-2880.0,11488.0,3030.0,6257.0,56452.0
132,1296.0,-20584.0,2872.0,-2864.0,11862.0,2718.0,6652.0,56458.0
133,1692.0,-20840.0,2588.0,-2880.0,12281.0,2381.0,6924.0,56464.0
134,2360.0,-21184.0,2564.0,-2896.0,12715.0,2081.0,7264.0,56470.0
135,3200.0,-21504.0,2700.0,-2880.0,13158.0,1997.0,7533.0,56476.0
136,3916.0,-21932.0,2716.0,-2896.0,13576.0,2039.0,7814.0,56481.0
137,4588.0,-22172.0,2696.0,-2880.0,13982.0,2328.0,8065.0,56487.0
138,4996.0,-22316.0,2920.0,-2880.0,14352.0,2742.0,8310.0,56494.0
139,5312.0,-22652.0,2752.0,-2896.0,14663.0,3189.0,8551.0,56500.0
140,4888.0,-23008.0,2972.0,-2912.0,14990.0,3826.0,9011.0,56506.0
141,3128.0,-23276.0,3872.0,-2864.0,15131.0,4249.0,9838.0,56512.0
142,2764.0,-25376.0,4176.0,-2880.0,15236.0,3655.0,10555.0,56518.0
143,3932.0,-26660.0,2880.0,-2896.0,15526.0,3125.0,10953.0,56524.0
144,6372.0,-26356.0,1196.0,-2880.0,15955.0,3201.0,11048.0,56530.0
145,7676.0,-26276.0,608.0,-2864.0,16453.0,3634.0,11175.0,56537.0
146,8740.0,-27928.0,340.0,-2880.0,16978.0,4569.0,11382.0,56543.0
147,9692.0,-29776.0,48.0,-2896.0,17623.0,5504.0,11471.0,56549.0
148,10856.0,-31108.0,-8.0,-2864.0,18403.0,6411.0,11368.0,56555.0
149,11764.0,-31064.0,-1524.0,-2912.0,18932.0,7468.0,10945.0,56561.0
150,12848.0,-31960.0,-3380.0,-2880.0,19198.0,9106.0,10200.0,56567.0
151,13440.0,-32768.0,-7136.0,-2864.0,19585.0,11409.0,10074.0,56573.0
152,12536.0,-32768.0,-11376.0,-2880.0,20033.0,13122.0,10524.0,56580.0
153,10124.0,-32768.0,-14936.0,-2864.0,19944.0,14195.0,11287.0,56586.0
154,7508.0,-32640.0,-17160.0,-2896.0,19654.0,14032.0,11812.0,56592.0
155,4748.0,-29140.0,-19356.0,-2848.0,19065.0,12520.0,12354.0,56598.0
156,3372.0,-25304.0,-19400.0,-2880.0,17994.0,10376.0,12839.0,56604.0
157,2268.0,-21396.0,-18072.0,-2864.0,16366.0,8832.0,13275.0,56610.0
158,688.0,-18436.0,-14076.0,-2896.0,14687.0,7356.0,13841.0,56617.0
159,-276.0,-17204.0,-5912.0,-2912.0,13633.0,5093.0,14314.0,56624.0
160,-408.0,-17768.0,2404.0,-2880.0,13215.0,1537.0,14518.0,56630.0
161,-456.0,-19072.0,6328.0,-2896.0,12713.0,-2486.0,13903.0,56636.0
162,92.0,-20396.0,6020.0,-2880.0,11619.0,-7115.0,12140.0,56642.0
163,1304.0,-22300.0,5292.0,-2896.0,10686.0,-10825.0,10180.0,56647.0
164,1692.0,-25296.0,6284.0,-2896.0,10837.0,-13948.0,8486.0,56654.0
165,2916.0,-26724.0,9752.0,-2880.0,12431.0,-15266.0,7722.0,56660.0
166,3932.0,-24392.0,5776.0,-2880.0,13455.0,-14917.0,7046.0,56667.0
167,6692.0,-19632.0,4920.0,-2864.0,14361.0,-14137.0,6399.0,56673.0
168,9604.0,-12580.0,520.0,-2896.0,13150.0,-11184.0,6271.0,56679.0
169,10072.0,-8412.0,-1904.0,-2864.0,10358.0,-6159.0,6224.0,56685.0
170,8004.0,-7492.0,-5584.0,-2896.0,7569.0,-2344.0,6036.0,56690.0
171,8148.0,-6488.0,-9376.0,-2864.0,5359.0,-855.0,5272.0,56696.0
172,7044.0,-4684.0,-10396.0,-2864.0,2809.0,-665.0,5634.0,56702.0
173,11820.0,-4212.0,-10532.0,-2896.0,1059.0,925.0,6611.0,56709.0
174,10592.0,-3776.0,-9968.0,-2880.0,26.0,2924.0,3074.0,56715.0
175,5512.0,-2988.0,-8560.0,-2880.0,-1017.0,3585.0,2389.0,56721.0
176,3120.0,-2028.0,-7240.0,-2880.0,-2433.0,3625.0,3437.0,56727.0
177,2140.0,-1592.0,-6428.0,-2880.0,-4151.0,3652.0,4075.0,56732.0
178,1576.0,-1640.0,-5912.0,-2880.0,-5931.0,3400.0,3946.0,56738.0
179,1560.0,-1444.0,-5484.0,-2896.0,-7728.0,2726.0,3146.0,56744.0
180,968.0,-1724.0,-5312.0,-2896.0,-9239.0,1158.0,1592.0,56751.0
181,140.0,-1720.0,-4632.0,-2896.0,-10615.0,-1123.0,-149.0,56757.0
182,-784.0,-1416.0,-4600.0,-2896.0,-12193.0,-3487.0,-1393.0,56763.0
183,-900.0,-1364.0,-4380.0,-2912.0,-13950.0,-5512.0,-2273.0,56769.0
184,-372.0,-1568.0,-4452.0,-2880.0,-15724.0,-7085.0,-2984.0,56774.0
185,468.0,-2064.0,-5004.0,-2864.0,-17461.0,-8216.0,-3580.0,56780.0
186,1656.0,-2488.0,-5104.0,-2864.0,-19161.0,-8886.0,-4205.0,56786.0
187,2460.0,-3232.0,-5600.0,-2880.0,-20891.0,-9208.0,-4752.0,56793.0
188,2776.0,-3788.0,-5960.0,-2864.0,-22501.0,-9318.0,-5155.0,56799.0
189,3012.0,-4664.0,-5916.0,-2880.0,-23997.0,-9340.0,-5437.0,56805.0
190,3180.0,-5056.0,-5892.0,-2864.0,-25503.0,-9319.0,-5712.0,56811.0
191,3152.0,-5552.0,-5732.0,-2880.0,-26986.0,-9302.0,-5969.0,56817.0
192,3216.0,-6248.0,-5924.0,-2864.0,-28431.0,-9406.0,-6314.0,56823.0
193,3280.0,-7024.0,-5428.0,-2912.0,-29800.0,-9595.0,-6723.0,56829.0
194,3828.0,-8244.0,-4988.0,-2864.0,-31129.0,-9695.0,-7163.0,56836.0
195,4912.0,-9508.0,-4272.0,-2880.0,-32389.0,-9469.0,-7631.0,56842.0
196,6480.0,-10984.0,-3716.0,-2864.0,-32768.0,-8833.0,-8114.0,56848.0
197,8296.0,-12316.0,-3520.0,-2880.0,-32768.0,-7770.0,-8641.0,56854.0
198,9368.0,-13716.0,-3280.0,-2880.0,-32768.0,-6188.0,-9162.0,56860.0
199,10132.0,-14868.0,-3244.0,-2896.0,-32768.0,-4427.0,-9696.0,56866.0
200,10396.0,-16480.0,-3216.0,-2896.0,-32768.0,-2626.0,-10169.0,56872.0
201,10268.0,-18056.0,-2544.0,-2864.0,-32768.0,-751.0,-10416.0,56879.0
202,8344.0,-19828.0,-2096.0,-2864.0,-32768.0,1126.0,-10516.0,56885.0
203,6776.0,-20444.0,-1812.0,-2864.0,-32768.0,2595.0,-10885.0,56891.0
204,5136.0,-21476.0,-1288.0,-2864.0,-32768.0,3645.0,-11465.0,56897.0
205,3720.0,-23044.0,-564.0,-2880.0,-32768.0,4106.0,-12036.0,56903.0
206,2812.0,-24604.0,-32.0,-2896.0,-32768.0,4233.0,-12586.0,56909.0
207,2260.0,-26248.0,204.0,-2848.0,-32768.0,4166.0,-13101.0,56915.0
208,2136.0,-27684.0,472.0,-2880.0,-32768.0,3984.0,-13649.0,56922.0
209,2344.0,-29184.0,624.0,-2896.0,-32768.0,3645.0,-14223.0,56928.0
210,2152.0,-30516.0,1140.0,-2912.0,-32768.0,3122.0,-14890.0,56934.0
211,1248.0,-31508.0,2308.0,-2880.0,-32768.0,2335.0,-15504.0,56940.0
212,-260.0,-32304.0,3828.0,-2864.0,-32768.0,1211.0,-16190.0,56946.0
213,-1864.0,-32768.0,5712.0,-2896.0,-32768.0,-373.0,-16897.0,56952.0
214,-2548.0,-32768.0,7668.0,-2896.0,-32768.0,-2060.0,-17553.0,56958.0
215,-2304.0,-32768.0,9152.0,-2864.0,-32768.0,-3636.0,-18022.0,56965.0
216,-1592.0,-32768.0,10596.0,-2912.0,-32768.0,-4791.0,-18081.0,56971.0
217,-892.0,-32768.0,11384.0,-2880.0,-32768.0,-5617.0,-17764.0,56978.0
218,-32.0,-32768.0,11868.0,-2896.0,-32768.0,-6308.0,-17078.0,56984.0
219,772.0,-32768.0,12888.0,-2912.0,-32768.0,-6807.0,-15969.0,56990.0
220,1300.0,-32768.0,14520.0,-2864.0,-31588.0,-6876.0,-14375.0,56996.0
221,2312.0,-32768.0,16344.0,-2912.0,-29423.0,-6525.0,-12316.0,57003.0
222,-1148.0,-32768.0,20664.0,-2896.0,-26876.0,-6411.0,-10608.0,57010.0
223,7552.0,-32768.0,23552.0,-2896.0,-24272.0,-4640.0,-7933.0,57016.0
224,4128.0,-32536.0,26076.0,-2912.0,-21601.0,-2174.0,-10522.0,57022.0
225,2012.0,-30696.0,29080.0,-2864.0,-19149.0,34.0,-10087.0,57028.0
226,852.0,-30536.0,31612.0,-2880.0,-16323.0,1976.0,-9538.0,57034.0
227,160.0,-29732.0,32767.0,-2912.0,-13089.0,3789.0,-8458.0,57040.0
228,-1612.0,-28164.0,32767.0,-2896.0,-9695.0,5789.0,-7042.0,57047.0
229,-5556.0,-26716.0,32767.0,-2896.0,-5841.0,7283.0,-4791.0,57053.0
230,-9252.0,-25476.0,32767.0,-2864.0,-2036.0,7754.0,-2266.0,57059.0
231,-12808.0,-24812.0,32752.0,-2896.0,1640.0,6944.0,160.0,57065.0
232,-13780.0,-24764.0,30604.0,-2848.0,5035.0,5037.0,2106.0,57071.0
233,-13572.0,-24516.0,29208.0,-2896.0,8215.0,2589.0,3459.0,57077.0
234,-12932.0,-23936.0,27892.0,-2864.0,11056.0,270.0,4316.0,57083.0
235,-12792.0,-23356.0,26076.0,-2880.0,13613.0,-1852.0,4620.0,57090.0
236,-12324.0,-21748.0,22620.0,-2880.0,15447.0,-4036.0,4738.0,57097.0
237,-11044.0,-19980.0,16088.0,-2880.0,16322.0,-6757.0,4522.0,57103.0
238,-5504.0,-10392.0,-4676.0,-2928.0,13408.0,-10077.0,2966.0,57109.0
239,24324.0,2176.0,-32768.0,-2896.0,-888.0,-11591.0,-7822.0,57115.0
240,32767.0,-32768.0,-32768.0,-2896.0,-2160.0,-17020.0,-18271.0,57121.0
241,18908.0,-32768.0,-15116.0,-2848.0,13609.0,-23702.0,-1962.0,57127.0
242,-2372.0,-32768.0,11468.0,-2880.0,20895.0,-4546.0,12521.0,57135.0
243,-24812.0,-32768.0,32504.0,-2880.0,21996.0,15765.0,15221.0,57141.0
244,-22272.0,-32768.0,32767.0,-2864.0,22630.0,11792.0,8191.0,57147.0
245,-13616.0,-32768.0,17432.0,-2880.0,22171.0,-7441.0,-1726.0,57153.0
246,-3672.0,-21548.0,-6912.0,-2880.0,19646.0,-20036.0,-3193.0,57159.0
247,13628.0,-13232.0,-9972.0,-2896.0,19609.0,-22169.0,-57.0,57166.0
248,21972.0,-8176.0,-2364.0,-2928.0,20535.0,-18822.0,1561.0,57172.0
249,18368.0,-2300.0,5204.0,-2864.0,18310.0,-11767.0,1215.0,57179.0
250,8296.0,-2776.0,6172.0,-2864.0,14579.0,-4934.0,865.0,57185.0
251,5244.0,-8840.0,3104.0,-2864.0,12611.0,-3452.0,920.0,57191.0
252,6092.0,-14876.0,2184.0,-2896.0,12039.0,-4479.0,501.0,57196.0
253,5772.0,-19620.0,1640.0,-2880.0,12095.0,-2519.0,1311.0,57202.0
254,5924.0,-22156.0,1632.0,-2864.0,12398.0,1755.0,2517.0,57208.0
255,6028.0,-22940.0,1068.0,-2880.0,12928.0,4429.0,2419.0,57214.0
256,4384.0,-21536.0,-200.0,-2912.0,13117.0,5087.0,1986.0,57221.0
257,2160.0,-19236.0,-1220.0,-2880.0,13253.0,5294.0,2122.0,57227.0
258,-52.0,-17304.0,-708.0,-2912.0,13202.0,6312.0,1940.0,57233.0
259,-2708.0,-15664.0,1108.0,-2880.0,12463.0,6949.0,1186.0,57239.0
260,-3904.0,-14676.0,2304.0,-2896.0,11180.0,6685.0,325.0,57245.0
261,-2764.0,-14320.0,1640.0,-2896.0,9997.0,5673.0,-793.0,57251.0
262,208.0,-14300.0,528.0,-2848.0,9152.0,3796.0,-1731.0,57257.0
263,3276.0,-14188.0,-264.0,-2912.0,8634.0,2164.0,-1817.0,57264.0
264,5112.0,-14804.0,-592.0,-2880.0,8371.0,1829.0,-1558.0,57269.0
265,4640.0,-15144.0,-232.0,-2896.0,7973.0,2638.0,-1509.0,57275.0
266,3444.0,-15560.0,140.0,-2896.0,7619.0,3406.0,-1590.0,57281.0
267,3208.0,-15300.0,236.0,-2880.0,7218.0,3579.0,-1688.0,57287.0
268,3640.0,-14916.0,132.0,-2912.0,6757.0,3356.0,-1828.0,57293.0
269,3944.0,-15108.0,160.0,-2912.0,6442.0,3036.0,-1976.0,57299.0
270,5472.0,-15380.0,44.0,-2896.0,6343.0,2457.0,-1944.0,57306.0
271,7224.0,-15112.0,180.0,-2896.0,6198.0,2208.0,-1584.0,57311.0
272,8744.0,-14796.0,676.0,-2896.0,5961.0,2747.0,-1053.0,57317.0
273,9040.0,-14504.0,376.0,-2896.0,5646.0,4031.0,-462.0,57323.0
274,8256.0,-14352.0,44.0,-2896.0,5351.0,5632.0,153.0,57329.0
275,6944.0,-14636.0,-664.0,-2896.0,4982.0,6888.0,582.0,57335.0
276,5096.0,-14948.0,-996.0,-2928.0,4713.0,7396.0,811.0,57341.0
277,3320.0,-16284.0,-768.0,-2896.0,4546.0,7247.0,713.0,57347.0
278,2240.0,-15552.0,-996.0,-2880.0,4307.0,6602.0,696.0,57353.0
279,1736.0,-16488.0,-796.0,-2880.0,4151.0,5854.0,454.0,57359.0
280,1740.0,-17012.0,-708.0,-2880.0,4120.0,5164.0,226.0,57365.0
281,1984.0,-17128.0,-844.0,-2864.0,4150.0,4511.0,7.0,57371.0
282,2260.0,-16908.0,-588.0,-2880.0,4196.0,3760.0,-142.0,57376.0
283,2372.0,-16640.0,-244.0,-2880.0,4250.0,2920.0,-325.0,57382.0
284,2376.0,-16272.0,40.0,-2896.0,4253.0,2008.0,-464.0,57389.0
285,2652.0,-15600.0,172.0,-2864.0,4188.0,1057.0,-575.0,57395.0
286,3468.0,-15564.0,328.0,-2864.0,4137.0,348.0,-740.0,57400.0
287,4608.0,-15608.0,388.0,-2912.0,4063.0,74.0,-647.0,57406.0
288,6320.0,-15792.0,576.0,-2896.0,3963.0,304.0,-399.0,57412.0
289,6592.0,-15820.0,536.0,-2912.0,3896.0,1149.0,-249.0,57418.0
290,6696.0,-15868.0,336.0,-2912.0,3833.0,2236.0,9.0,57423.0
291,6260.0,-15856.0,484.0,-2896.0,3837.0,3147.0,234.0,57430.0
292,5500.0,-15988.0,216.0,-2912.0,3876.0,3742.0,328.0,57436.0
293,4760.0,-16068.0,464.0,-2880.0,3920.0,3882.0,358.0,57442.0
294,4116.0,-16116.0,472.0,-2928.0,3989.0,3723.0,304.0,57447.0
295,3668.0,-16252.0,852.0,-2864.0,4086.0,3467.0,288.0,57453.0
296,3456.0,-16076.0,944.0,-2864.0,4149.0,3269.0,273.0,57459.0
297,3788.0,-15492.0,1172.0,-2880.0,4172.0,3110.0,440.0,57465.0
298,4328.0,-16204.0,1192.0,-2848.0,4257.0,3212.0,350.0,57470.0
299,4052.0,-15948.0,996.0,-2880.0,4307.0,3093.0,333.0,57477.0
300,4292.0,-15968.0,1080.0,-2896.0,4322.0,2893.0,410.0,57483.0
301,4412.0,-16032.0,1200.0,-2896.0,4413.0,2859.0,493.0,57489.0
302,4416.0,-16120.0,1152.0,-2896.0,4473.0,2879.0,644.0,57495.0
303,4536.0,-16240.0,1028.0,-2896.0,4538.0,2930.0,640.0,57501.0
304,4520.0,-16176.0,1200.0,-2864.0,4646.0,2892.0,782.0,57506.0
305,4328.0,-16320.0,1160.0,-2880.0,4733.0,2917.0,864.0,57512.0
306,4200.0,-16376.0,1284.0,-2912.0,4847.0,2959.0,875.0,57519.0
307,4052.0,-16472.0,1376.0,-2912.0,4931.0,2928.0,914.0,57525.0
308,3872.0,-16616.0,1716.0,-2880.0,5049.0,2953.0,976.0,57531.0
309,4292.0,-16828.0,1644.0,-2880.0,5139.0,2897.0,901.0,57537.0
310,5468.0,-16568.0,1520.0,-2912.0,5231.0,2811.0,743.0,57542.0
311,6352.0,-16000.0,1404.0,-2880.0,5311.0,2848.0,682.0,57548.0
312,5804.0,-16092.0,1276.0,-2896.0,5367.0,3306.0,1009.0,57554.0
313,4564.0,-16568.0,1752.0,-2896.0,5495.0,3865.0,1160.0,57561.0
314,3528.0,-16620.0,1908.0,-2864.0,5628.0,4073.0,1252.0,57567.0
315,3212.0,-16640.0,1876.0,-2880.0,5816.0,4007.0,1344.0,57573.0
316,3248.0,-16640.0,1584.0,-2880.0,6033.0,3948.0,1370.0,57579.0
317,3396.0,-16792.0,1736.0,-2864.0,6287.0,3827.0,1440.0,57584.0
318,3448.0,-16892.0,1608.0,-2896.0,6494.0,3754.0,1483.0,57590.0
319,3300.0,-17080.0,2004.0,-2864.0,6751.0,3615.0,1645.0,57596.0
320,3228.0,-17020.0,2044.0,-2912.0,7046.0,3413.0,1785.0,57603.0
321,3136.0,-17020.0,2220.0,-2880.0,7279.0,3083.0,2024.0,57609.0
322,3312.0,-16872.0,2436.0,-2896.0,7508.0,2804.0,2260.0,57615.0
323,3636.0,-16832.0,2524.0,-2896.0,7724.0,2520.0,2429.0,57621.0
324,4016.0,-16912.0,2632.0,-2896.0,7958.0,2306.0,2693.0,57627.0
325,4232.0,-16920.0,2576.0,-2912.0,8171.0,2173.0,2954.0,57632.0
326,4380.0,-17020.0,2704.0,-2912.0,8431.0,2144.0,3179.0,57638.0
327,4608.0,-17424.0,2684.0,-2896.0,8689.0,2052.0,3399.0,57645.0
328,4836.0,-17784.0,2496.0,-2864.0,8984.0,1989.0,3595.0,57651.0
329,4920.0,-17948.0,2800.0,-2864.0,9281.0,2058.0,3836.0,57657.0
330,4940.0,-18336.0,2628.0,-2880.0,9613.0,2200.0,4093.0,57663.0
331,4464.0,-18560.0,2808.0,-2880.0,9982.0,2397.0,4348.0,57669.0
332,3968.0,-18796.0,2744.0,-2896.0,10344.0,2510.0,4677.0,57675.0
333,3496.0,-19084.0,2964.0,-2880.0,10704.0,2535.0,4956.0,57681.0
334,3244.0,-19400.0,3128.0,-2896.0,11049.0,2524.0,5267.0,57687.0
335,2944.0,-19676.0,3172.0,-2896.0,11469.0,2506.0,5575.0,57693.0
336,3128.0,-19856.0,3272.0,-2880.0,11903.0,2435.0,5817.0,57699.0
337,3620.0,-19888.0,3376.0,-2896.0,12376.0,2387.0,6085.0,57705.0
338,2368.0,-20948.0,2880.0,-2880.0,12895.0,2472.0,6777.0,57711.0
339,4916.0,-20528.0,3364.0,-2896.0,13364.0,2862.0,6590.0,57717.0
340,2356.0,-21148.0,3312.0,-2864.0,13776.0,3157.0,6930.0,57723.0
341,1168.0,-22576.0,4212.0,-2928.0,14165.0,2574.0,7936.0,57730.0
342,448.0,-24852.0,5012.0,-2896.0,14421.0,1725.0,8503.0,57736.0
343,2032.0,-26004.0,4096.0,-2880.0,14838.0,758.0,9009.0,57742.0
344,4568.0,-25404.0,2528.0,-2912.0,15337.0,507.0,9062.0,57748.0
345,6512.0,-24780.0,2072.0,-2864.0,15827.0,978.0,8875.0,57754.0
346,7544.0,-25488.0,2124.0,-2896.0,16266.0,1951.0,8839.0,57759.0
347,7992.0,-26592.0,2016.0,-2880.0,16744.0,3148.0,8867.0,57765.0
348,8112.0,-27532.0,1896.0,-2896.0,17217.0,4474.0,8869.0,57772.0
349,7624.0,-27940.0,1240.0,-2912.0,17674.0,5597.0,8678.0,57778.0
350,6944.0,-28428.0,2088.0,-2896.0,18021.0,6470.0,8297.0,57784.0
351,6648.0,-29808.0,3576.0,-2864.0,18380.0,7178.0,8098.0,57790.0
352,6160.0,-31240.0,1996.0,-2880.0,18688.0,8113.0,8176.0,57796.0
353,6316.0,-32444.0,-1224.0,-2896.0,18971.0,9279.0,8361.0,57802.0
354,6336.0,-32640.0,-4540.0,-2880.0,19198.0,10053.0,8740.0,57808.0
355,6172.0,-31408.0,-7672.0,-2880.0,19182.0,10715.0,9113.0,57815.0
356,5480.0,-30296.0,-10744.0,-2864.0,18821.0,11145.0,9441.0,57821.0
357,4248.0,-29064.0,-13360.0,-2896.0,18299.0,11134.0,9797.0,57827.0
358,2564.0,-25924.0,-14708.0,-2896.0,17424.0,10084.0,10118.0,57833.0
359,1632.0,-22740.0,-15424.0,-2928.0,16105.0,8745.0,10506.0,57839.0
360,1224.0,-19684.0,-14488.0,-2896.0,14502.0,7665.0,10627.0,57845.0
361,724.0,-17052.0,-13064.0,-2896.0,12813.0,6430.0,10588.0,57851.0
362,628.0,-15100.0,-6524.0,-2880.0,11480.0,4481.0,10654.0,57858.0
363,1836.0,-13860.0,3068.0,-2928.0,10984.0,2263.0,10781.0,57864.0
364,2340.0,-14808.0,11592.0,-2896.0,11417.0,371.0,10444.0,57870.0
365,864.0,-16852.0,15136.0,-2880.0,12260.0,-515.0,9974.0,57876.0
366,232.0,-16828.0,12460.0,-2864.0,12331.0,-1502.0,9721.0,57882.0
367,-572.0,-16140.0,10156.0,-2880.0,12260.0,-2877.0,6360.0,57888.0
368,-1784.0,-15076.0,6640.0,-2896.0,11701.0,-5380.0,4994.0,57894.0
369,2540.0,-14252.0,7188.0,-2896.0,11539.0,-7129.0,4487.0,57901.0
370,9992.0,-8816.0,-1708.0,-2896.0,9710.0,-6703.0,4459.0,57907.0
371,11676.0,-5324.0,-5748.0,-2896.0,7097.0,-3346.0,4195.0,57913.0
372,7968.0,-5240.0,-6044.0,-2912.0,5109.0,238.0,4561.0,57919.0
373,5676.0,-4748.0,-6696.0,-2912.0,3408.0,2313.0,5188.0,57924.0
374,3596.0,-5392.0,-6056.0,-2880.0,2318.0,2719.0,5182.0,57930.0
375,1908.0,-4984.0,-6156.0,-2912.0,1223.0,2471.0,5323.0,57936.0
376,668.0,-4696.0,-6724.0,-2880.0,6.0,2690.0,5066.0,57943.0
377,-476.0,-4860.0,-6456.0,-2928.0,-1222.0,2674.0,4655.0,57949.0
378,-732.0,-4964.0,-6152.0,-2912.0,-2441.0,2020.0,4094.0,57954.0
379,-388.0,-4792.0,-5820.0,-2912.0,-3856.0,1151.0,3220.0,57960.0
380,256.0,-4724.0,-5740.0,-2848.0,-5376.0,311.0,2263.0,57966.0
381,852.0,-4552.0,-5032.0,-2896.0,-6775.0,-522.0,1358.0,57972.0
382,1332.0,-4292.0,-3996.0,-2928.0,-8063.0,-1367.0,622.0,57978.0
383,1988.0,-3984.0,-3460.0,-2864.0,-9332.0,-1972.0,12.0,57984.0
384,2416.0,-3620.0,-2724.0,-2864.0,-10602.0,-2349.0,-511.0,57990.0
385,2464.0,-3488.0,-1716.0,-2864.0,-11886.0,-2667.0,-981.0,57996.0
386,2284.0,-3780.0,-1080.0,-2832.0,-13174.0,-2761.0,-1392.0,58002.0
387,2172.0,-3904.0,-1560.0,-2880.0,-14536.0,-2900.0,-1925.0,58008.0
388,1940.0,-4272.0,-1976.0,-2928.0,-15926.0,-3270.0,-2497.0,58014.0
389,1976.0,-4896.0,-2016.0,-2880.0,-17141.0,-3858.0,-2939.0,58020.0
390,2216.0,-5664.0,-2048.0,-2896.0,-18260.0,-4428.0,-3355.0,58027.0
391,2080.0,-6116.0,-2264.0,-2880.0,-19333.0,-4844.0,-3671.0,58033.0
392,2032.0,-6552.0,-2076.0,-2896.0,-20409.0,-5216.0,-3946.0,58039.0
393,1796.0,-7152.0,-1656.0,-2912.0,-21404.0,-5566.0,-4224.0,58045.0
394,1888.0,-7740.0,-1484.0,-2896.0,-22390.0,-5761.0,-4482.0,58051.0
395,2472.0,-8536.0,-1256.0,-2912.0,-23433.0,-5821.0,-4816.0,58056.0
396,2956.0,-9328.0,-1064.0,-2896.0,-24497.0,-5633.0,-5161.0,58062.0
397,3372.0,-10272.0,-540.0,-2912.0,-25420.0,-5367.0,-5480.0,58068.0
398,3472.0,-11304.0,-180.0,-2896.0,-26152.0,-5072.0,-5723.0,58075.0
399,3328.0,-11984.0,836.0,-2912.0,-26703.0,-4738.0,-5841.0,58081.0
400,2740.0,-12500.0,1368.0,-2896.0,-27234.0,-4529.0,-5965.0,58087.0
401,2092.0,-12844.0,1944.0,-2880.0,-27787.0,-4598.0,-6208.0,58093.0
402,1420.0,-13152.0,2280.0,-2896.0,-28367.0,-5044.0,-6517.0,58099.0
403,1056.0,-13376.0,2400.0,-2896.0,-29092.0,-5784.0,-6917.0,58105.0
404,912.0,-14276.0,1892.0,-2880.0,-29651.0,-6993.0,-7377.0,58112.0
405,1320.0,-15076.0,1368.0,-2864.0,-30270.0,-8038.0,-7715.0,58118.0
406,2060.0,-16020.0,1552.0,-2880.0,-30861.0,-8832.0,-8040.0,58124.0
407,3164.0,-17200.0,1784.0,-2896.0,-31293.0,-9237.0,-8265.0,58130.0
408,3852.0,-18596.0,1968.0,-2896.0,-31742.0,-9105.0,-8449.0,58136.0
409,3784.0,-19876.0,2604.0,-2896.0,-32126.0,-8875.0,-8701.0,58142.0
410,2340.0,-21572.0,3964.0,-2896.0,-32306.0,-9012.0,-8904.0,58148.0
411,392.0,-22952.0,5664.0,-2880.0,-32206.0,-9727.0,-9121.0,58155.0
412,-584.0,-23980.0,7288.0,-2896.0,-31983.0,-11194.0,-9495.0,58161.0
413,-588.0,-25212.0,9484.0,-2896.0,-31527.0,-12615.0,-9742.0,58167.0
414,324.0,-26352.0,12292.0,-2880.0,-30753.0,-13881.0,-9790.0,58173.0
415,1740.0,-27488.0,14120.0,-2896.0,-29884.0,-14841.0,-9675.0,58179.0
416,3852.0,-28348.0,16168.0,-2880.0,-28917.0,-15033.0,-9316.0,58185.0
417,5836.0,-29472.0,17532.0,-2880.0,-27768.0,-14619.0,-8992.0,58191.0
418,7972.0,-30048.0,19276.0,-2880.0,-26375.0,-13731.0,-8639.0,58198.0
419,10800.0,-29716.0,21820.0,-2880.0,-24675.0,-12062.0,-8016.0,58204.0
420,12896.0,-28648.0,24080.0,-2880.0,-22914.0,-9079.0,-7101.0,58211.0
421,14036.0,-27168.0,26276.0,-2896.0,-21100.0,-4833.0,-6369.0,58217.0
422,13392.0,-25292.0,28300.0,-2880.0,-19140.0,-90.0,-6017.0,58223.0
423,11304.0,-23272.0,31572.0,-2880.0,-16832.0,3689.0,-5787.0,58229.0
424,5908.0,-23324.0,32767.0,-2864.0,-14059.0,5652.0,-5140.0,58235.0
425,1524.0,-24888.0,32767.0,-2896.0,-10837.0,6018.0,-4412.0,58242.0
426,-2160.0,-30440.0,32767.0,-2928.0,-5926.0,5807.0,-4109.0,58249.0
427,-6936.0,-32768.0,32767.0,-2912.0,1331.0,4799.0,-2711.0,58255.0
428,-14340.0,-32768.0,32767.0,-2896.0,9845.0,4580.0,-244.0,58261.0
429,-29404.0,-32768.0,32767.0,-2896.0,16772.0,9213.0,3169.0,58267.0
430,-32768.0,-32768.0,32767.0,-2864.0,18429.0,16378.0,8856.0,58273.0
431,-32768.0,-21156.0,5444.0,-2928.0,13080.0,20074.0,9567.0,58279.0
432,-15800.0,-9408.0,-26688.0,-2864.0,9353.0,14798.0,-1581.0,58286.0
433,15524.0,-5636.0,-32768.0,-2880.0,9657.0,2195.0,-14633.0,58292.0
434,27160.0,-9404.0,-25908.0,-2880.0,12710.0,-10026.0,-15521.0,58298.0
435,30476.0,-15620.0,-8772.0,-2896.0,16459.0,-21307.0,-4906.0,58304.0
436,22344.0,-17908.0,6396.0,-2864.0,18562.0,-17144.0,4565.0,58311.0
437,6052.0,-17952.0,12908.0,-2896.0,17589.0,-6849.0,7581.0,58317.0
438,-6232.0,-18476.0,11376.0,-2864.0,15920.0,766.0,6720.0,58323.0
439,-4588.0,-10836.0,6992.0,-2880.0,13294.0,3311.0,1846.0,58330.0
440,-2356.0,-9880.0,2552.0,-2896.0,11427.0,2831.0,-4266.0,58336.0
441,4020.0,-15052.0,-928.0,-2912.0,11666.0,-2959.0,-2430.0,58342.0
442,12964.0,-18192.0,-864.0,-2864.0,11974.0,-6586.0,1232.0,58347.0
443,15704.0,-17892.0,632.0,-2880.0,11856.0,-718.0,3182.0,58353.0
444,10380.0,-15704.0,3596.0,-2928.0,10742.0,9058.0,3116.0,58359.0
445,-304.0,-16132.0,4176.0,-2912.0,9710.0,15321.0,2907.0,58365.0
446,-6232.0,-15872.0,3756.0,-2896.0,9343.0,14913.0,2314.0,58372.0
447,-7764.0,-13732.0,3208.0,-2880.0,8904.0,10580.0,939.0,58378.0
448,-5736.0,-13760.0,3168.0,-2896.0,8250.0,4836.0,-134.0,58384.0
449,-1768.0,-15212.0,3592.0,-2912.0,7777.0,199.0,-651.0,58390.0
450,1888.0,-15668.0,3732.0,-2880.0,7383.0,-2146.0,-756.0,58396.0
451,4484.0,-15436.0,3964.0,-2912.0,6922.0,-3091.0,-485.0,58402.0
452,5680.0,-15488.0,3588.0,-2896.0,6526.0,-3259.0,-98.0,58408.0
453,5936.0,-15332.0,3224.0,-2896.0,6146.0,-2577.0,407.0,58414.0
454,6116.0,-14924.0,3312.0,-2896.0,5729.0,-1181.0,923.0,58420.0
455,5760.0,-15544.0,3336.0,-2896.0,5456.0,634.0,1225.0,58426.0
456,4356.0,-15604.0,3380.0,-2880.0,5150.0,2085.0,1470.0,58432.0
457,2284.0,-15980.0,3784.0,-2912.0,4891.0,2977.0,1663.0,58438.0
458,816.0,-16516.0,4000.0,-2896.0,4664.0,3113.0,1701.0,58444.0
459,560.0,-16804.0,3756.0,-2880.0,4559.0,2483.0,1625.0,58450.0
460,928.0,-16840.0,3256.0,-2880.0,4533.0,1802.0,1586.0,58457.0
461,1496.0,-17020.0,2760.0,-2880.0,4572.0,1364.0,1486.0,58463.0
462,1700.0,-17468.0,2396.0,-2896.0,4752.0,1137.0,1448.0,58468.0
463,2016.0,-18308.0,2364.0,-2896.0,4957.0,1006.0,1478.0,58474.0
464,2576.0,-19140.0,2276.0,-2880.0,5277.0,981.0,1495.0,58480.0
465,3240.0,-19656.0,2248.0,-2928.0,5640.0,1136.0,1640.0,58486.0
466,3796.0,-20528.0,2312.0,-2896.0,5946.0,1507.0,1934.0,58492.0
467,4248.0,-22044.0,2580.0,-2896.0,6299.0,1993.0,2354.0,58499.0
468,4492.0,-23928.0,2700.0,-2880.0,6559.0,2600.0,3000.0,58505.0
469,4748.0,-25692.0,2136.0,-2880.0,7085.0,3366.0,3689.0,58511.0
470,4580.0,-27412.0,784.0,-2928.0,7745.0,4124.0,4450.0,58517.0
471,3768.0,-29152.0,-1132.0,-2864.0,8185.0,4684.0,5164.0,58522.0
472,3980.0,-32768.0,-2960.0,-2864.0,8212.0,5328.0,5653.0,58528.0
473,7108.0,-32768.0,-5320.0,-2880.0,8627.0,5008.0,5080.0,58534.0
474,5756.0,-32768.0,-1208.0,-2912.0,11065.0,5157.0,6877.0,58541.0
475,-1460.0,-32768.0,-3284.0,-2896.0,13479.0,6100.0,9439.0,58547.0
476,-5512.0,-31600.0,-4852.0,-2880.0,14754.0,6176.0,8220.0,58553.0
477,-9772.0,-32768.0,-5400.0,-2896.0,15911.0,3054.0,8795.0,58559.0
478,-9552.0,-32768.0,-4188.0,-2896.0,16798.0,-621.0,9791.0,58565.0
479,-7888.0,-32768.0,-5348.0,-2912.0,17249.0,-3695.0,9536.0,58571.0
480,-4652.0,-28184.0,-7028.0,-2896.0,17428.0,-6835.0,9013.0,58577.0
481,-164.0,-19640.0,-8644.0,-2896.0,17129.0,-9306.0,8093.0,58584.0
482,3340.0,-10028.0,-9636.0,-2880.0,16210.0,-10923.0,7171.0,58590.0
483,6968.0,496.0,-8236.0,-2896.0,14634.0,-11932.0,6430.0,58596.0
484,12964.0,15188.0,-32768.0,-2912.0,8126.0,-10109.0,4404.0,58602.0
485,15068.0,23824.0,-32768.0,-2880.0,3366.0,-7339.0,3562.0,58608.0
486,9856.0,25572.0,-32768.0,-2896.0,-2582.0,-5851.0,3366.0,58614.0
487,7480.0,22156.0,-32768.0,-2928.0,-8325.0,-6547.0,2378.0,58620.0
488,8520.0,19500.0,-32768.0,-2880.0,-13819.0,-8607.0,518.0,58627.0
489,12124.0,15840.0,-32768.0,-2896.0,-18949.0,-9698.0,-1037.0,58633.0
490,13888.0,9876.0,-32768.0,-2864.0,-23943.0,-8235.0,-1779.0,58639.0
491,11180.0,4352.0,-32768.0,-2896.0,-28224.0,-5608.0,-2003.0,58645.0
492,6900.0,312.0,-29532.0,-2928.0,-31737.0,-4440.0,-2569.0,58651.0
493,2840.0,-4708.0,-22436.0,-2880.0,-32768.0,-4457.0,-3282.0,58657.0
494,752.0,-11420.0,-14324.0,-2896.0,-32768.0,-5432.0,-4203.0,58663.0
495,548.0,-20556.0,-2800.0,-2912.0,-32768.0,-6460.0,-5076.0,58670.0
496,4808.0,-29004.0,8116.0,-2896.0,-32768.0,-7494.0,-6863.0,58676.0
497,13016.0,-32768.0,23576.0,-2928.0,-32768.0,-9423.0,-9008.0,58682.0
498,22012.0,-31112.0,32767.0,-2864.0,-30576.0,-9674.0,-8658.0,58688.0
499,32767.0,-32768.0,32767.0,-2896.0,-7057.0,-19374.0,-14535.0,58694.0
500,-27324.0,-32768.0,32767.0,-2864.0,12262.0,4813.0,8728.0,58700.0
501,-18748.0,-32768.0,32767.0,-2928.0,5058.0,31165.0,263.0,58706.0
502,-3264.0,32767.0,16032.0,-2896.0,5183.0,14764.0,-6843.0,58713.0
503,-5264.0,32767.0,25876.0,-2896.0,8823.0,18068.0,-3251.0,58719.0
504,-16088.0,18036.0,21040.0,-2912.0,6370.0,10769.0,2846.0,58725.0
505,2892.0,3216.0,9948.0,-2912.0,7437.0,13001.0,3119.0,58731.0
506,-9864.0,15560.0,3676.0,-2928.0,6126.0,16186.0,3769.0,58737.0
507,-10052.0,5384.0,5972.0,-2912.0,3938.0,11075.0,-1608.0,58743.0
508,2444.0,-9616.0,11564.0,-2864.0,3360.0,-1059.0,-4915.0,58749.0
509,14952.0,-22208.0,7684.0,-2880.0,3519.0,-6974.0,-3123.0,58756.0
510,13004.0,-32768.0,-4072.0,-2896.0,3819.0,-4240.0,-1694.0,58762.0
511,6944.0,-32768.0,-11860.0,-2880.0,4383.0,-449.0,-1919.0,58768.0
512,1704.0,-32768.0,-3220.0,-2928.0,5710.0,1711.0,-206.0,58774.0
513,-3840.0,-19540.0,8424.0,-2912.0,5805.0,2829.0,1491.0,58780.0
514,-8808.0,-18604.0,8180.0,-2912.0,5216.0,3117.0,-526.0,58786.0
515,-4756.0,-17120.0,2744.0,-2896.0,4455.0,2026.0,-904.0,58792.0
516,896.0,-17344.0,2412.0,-2896.0,4487.0,1837.0,-1308.0,58798.0
517,2632.0,-15024.0,3688.0,-2912.0,4416.0,2978.0,-1652.0,58804.0
518,2004.0,-11620.0,3208.0,-2896.0,4220.0,3337.0,-1756.0,58810.0
519,1360.0,-11500.0,2708.0,-2928.0,3924.0,2962.0,-1502.0,58816.0
520,880.0,-14788.0,3076.0,-2880.0,3857.0,2325.0,-1586.0,58822.0
521,864.0,-16500.0,3884.0,-2912.0,3812.0,936.0,-1688.0,58828.0
522,2168.0,-16224.0,4212.0,-2912.0,3656.0,-372.0,-1688.0,58834.0
523,3844.0,-15700.0,3984.0,-2880.0,3482.0,-1106.0,-1609.0,58841.0
524,5868.0,-14320.0,4072.0,-2896.0,3188.0,-1074.0,-1254.0,58846.0
525,6876.0,-14028.0,4492.0,-2928.0,2820.0,-107.0,-670.0,58852.0
526,6584.0,-14460.0,4612.0,-2896.0,2491.0,1271.0,5.0,58858.0
527,4436.0,-15764.0,4648.0,-2928.0,2283.0,2383.0,432.0,58864.0
528,2620.0,-16248.0,4088.0,-2864.0,2154.0,2855.0,722.0,58870.0
529,1704.0,-16508.0,3960.0,-2896.0,2075.0,2975.0,794.0,58876.0
530,868.0,-16628.0,3848.0,-2896.0,2098.0,2952.0,744.0,58882.0
531,252.0,-16940.0,3812.0,-2896.0,2179.0,2620.0,555.0,58888.0
532,228.0,-17472.0,3616.0,-2912.0,2310.0,1979.0,390.0,58894.0
533,1120.0,-17980.0,3232.0,-2912.0,2503.0,1184.0,231.0,58900.0
534,2460.0,-18164.0,3152.0,-2880.0,2766.0,791.0,205.0,58906.0
535,3980.0,-19084.0,3264.0,-2896.0,3089.0,953.0,254.0,58911.0
536,5520.0,-18580.0,3288.0,-2864.0,3436.0,1377.0,325.0,58917.0
537,6052.0,-18144.0,2964.0,-2896.0,3717.0,2147.0,712.0,58924.0
538,5212.0,-18412.0,2728.0,-2928.0,4111.0,3066.0,1026.0,58930.0
539,3932.0,-18876.0,2768.0,-2896.0,4554.0,3547.0,1379.0,58936.0
540,2848.0,-19712.0,2848.0,-2912.0,5091.0,3520.0,1726.0,58942.0
541,1976.0,-21180.0,2844.0,-2912.0,5723.0,3288.0,2101.0,58947.0
542,1684.0,-23240.0,2692.0,-2912.0,6427.0,2917.0,2575.0,58953.0
543,1572.0,-25204.0,2180.0,-2896.0,7301.0,2546.0,3125.0,58959.0
544,1644.0,-27060.0,1540.0,-2896.0,8335.0,2301.0,3609.0,58966.0
545,1688.0,-29076.0,940.0,-2896.0,9347.0,2153.0,4275.0,58972.0
546,-844.0,-32768.0,896.0,-2928.0,10412.0,2196.0,5227.0,58978.0
547,1360.0,-32768.0,-1228.0,-2896.0,11586.0,2891.0,6135.0,58984.0
548,-3084.0,-32768.0,-4784.0,-2896.0,12696.0,3163.0,5574.0,58989.0
549,-4464.0,-32768.0,-7884.0,-2880.0,12745.0,2076.0,7306.0,58995.0
550,-3816.0,-32768.0,-3960.0,-2928.0,13307.0,1380.0,8161.0,59001.0
551,-4568.0,-32768.0,-112.0,-2944.0,16518.0,-1560.0,8636.0,59008.0
552,-2540.0,-30348.0,-4128.0,-2896.0,17398.0,-3260.0,8208.0,59014.0
553,-2456.0,-25752.0,-4828.0,-2912.0,17526.0,-3917.0,7288.0,59020.0
554,-2580.0,-23496.0,-5668.0,-2896.0,17431.0,-5401.0,7259.0,59026.0
555,-688.0,-17272.0,-5880.0,-2896.0,16716.0,-7545.0,6940.0,59032.0
556,2020.0,-10300.0,-4408.0,-2880.0,15488.0,-9267.0,6446.0,59038.0
557,5076.0,-3080.0,-2552.0,-2896.0,14287.0,-10200.0,5290.0,59044.0
558,6336.0,7072.0,-9520.0,-2880.0,11962.0,-11067.0,3950.0,59051.0
559,11576.0,19620.0,-23932.0,-2928.0,7381.0,-10213.0,2338.0,59057.0
560,16208.0,26704.0,-32768.0,-2896.0,2047.0,-7617.0,1012.0,59063.0
561,11572.0,24084.0,-32768.0,-2896.0,-3478.0,-3451.0,1542.0,59069.0
562,3252.0,19896.0,-32768.0,-2896.0,-8055.0,-2145.0,1571.0,59075.0
563,128.0,19124.0,-32768.0,-2880.0,-12835.0,-5007.0,658.0,59081.0
564,1012.0,15444.0,-32768.0,-2928.0,-17369.0,-8060.0,160.0,59087.0
565,2508.0,11880.0,-32768.0,-2880.0,-21762.0,-8793.0,118.0,59094.0
566,520.0,8736.0,-24948.0,-2896.0,-25914.0,-8277.0,-23.0,59100.0
567,-2744.0,4084.0,-15340.0,-2896.0,-29218.0,-8443.0,92.0,59106.0
568,-4812.0,-4064.0,-2732.0,-2896.0,-31081.0,-9611.0,551.0,59112.0
569,-808.0,-11052.0,10276.0,-2896.0,-31463.0,-11793.0,-1396.0,59118.0
570,1840.0,-20896.0,20312.0,-2880.0,-31214.0,-14112.0,-2376.0,59124.0
571,8660.0,-29900.0,30648.0,-2880.0,-28979.0,-14226.0,-1485.0,59130.0
572,11876.0,-31748.0,32767.0,-2912.0,-26291.0,-11793.0,-1552.0,59137.0
573,12196.0,-31620.0,32767.0,-2912.0,-23040.0,-8075.0,-1580.0,59143.0
574,9480.0,-32768.0,32767.0,-2880.0,-18976.0,-4994.0,-1282.0,59149.0
575,13332.0,-31904.0,32767.0,-2912.0,-13902.0,-2752.0,-2959.0,59155.0
576,20824.0,-32768.0,32767.0,-2880.0,-2602.0,-4172.0,-4977.0,59161.0
577,12448.0,-32768.0,32767.0,-2864.0,9067.0,-61.0,-992.0,59167.0
578,-11988.0,-25512.0,32767.0,-2880.0,5793.0,12205.0,1257.0,59173.0
579,-17316.0,10724.0,-3760.0,-2912.0,3833.0,14277.0,-476.0,59180.0
580,-15904.0,26108.0,-24556.0,-2896.0,3081.0,12872.0,-3312.0,59186.0
581,-14856.0,8048.0,-26520.0,-2928.0,384.0,5734.0,-2549.0,59192.0
582,12800.0,-30668.0,-7196.0,-2912.0,2953.0,3861.0,-3673.0,59198.0
583,23776.0,-32768.0,4900.0,-2928.0,4954.0,3250.0,-4957.0,59204.0
584,15660.0,-32768.0,-6284.0,-2912.0,4565.0,2115.0,-3765.0,59210.0
585,13536.0,-12944.0,708.0,-2912.0,4591.0,3996.0,-699.0,59216.0
586,5524.0,-7608.0,11460.0,-2912.0,4596.0,8664.0,635.0,59223.0
587,-12856.0,-15360.0,12820.0,-2912.0,4470.0,11112.0,629.0,59229.0
588,-20220.0,-17440.0,7488.0,-2880.0,4289.0,6686.0,-1587.0,59235.0
589,-13676.0,-16544.0,5616.0,-2896.0,4505.0,98.0,-3345.0,59241.0
590,-1308.0,-14664.0,5872.0,-2912.0,4205.0,-3466.0,-4491.0,59247.0
591,8136.0,-13220.0,5232.0,-2928.0,3565.0,-3320.0,-4323.0,59253.0
592,12240.0,-13016.0,4752.0,-2896.0,2983.0,-633.0,-2291.0,59259.0
593,11020.0,-14568.0,3828.0,-2912.0,2396.0,2665.0,-505.0,59265.0
594,6824.0,-15940.0,3248.0,-2896.0,2027.0,4044.0,327.0,59271.0
595,2068.0,-16236.0,4360.0,-2928.0,1820.0,3860.0,861.0,59277.0
596,-1420.0,-15548.0,5972.0,-2912.0,1584.0,2594.0,824.0,59283.0
597,-2892.0,-15200.0,6572.0,-2912.0,1257.0,402.0,349.0,59289.0
598,-1696.0,-15424.0,6152.0,-2912.0,944.0,-1436.0,-25.0,59295.0
599,716.0,-16084.0,5460.0,-2912.0,673.0,-2050.0,-283.0,59301.0
600,2828.0,-16836.0,4560.0,-2896.0,470.0,-1652.0,-183.0,59307.0
601,4012.0,-17092.0,4156.0,-2896.0,327.0,-500.0,77.0,59313.0
602,3556.0,-16876.0,4344.0,-2896.0,271.0,912.0,355.0,59319.0
603,1788.0,-16792.0,4764.0,-2896.0,220.0,1967.0,402.0,59325.0
604,44.0,-17092.0,4792.0,-2880.0,169.0,2132.0,268.0,59330.0
605,-304.0,-17516.0,4632.0,-2896.0,198.0,1651.0,-47.0,59336.0
606,580.0,-17692.0,4260.0,-2880.0,237.0,1006.0,-321.0,59342.0
607,2252.0,-17904.0,3828.0,-2864.0,341.0,716.0,-367.0,59347.0
608,3896.0,-18268.0,3832.0,-2912.0,477.0,1035.0,-250.0,59354.0
609,4752.0,-19200.0,3360.0,-2912.0,693.0,1887.0,-44.0,59360.0
610,4732.0,-20352.0,3156.0,-2928.0,996.0,2882.0,278.0,59366.0
611,4404.0,-22404.0,3072.0,-2896.0,1421.0,3818.0,584.0,59371.0
612,5528.0,-22900.0,2408.0,-2896.0,2070.0,4222.0,357.0,59377.0
613,4664.0,-24808.0,1796.0,-2896.0,2800.0,4226.0,723.0,59383.0
614,4752.0,-27312.0,1604.0,-2896.0,3771.0,4801.0,1150.0,59389.0
615,3832.0,-28884.0,628.0,-2896.0,4756.0,5268.0,1368.0,59396.0
616,3020.0,-31188.0,-156.0,-2896.0,5684.0,5979.0,2114.0,59402.0
617,1040.0,-32768.0,-1936.0,-2928.0,6579.0,6701.0,2809.0,59407.0
618,-4256.0,-32768.0,-4972.0,-2912.0,7107.0,7218.0,4458.0,59413.0
619,-7348.0,-32768.0,-6376.0,-2896.0,7564.0,6712.0,5815.0,59419.0
620,-6660.0,-32768.0,560.0,-2864.0,10230.0,3454.0,5758.0,59425.0
621,-7296.0,-32768.0,-3300.0,-2912.0,12675.0,-385.0,6453.0,59431.0
622,-3680.0,-26896.0,-4628.0,-2928.0,13241.0,-2486.0,5664.0,59438.0
623,-2060.0,-25336.0,-5624.0,-2912.0,13935.0,-4000.0,5452.0,59444.0
624,660.0,-20172.0,-6932.0,-2928.0,14084.0,-5620.0,5135.0,59450.0
625,3672.0,-11456.0,-7776.0,-2912.0,13685.0,-6424.0,4674.0,59456.0
626,5420.0,-1384.0,-8872.0,-2896.0,12689.0,-6727.0,4128.0,59462.0
627,6792.0,11668.0,-12564.0,-2912.0,10407.0,-7874.0,3551.0,59468.0
628,12548.0,25868.0,-30852.0,-2912.0,4164.0,-7957.0,1755.0,59474.0
629,14104.0,28544.0,-32768.0,-2928.0,-1101.0,-4331.0,1655.0,59481.0
630,9116.0,24736.0,-32768.0,-2928.0,-5975.0,-986.0,2167.0,59487.0
631,2988.0,20256.0,-32768.0,-2864.0,-10489.0,-629.0,1691.0,59493.0
632,1392.0,17716.0,-32768.0,-2864.0,-14733.0,-3376.0,912.0,59499.0
633,2920.0,14824.0,-32048.0,-2912.0,-18959.0,-5216.0,366.0,59505.0
634,1616.0,10232.0,-26676.0,-2864.0,-22855.0,-5229.0,215.0,59511.0
635,-964.0,5912.0,-21064.0,-2912.0,-26219.0,-5403.0,83.0,59517.0
636,-4216.0,-100.0,-14852.0,-2880.0,-28850.0,-6139.0,232.0,59523.0
637,-7016.0,-5856.0,-6660.0,-2928.0,-30374.0,-7787.0,79.0,59529.0
638,-9336.0,-10000.0,696.0,-2896.0,-30889.0,-11674.0,-1017.0,59535.0
639,-4720.0,-13712.0,7184.0,-2912.0,-30834.0,-15664.0,-2167.0,59541.0
640,5748.0,-18660.0,20776.0,-2912.0,-29560.0,-17708.0,-3845.0,59547.0
641,17164.0,-25260.0,28260.0,-2912.0,-27098.0,-19114.0,-7160.0,59553.0
642,32767.0,-32768.0,32767.0,-2880.0,-21233.0,-20022.0,-8551.0,59559.0
643,32767.0,-32768.0,32767.0,-2928.0,24105.0,-32768.0,-17509.0,59567.0
644,-25028.0,-32768.0,32767.0,-2912.0,5212.0,24420.0,12847.0,59573.0
645,-7424.0,20388.0,-13908.0,-2912.0,6177.0,12654.0,4215.0,59579.0
646,-11988.0,32767.0,-29468.0,-2912.0,4322.0,25824.0,-121.0,59585.0
647,-32768.0,32767.0,-25508.0,-2896.0,-28.0,15463.0,4611.0,59591.0
648,19808.0,-32768.0,-13008.0,-2896.0,2340.0,10570.0,-3038.0,59597.0
649,24716.0,-32768.0,-9380.0,-2928.0,5843.0,5168.0,-3161.0,59603.0
650,15808.0,-32768.0,-11780.0,-2880.0,5088.0,-1322.0,-781.0,59610.0
651,13984.0,-21596.0,6124.0,-2864.0,5697.0,-3407.0,-2829.0,59616.0
652,8812.0,-11608.0,21512.0,-2880.0,4303.0,3350.0,1472.0,59622.0
653,-11452.0,-20396.0,17052.0,-2896.0,3872.0,12187.0,4491.0,59628.0
654,-27580.0,-15172.0,5364.0,-2896.0,3974.0,7865.0,885.0,59634.0
655,-20820.0,-12416.0,6324.0,-2912.0,4018.0,-1164.0,-3963.0,59640.0
656,-2912.0,-16388.0,5156.0,-2896.0,3620.0,-8028.0,-5855.0,59646.0
657,13036.0,-16552.0,1920.0,-2912.0,3442.0,-10050.0,-6238.0,59653.0
658,18444.0,-14712.0,3656.0,-2912.0,3326.0,-5594.0,-4067.0,59659.0
659,14872.0,-14320.0,4808.0,-2896.0,2539.0,1696.0,-921.0,59665.0
660,6476.0,-15388.0,3028.0,-2880.0,2046.0,6537.0,1074.0,59671.0
661,1140.0,-16108.0,2088.0,-2896.0,1887.0,7339.0,1037.0,59677.0
662,-2220.0,-16832.0,3272.0,-2912.0,1882.0,5677.0,613.0,59683.0
663,-2968.0,-17428.0,4808.0,-2912.0,1723.0,3608.0,234.0,59688.0
664,-2516.0,-16644.0,5200.0,-2880.0,1542.0,1380.0,-145.0,59695.0
665,-700.0,-15608.0,5168.0,-2896.0,1309.0,-610.0,-432.0,59701.0
666,1104.0,-15252.0,4872.0,-2912.0,1062.0,-1697.0,-531.0,59707.0
667,3068.0,-15900.0,4284.0,-2896.0,899.0,-1795.0,-355.0,59713.0
668,4744.0,-16512.0,3212.0,-2928.0,767.0,-1173.0,-5.0,59719.0
669,4460.0,-17116.0,3096.0,-2912.0,753.0,17.0,357.0,59724.0
670,2864.0,-17292.0,3316.0,-2896.0,831.0,1115.0,572.0,59730.0
671,944.0,-16952.0,3372.0,-2880.0,923.0,1615.0,606.0,59737.0
672,-60.0,-16600.0,3404.0,-2896.0,1067.0,1370.0,430.0,59743.0
673,-336.0,-16852.0,3640.0,-2928.0,1250.0,613.0,239.0,59748.0
674,332.0,-18004.0,3004.0,-2912.0,1486.0,27.0,270.0,59754.0
675,1756.0,-18784.0,2784.0,-2896.0,1822.0,-253.0,342.0,59760.0
676,3036.0,-19216.0,2384.0,-2928.0,2196.0,-102.0,568.0,59765.0
677,3756.0,-19600.0,2256.0,-2912.0,2619.0,353.0,808.0,59771.0
678,3856.0,-20444.0,2248.0,-2912.0,3091.0,1087.0,1046.0,59778.0
679,3252.0,-22124.0,2236.0,-2880.0,3656.0,1620.0,1343.0,59784.0
680,2476.0,-25116.0,2144.0,-2928.0,4229.0,2061.0,1723.0,59790.0
681,616.0,-29844.0,2648.0,-2896.0,4748.0,2631.0,2494.0,59796.0
682,-160.0,-32768.0,3212.0,-2864.0,5031.0,2609.0,3292.0,59801.0
683,-968.0,-32768.0,372.0,-2896.0,5384.0,2796.0,3773.0,59807.0
684,-640.0,-32768.0,-4184.0,-2928.0,5340.0,3232.0,3492.0,59813.0
685,-1248.0,-32768.0,-6968.0,-2896.0,5377.0,2497.0,3684.0,59820.0
686,-5292.0,-32768.0,4448.0,-2896.0,8738.0,1225.0,6479.0,59826.0
687,-6516.0,-32768.0,-1480.0,-2912.0,10520.0,197.0,7890.0,59832.0
688,-4260.0,-23568.0,-5728.0,-2896.0,11235.0,-933.0,5433.0,59838.0
689,-5112.0,-17992.0,-6696.0,-2896.0,11723.0,-3410.0,5730.0,59844.0
690,-1716.0,-10004.0,-5200.0,-2896.0,11138.0,-5570.0,5884.0,59850.0
691,368.0,-6136.0,-3324.0,-2880.0,10248.0,-6408.0,5303.0,59856.0
692,2468.0,-2120.0,-5352.0,-2912.0,8565.0,-7178.0,4120.0,59862.0
693,5196.0,1652.0,-5656.0,-2896.0,6959.0,-8039.0,3065.0,59868.0
694,4760.0,7952.0,-19048.0,-2896.0,3695.0,-7442.0,3349.0,59874.0
695,4656.0,11360.0,-24420.0,-2880.0,193.0,-4900.0,3094.0,59880.0
696,4420.0,16780.0,-29420.0,-2912.0,-3055.0,-4704.0,2787.0,59886.0
697,2872.0,17172.0,-32028.0,-2896.0,-7185.0,-5350.0,2409.0,59892.0
698,4656.0,15284.0,-32048.0,-2912.0,-10824.0,-6972.0,1136.0,59898.0
699,8472.0,13348.0,-29888.0,-2880.0,-14492.0,-8760.0,169.0,59905.0
700,11024.0,11376.0,-24908.0,-2896.0,-18140.0,-8722.0,112.0,59911.0
701,10544.0,7536.0,-17968.0,-2896.0,-21505.0,-6785.0,-89.0,59917.0
702,7800.0,2368.0,-11520.0,-2864.0,-24181.0,-5119.0,-490.0,59923.0
703,4600.0,-3508.0,-5188.0,-2912.0,-26159.0,-4461.0,-957.0,59929.0
704,2808.0,-10020.0,416.0,-2896.0,-27355.0,-4319.0,-1058.0,59935.0
705,2268.0,-16360.0,6904.0,-2912.0,-27286.0,-4395.0,-1361.0,59941.0
706,4404.0,-18728.0,13832.0,-2896.0,-26271.0,-5834.0,-2672.0,59948.0
707,10804.0,-20000.0,21804.0,-2896.0,-24886.0,-7182.0,-4576.0,59954.0
708,18784.0,-18072.0,28016.0,-2928.0,-22823.0,-8464.0,-6146.0,59960.0
709,32767.0,-32768.0,32767.0,-2928.0,-12388.0,-13296.0,-10538.0,59966.0
710,18316.0,-32768.0,32767.0,-2912.0,16942.0,-16458.0,-2733.0,59972.0
711,-32768.0,-32768.0,32767.0,-2896.0,6337.0,29450.0,11448.0,59978.0
712,-24416.0,32767.0,-13688.0,-2928.0,1296.0,12586.0,2752.0,59984.0
713,-18340.0,32767.0,-28424.0,-2896.0,-828.0,13255.0,-3170.0,59991.0
714,-25016.0,1976.0,-19164.0,-2944.0,-1677.0,6039.0,3013.0,59997.0
715,14312.0,-31784.0,-13256.0,-2880.0,399.0,3666.0,-1434.0,60003.0
716,24508.0,-32768.0,-12992.0,-2928.0,2057.0,1213.0,-6816.0,60009.0
717,20164.0,-30096.0,-13176.0,-2880.0,2417.0,-3443.0,-4542.0,60015.0
718,17096.0,-23936.0,2164.0,-2880.0,4916.0,-4594.0,-252.0,60021.0
719,9912.0,-14636.0,12320.0,-2928.0,4564.0,-740.0,1531.0,60027.0
720,-6720.0,-16608.0,12204.0,-2928.0,2943.0,5343.0,2433.0,60034.0
721,-22096.0,-16680.0,9720.0,-2928.0,3055.0,6403.0,705.0,60040.0
722,-20056.0,-14236.0,6292.0,-2912.0,3224.0,-45.0,-4064.0,60046.0
723,-5636.0,-15740.0,1752.0,-2880.0,2838.0,-6680.0,-6219.0,60052.0
724,10008.0,-17904.0,1592.0,-2896.0,3255.0,-7776.0,-5372.0,60058.0
725,16148.0,-16848.0,4048.0,-2912.0,3384.0,-2563.0,-3574.0,60064.0
726,15172.0,-15436.0,3428.0,-2896.0,2836.0,4088.0,-1120.0,60070.0
727,9868.0,-14988.0,1612.0,-2928.0,2700.0,7249.0,58.0,60077.0
728,3444.0,-15284.0,1732.0,-2896.0,2839.0,7547.0,466.0,60083.0
729,-2628.0,-15312.0,4100.0,-2928.0,2786.0,6767.0,166.0,60088.0
730,-5912.0,-16064.0,5384.0,-2896.0,2771.0,4841.0,-572.0,60094.0
731,-5396.0,-16088.0,5092.0,-2896.0,2640.0,1583.0,-1416.0,60100.0
732,524.0,-15176.0,4000.0,-2880.0,2409.0,-1661.0,-1970.0,60106.0
733,5288.0,-15936.0,3620.0,-2896.0,2254.0,-2810.0,-1701.0,60112.0
734,7096.0,-16616.0,3204.0,-2912.0,2263.0,-1885.0,-773.0,60119.0
735,6172.0,-16292.0,2808.0,-2912.0,2226.0,246.0,199.0,60125.0
736,3288.0,-15504.0,3476.0,-2912.0,2093.0,2280.0,766.0,60131.0
737,308.0,-15520.0,4472.0,-2912.0,1872.0,2990.0,774.0,60136.0
738,-992.0,-16116.0,5164.0,-2896.0,1760.0,2480.0,474.0,60142.0
739,-524.0,-16928.0,2696.0,-2896.0,1856.0,1306.0,-11.0,60148.0
740,1156.0,-16540.0,2232.0,-2880.0,1844.0,-260.0,-153.0,60154.0
741,2920.0,-16808.0,2664.0,-2912.0,1819.0,-809.0,-49.0,60160.0
742,3424.0,-16664.0,2816.0,-2896.0,1730.0,-469.0,227.0,60166.0
743,3476.0,-16664.0,3000.0,-2928.0,1669.0,383.0,582.0,60172.0
744,2828.0,-17192.0,2880.0,-2896.0,1777.0,1371.0,748.0,60178.0
745,1848.0,-17684.0,2356.0,-2864.0,1966.0,1746.0,733.0,60184.0
746,1928.0,-17576.0,2708.0,-2864.0,1991.0,1651.0,718.0,60189.0
747,2104.0,-17700.0,3116.0,-2896.0,2055.0,1763.0,813.0,60195.0
748,2608.0,-18264.0,3060.0,-2896.0,2203.0,2002.0,951.0,60201.0
749,2720.0,-18972.0,2632.0,-2896.0,2441.0,2363.0,1147.0,60208.0
750,2748.0,-19868.0,2468.0,-2896.0,2719.0,2571.0,1305.0,60214.0
751,2420.0,-21112.0,2768.0,-2896.0,3052.0,2679.0,1708.0,60220.0
752,1536.0,-23720.0,2908.0,-2880.0,3431.0,2894.0,1839.0,60226.0
753,356.0,-27560.0,3188.0,-2912.0,3787.0,3126.0,2822.0,60231.0
754,-1108.0,-29512.0,4540.0,-2880.0,4171.0,3098.0,3463.0,60237.0
755,-1820.0,-28312.0,3896.0,-2928.0,4798.0,2458.0,4024.0,60243.0
756,-1820.0,-28288.0,2324.0,-2896.0,5413.0,2135.0,4367.0,60250.0
757,-1316.0,-31004.0,1436.0,-2880.0,6107.0,2014.0,4562.0,60256.0
758,-316.0,-32768.0,-248.0,-2912.0,7083.0,1704.0,4562.0,60262.0
759,-1804.0,-32768.0,-3168.0,-2912.0,7937.0,1361.0,5483.0,60268.0
760,-3988.0,-32768.0,-4416.0,-2896.0,9069.0,1649.0,7037.0,60274.0
761,-4308.0,-31372.0,-5764.0,-2928.0,9537.0,1461.0,6921.0,60279.0
762,-4784.0,-28896.0,-5352.0,-2912.0,9739.0,-251.0,6715.0,60285.0
763,-4744.0,-27544.0,-4260.0,-2944.0,9937.0,-2188.0,6910.0,60292.0
764,-4112.0,-25348.0,-2784.0,-2896.0,10152.0,-4129.0,6918.0,60298.0
765,-2888.0,-21996.0,-2328.0,-2896.0,10051.0,-5435.0,6417.0,60304.0
766,-1160.0,-18368.0,-3780.0,-2896.0,9202.0,-6123.0,5848.0,60310.0
767,-284.0,-16996.0,-3324.0,-2896.0,7959.0,-7087.0,5075.0,60316.0
768,-188.0,-16744.0,1228.0,-2928.0,8721.0,-8982.0,4648.0,60322.0
769,2460.0,-10748.0,964.0,-2912.0,8709.0,-9933.0,4308.0,60328.0
770,4632.0,-6796.0,152.0,-2880.0,8383.0,-9394.0,3525.0,60335.0
771,4144.0,-4076.0,1120.0,-2880.0,8217.0,-8389.0,3337.0,60340.0
772,3048.0,2076.0,2032.0,-2912.0,7826.0,-8934.0,3411.0,60346.0
773,4444.0,9792.0,-3040.0,-2912.0,5966.0,-10182.0,2592.0,60352.0
774,4988.0,15400.0,-9052.0,-2896.0,2901.0,-10200.0,1762.0,60358.0
775,5956.0,18004.0,-13832.0,-2880.0,-922.0,-10110.0,594.0,60364.0
776,9212.0,16224.0,-17356.0,-2880.0,-4492.0,-10618.0,-995.0,60370.0
777,15276.0,14248.0,-18596.0,-2896.0,-7434.0,-10862.0,-2611.0,60377.0
778,20920.0,12836.0,-18568.0,-2896.0,-9957.0,-8634.0,-3391.0,60383.0
779,22544.0,11692.0,-16676.0,-2928.0,-12263.0,-3841.0,-3257.0,60389.0
780,20924.0,10600.0,-14024.0,-2896.0,-14452.0,1751.0,-2745.0,60395.0
781,14900.0,7692.0,-10048.0,-2896.0,-16312.0,7667.0,-1239.0,60401.0
782,5740.0,3792.0,-5600.0,-2896.0,-17730.0,12675.0,166.0,60407.0
783,-2332.0,408.0,-472.0,-2928.0,-18669.0,14682.0,24.0,60413.0
784,-7368.0,-4028.0,3592.0,-2896.0,-19010.0,14578.0,-993.0,60420.0
785,-8100.0,-9332.0,5548.0,-2912.0,-18795.0,12290.0,-2726.0,60426.0
786,-7564.0,-11680.0,9816.0,-2896.0,-18360.0,8414.0,-4465.0,60432.0
787,108.0,-22148.0,32767.0,-2864.0,-13488.0,4535.0,-6176.0,60438.0
788,11172.0,-16940.0,32767.0,-2912.0,-9970.0,-635.0,-10567.0,60444.0
789,7956.0,-25548.0,32767.0,-2912.0,-12649.0,-631.0,-10077.0,60450.0
790,12052.0,-32768.0,32767.0,-2864.0,-5570.0,4374.0,-7139.0,60456.0
791,3252.0,-32768.0,32767.0,-2896.0,-1251.0,8460.0,-6661.0,60463.0
792,-8520.0,-32768.0,32767.0,-2912.0,1189.0,10929.0,-3696.0,60469.0
793,-15000.0,-28116.0,31920.0,-2912.0,1901.0,10997.0,-3165.0,60475.0
794,-10224.0,-17548.0,11804.0,-2880.0,1965.0,7098.0,-3045.0,60481.0
795,-2452.0,-10108.0,-6444.0,-2896.0,1672.0,5642.0,-2883.0,60487.0
796,-1916.0,-3820.0,-22204.0,-2928.0,586.0,6450.0,-1869.0,60493.0
797,-3532.0,-772.0,-26224.0,-2896.0,-1112.0,7456.0,-524.0,60499.0
798,-1336.0,-3004.0,-17788.0,-2896.0,-2427.0,6623.0,-794.0,60506.0
799,3376.0,-9800.0,-816.0,-2912.0,-2440.0,3000.0,-2610.0,60511.0
800,3332.0,-16232.0,11184.0,-2880.0,-2631.0,-862.0,-2815.0,60517.0
801,548.0,-23888.0,18708.0,-2928.0,-2363.0,-4273.0,-2056.0,60523.0
802,-3124.0,-32420.0,17252.0,-2880.0,-1739.0,-7952.0,-2008.0,60529.0
803,-3708.0,-32768.0,7072.0,-2896.0,-1183.0,-9375.0,-2966.0,60535.0
804,-6140.0,-32768.0,-4268.0,-2912.0,-408.0,-8712.0,-1668.0,60541.0
805,-5248.0,-32768.0,-10776.0,-2896.0,616.0,-4879.0,344.0,60548.0
806,-180.0,-32768.0,-9308.0,-2928.0,2096.0,-1101.0,33.0,60554.0
807,4788.0,-23920.0,-2504.0,-2928.0,2752.0,1652.0,356.0,60560.0
808,6136.0,-16880.0,1632.0,-2928.0,2554.0,3405.0,958.0,60566.0
809,3608.0,-12204.0,3952.0,-2896.0,1999.0,4090.0,608.0,60571.0
810,196.0,-9688.0,6500.0,-2928.0,1580.0,2653.0,-339.0,60577.0
811,-2572.0,-8384.0,8576.0,-2896.0,1342.0,404.0,-1403.0,60583.0
812,-3796.0,-8676.0,8688.0,-2896.0,1119.0,-1907.0,-2320.0,60590.0
813,-2976.0,-10712.0,7284.0,-2928.0,724.0,-3297.0,-2447.0,60596.0
814,-52.0,-13512.0,5084.0,-2912.0,487.0,-3258.0,-2382.0,60602.0
815,2984.0,-15316.0,4576.0,-2880.0,412.0,-2583.0,-2333.0,60607.0
816,5552.0,-17804.0,4520.0,-2880.0,254.0,-1234.0,-2030.0,60613.0
817,6516.0,-19272.0,3132.0,-2896.0,392.0,-16.0,-1826.0,60619.0
818,8180.0,-19612.0,1236.0,-2912.0,406.0,1280.0,-793.0,60625.0
819,5656.0,-18664.0,1256.0,-2912.0,455.0,3034.0,-1056.0,60632.0
820,3248.0,-17448.0,2304.0,-2896.0,641.0,3609.0,-786.0,60638.0
821,544.0,-16468.0,3580.0,-2864.0,725.0,3845.0,-769.0,60643.0
822,-996.0,-16448.0,3780.0,-2912.0,851.0,3678.0,-937.0,60649.0
823,-1284.0,-16456.0,3920.0,-2896.0,875.0,3078.0,-1039.0,60655.0
824,-528.0,-16212.0,3748.0,-2928.0,847.0,2525.0,-1097.0,60661.0
825,1096.0,-15940.0,3388.0,-2896.0,825.0,1851.0,-1009.0,60667.0
826,2188.0,-15576.0,3280.0,-2896.0,770.0,1216.0,-980.0,60673.0
827,3012.0,-14868.0,3788.0,-2928.0,682.0,514.0,-1065.0,60679.0
828,3024.0,-14772.0,4024.0,-2896.0,506.0,140.0,-788.0,60685.0
829,2680.0,-14936.0,4048.0,-2912.0,420.0,82.0,-595.0,60691.0
830,2520.0,-14308.0,4384.0,-2928.0,258.0,-49.0,-356.0,60696.0
831,2800.0,-14044.0,4812.0,-2912.0,93.0,37.0,-147.0,60702.0
832,2640.0,-14396.0,4964.0,-2928.0,-97.0,281.0,76.0,60708.0
833,2652.0,-14816.0,4552.0,-2896.0,-245.0,559.0,281.0,60713.0
834,2416.0,-15420.0,4228.0,-2880.0,-339.0,655.0,443.0,60720.0
835,2172.0,-15664.0,3948.0,-2896.0,-394.0,620.0,524.0,60726.0
836,1940.0,-16016.0,4112.0,-2896.0,-455.0,497.0,515.0,60732.0
837,1744.0,-16772.0,4156.0,-2912.0,-437.0,335.0,513.0,60737.0
838,1764.0,-16960.0,3852.0,-2928.0,-496.0,263.0,495.0,60743.0
839,1624.0,-17312.0,3700.0,-2896.0,-430.0,294.0,480.0,60749.0
840,1640.0,-17400.0,3668.0,-2912.0,-395.0,386.0,507.0,60755.0
841,1628.0,-17748.0,3704.0,-2896.0,-348.0,599.0,518.0,60761.0
842,1732.0,-18272.0,3372.0,-2896.0,-256.0,808.0,465.0,60767.0
843,1832.0,-18596.0,3508.0,-2880.0,-107.0,1095.0,492.0,60773.0
844,1844.0,-18780.0,3232.0,-2880.0,123.0,1372.0,552.0,60779.0
845,1656.0,-19004.0,2768.0,-2864.0,387.0,1657.0,681.0,60784.0
846,1528.0,-19424.0,2680.0,-2864.0,785.0,1870.0,730.0,60790.0
847,1744.0,-20120.0,2336.0,-2880.0,1290.0,1982.0,877.0,60796.0
848,1904.0,-21156.0,2164.0,-2880.0,1851.0,2233.0,1084.0,60803.0
849,1452.0,-23908.0,1440.0,-2864.0,2239.0,2756.0,1550.0,60809.0
850,320.0,-28112.0,1832.0,-2896.0,2308.0,3136.0,2318.0,60815.0
851,-272.0,-31140.0,-380.0,-2896.0,2465.0,2824.0,2691.0,60820.0
852,-32.0,-31332.0,-3356.0,-2896.0,2453.0,1674.0,2626.0,60826.0
853,1296.0,-32464.0,-3060.0,-2896.0,2625.0,475.0,3085.0,60832.0
854,1396.0,-32768.0,1868.0,-2896.0,4080.0,264.0,4482.0,60838.0
855,40.0,-25636.0,-1768.0,-2896.0,5816.0,-437.0,5759.0,60845.0
856,516.0,-16960.0,-2280.0,-2912.0,6351.0,-1486.0,5101.0,60850.0
857,124.0,-13336.0,-1284.0,-2896.0,6419.0,-3230.0,4962.0,60856.0
858,1128.0,-10436.0,240.0,-2928.0,6228.0,-4486.0,4322.0,60862.0
859,2048.0,-7788.0,2508.0,-2896.0,5867.0,-5489.0,3355.0,60868.0
860,2388.0,-6376.0,4524.0,-2896.0,5420.0,-6125.0,2560.0,60874.0
861,2400.0,-5728.0,6096.0,-2864.0,5042.0,-6545.0,1744.0,60880.0
862,2512.0,-5060.0,7276.0,-2928.0,4628.0,-6870.0,1013.0,60886.0
863,2692.0,-4896.0,7944.0,-2880.0,4043.0,-6640.0,651.0,60892.0
864,2788.0,-5656.0,9048.0,-2864.0,3637.0,-5907.0,577.0,60898.0
865,2556.0,-7776.0,7048.0,-2896.0,3593.0,-4311.0,468.0,60904.0
866,1112.0,-6308.0,700.0,-2928.0,3217.0,-3398.0,865.0,60910.0
867,1272.0,-4372.0,4444.0,-2880.0,3015.0,-2530.0,1525.0,60915.0
868,1012.0,-6084.0,5616.0,-2912.0,2635.0,-1993.0,1232.0,60921.0
869,2836.0,-10216.0,11592.0,-2896.0,3117.0,-1286.0,1389.0,60928.0
870,3116.0,-13600.0,17532.0,-2880.0,3639.0,432.0,1298.0,60934.0
871,1660.0,-17084.0,20176.0,-2912.0,4386.0,1946.0,1272.0,60940.0
872,1416.0,-17192.0,16412.0,-2896.0,4467.0,3139.0,1127.0,60946.0
873,1392.0,-16432.0,10420.0,-2880.0,4410.0,4879.0,971.0,60952.0
874,332.0,-15120.0,5120.0,-2880.0,4396.0,6249.0,975.0,60958.0
875,-728.0,-14960.0,704.0,-2880.0,4166.0,7078.0,994.0,60963.0
876,-888.0,-16204.0,-3088.0,-2928.0,3849.0,7488.0,770.0,60969.0
877,-732.0,-17504.0,-4800.0,-2864.0,3614.0,7410.0,549.0,60976.0
878,-256.0,-18924.0,-2728.0,-2896.0,3712.0,6476.0,479.0,60982.0
879,1272.0,-20736.0,1576.0,-2896.0,4042.0,4532.0,104.0,60988.0
880,3828.0,-22780.0,5060.0,-2896.0,4335.0,2747.0,-447.0,60993.0
881,5600.0,-24064.0,5516.0,-2896.0,4505.0,2015.0,-1023.0,60999.0
882,6712.0,-23752.0,4128.0,-2896.0,4466.0,2150.0,-1447.0,61005.0
883,6992.0,-22732.0,2476.0,-2880.0,4308.0,2647.0,-1884.0,61011.0
884,6404.0,-21368.0,776.0,-2896.0,3929.0,3320.0,-2055.0,61018.0
885,4848.0,-21500.0,452.0,-2896.0,3245.0,3864.0,-2168.0,61024.0
886,2856.0,-22448.0,2896.0,-2864.0,3060.0,3673.0,-2136.0,61030.0
887,3092.0,-20100.0,4092.0,-2912.0,3213.0,3606.0,-2061.0,61036.0
888,3664.0,-16460.0,4164.0,-2912.0,3243.0,4322.0,-2054.0,61041.0
889,2156.0,-13788.0,4808.0,-2896.0,3216.0,5074.0,-1623.0,61047.0
890,-328.0,-11656.0,5668.0,-2896.0,3106.0,5091.0,-1382.0,61053.0
891,-2212.0,-9332.0,6700.0,-2896.0,2963.0,3608.0,-1373.0,61060.0
892,-3004.0,-5908.0,7828.0,-2896.0,2666.0,1742.0,-1410.0,61066.0
893,-1160.0,-856.0,5104.0,-2880.0,1862.0,129.0,-1749.0,61072.0
894,1980.0,2424.0,1096.0,-2896.0,802.0,-1569.0,-2506.0,61078.0
895,6420.0,6816.0,-2764.0,-2896.0,-1039.0,-2422.0,-2995.0,61083.0
896,8784.0,9824.0,-6496.0,-2864.0,-3603.0,-1366.0,-3215.0,61089.0
897,7732.0,10392.0,-12368.0,-2880.0,-6597.0,538.0,-3368.0,61095.0
898,6052.0,9916.0,-14996.0,-2896.0,-9123.0,1809.0,-3189.0,61102.0
899,2880.0,9208.0,-15108.0,-2912.0,-11506.0,2931.0,-2526.0,61108.0
900,-1156.0,7924.0,-13000.0,-2896.0,-13932.0,4494.0,-1493.0,61114.0
901,-7276.0,3776.0,-9848.0,-2880.0,-16167.0,6392.0,-146.0,61120.0
902,-14840.0,-1508.0,-6272.0,-2912.0,-17577.0,6622.0,408.0,61126.0
903,-16060.0,-5900.0,-1940.0,-2896.0,-18132.0,4163.0,615.0,61132.0
904,-13884.0,-12544.0,7244.0,-2880.0,-16517.0,-602.0,-2066.0,61138.0
905,-3292.0,-16780.0,23188.0,-2896.0,-13500.0,-8019.0,-4739.0,61145.0
906,8536.0,-23304.0,29720.0,-2864.0,-12844.0,-11579.0,-4874.0,61151.0
907,16976.0,-32260.0,32767.0,-2896.0,-9963.0,-7374.0,-3327.0,61157.0
908,12688.0,-32768.0,32767.0,-2896.0,-6868.0,-680.0,-3175.0,61163.0
909,6976.0,-32768.0,32767.0,-2880.0,-3610.0,3223.0,-2718.0,61169.0
910,144.0,-26920.0,32767.0,-2928.0,-1598.0,3518.0,-2949.0,61175.0
911,-832.0,-17400.0,18452.0,-2928.0,-1638.0,2211.0,-3092.0,61181.0
912,2496.0,-12744.0,816.0,-2896.0,-1649.0,2117.0,-3248.0,61188.0
913,2152.0,-7240.0,-12900.0,-2912.0,-3020.0,3431.0,-1568.0,61193.0
914,160.0,-7168.0,-21844.0,-2928.0,-5071.0,4291.0,-151.0,61199.0
915,3308.0,-12364.0,-17000.0,-2896.0,-5678.0,3862.0,-919.0,61205.0
916,8820.0,-19048.0,776.0,-2880.0,-4501.0,1520.0,-2626.0,61211.0
917,7684.0,-27308.0,15932.0,-2912.0,-3201.0,-727.0,-1521.0,61217.0
918,6132.0,-32768.0,12044.0,-2896.0,-2236.0,-783.0,-2506.0,61223.0
919,-2804.0,-32768.0,-4744.0,-2880.0,-1561.0,-586.0,-568.0,61230.0
920,-7032.0,-32768.0,-12092.0,-2912.0,-43.0,233.0,427.0,61236.0
921,-10504.0,-30648.0,-3620.0,-2848.0,1332.0,-920.0,436.0,61242.0
922,-8900.0,-21144.0,4984.0,-2880.0,1602.0,-3328.0,-566.0,61247.0
923,-2700.0,-18320.0,4836.0,-2928.0,1660.0,-4172.0,-1651.0,61253.0
924,3432.0,-14500.0,3920.0,-2896.0,1712.0,-3089.0,-1802.0,61259.0
925,5960.0,-10308.0,4632.0,-2880.0,1546.0,-832.0,-1769.0,61265.0
926,4524.0,-8752.0,4832.0,-2896.0,1151.0,970.0,-1844.0,61272.0
927,2000.0,-10372.0,4372.0,-2864.0,759.0,1507.0,-1631.0,61278.0
928,512.0,-13292.0,5176.0,-2896.0,554.0,1012.0,-1633.0,61284.0
929,620.0,-14724.0,6200.0,-2896.0,360.0,-140.0,-1589.0,61290.0
930,2440.0,-15592.0,6216.0,-2928.0,128.0,-1378.0,-1503.0,61295.0
931,4860.0,-15860.0,5032.0,-2864.0,-140.0,-1988.0,-1344.0,61301.0
932,6588.0,-16012.0,3864.0,-2912.0,-388.0,-1488.0,-1055.0,61307.0
933,6764.0,-16404.0,3496.0,-2880.0,-564.0,-153.0,-609.0,61314.0
934,5900.0,-16680.0,4048.0,-2848.0,-721.0,1495.0,-49.0,61320.0
935,2748.0,-16940.0,4324.0,-2880.0,-825.0,2757.0,436.0,61326.0
936,532.0,-16864.0,4488.0,-2896.0,-878.0,3247.0,585.0,61331.0
937,-1016.0,-16496.0,4800.0,-2896.0,-945.0,2842.0,391.0,61337.0
938,-988.0,-16184.0,4380.0,-2912.0,-1041.0,1863.0,209.0,61343.0
939,584.0,-16764.0,4048.0,-2880.0,-1045.0,1079.0,72.0,61349.0
940,1428.0,-16552.0,3728.0,-2896.0,-980.0,401.0,-201.0,61355.0
941,2328.0,-16916.0,3368.0,-2896.0,-1000.0,-161.0,-354.0,61361.0
942,3016.0,-17252.0,3196.0,-2880.0,-940.0,-308.0,-236.0,61367.0
943,3556.0,-17072.0,3432.0,-2880.0,-838.0,12.0,-63.0,61373.0
944,3288.0,-16904.0,3360.0,-2896.0,-704.0,527.0,136.0,61378.0
945,3176.0,-16840.0,3060.0,-2912.0,-548.0,1121.0,336.0,61384.0
946,2904.0,-16936.0,2948.0,-2880.0,-304.0,1718.0,535.0,61390.0
947,2596.0,-17384.0,2704.0,-2864.0,-16.0,2154.0,659.0,61396.0
948,2372.0,-17864.0,2748.0,-2880.0,306.0,2362.0,773.0,61402.0
949,2224.0,-18432.0,2528.0,-2880.0,676.0,2331.0,887.0,61408.0
950,2008.0,-19360.0,2212.0,-2880.0,1081.0,2186.0,972.0,61414.0
951,1900.0,-21108.0,2512.0,-2912.0,1425.0,2034.0,1174.0,61420.0
952,1860.0,-22068.0,2816.0,-2912.0,1843.0,1678.0,1345.0,61426.0
953,2244.0,-21320.0,2964.0,-2928.0,2302.0,1279.0,1534.0,61432.0
954,3236.0,-20928.0,2308.0,-2896.0,2761.0,1293.0,1696.0,61437.0
955,3632.0,-21364.0,1412.0,-2896.0,3274.0,1725.0,1909.0,61444.0
956,3608.0,-23040.0,484.0,-2912.0,3806.0,2406.0,2252.0,61450.0
957,4760.0,-23456.0,40.0,-2912.0,4237.0,2597.0,2054.0,61456.0
958,6076.0,-23340.0,764.0,-2896.0,4502.0,2167.0,1947.0,61462.0
959,5336.0,-23984.0,2252.0,-2880.0,4935.0,2000.0,2513.0,61468.0
960,2568.0,-23824.0,2912.0,-2880.0,5175.0,2792.0,3181.0,61474.0
961,1612.0,-21904.0,1688.0,-2880.0,5097.0,3176.0,2582.0,61479.0
962,116.0,-20544.0,88.0,-2864.0,4451.0,2589.0,2165.0,61486.0
963,-780.0,-21728.0,-752.0,-2912.0,3614.0,2204.0,2440.0,61492.0
964,296.0,-23776.0,1248.0,-2880.0,3619.0,2380.0,2588.0,61498.0
965,716.0,-22128.0,5964.0,-2880.0,5331.0,1549.0,2562.0,61504.0
966,56.0,-12924.0,3556.0,-2912.0,5878.0,1470.0,2630.0,61510.0
967,-256.0,-10576.0,3296.0,-2896.0,5766.0,1240.0,1985.0,61515.0
968,-1248.0,-12964.0,3992.0,-2864.0,5787.0,619.0,1762.0,61521.0
969,-964.0,-13172.0,4300.0,-2896.0,5788.0,-128.0,1369.0,61528.0
970,-440.0,-12160.0,4512.0,-2864.0,5661.0,-729.0,988.0,61534.0
971,4.0,-11200.0,4500.0,-2896.0,5442.0,-1125.0,774.0,61539.0
972,192.0,-10292.0,4656.0,-2896.0,5137.0,-1441.0,679.0,61545.0
973,208.0,-9488.0,4896.0,-2896.0,4777.0,-1846.0,630.0,61551.0
974,412.0,-7896.0,5336.0,-2912.0,4314.0,-2248.0,553.0,61557.0
975,836.0,-7080.0,5184.0,-2864.0,3757.0,-2502.0,377.0,61562.0
976,700.0,-5956.0,5628.0,-2864.0,3235.0,-2977.0,108.0,61569.0
977,1308.0,-4568.0,5368.0,-2880.0,2640.0,-3520.0,-104.0,61575.0
978,1316.0,-2948.0,2708.0,-2880.0,1595.0,-3676.0,-207.0,61581.0
979,1700.0,-640.0,-3644.0,-2912.0,-274.0,-3246.0,-328.0,61586.0
980,1904.0,-540.0,-3988.0,-2896.0,-1204.0,-2816.0,-315.0,61592.0
981,4.0,92.0,-4716.0,-2912.0,-2535.0,-2867.0,50.0,61598.0
982,-1088.0,-1020.0,-5268.0,-2880.0,-3968.0,-3292.0,266.0,61604.0
983,-400.0,-2828.0,-5220.0,-2880.0,-5265.0,-4035.0,188.0,61609.0
984,1408.0,-4232.0,-4324.0,-2864.0,-6284.0,-4501.0,-89.0,61616.0
985,1924.0,-5108.0,-3016.0,-2864.0,-7202.0,-4507.0,-432.0,61622.0
986,1896.0,-5804.0,-1744.0,-2896.0,-8174.0,-4194.0,-242.0,61628.0
987,1624.0,-7188.0,-532.0,-2928.0,-9000.0,-3607.0,-64.0,61634.0
988,748.0,-8520.0,984.0,-2864.0,-9597.0,-3068.0,-81.0,61639.0
989,276.0,-9380.0,2728.0,-2928.0,-9965.0,-2787.0,-236.0,61645.0
990,380.0,-10728.0,5980.0,-2864.0,-10000.0,-2704.0,-475.0,61651.0
991,1380.0,-12076.0,10116.0,-2896.0,-9763.0,-2799.0,-1025.0,61658.0
992,3296.0,-14472.0,14576.0,-2896.0,-9227.0,-2949.0,-1692.0,61664.0
993,4700.0,-17960.0,16880.0,-2880.0,-8572.0,-2428.0,-1938.0,61670.0
994,6196.0,-21912.0,20964.0,-2896.0,-7167.0,-872.0,-1907.0,61676.0
995,6216.0,-24180.0,24788.0,-2848.0,-5467.0,1174.0,-1655.0,61682.0
996,6864.0,-24920.0,27532.0,-2880.0,-3371.0,2926.0,-2196.0,61688.0
997,5216.0,-24896.0,30584.0,-2928.0,-1312.0,4217.0,-1786.0,61693.0
998,2864.0,-23480.0,26488.0,-2880.0,-220.0,5389.0,-1698.0,61700.0
999,1160.0,-21212.0,17312.0,-2896.0,141.0,6160.0,-2088.0,61706.0
1000,2200.0,-18280.0,7636.0,-2912.0,376.0,6218.0,-2160.0,61712.0
1001,1620.0,-14060.0,-3516.0,-2880.0,-61.0,6731.0,-1365.0,61718.0
1002,-524.0,-10732.0,-13576.0,-2912.0,-1248.0,7171.0,-325.0,61724.0
1003,-1360.0,-10540.0,-17708.0,-2896.0,-2341.0,6587.0,-110.0,61730.0
1004,2848.0,-15656.0,-10320.0,-2896.0,-2203.0,3904.0,-1494.0,61736.0
1005,7512.0,-22180.0,4472.0,-2896.0,-835.0,431.0,-2442.0,61743.0
1006,8900.0,-28672.0,14236.0,-2896.0,-168.0,-800.0,-2039.0,61749.0
1007,4196.0,-32404.0,10808.0,-2896.0,98.0,-708.0,-1720.0,61755.0
1008,-1000.0,-29272.0,1308.0,-2896.0,107.0,136.0,-658.0,61760.0
1009,-4700.0,-23044.0,-2604.0,-2896.0,606.0,959.0,-526.0,61766.0
1010,-7276.0,-18264.0,1452.0,-2896.0,1018.0,410.0,-577.0,61772.0
1011,-5772.0,-17028.0,5436.0,-2880.0,963.0,-487.0,-638.0,61778.0
1012,-2624.0,-17252.0,5380.0,-2880.0,992.0,-1047.0,-1126.0,61784.0
1013,980.0,-14592.0,3960.0,-2880.0,941.0,-1014.0,-1244.0,61790.0
1014,3948.0,-11896.0,3820.0,-2880.0,740.0,-532.0,-1279.0,61796.0
1015,5364.0,-11320.0,4468.0,-2912.0,437.0,345.0,-1315.0,61802.0
1016,4384.0,-12636.0,4172.0,-2880.0,222.0,951.0,-1297.0,61808.0
1017,2352.0,-14148.0,3792.0,-2880.0,24.0,752.0,-1189.0,61814.0
1018,836.0,-15388.0,4112.0,-2928.0,-47.0,247.0,-1315.0,61819.0
1019,44.0,-16492.0,4408.0,-2912.0,-13.0,-295.0,-1465.0,61826.0
1020,516.0,-16752.0,4644.0,-2912.0,11.0,-882.0,-1452.0,61832.0
1021,1564.0,-16324.0,4596.0,-2896.0,-130.0,-1258.0,-991.0,61837.0
1022,4100.0,-16492.0,3952.0,-2864.0,-50.0,-803.0,-1236.0,61843.0
1023,3724.0,-15744.0,4056.0,-2912.0,-214.0,-107.0,-1233.0,61849.0
1024,3824.0,-16400.0,3740.0,-2880.0,-251.0,497.0,-986.0,61855.0
1025,3572.0,-16816.0,3828.0,-2912.0,-197.0,1155.0,-640.0,61860.0
1026,2124.0,-16748.0,3800.0,-2880.0,-188.0,1579.0,-484.0,61867.0
1027,1116.0,-16268.0,3956.0,-2928.0,-206.0,1445.0,-383.0,61873.0
1028,808.0,-15892.0,4416.0,-2864.0,-226.0,920.0,-441.0,61879.0
1029,1272.0,-15644.0,4568.0,-2880.0,-331.0,167.0,-555.0,61885.0
1030,1716.0,-15668.0,4560.0,-2896.0,-455.0,-292.0,-553.0,61890.0
1031,2520.0,-15488.0,4096.0,-2864.0,-542.0,-444.0,-490.0,61896.0
1032,2684.0,-15388.0,4176.0,-2880.0,-651.0,-412.0,-396.0,61902.0
1033,2588.0,-15228.0,4420.0,-2880.0,-732.0,-303.0,-264.0,61908.0
1034,2496.0,-15300.0,4448.0,-2912.0,-875.0,-166.0,-173.0,61914.0
1035,2364.0,-15524.0,4244.0,-2864.0,-962.0,-24.0,-147.0,61920.0
1036,2344.0,-15684.0,4040.0,-2880.0,-1004.0,155.0,-105.0,61926.0
1037,2212.0,-15824.0,3808.0,-2912.0,-1003.0,287.0,-60.0,61932.0
1038,2164.0,-15964.0,3712.0,-2896.0,-981.0,442.0,-34.0,61937.0
1039,2176.0,-16020.0,3764.0,-2880.0,-910.0,505.0,-66.0,61943.0
1040,2144.0,-15988.0,3816.0,-2864.0,-910.0,421.0,-62.0,61949.0
1041,2424.0,-15996.0,3844.0,-2880.0,-893.0,335.0,-54.0,61956.0
1042,2324.0,-15972.0,3756.0,-2896.0,-882.0,367.0,-51.0,61961.0
1043,2052.0,-16244.0,3652.0,-2912.0,-835.0,488.0,-39.0,61967.0
1044,2088.0,-16356.0,3176.0,-2896.0,-757.0,542.0,-37.0,61973.0
1045,2348.0,-16112.0,3404.0,-2880.0,-710.0,571.0,-20.0,61978.0
1046,2024.0,-16020.0,3836.0,-2896.0,-693.0,492.0,72.0,61984.0
1047,2424.0,-15764.0,3752.0,-2912.0,-662.0,398.0,57.0,61990.0
1048,2360.0,-15672.0,3796.0,-2864.0,-651.0,402.0,100.0,61996.0
1049,2436.0,-15656.0,3632.0,-2880.0,-586.0,472.0,144.0,62002.0
1050,2380.0,-15952.0,3468.0,-2928.0,-505.0,565.0,229.0,62008.0
1051,2608.0,-16156.0,3376.0,-2880.0,-377.0,698.0,296.0,62014.0
1052,2652.0,-16496.0,3104.0,-2944.0,-210.0,777.0,419.0,62019.0
1053,2696.0,-16740.0,3060.0,-2928.0,-3.0,725.0,513.0,62025.0
1054,2788.0,-16900.0,2880.0,-2896.0,191.0,715.0,639.0,62031.0
1055,2776.0,-16900.0,2924.0,-2880.0,392.0,635.0,817.0,62036.0
1056,2960.0,-16968.0,2912.0,-2880.0,666.0,557.0,939.0,62043.0
1057,3036.0,-17016.0,2684.0,-2896.0,911.0,562.0,1069.0,62049.0
1058,3088.0,-17324.0,2736.0,-2880.0,1141.0,593.0,1227.0,62055.0
1059,2788.0,-17940.0,3120.0,-2880.0,1356.0,664.0,1423.0,62060.0
1060,2500.0,-18428.0,3480.0,-2880.0,1567.0,666.0,1621.0,62066.0
1061,2424.0,-18164.0,3504.0,-2880.0,1735.0,652.0,1755.0,62072.0
1062,2332.0,-18096.0,3384.0,-2912.0,1830.0,667.0,1864.0,62078.0
1063,2140.0,-18848.0,2988.0,-2880.0,1904.0,957.0,2020.0,62085.0
1064,1828.0,-20052.0,1992.0,-2912.0,1815.0,1200.0,2166.0,62091.0
1065,1576.0,-21740.0,1064.0,-2864.0,1596.0,1098.0,2166.0,62096.0
1066,1436.0,-22636.0,60.0,-2896.0,1203.0,684.0,2066.0,62102.0
1067,2360.0,-23764.0,1184.0,-2848.0,1273.0,482.0,2093.0,62108.0
1068,2840.0,-22324.0,2188.0,-2848.0,1656.0,686.0,2452.0,62114.0
1069,2376.0,-21448.0,5616.0,-2912.0,2754.0,737.0,2760.0,62120.0
1070,2992.0,-16784.0,3328.0,-2848.0,3295.0,922.0,1904.0,62127.0
1071,3932.0,-15424.0,1684.0,-2912.0,3476.0,-138.0,1225.0,62132.0
1072,2664.0,-18276.0,2628.0,-2896.0,3896.0,-246.0,2260.0,62138.0
1073,1696.0,-19476.0,2708.0,-2896.0,4104.0,810.0,2058.0,62144.0
1074,1176.0,-18344.0,2248.0,-2896.0,4250.0,688.0,1396.0,62150.0
1075,1260.0,-17236.0,2500.0,-2896.0,4481.0,50.0,1209.0,62156.0
1076,1464.0,-16080.0,2876.0,-2880.0,4539.0,-201.0,1051.0,62162.0
1077,2104.0,-14764.0,2696.0,-2880.0,4427.0,-176.0,865.0,62168.0
1078,2048.0,-13100.0,2720.0,-2912.0,4257.0,-229.0,609.0,62174.0
1079,2388.0,-11236.0,2916.0,-2880.0,3859.0,-397.0,301.0,62180.0
1080,2492.0,-9656.0,3568.0,-2896.0,3345.0,-558.0,-69.0,62186.0
1081,2836.0,-8908.0,4572.0,-2912.0,2799.0,-667.0,-480.0,62191.0
1082,3300.0,-7768.0,3024.0,-2912.0,1981.0,-588.0,-864.0,62197.0
1083,3856.0,-5180.0,-4472.0,-2864.0,210.0,122.0,-1093.0,62203.0
1084,3328.0,-3180.0,-5988.0,-2880.0,-929.0,1220.0,-874.0,62210.0
1085,828.0,-2600.0,-8184.0,-2896.0,-2479.0,1649.0,-562.0,62215.0
1086,-992.0,-2876.0,-9308.0,-2864.0,-4024.0,1424.0,-373.0,62221.0
1087,-1352.0,-3432.0,-9416.0,-2896.0,-5519.0,769.0,-646.0,62227.0
1088,-1104.0,-4484.0,-9208.0,-2864.0,-6989.0,-201.0,-961.0,62233.0
1089,148.0,-6140.0,-7696.0,-2880.0,-8198.0,-855.0,-1344.0,62239.0
1090,1440.0,-8332.0,-5196.0,-2912.0,-9148.0,-1137.0,-1699.0,62244.0
1091,2224.0,-10696.0,-2052.0,-2864.0,-9844.0,-1177.0,-2038.0,62251.0
1092,3008.0,-13392.0,1264.0,-2896.0,-10168.0,-1069.0,-2202.0,62257.0
1093,3436.0,-16232.0,5048.0,-2896.0,-10134.0,-633.0,-2334.0,62263.0
1094,2932.0,-18220.0,8648.0,-2848.0,-9727.0,-60.0,-2586.0,62269.0
1095,3292.0,-19504.0,11644.0,-2880.0,-9178.0,498.0,-2660.0,62275.0
1096,3852.0,-20584.0,14192.0,-2864.0,-8350.0,1445.0,-3014.0,62281.0
1097,4380.0,-22120.0,17384.0,-2912.0,-7069.0,2457.0,-3094.0,62287.0
1098,5568.0,-24352.0,21584.0,-2896.0,-4978.0,3384.0,-3260.0,62294.0
1099,5552.0,-26044.0,27928.0,-2880.0,-2544.0,4299.0,-2670.0,62300.0
1100,4976.0,-26924.0,32767.0,-2896.0,-469.0,6221.0,-2619.0,62306.0
1101,292.0,-26068.0,29344.0,-2912.0,1037.0,8544.0,-1282.0,62312.0
1102,-5624.0,-20708.0,18220.0,-2864.0,1594.0,10456.0,-616.0,62318.0
1103,-6900.0,-15068.0,7380.0,-2896.0,1383.0,10946.0,-187.0,62324.0
1104,-5164.0,-12932.0,608.0,-2896.0,1173.0,10118.0,-1091.0,62330.0
1105,-3788.0,-10364.0,-3376.0,-2880.0,1062.0,8094.0,-1477.0,62336.0
1106,-1848.0,-9116.0,-4764.0,-2864.0,111.0,6226.0,-578.0,62342.0
