id,AcX,AcY,AcZ,Tmp,GyX,GyY,GyZ,Timer
0,-26228.0,-26048.0,18428.0,-2800.0,11602.0,11746.0,6514.0,180054.0
1,-18160.0,-30272.0,14484.0,-2784.0,12946.0,-1125.0,1870.0,180061.0
2,-5600.0,-28204.0,2924.0,-2800.0,14365.0,-11363.0,466.0,180067.0
3,7956.0,-14816.0,-8160.0,-2800.0,13961.0,-10626.0,1259.0,180073.0
4,14920.0,-6324.0,-9608.0,-2816.0,11781.0,-4566.0,-209.0,180079.0
5,14916.0,-6980.0,-4264.0,-2816.0,10394.0,-1388.0,-2424.0,180085.0
6,12572.0,-13844.0,1272.0,-2800.0,10010.0,-1046.0,-2669.0,180091.0
7,9752.0,-19580.0,5240.0,-2832.0,10427.0,-26.0,-1561.0,180098.0
8,7444.0,-19648.0,4924.0,-2848.0,11133.0,39.0,-337.0,180104.0
9,8004.0,-16000.0,-168.0,-2816.0,11101.0,-2389.0,486.0,180110.0
10,10716.0,-14016.0,-5176.0,-2800.0,10880.0,-5164.0,1330.0,180116.0
11,12492.0,-13964.0,-5264.0,-2832.0,11119.0,-5741.0,2115.0,180122.0
12,11052.0,-12984.0,-1660.0,-2832.0,11054.0,-4065.0,2617.0,180128.0
13,8432.0,-12384.0,184.0,-2800.0,10158.0,-2056.0,2968.0,180134.0
14,6148.0,-13664.0,24.0,-2816.0,9150.0,-702.0,3314.0,180141.0
15,4440.0,-16092.0,-1000.0,-2816.0,8666.0,102.0,3565.0,180147.0
16,2836.0,-17916.0,-1804.0,-2800.0,8696.0,791.0,3501.0,180153.0
17,1072.0,-18208.0,-2528.0,-2800.0,8903.0,1239.0,3147.0,180159.0
18,-212.0,-18060.0,-2784.0,-2816.0,9076.0,1277.0,2551.0,180165.0
19,-1140.0,-17868.0,-2644.0,-2800.0,9233.0,1099.0,1698.0,180171.0
20,-2172.0,-17976.0,-1876.0,-2816.0,9300.0,826.0,776.0,180177.0
21,-2572.0,-17692.0,-1424.0,-2800.0,9178.0,505.0,-113.0,180184.0
22,-1744.0,-17200.0,-1084.0,-2832.0,8898.0,41.0,-740.0,180190.0
23,168.0,-16632.0,-1108.0,-2800.0,8614.0,-543.0,-1316.0,180195.0
24,2424.0,-16188.0,-1200.0,-2800.0,8360.0,-1071.0,-1676.0,180201.0
25,4868.0,-15524.0,-1392.0,-2816.0,8158.0,-1491.0,-1714.0,180207.0
26,7052.0,-15020.0,-1656.0,-2800.0,7915.0,-1655.0,-1489.0,180213.0
27,8420.0,-14296.0,-1468.0,-2816.0,7683.0,-1457.0,-1110.0,180219.0
28,8668.0,-13988.0,-1016.0,-2800.0,7346.0,-869.0,-656.0,180226.0
29,8176.0,-13936.0,-736.0,-2816.0,6911.0,-105.0,-125.0,180232.0
30,7180.0,-14432.0,-460.0,-2816.0,6518.0,620.0,295.0,180238.0
31,6744.0,-15132.0,-568.0,-2816.0,6191.0,1216.0,607.0,180244.0
32,6220.0,-15948.0,-548.0,-2784.0,6082.0,1768.0,837.0,180249.0
33,5660.0,-17084.0,-796.0,-2816.0,6173.0,2382.0,984.0,180255.0
34,4968.0,-17208.0,-1008.0,-2784.0,6366.0,2802.0,1011.0,180261.0
35,4164.0,-16944.0,-900.0,-2800.0,6497.0,3149.0,915.0,180268.0
36,3108.0,-16684.0,-1016.0,-2768.0,6522.0,3422.0,722.0,180274.0
37,2140.0,-16076.0,-856.0,-2784.0,6415.0,3360.0,477.0,180280.0
38,2372.0,-15688.0,-584.0,-2784.0,6166.0,3092.0,291.0,180286.0
39,2564.0,-16116.0,-448.0,-2800.0,6050.0,2853.0,-213.0,180291.0
40,3112.0,-16716.0,-584.0,-2832.0,6049.0,2822.0,-475.0,180297.0
41,4120.0,-16888.0,-712.0,-2832.0,6180.0,2859.0,-589.0,180303.0
42,5420.0,-16444.0,-900.0,-2816.0,6348.0,2982.0,-696.0,180310.0
43,6484.0,-15980.0,-952.0,-2784.0,6476.0,3241.0,-633.0,180316.0
44,7208.0,-15748.0,-752.0,-2784.0,6554.0,3732.0,-318.0,180322.0
45,7524.0,-15696.0,-648.0,-2816.0,6584.0,4645.0,34.0,180328.0
46,7288.0,-15248.0,-624.0,-2784.0,6606.0,5461.0,340.0,180333.0
47,6912.0,-14636.0,-568.0,-2816.0,6528.0,6106.0,621.0,180339.0
48,6120.0,-14760.0,-16.0,-2800.0,6481.0,6621.0,678.0,180345.0
49,5180.0,-15260.0,228.0,-2832.0,6442.0,6771.0,823.0,180352.0
50,4816.0,-15620.0,-332.0,-2832.0,6415.0,6645.0,869.0,180358.0
51,4540.0,-15464.0,-768.0,-2768.0,6396.0,6377.0,866.0,180364.0
52,4188.0,-15152.0,-324.0,-2800.0,6195.0,5752.0,990.0,180370.0
53,3924.0,-15440.0,-84.0,-2816.0,6059.0,5180.0,960.0,180375.0
54,3488.0,-15892.0,-208.0,-2800.0,6002.0,4485.0,1002.0,180381.0
55,3636.0,-15640.0,-176.0,-2784.0,5881.0,3690.0,1016.0,180387.0
56,4048.0,-15376.0,24.0,-2800.0,5731.0,3031.0,986.0,180393.0
57,4312.0,-15616.0,204.0,-2816.0,5612.0,2799.0,995.0,180400.0
58,4820.0,-15760.0,472.0,-2800.0,5457.0,2749.0,1242.0,180406.0
59,4784.0,-15932.0,708.0,-2800.0,5367.0,2915.0,1198.0,180411.0
60,4684.0,-15800.0,748.0,-2800.0,5332.0,3003.0,1246.0,180417.0
61,4672.0,-15648.0,832.0,-2816.0,5200.0,2914.0,1256.0,180423.0
62,4612.0,-15568.0,1112.0,-2816.0,5054.0,2827.0,1310.0,180429.0
63,4344.0,-15664.0,1164.0,-2832.0,4965.0,2780.0,1312.0,180435.0
64,4032.0,-15644.0,1324.0,-2800.0,4875.0,2729.0,1289.0,180442.0
65,3840.0,-15952.0,1408.0,-2816.0,4796.0,2614.0,1255.0,180448.0
66,3768.0,-15952.0,1368.0,-2800.0,4730.0,2446.0,1196.0,180454.0
67,3856.0,-15852.0,1472.0,-2816.0,4657.0,2288.0,1188.0,180460.0
68,4060.0,-15884.0,1440.0,-2800.0,4663.0,2209.0,1194.0,180466.0
69,4144.0,-15948.0,1348.0,-2800.0,4676.0,2159.0,1177.0,180471.0
70,4348.0,-16012.0,1176.0,-2816.0,4684.0,2083.0,1170.0,180477.0
71,4520.0,-16000.0,1472.0,-2800.0,4702.0,1940.0,1210.0,180484.0
72,4524.0,-15968.0,1832.0,-2832.0,4648.0,1963.0,1200.0,180490.0
73,4336.0,-15960.0,1916.0,-2848.0,4613.0,2068.0,1239.0,180496.0
74,4328.0,-16060.0,2032.0,-2800.0,4583.0,2128.0,1251.0,180502.0
75,4268.0,-16240.0,2120.0,-2832.0,4608.0,2232.0,1271.0,180508.0
76,4460.0,-16496.0,1940.0,-2784.0,4638.0,2355.0,1299.0,180514.0
77,4616.0,-16272.0,1952.0,-2800.0,4691.0,2466.0,1346.0,180520.0
78,4792.0,-16276.0,1656.0,-2784.0,4743.0,2527.0,1376.0,180527.0
79,4732.0,-16292.0,1628.0,-2800.0,4850.0,2648.0,1362.0,180533.0
80,4608.0,-16356.0,1552.0,-2832.0,4983.0,2796.0,1381.0,180539.0
81,4588.0,-16196.0,1716.0,-2816.0,5172.0,2862.0,1372.0,180544.0
82,4480.0,-16340.0,1788.0,-2800.0,5339.0,2894.0,1414.0,180550.0
83,4588.0,-16244.0,1976.0,-2816.0,5471.0,3077.0,1424.0,180556.0
84,4588.0,-16724.0,2112.0,-2784.0,5613.0,3226.0,1507.0,180562.0
85,4620.0,-16692.0,2064.0,-2800.0,5756.0,3333.0,1486.0,180569.0
86,5672.0,-16976.0,2412.0,-2816.0,5902.0,3433.0,1331.0,180575.0
87,6528.0,-17224.0,2428.0,-2832.0,6035.0,3584.0,1295.0,180581.0
88,7020.0,-16352.0,1612.0,-2800.0,6134.0,3965.0,1319.0,180587.0
89,5332.0,-16628.0,1900.0,-2816.0,6211.0,4589.0,1903.0,180593.0
90,4352.0,-17060.0,2648.0,-2800.0,6405.0,5050.0,1935.0,180599.0
91,3568.0,-17336.0,2872.0,-2816.0,6636.0,5018.0,2110.0,180605.0
92,3756.0,-17384.0,2896.0,-2816.0,6868.0,4855.0,2126.0,180612.0
93,3900.0,-17656.0,2512.0,-2832.0,7096.0,4669.0,2329.0,180617.0
94,3748.0,-17972.0,2212.0,-2816.0,7355.0,4520.0,2543.0,180623.0
95,3292.0,-18168.0,2520.0,-2832.0,7610.0,4390.0,2734.0,180629.0
96,3116.0,-18588.0,2760.0,-2800.0,7898.0,4087.0,2947.0,180635.0
97,3132.0,-18672.0,2864.0,-2816.0,8200.0,3727.0,3211.0,180641.0
98,3436.0,-18664.0,3264.0,-2800.0,8475.0,3481.0,3437.0,180647.0
99,3636.0,-18824.0,2896.0,-2816.0,8775.0,3350.0,3654.0,180654.0
100,3804.0,-19048.0,3108.0,-2848.0,9061.0,3399.0,3876.0,180660.0
101,3708.0,-19188.0,3272.0,-2768.0,9336.0,3434.0,4092.0,180666.0
102,3612.0,-19528.0,3448.0,-2816.0,9591.0,3511.0,4367.0,180672.0
103,3436.0,-19820.0,3496.0,-2800.0,9835.0,3580.0,4629.0,180678.0
104,3396.0,-20300.0,3572.0,-2848.0,10137.0,3662.0,4896.0,180684.0
105,3540.0,-20436.0,3404.0,-2832.0,10391.0,3744.0,5142.0,180689.0
106,3976.0,-20828.0,3580.0,-2800.0,10685.0,3947.0,5425.0,180696.0
107,4384.0,-21184.0,3184.0,-2800.0,11015.0,4332.0,5711.0,180702.0
108,4416.0,-21484.0,3184.0,-2816.0,11353.0,4768.0,5942.0,180708.0
109,4492.0,-21500.0,3224.0,-2832.0,11732.0,5229.0,6094.0,180714.0
110,4640.0,-21688.0,3368.0,-2816.0,12118.0,5654.0,6249.0,180720.0
111,4412.0,-21852.0,3264.0,-2816.0,12497.0,6161.0,6487.0,180726.0
112,3908.0,-22496.0,3276.0,-2768.0,12881.0,6579.0,6785.0,180732.0
113,2488.0,-22684.0,3868.0,-2800.0,13100.0,6924.0,7488.0,180739.0
114,2112.0,-24564.0,4468.0,-2800.0,13339.0,6401.0,8150.0,180745.0
115,3588.0,-25448.0,3320.0,-2816.0,13571.0,5750.0,8593.0,180751.0
116,5976.0,-24792.0,1824.0,-2800.0,14057.0,5762.0,8558.0,180757.0
117,7772.0,-24308.0,1220.0,-2816.0,14583.0,6307.0,8576.0,180763.0
118,8816.0,-25264.0,804.0,-2784.0,15141.0,7368.0,8727.0,180769.0
119,9424.0,-26912.0,692.0,-2816.0,15701.0,8736.0,8851.0,180775.0
120,9500.0,-28404.0,524.0,-2800.0,16459.0,10065.0,9009.0,180782.0
121,8952.0,-29088.0,-284.0,-2848.0,17100.0,11256.0,9225.0,180788.0
122,9224.0,-29432.0,-1884.0,-2832.0,17595.0,12375.0,9168.0,180794.0
123,9940.0,-29852.0,-3252.0,-2800.0,17944.0,13140.0,8980.0,180800.0
124,11100.0,-30244.0,-4800.0,-2800.0,17991.0,14091.0,8695.0,180806.0
125,11428.0,-32252.0,-7436.0,-2832.0,18065.0,15736.0,8423.0,180812.0
126,9928.0,-32768.0,-10100.0,-2832.0,18231.0,16804.0,8798.0,180818.0
127,7632.0,-32196.0,-12932.0,-2832.0,18157.0,16846.0,9577.0,180825.0
128,6000.0,-29056.0,-16364.0,-2848.0,17582.0,16421.0,10206.0,180831.0
129,5232.0,-25124.0,-18548.0,-2848.0,16657.0,15821.0,10585.0,180837.0
130,4020.0,-21412.0,-18616.0,-2832.0,15478.0,14567.0,10908.0,180843.0
131,2012.0,-18292.0,-15648.0,-2768.0,14181.0,13078.0,11452.0,180850.0
132,-568.0,-16240.0,-8860.0,-2816.0,12851.0,10663.0,12029.0,180856.0
133,-2560.0,-16852.0,120.0,-2816.0,12211.0,7331.0,12880.0,180862.0
134,-4172.0,-19120.0,6864.0,-2832.0,12201.0,3071.0,13324.0,180869.0
135,-3640.0,-20444.0,8728.0,-2832.0,12123.0,-1558.0,12019.0,180875.0
136,-4136.0,-21692.0,7036.0,-2832.0,11826.0,-6599.0,10211.0,180881.0
137,-1544.0,-22576.0,6904.0,-2832.0,11761.0,-11272.0,8734.0,180887.0
138,-204.0,-23256.0,4688.0,-2832.0,11855.0,-14449.0,7542.0,180893.0
139,2696.0,-22644.0,2904.0,-2784.0,11876.0,-15961.0,6531.0,180899.0
140,5856.0,-22524.0,3436.0,-2816.0,12774.0,-15244.0,5882.0,180905.0
141,8308.0,-19284.0,916.0,-2800.0,12907.0,-12515.0,5633.0,180912.0
142,9112.0,-12496.0,-1920.0,-2832.0,11336.0,-8201.0,5825.0,180918.0
143,8088.0,-9772.0,-3340.0,-2832.0,9062.0,-4345.0,6188.0,180924.0
144,6732.0,-9316.0,-4216.0,-2832.0,7318.0,-2293.0,6243.0,180930.0
145,5392.0,-9076.0,-5344.0,-2816.0,6039.0,-1845.0,6021.0,180936.0
146,5152.0,-7836.0,-6512.0,-2800.0,4796.0,-1915.0,5785.0,180942.0
147,5044.0,-6544.0,-7532.0,-2816.0,3219.0,-1657.0,5364.0,180948.0
148,4460.0,-4948.0,-8004.0,-2848.0,1379.0,-1198.0,5172.0,180955.0
149,3456.0,-3980.0,-7792.0,-2832.0,-634.0,-413.0,5113.0,180961.0
150,2376.0,-3404.0,-7064.0,-2800.0,-2490.0,-28.0,4894.0,180966.0
151,1688.0,-3116.0,-6432.0,-2832.0,-4156.0,-491.0,4370.0,180972.0
152,1548.0,-2828.0,-6052.0,-2800.0,-5796.0,-1580.0,3616.0,180978.0
153,1436.0,-2392.0,-5580.0,-2816.0,-7488.0,-3028.0,2672.0,180984.0
154,1232.0,-2372.0,-5024.0,-2832.0,-9125.0,-4631.0,1696.0,180990.0
155,1224.0,-2216.0,-4460.0,-2848.0,-10697.0,-6177.0,832.0,180997.0
156,1400.0,-2332.0,-3892.0,-2848.0,-12143.0,-7594.0,-33.0,181003.0
157,1848.0,-2388.0,-3840.0,-2800.0,-13707.0,-8740.0,-861.0,181009.0
158,2264.0,-2388.0,-3988.0,-2848.0,-15313.0,-9635.0,-1683.0,181015.0
159,2828.0,-2508.0,-4124.0,-2832.0,-16968.0,-10391.0,-2450.0,181021.0
160,3656.0,-2560.0,-4508.0,-2800.0,-18711.0,-10980.0,-3209.0,181027.0
161,4224.0,-2888.0,-5408.0,-2816.0,-20365.0,-11433.0,-3845.0,181033.0
162,5124.0,-3064.0,-5636.0,-2816.0,-22094.0,-11517.0,-4311.0,181040.0
163,5508.0,-3748.0,-5936.0,-2800.0,-23684.0,-11209.0,-4751.0,181046.0
164,5940.0,-4568.0,-5668.0,-2800.0,-25261.0,-10556.0,-5053.0,181052.0
165,6360.0,-5388.0,-6208.0,-2800.0,-26981.0,-9548.0,-5442.0,181058.0
166,6688.0,-6420.0,-6088.0,-2816.0,-28177.0,-8836.0,-5762.0,181064.0
167,6796.0,-7124.0,-6024.0,-2864.0,-29460.0,-7733.0,-5992.0,181070.0
168,6824.0,-8196.0,-6040.0,-2848.0,-30771.0,-6596.0,-6311.0,181076.0
169,6832.0,-9580.0,-5504.0,-2832.0,-32034.0,-5524.0,-6690.0,181083.0
170,6944.0,-10996.0,-4728.0,-2832.0,-32768.0,-4504.0,-7029.0,181089.0
171,7264.0,-12456.0,-3592.0,-2832.0,-32768.0,-3305.0,-7499.0,181095.0
172,7228.0,-13388.0,-3328.0,-2816.0,-32768.0,-2112.0,-7996.0,181101.0
173,7224.0,-14620.0,-2808.0,-2800.0,-32768.0,-952.0,-8564.0,181108.0
174,7272.0,-15628.0,-2272.0,-2816.0,-32768.0,322.0,-9168.0,181114.0
175,7192.0,-16420.0,-2336.0,-2848.0,-32768.0,1586.0,-9859.0,181121.0
176,6984.0,-17604.0,-2548.0,-2832.0,-32768.0,2775.0,-10621.0,181127.0
177,6604.0,-19284.0,-2600.0,-2816.0,-32768.0,3742.0,-11300.0,181133.0
178,6584.0,-21112.0,-2416.0,-2832.0,-32768.0,4649.0,-11898.0,181139.0
179,6428.0,-23032.0,-1856.0,-2800.0,-32768.0,5423.0,-12506.0,181146.0
180,6076.0,-24580.0,-1380.0,-2848.0,-32768.0,6123.0,-13249.0,181152.0
181,5960.0,-26296.0,-984.0,-2832.0,-32768.0,6653.0,-13921.0,181158.0
182,5788.0,-27628.0,-876.0,-2816.0,-32768.0,7138.0,-14711.0,181165.0
183,5852.0,-29080.0,-632.0,-2816.0,-32768.0,7500.0,-15639.0,181171.0
184,5724.0,-30812.0,92.0,-2832.0,-32768.0,7651.0,-16637.0,181177.0
185,4904.0,-32320.0,1092.0,-2848.0,-32768.0,7510.0,-17520.0,181183.0
186,3232.0,-32768.0,2364.0,-2832.0,-32768.0,7187.0,-18307.0,181190.0
187,1544.0,-32768.0,3832.0,-2832.0,-32768.0,6855.0,-18905.0,181196.0
188,-216.0,-32768.0,5124.0,-2816.0,-32768.0,6552.0,-19303.0,181202.0
189,-1564.0,-32768.0,6816.0,-2832.0,-32768.0,6031.0,-19348.0,181209.0
190,-3032.0,-32768.0,8992.0,-2816.0,-32768.0,5038.0,-18993.0,181215.0
191,-2228.0,-32768.0,11104.0,-2816.0,-32768.0,3634.0,-18828.0,181221.0
192,-8648.0,-32768.0,12704.0,-2832.0,-32768.0,1178.0,-15311.0,181228.0
193,-2020.0,-32768.0,14712.0,-2816.0,-32768.0,1285.0,-12152.0,181234.0
194,-5540.0,-32768.0,17444.0,-2832.0,-30827.0,1881.0,-12307.0,181240.0
195,-8792.0,-32768.0,20960.0,-2816.0,-28412.0,1428.0,-11161.0,181248.0
196,-9452.0,-32768.0,24336.0,-2832.0,-25805.0,23.0,-10697.0,181254.0
197,-8044.0,-32768.0,27284.0,-2848.0,-22886.0,-2057.0,-10349.0,181260.0
198,-5624.0,-32484.0,29904.0,-2832.0,-19769.0,-3650.0,-9870.0,181266.0
199,-3368.0,-31692.0,32712.0,-2832.0,-16622.0,-3653.0,-9567.0,181273.0
200,-3140.0,-31656.0,32767.0,-2832.0,-13081.0,-2255.0,-8914.0,181279.0
201,-5612.0,-30984.0,32767.0,-2800.0,-9144.0,4.0,-7326.0,181285.0
202,-8792.0,-30132.0,32767.0,-2832.0,-5189.0,1968.0,-4745.0,181292.0
203,-12172.0,-28316.0,32767.0,-2816.0,-977.0,2809.0,-1716.0,181298.0
204,-13736.0,-27608.0,32767.0,-2832.0,3050.0,2233.0,984.0,181305.0
205,-14932.0,-26748.0,32767.0,-2848.0,6768.0,368.0,4171.0,181311.0
206,-13984.0,-27504.0,31992.0,-2864.0,10386.0,-1726.0,5172.0,181317.0
207,-13796.0,-26352.0,30060.0,-2816.0,13485.0,-3848.0,6238.0,181323.0
208,-12204.0,-24652.0,26864.0,-2816.0,15785.0,-5891.0,6686.0,181329.0
209,-10116.0,-23764.0,22492.0,-2800.0,17240.0,-7783.0,6383.0,181336.0
210,-4328.0,-15056.0,5164.0,-2816.0,16453.0,-9800.0,4901.0,181342.0
211,20788.0,-740.0,-32768.0,-2848.0,4849.0,-11415.0,-3292.0,181349.0
212,32767.0,-20196.0,-32768.0,-2832.0,-1633.0,-15208.0,-17092.0,181355.0
213,28008.0,-32768.0,-25944.0,-2848.0,11705.0,-22142.0,-7237.0,181361.0
214,5900.0,-32768.0,-1588.0,-2800.0,20322.0,-8499.0,12571.0,181368.0
215,-15316.0,-25008.0,13772.0,-2832.0,19423.0,13841.0,15832.0,181374.0
216,-21720.0,-24808.0,24596.0,-2800.0,18147.0,15300.0,10156.0,181381.0
217,-14460.0,-32572.0,29032.0,-2864.0,20427.0,-2202.0,1280.0,181387.0
218,-8428.0,-31460.0,14164.0,-2832.0,22132.0,-16388.0,244.0,181393.0
219,2948.0,-17764.0,-4224.0,-2832.0,20295.0,-18787.0,2680.0,181400.0
220,16788.0,-6308.0,-9548.0,-2816.0,17627.0,-16519.0,2795.0,181406.0
221,20152.0,-3628.0,-1644.0,-2832.0,15907.0,-13032.0,1426.0,181412.0
222,13176.0,-5532.0,7016.0,-2832.0,14550.0,-7369.0,793.0,181419.0
223,3652.0,-11436.0,6540.0,-2848.0,13138.0,-3257.0,1702.0,181425.0
224,2032.0,-15600.0,2772.0,-2816.0,11806.0,-2825.0,1716.0,181431.0
225,2280.0,-19612.0,1396.0,-2864.0,11524.0,-2926.0,1765.0,181437.0
226,3160.0,-22096.0,1332.0,-2848.0,11857.0,-807.0,2590.0,181443.0
227,4108.0,-22888.0,1280.0,-2832.0,12399.0,2680.0,2760.0,181449.0
228,4080.0,-21976.0,936.0,-2832.0,12857.0,5066.0,2124.0,181455.0
229,2724.0,-19900.0,-676.0,-2832.0,13030.0,5383.0,1714.0,181462.0
230,616.0,-17556.0,-928.0,-2832.0,12968.0,5193.0,1471.0,181468.0
231,-820.0,-15944.0,928.0,-2832.0,12661.0,5123.0,1047.0,181474.0
232,-1020.0,-15580.0,1608.0,-2816.0,11855.0,5330.0,603.0,181480.0
233,672.0,-15084.0,732.0,-2832.0,11059.0,5248.0,-200.0,181486.0
234,2248.0,-14212.0,-12.0,-2800.0,10469.0,4644.0,-849.0,181491.0
235,3752.0,-13916.0,-352.0,-2816.0,9865.0,3957.0,-970.0,181497.0
236,4672.0,-14400.0,108.0,-2816.0,9411.0,4142.0,-788.0,181504.0
237,4140.0,-15336.0,296.0,-2848.0,8970.0,5015.0,-831.0,181510.0
238,3528.0,-15660.0,12.0,-2848.0,8619.0,5075.0,-1079.0,181516.0
239,3636.0,-14756.0,-148.0,-2816.0,8145.0,4303.0,-1044.0,181522.0
240,4000.0,-14076.0,108.0,-2800.0,7515.0,3804.0,-998.0,181528.0
241,4080.0,-14300.0,108.0,-2800.0,7124.0,3651.0,-1134.0,181533.0
242,4872.0,-14752.0,1028.0,-2848.0,6847.0,3358.0,-1087.0,181539.0
243,5996.0,-15040.0,688.0,-2864.0,6542.0,3664.0,-932.0,181545.0
244,6932.0,-14744.0,876.0,-2832.0,6240.0,4326.0,-567.0,181552.0
245,7248.0,-14452.0,644.0,-2832.0,5820.0,5260.0,-185.0,181558.0
246,6496.0,-14816.0,304.0,-2832.0,5338.0,6292.0,295.0,181564.0
247,5124.0,-15324.0,64.0,-2848.0,4881.0,6960.0,632.0,181570.0
248,3880.0,-15648.0,-60.0,-2832.0,4487.0,7213.0,744.0,181576.0
249,2648.0,-15964.0,-428.0,-2800.0,4230.0,6853.0,712.0,181581.0
250,1912.0,-16404.0,-264.0,-2832.0,4035.0,6093.0,491.0,181587.0
251,1648.0,-16668.0,-228.0,-2832.0,3882.0,5100.0,185.0,181594.0
252,2044.0,-16784.0,-128.0,-2832.0,3762.0,4169.0,-76.0,181600.0
253,2576.0,-16664.0,-84.0,-2832.0,3718.0,3488.0,-212.0,181606.0
254,3144.0,-16156.0,216.0,-2832.0,3633.0,3084.0,-297.0,181611.0
255,3748.0,-15988.0,512.0,-2832.0,3532.0,2981.0,-222.0,181617.0
256,4148.0,-16164.0,488.0,-2832.0,3473.0,3127.0,-302.0,181623.0
257,4128.0,-16216.0,612.0,-2848.0,3419.0,3079.0,-289.0,181629.0
258,4356.0,-16000.0,652.0,-2848.0,3347.0,2991.0,-255.0,181636.0
259,4812.0,-15944.0,624.0,-2816.0,3287.0,2938.0,-230.0,181642.0
260,5220.0,-16168.0,412.0,-2864.0,3263.0,2929.0,-170.0,181647.0
261,5576.0,-16188.0,496.0,-2832.0,3243.0,3100.0,-42.0,181653.0
262,5744.0,-16100.0,464.0,-2832.0,3289.0,3479.0,113.0,181659.0
263,5564.0,-16088.0,440.0,-2832.0,3383.0,3900.0,334.0,181665.0
264,5244.0,-16064.0,356.0,-2832.0,3465.0,4231.0,427.0,181671.0
265,4680.0,-16104.0,556.0,-2832.0,3583.0,4280.0,539.0,181677.0
266,4156.0,-16164.0,664.0,-2864.0,3689.0,4071.0,633.0,181683.0
267,3940.0,-16044.0,744.0,-2832.0,3811.0,3714.0,673.0,181689.0
268,4076.0,-15880.0,800.0,-2800.0,3944.0,3357.0,752.0,181695.0
269,4172.0,-15936.0,816.0,-2832.0,4054.0,3125.0,901.0,181701.0
270,4504.0,-16084.0,900.0,-2832.0,4234.0,3104.0,985.0,181707.0
271,4668.0,-16260.0,880.0,-2832.0,4474.0,3087.0,1186.0,181712.0
272,5052.0,-16272.0,708.0,-2864.0,4675.0,3154.0,1279.0,181719.0
273,5380.0,-16092.0,572.0,-2832.0,4883.0,3269.0,1407.0,181725.0
274,5748.0,-16340.0,944.0,-2832.0,5049.0,3459.0,1452.0,181731.0
275,5996.0,-16580.0,892.0,-2864.0,5113.0,3708.0,1450.0,181737.0
276,9564.0,-16816.0,1308.0,-2784.0,5298.0,4101.0,827.0,181743.0
277,6788.0,-15484.0,264.0,-2816.0,5209.0,4379.0,1432.0,181749.0
278,5844.0,-16864.0,1488.0,-2864.0,5263.0,5397.0,2098.0,181754.0
279,3740.0,-16560.0,2328.0,-2800.0,5307.0,5867.0,1612.0,181761.0
280,3372.0,-16652.0,2256.0,-2848.0,5392.0,5327.0,1909.0,181767.0
281,3364.0,-16632.0,2056.0,-2800.0,5515.0,5204.0,1916.0,181773.0
282,3404.0,-16632.0,1780.0,-2832.0,5591.0,5166.0,1961.0,181779.0
283,3024.0,-16904.0,2036.0,-2816.0,5703.0,5129.0,1964.0,181785.0
284,2912.0,-17032.0,1884.0,-2832.0,5843.0,5078.0,1987.0,181791.0
285,2812.0,-17120.0,1992.0,-2864.0,6014.0,4973.0,2001.0,181797.0
286,2848.0,-17172.0,1992.0,-2848.0,6225.0,4857.0,2039.0,181804.0
287,2716.0,-17156.0,1984.0,-2832.0,6433.0,4717.0,2134.0,181810.0
288,2488.0,-17136.0,2160.0,-2800.0,6671.0,4649.0,2285.0,181816.0
289,1952.0,-17132.0,2044.0,-2848.0,6975.0,4557.0,2461.0,181821.0
290,1500.0,-17484.0,1920.0,-2832.0,7277.0,4394.0,2772.0,181827.0
291,1344.0,-17592.0,2184.0,-2848.0,7640.0,3951.0,3003.0,181833.0
292,1712.0,-17668.0,2320.0,-2832.0,7987.0,3393.0,3313.0,181839.0
293,2124.0,-17756.0,2228.0,-2832.0,8313.0,2801.0,3563.0,181846.0
294,2576.0,-18080.0,2284.0,-2816.0,8646.0,2372.0,3784.0,181852.0
295,2912.0,-18312.0,2452.0,-2832.0,8951.0,2027.0,4011.0,181858.0
296,3388.0,-18580.0,2604.0,-2848.0,9276.0,1829.0,4246.0,181864.0
297,3560.0,-18692.0,2500.0,-2848.0,9552.0,1845.0,4503.0,181870.0
298,3616.0,-18864.0,2680.0,-2864.0,9872.0,1837.0,4744.0,181876.0
299,3664.0,-18944.0,2604.0,-2832.0,10195.0,1985.0,5049.0,181882.0
300,3372.0,-18948.0,2632.0,-2864.0,10546.0,2137.0,5326.0,181889.0
301,2992.0,-18892.0,2804.0,-2848.0,10910.0,2240.0,5677.0,181895.0
302,2388.0,-18980.0,2972.0,-2864.0,11257.0,2214.0,6069.0,181900.0
303,2116.0,-19216.0,2952.0,-2848.0,11641.0,2059.0,6410.0,181906.0
304,2008.0,-19636.0,3044.0,-2864.0,12045.0,1840.0,6745.0,181912.0
305,2496.0,-20008.0,3088.0,-2848.0,12527.0,1594.0,7057.0,181918.0
306,3008.0,-20380.0,2968.0,-2832.0,12937.0,1433.0,7311.0,181924.0
307,4252.0,-20864.0,3044.0,-2832.0,13509.0,1397.0,7561.0,181931.0
308,5112.0,-21128.0,3220.0,-2848.0,14030.0,1539.0,7797.0,181937.0
309,5608.0,-20476.0,3248.0,-2832.0,14261.0,2054.0,7592.0,181943.0
310,8000.0,-22648.0,2728.0,-2848.0,15002.0,2609.0,8691.0,181949.0
311,6336.0,-22544.0,2644.0,-2832.0,15377.0,3989.0,8408.0,181955.0
312,5148.0,-23184.0,3240.0,-2848.0,15748.0,4678.0,9496.0,181961.0
313,4228.0,-25388.0,3736.0,-2864.0,15919.0,4988.0,10322.0,181967.0
314,4380.0,-28244.0,3224.0,-2832.0,16202.0,4796.0,11102.0,181974.0
315,6164.0,-28796.0,1836.0,-2832.0,16708.0,4759.0,11340.0,181980.0
316,8096.0,-28224.0,908.0,-2816.0,17355.0,4883.0,11200.0,181986.0
317,10248.0,-28672.0,952.0,-2864.0,18022.0,5477.0,10987.0,181992.0
318,11964.0,-29972.0,1784.0,-2832.0,18813.0,6751.0,10664.0,181998.0
319,13532.0,-31320.0,-176.0,-2832.0,19244.0,8977.0,10489.0,182004.0
320,14572.0,-32344.0,-2440.0,-2816.0,19401.0,11170.0,9869.0,182010.0
321,14412.0,-32768.0,-5420.0,-2848.0,19399.0,14062.0,9609.0,182017.0
322,13092.0,-32768.0,-8800.0,-2848.0,19376.0,16656.0,9756.0,182023.0
323,10468.0,-32768.0,-12572.0,-2864.0,19234.0,18473.0,10329.0,182029.0
324,7572.0,-32768.0,-14996.0,-2848.0,18885.0,19018.0,11117.0,182036.0
325,4784.0,-30572.0,-17792.0,-2848.0,18123.0,18909.0,11832.0,182042.0
326,2944.0,-25924.0,-19272.0,-2864.0,16948.0,17901.0,12137.0,182048.0
327,1380.0,-21536.0,-19100.0,-2848.0,15234.0,16345.0,12223.0,182054.0
328,-76.0,-17436.0,-17072.0,-2848.0,13248.0,13993.0,12512.0,182061.0
329,-1408.0,-14804.0,-9596.0,-2816.0,11737.0,10603.0,13043.0,182067.0
330,-1732.0,-14724.0,-324.0,-2848.0,10962.0,5844.0,13121.0,182073.0
331,-1916.0,-17148.0,7044.0,-2848.0,10956.0,403.0,12786.0,182079.0
332,-2588.0,-19616.0,8940.0,-2832.0,10574.0,-4963.0,11631.0,182085.0
333,-4044.0,-22084.0,7288.0,-2832.0,9784.0,-10967.0,9985.0,182091.0
334,-2280.0,-24288.0,6124.0,-2848.0,8949.0,-14600.0,8266.0,182097.0
335,-452.0,-26312.0,5348.0,-2848.0,9410.0,-16118.0,6471.0,182104.0
336,812.0,-25084.0,2608.0,-2832.0,10261.0,-16457.0,5548.0,182110.0
337,2540.0,-21560.0,288.0,-2816.0,11393.0,-15084.0,5498.0,182116.0
338,4596.0,-15404.0,-1912.0,-2848.0,11096.0,-13539.0,5481.0,182122.0
339,7164.0,-10344.0,-2692.0,-2832.0,9826.0,-11378.0,5302.0,182128.0
340,9388.0,-6212.0,-2884.0,-2832.0,7828.0,-8266.0,4976.0,182134.0
341,11116.0,-5340.0,-1320.0,-2816.0,5579.0,-4547.0,4481.0,182140.0
342,11704.0,-3912.0,864.0,-2864.0,4236.0,-583.0,3795.0,182147.0
343,9072.0,-4428.0,2012.0,-2864.0,3035.0,3210.0,3514.0,182153.0
344,5372.0,-4400.0,2228.0,-2864.0,1865.0,5552.0,3608.0,182159.0
345,2908.0,-3476.0,2376.0,-2816.0,513.0,6284.0,3704.0,182165.0
346,1476.0,-2232.0,1200.0,-2816.0,-1031.0,5833.0,3341.0,182171.0
347,648.0,-1408.0,-484.0,-2832.0,-2727.0,4649.0,2624.0,182177.0
348,264.0,-780.0,-1956.0,-2832.0,-4408.0,3076.0,1935.0,182182.0
349,-140.0,-768.0,-2504.0,-2832.0,-5965.0,1212.0,1262.0,182189.0
350,-548.0,-1044.0,-2280.0,-2864.0,-7258.0,-797.0,642.0,182195.0
351,-796.0,-1260.0,-1768.0,-2816.0,-8320.0,-2647.0,131.0,182201.0
352,-1168.0,-2128.0,-308.0,-2848.0,-9131.0,-3913.0,-171.0,182207.0
353,-3340.0,-5120.0,2212.0,-2848.0,-8270.0,-3358.0,866.0,182212.0
354,-3556.0,-3268.0,-5028.0,-2848.0,-9627.0,-3347.0,1152.0,182218.0
355,-3216.0,-1476.0,-5808.0,-2832.0,-12071.0,-4444.0,-49.0,182224.0
356,-1708.0,-2044.0,-6876.0,-2832.0,-13643.0,-5419.0,-1621.0,182231.0
357,980.0,-1928.0,-6708.0,-2800.0,-15015.0,-8490.0,-3549.0,182237.0
358,3304.0,-696.0,-6188.0,-2832.0,-17285.0,-10694.0,-4865.0,182243.0
359,4504.0,-732.0,-6060.0,-2832.0,-19825.0,-11050.0,-5377.0,182249.0
360,4740.0,-2552.0,-5472.0,-2880.0,-21625.0,-10913.0,-5192.0,182255.0
361,4720.0,-4724.0,-3432.0,-2832.0,-22536.0,-10454.0,-4743.0,182261.0
362,4420.0,-6112.0,-2364.0,-2864.0,-22993.0,-9358.0,-4310.0,182267.0
363,4256.0,-6772.0,-1076.0,-2848.0,-23622.0,-8134.0,-4026.0,182274.0
364,3728.0,-7040.0,72.0,-2832.0,-24524.0,-7025.0,-3896.0,182280.0
365,3332.0,-7336.0,600.0,-2864.0,-25723.0,-6048.0,-3981.0,182286.0
366,2844.0,-8008.0,376.0,-2816.0,-27144.0,-5139.0,-4384.0,182292.0
367,3048.0,-9164.0,-36.0,-2864.0,-28394.0,-4425.0,-4973.0,182298.0
368,3128.0,-10140.0,112.0,-2880.0,-29422.0,-4028.0,-5667.0,182303.0
369,3736.0,-11404.0,356.0,-2864.0,-30154.0,-3869.0,-6122.0,182309.0
370,4112.0,-12576.0,484.0,-2816.0,-30724.0,-3670.0,-6323.0,182316.0
371,4772.0,-14024.0,1396.0,-2864.0,-31049.0,-3202.0,-6338.0,182322.0
372,4716.0,-15528.0,1692.0,-2848.0,-31482.0,-2255.0,-6306.0,182328.0
373,5056.0,-16444.0,2800.0,-2816.0,-31554.0,-1719.0,-6412.0,182334.0
374,5272.0,-17020.0,3176.0,-2848.0,-31814.0,-1024.0,-6625.0,182340.0
375,5048.0,-17872.0,3952.0,-2864.0,-32115.0,-308.0,-6883.0,182347.0
376,4564.0,-18704.0,4604.0,-2832.0,-32282.0,82.0,-7151.0,182353.0
377,3928.0,-19564.0,5156.0,-2864.0,-32286.0,158.0,-7489.0,182360.0
378,3320.0,-20048.0,5304.0,-2864.0,-32384.0,-64.0,-7908.0,182366.0
379,3184.0,-20172.0,5540.0,-2848.0,-32563.0,-627.0,-8494.0,182372.0
380,3040.0,-20800.0,5348.0,-2816.0,-32768.0,-1540.0,-9268.0,182378.0
381,2812.0,-21688.0,5268.0,-2832.0,-32768.0,-2703.0,-10156.0,182384.0
382,2628.0,-22628.0,5056.0,-2816.0,-32768.0,-4018.0,-11026.0,182390.0
383,2384.0,-23400.0,5288.0,-2864.0,-32768.0,-5497.0,-11847.0,182396.0
384,2296.0,-24380.0,5640.0,-2848.0,-32768.0,-7115.0,-12655.0,182403.0
385,2256.0,-24968.0,6248.0,-2848.0,-32768.0,-8767.0,-13313.0,182410.0
386,2320.0,-26172.0,7088.0,-2800.0,-32724.0,-10217.0,-13936.0,182416.0
387,1872.0,-27008.0,8088.0,-2864.0,-32258.0,-11789.0,-14448.0,182422.0
388,1792.0,-27204.0,8888.0,-2864.0,-31763.0,-13281.0,-14795.0,182428.0
389,1872.0,-27352.0,9324.0,-2832.0,-31158.0,-14825.0,-15019.0,182435.0
390,2116.0,-27736.0,9700.0,-2832.0,-30460.0,-16287.0,-15269.0,182441.0
391,2660.0,-28264.0,9836.0,-2864.0,-29651.0,-17538.0,-15422.0,182448.0
392,3396.0,-28864.0,10772.0,-2800.0,-28694.0,-18474.0,-15371.0,182455.0
393,6096.0,-28132.0,11116.0,-2848.0,-28035.0,-17407.0,-14918.0,182461.0
394,8352.0,-27200.0,10636.0,-2816.0,-27797.0,-14630.0,-13576.0,182468.0
395,8900.0,-28548.0,11800.0,-2832.0,-26524.0,-10912.0,-11782.0,182474.0
396,7584.0,-28684.0,14172.0,-2848.0,-24917.0,-5810.0,-10794.0,182480.0
397,6108.0,-27736.0,17236.0,-2832.0,-23241.0,-2570.0,-10512.0,182488.0
398,4552.0,-27100.0,20120.0,-2848.0,-21066.0,-1427.0,-9886.0,182494.0
399,3980.0,-26700.0,21600.0,-2832.0,-18787.0,-1119.0,-9003.0,182500.0
400,3936.0,-26984.0,22948.0,-2816.0,-16438.0,-566.0,-7877.0,182506.0
401,3568.0,-27292.0,24140.0,-2864.0,-14019.0,873.0,-6859.0,182513.0
402,2364.0,-27192.0,25124.0,-2864.0,-11552.0,2911.0,-6331.0,182519.0
403,400.0,-26744.0,26680.0,-2832.0,-8859.0,4799.0,-6133.0,182525.0
404,-2000.0,-25780.0,27640.0,-2864.0,-6027.0,6284.0,-5732.0,182532.0
405,-4720.0,-24952.0,27304.0,-2864.0,-3041.0,7065.0,-4963.0,182538.0
406,-10828.0,-25952.0,25408.0,-2816.0,80.0,7203.0,-1508.0,182544.0
407,-13284.0,-23612.0,25700.0,-2832.0,2581.0,6968.0,-2811.0,182550.0
408,-12632.0,-22824.0,24188.0,-2848.0,5176.0,5836.0,3002.0,182556.0
409,-13284.0,-22028.0,23096.0,-2848.0,7600.0,4031.0,3201.0,182562.0
410,-16252.0,-18468.0,18104.0,-2832.0,8728.0,362.0,3298.0,182568.0
411,-11760.0,-15584.0,13096.0,-2864.0,8453.0,-6191.0,1959.0,182575.0
412,6140.0,-21056.0,-6176.0,-2832.0,4455.0,-11141.0,-3492.0,182581.0
413,6324.0,-32768.0,-27360.0,-2848.0,3151.0,-7262.0,-6050.0,182587.0
414,868.0,-32768.0,-18372.0,-2864.0,10451.0,-2867.0,-381.0,182594.0
415,-8748.0,-32768.0,-316.0,-2848.0,17192.0,923.0,6168.0,182600.0
416,-2404.0,-32768.0,13468.0,-2864.0,20096.0,-2169.0,4211.0,182606.0
417,904.0,-32768.0,24616.0,-2848.0,23386.0,-8380.0,2001.0,182612.0
418,-5392.0,-31096.0,15940.0,-2832.0,24348.0,-10317.0,5089.0,182619.0
419,-8308.0,-18648.0,-3664.0,-2848.0,21764.0,-9238.0,6008.0,182625.0
420,-4012.0,-10032.0,-12116.0,-2832.0,19884.0,-11683.0,3833.0,182631.0
421,6460.0,-212.0,-10120.0,-2832.0,18278.0,-18197.0,828.0,182637.0
422,14432.0,6060.0,2128.0,-2848.0,15705.0,-20723.0,-946.0,182643.0
423,15592.0,-324.0,7536.0,-2832.0,13277.0,-18711.0,353.0,182649.0
424,13776.0,-9760.0,6452.0,-2864.0,11634.0,-13068.0,1384.0,182656.0
425,8840.0,-16084.0,2332.0,-2848.0,11068.0,-7091.0,1627.0,182662.0
426,6644.0,-17432.0,-312.0,-2880.0,10775.0,-3334.0,1796.0,182668.0
427,6352.0,-18456.0,-564.0,-2864.0,10486.0,-1007.0,2076.0,182674.0
428,4588.0,-19752.0,716.0,-2848.0,10371.0,1589.0,2294.0,182680.0
429,584.0,-20084.0,972.0,-2832.0,10086.0,3918.0,2343.0,182686.0
430,-3708.0,-20052.0,428.0,-2848.0,9769.0,5195.0,1973.0,182692.0
431,-5792.0,-19460.0,-96.0,-2848.0,9574.0,4882.0,869.0,182699.0
432,-5160.0,-18472.0,-96.0,-2848.0,9381.0,3142.0,-528.0,182705.0
433,-2856.0,-17748.0,-72.0,-2848.0,9075.0,1319.0,-1495.0,182711.0
434,-292.0,-16800.0,288.0,-2848.0,8722.0,211.0,-1877.0,182716.0
435,2084.0,-14900.0,244.0,-2848.0,8171.0,-370.0,-2034.0,182722.0
436,3360.0,-13432.0,200.0,-2896.0,7480.0,-738.0,-2366.0,182728.0
437,3852.0,-12864.0,236.0,-2832.0,6794.0,-887.0,-2505.0,182734.0
438,4336.0,-13380.0,64.0,-2864.0,6224.0,-843.0,-2600.0,182740.0
439,4644.0,-14292.0,-252.0,-2864.0,5750.0,-725.0,-2584.0,182747.0
440,4928.0,-15136.0,-264.0,-2832.0,5405.0,-666.0,-2400.0,182753.0
441,5192.0,-15556.0,0.0,-2848.0,5180.0,-540.0,-2127.0,182758.0
442,5220.0,-15912.0,92.0,-2832.0,4949.0,-231.0,-1738.0,182764.0
443,5424.0,-16236.0,276.0,-2832.0,4739.0,332.0,-1377.0,182770.0
444,5764.0,-16612.0,-28.0,-2864.0,4639.0,1020.0,-941.0,182776.0
445,5908.0,-16456.0,-308.0,-2832.0,4544.0,1726.0,-559.0,182782.0
446,5964.0,-16096.0,-456.0,-2848.0,4459.0,2264.0,-239.0,182788.0
447,5400.0,-16060.0,108.0,-2816.0,4419.0,2761.0,84.0,182794.0
448,4456.0,-16260.0,272.0,-2864.0,4392.0,3181.0,422.0,182800.0
449,3696.0,-16304.0,-64.0,-2848.0,4388.0,3403.0,525.0,182806.0
450,3032.0,-16260.0,-440.0,-2864.0,4495.0,3224.0,469.0,182812.0
451,2588.0,-16084.0,-240.0,-2848.0,4613.0,2706.0,354.0,182818.0
452,2668.0,-15820.0,-208.0,-2848.0,4642.0,2066.0,172.0,182823.0
453,2772.0,-16056.0,96.0,-2848.0,4692.0,1574.0,43.0,182830.0
454,2948.0,-16068.0,16.0,-2864.0,4775.0,1280.0,-53.0,182836.0
455,3212.0,-16016.0,-84.0,-2816.0,4814.0,1101.0,-156.0,182842.0
456,3220.0,-15984.0,4.0,-2880.0,4830.0,1022.0,-252.0,182848.0
457,3368.0,-16052.0,-240.0,-2880.0,4836.0,1052.0,-297.0,182853.0
458,3220.0,-16160.0,-416.0,-2848.0,4851.0,1012.0,-316.0,182859.0
459,3492.0,-16124.0,-200.0,-2848.0,4875.0,1011.0,-371.0,182865.0
460,3788.0,-16044.0,-108.0,-2848.0,4887.0,913.0,-405.0,182872.0
461,3940.0,-16356.0,232.0,-2848.0,4885.0,1110.0,-237.0,182878.0
462,4152.0,-16088.0,-300.0,-2848.0,4903.0,1356.0,-144.0,182884.0
463,4352.0,-15780.0,-20.0,-2864.0,4953.0,1374.0,-118.0,182889.0
464,4344.0,-15540.0,-88.0,-2848.0,4914.0,1285.0,8.0,182895.0
465,4232.0,-15620.0,440.0,-2832.0,4871.0,1199.0,118.0,182901.0
466,4020.0,-16092.0,312.0,-2832.0,4873.0,1261.0,273.0,182907.0
467,4132.0,-16052.0,276.0,-2864.0,4937.0,1386.0,311.0,182913.0
468,4028.0,-15896.0,312.0,-2832.0,4931.0,1407.0,295.0,182919.0
469,3728.0,-16140.0,640.0,-2832.0,4951.0,1371.0,358.0,182925.0
470,3308.0,-16608.0,676.0,-2864.0,5067.0,1365.0,360.0,182931.0
471,3312.0,-16816.0,356.0,-2864.0,5262.0,1461.0,309.0,182937.0
472,3348.0,-16468.0,628.0,-2832.0,5415.0,1350.0,247.0,182943.0
473,3460.0,-16136.0,724.0,-2832.0,5469.0,1309.0,174.0,182948.0
474,3420.0,-16064.0,984.0,-2832.0,5503.0,1245.0,241.0,182955.0
475,3692.0,-16008.0,956.0,-2864.0,5550.0,1139.0,286.0,182961.0
476,3960.0,-16024.0,1060.0,-2848.0,5608.0,1093.0,278.0,182967.0
477,3956.0,-15916.0,1268.0,-2864.0,5660.0,1109.0,267.0,182973.0
478,3820.0,-15852.0,1608.0,-2864.0,5627.0,1261.0,365.0,182979.0
479,3740.0,-16088.0,1672.0,-2864.0,5639.0,1448.0,365.0,182984.0
480,3936.0,-16132.0,1316.0,-2848.0,5706.0,1673.0,327.0,182990.0
481,4224.0,-16184.0,1264.0,-2816.0,5815.0,1859.0,297.0,182996.0
482,4508.0,-16464.0,1080.0,-2880.0,6019.0,2176.0,377.0,183003.0
483,4604.0,-16648.0,868.0,-2864.0,6185.0,2606.0,592.0,183009.0
484,4472.0,-16844.0,832.0,-2864.0,6426.0,3088.0,720.0,183015.0
485,4168.0,-17136.0,780.0,-2864.0,6728.0,3340.0,829.0,183020.0
486,4140.0,-17136.0,796.0,-2848.0,7047.0,3223.0,1015.0,183026.0
487,4448.0,-17140.0,776.0,-2832.0,7473.0,2887.0,1202.0,183032.0
488,4748.0,-16732.0,676.0,-2832.0,7863.0,2631.0,1402.0,183038.0
489,4972.0,-16704.0,552.0,-2832.0,8278.0,2548.0,1586.0,183045.0
490,5320.0,-17012.0,660.0,-2864.0,8692.0,2381.0,1845.0,183051.0
491,5468.0,-17172.0,788.0,-2880.0,9145.0,2289.0,2212.0,183057.0
492,5512.0,-17312.0,908.0,-2848.0,9587.0,2251.0,2592.0,183062.0
493,5660.0,-17476.0,1048.0,-2848.0,10020.0,2298.0,2932.0,183068.0
494,5760.0,-17656.0,1288.0,-2832.0,10421.0,2167.0,3247.0,183074.0
495,5504.0,-17900.0,1852.0,-2880.0,10828.0,2242.0,3577.0,183080.0
496,5300.0,-18148.0,2108.0,-2832.0,11242.0,2373.0,3780.0,183087.0
497,5052.0,-18652.0,2204.0,-2832.0,11697.0,2502.0,4082.0,183093.0
498,4992.0,-19144.0,2304.0,-2816.0,12166.0,2709.0,4345.0,183099.0
499,4976.0,-19888.0,2072.0,-2832.0,12701.0,2941.0,4606.0,183105.0
500,4740.0,-20652.0,1904.0,-2848.0,13312.0,3145.0,4932.0,183111.0
501,4548.0,-21976.0,2384.0,-2864.0,14021.0,3440.0,5368.0,183117.0
502,4388.0,-23976.0,3400.0,-2880.0,14639.0,3856.0,5609.0,183123.0
503,7292.0,-24672.0,3744.0,-2832.0,15299.0,3756.0,5045.0,183130.0
504,8508.0,-25444.0,988.0,-2864.0,15720.0,3948.0,5307.0,183136.0
505,7012.0,-30564.0,2044.0,-2832.0,16616.0,5122.0,6825.0,183142.0
506,4712.0,-32768.0,2044.0,-2864.0,17550.0,6844.0,8216.0,183148.0
507,2884.0,-32768.0,1484.0,-2848.0,18594.0,7328.0,8584.0,183154.0
508,864.0,-32768.0,1432.0,-2832.0,19806.0,7248.0,9482.0,183160.0
509,20.0,-32768.0,-316.0,-2816.0,21137.0,6703.0,9802.0,183166.0
510,-648.0,-32768.0,-1872.0,-2848.0,22403.0,6246.0,9782.0,183172.0
511,-944.0,-32768.0,-3632.0,-2880.0,23688.0,5931.0,9915.0,183178.0
512,-468.0,-32768.0,-4648.0,-2864.0,24812.0,5939.0,10036.0,183184.0
513,-56.0,-32768.0,-5992.0,-2864.0,25491.0,6303.0,10232.0,183190.0
514,220.0,-32768.0,-8200.0,-2848.0,25635.0,6286.0,10315.0,183196.0
515,1304.0,-32768.0,-10372.0,-2864.0,25365.0,5978.0,10190.0,183202.0
516,3012.0,-32768.0,-13772.0,-2832.0,24454.0,5269.0,9890.0,183208.0
517,14464.0,-19912.0,6816.0,-2880.0,6929.0,-7255.0,-1188.0,185073.0
518,2836.0,-10772.0,14244.0,-2880.0,6295.0,-5367.0,5607.0,185079.0
519,-7500.0,-8240.0,14968.0,-2848.0,4093.0,-2785.0,3055.0,185085.0
520,-10764.0,-10512.0,9352.0,-2864.0,1606.0,-2979.0,-1990.0,185092.0
521,-6388.0,-13856.0,4988.0,-2864.0,1094.0,-4823.0,-4070.0,185098.0
522,-1212.0,-17148.0,5044.0,-2864.0,1762.0,-4404.0,-4417.0,185104.0
523,4328.0,-18628.0,2836.0,-2896.0,2103.0,-4865.0,-4374.0,185110.0
524,10008.0,-18648.0,328.0,-2880.0,2125.0,-6225.0,-3145.0,185116.0
525,13424.0,-18784.0,1124.0,-2832.0,2690.0,-4991.0,-1061.0,185122.0
526,12472.0,-17016.0,2580.0,-2864.0,3071.0,-985.0,1109.0,185128.0
527,8444.0,-15696.0,3388.0,-2848.0,2709.0,3354.0,2053.0,185135.0
528,2268.0,-15424.0,4024.0,-2864.0,2104.0,6213.0,2182.0,185141.0
529,-2168.0,-14256.0,4040.0,-2880.0,1491.0,6235.0,1553.0,185147.0
530,-2720.0,-14156.0,4348.0,-2832.0,1148.0,4120.0,827.0,185153.0
531,-2796.0,-15704.0,4668.0,-2880.0,1160.0,1936.0,283.0,185159.0
532,-1568.0,-16404.0,4084.0,-2912.0,842.0,892.0,232.0,185165.0
533,140.0,-16612.0,3544.0,-2848.0,612.0,324.0,-358.0,185171.0
534,1620.0,-16724.0,3376.0,-2864.0,557.0,-158.0,-612.0,185177.0
535,2644.0,-17588.0,3292.0,-2864.0,671.0,132.0,-478.0,185183.0
536,2612.0,-18308.0,2348.0,-2864.0,1033.0,967.0,-380.0,185189.0
537,1904.0,-17772.0,1836.0,-2864.0,1478.0,1595.0,-345.0,185195.0
538,1520.0,-16888.0,1764.0,-2880.0,1808.0,1870.0,-671.0,185201.0
539,1236.0,-16604.0,3156.0,-2880.0,2029.0,2190.0,-814.0,185207.0
540,2352.0,-16932.0,3664.0,-2864.0,2031.0,2540.0,-937.0,185212.0
541,3144.0,-16640.0,2908.0,-2864.0,2094.0,2894.0,-1098.0,185219.0
542,4900.0,-15888.0,3564.0,-2880.0,1841.0,2797.0,-507.0,185225.0
543,5520.0,-16512.0,3668.0,-2864.0,1819.0,4151.0,-32.0,185231.0
544,4680.0,-16676.0,2680.0,-2864.0,1952.0,5526.0,272.0,185237.0
545,4016.0,-16244.0,2892.0,-2880.0,2144.0,6147.0,526.0,185243.0
546,3152.0,-16752.0,2952.0,-2848.0,2374.0,6325.0,717.0,185249.0
547,2152.0,-17424.0,1236.0,-2864.0,2636.0,6214.0,873.0,185255.0
548,1656.0,-17980.0,588.0,-2864.0,2825.0,5511.0,1063.0,185262.0
549,1516.0,-19056.0,540.0,-2864.0,3161.0,4857.0,1040.0,185268.0
550,1268.0,-20172.0,308.0,-2880.0,3575.0,4137.0,1060.0,185273.0
551,2380.0,-21584.0,-164.0,-2864.0,4255.0,3727.0,1571.0,185279.0
552,2076.0,-22428.0,564.0,-2864.0,4823.0,3735.0,1182.0,185285.0
553,1872.0,-23376.0,-108.0,-2880.0,5420.0,3435.0,1478.0,185291.0
554,1552.0,-26380.0,732.0,-2880.0,6041.0,3571.0,2376.0,185297.0
555,1476.0,-27592.0,1788.0,-2832.0,6694.0,3606.0,2853.0,185304.0
556,160.0,-29044.0,2536.0,-2864.0,7539.0,3781.0,3574.0,185310.0
557,768.0,-26124.0,-832.0,-2848.0,8380.0,3385.0,3521.0,185316.0
558,520.0,-25588.0,-4524.0,-2880.0,8769.0,3398.0,3891.0,185321.0
559,2056.0,-26620.0,-3500.0,-2848.0,9500.0,2757.0,3811.0,185327.0
560,2152.0,-29304.0,-888.0,-2864.0,10116.0,2560.0,4269.0,185333.0
561,3084.0,-31224.0,1020.0,-2880.0,10524.0,2704.0,4147.0,185339.0
562,2716.0,-31868.0,1740.0,-2864.0,10956.0,2662.0,4044.0,185346.0
563,1676.0,-30468.0,1448.0,-2880.0,11118.0,2866.0,4495.0,185352.0
564,980.0,-29036.0,380.0,-2832.0,11238.0,3362.0,4491.0,185358.0
565,-332.0,-28048.0,-1144.0,-2896.0,11323.0,4044.0,4674.0,185364.0
566,-1248.0,-26692.0,-2268.0,-2848.0,11334.0,4322.0,4939.0,185370.0
567,-1924.0,-25020.0,-2756.0,-2848.0,11246.0,4231.0,4969.0,185376.0
568,-2836.0,-22600.0,-3088.0,-2832.0,10806.0,3942.0,4950.0,185382.0
569,-3984.0,-20096.0,-4400.0,-2880.0,9605.0,2925.0,4852.0,185389.0
570,-6008.0,-19320.0,-6688.0,-2832.0,7815.0,532.0,4602.0,185395.0
571,-5812.0,-18992.0,-4652.0,-2848.0,6502.0,-2111.0,4328.0,185401.0
572,-3212.0,-16068.0,1808.0,-2864.0,6542.0,-4270.0,4067.0,185407.0
573,-3068.0,-7576.0,3296.0,-2880.0,7424.0,-6675.0,4124.0,185413.0
574,-1396.0,524.0,3276.0,-2864.0,7017.0,-7632.0,3613.0,185419.0
575,-648.0,2952.0,8252.0,-2832.0,6585.0,-8892.0,3236.0,185424.0
576,748.0,4596.0,9612.0,-2864.0,6167.0,-10039.0,3107.0,185431.0
577,3488.0,7336.0,7788.0,-2848.0,4765.0,-10857.0,2526.0,185437.0
578,5820.0,10092.0,4120.0,-2912.0,3295.0,-10157.0,1819.0,185443.0
579,5624.0,14636.0,-3452.0,-2896.0,498.0,-8990.0,1409.0,185449.0
580,4060.0,14996.0,-5408.0,-2848.0,-2248.0,-8810.0,942.0,185455.0
581,5268.0,12880.0,-7712.0,-2880.0,-4490.0,-10451.0,-238.0,185461.0
582,8752.0,11348.0,-10324.0,-2864.0,-6853.0,-11329.0,-1032.0,185467.0
583,14216.0,7868.0,-9548.0,-2864.0,-8526.0,-10231.0,-1388.0,185474.0
584,16000.0,5752.0,-8232.0,-2896.0,-9743.0,-7318.0,-1314.0,185480.0
585,15268.0,3988.0,-6420.0,-2880.0,-10953.0,-3874.0,-906.0,185486.0
586,13072.0,2408.0,-3592.0,-2832.0,-12071.0,-1073.0,-606.0,185492.0
587,9140.0,1576.0,-1384.0,-2880.0,-13321.0,1301.0,138.0,185498.0
588,2376.0,-1560.0,1444.0,-2896.0,-14370.0,4096.0,1874.0,185504.0
589,-5584.0,-5532.0,5060.0,-2864.0,-15084.0,6434.0,3122.0,185510.0
590,-9904.0,-9052.0,8504.0,-2864.0,-15065.0,6101.0,2813.0,185517.0
591,-10732.0,-9996.0,11384.0,-2848.0,-15077.0,2933.0,1148.0,185523.0
592,-8772.0,-11132.0,13308.0,-2848.0,-14736.0,-1946.0,-151.0,185529.0
593,-4308.0,-11512.0,14736.0,-2880.0,-14422.0,-6697.0,-1831.0,185535.0
594,1084.0,-11724.0,15592.0,-2896.0,-14255.0,-10014.0,-3300.0,185541.0
595,8196.0,-12644.0,16848.0,-2848.0,-13896.0,-11557.0,-4528.0,185547.0
596,13460.0,-15100.0,22484.0,-2880.0,-12444.0,-11112.0,-5627.0,185553.0
597,18472.0,-17532.0,29852.0,-2864.0,-10366.0,-9787.0,-7351.0,185560.0
598,18440.0,-17596.0,25220.0,-2864.0,-9996.0,-8422.0,-8073.0,185566.0
599,15704.0,-23540.0,26584.0,-2832.0,-8469.0,-3111.0,-6216.0,185572.0
600,10752.0,-27592.0,29076.0,-2832.0,-5613.0,2812.0,-4949.0,185578.0
601,4700.0,-24724.0,28144.0,-2864.0,-3646.0,6084.0,-4627.0,185584.0
602,1052.0,-20020.0,23064.0,-2880.0,-2451.0,7317.0,-3921.0,185590.0
603,-1320.0,-14284.0,17176.0,-2848.0,-2058.0,8117.0,-3302.0,185596.0
604,-12.0,-9624.0,9164.0,-2832.0,-2537.0,10904.0,-165.0,185603.0
605,-3844.0,-5520.0,-1324.0,-2864.0,-4515.0,14345.0,261.0,185609.0
606,-6744.0,-3792.0,-13060.0,-2880.0,-6764.0,15504.0,490.0,185615.0
607,-6828.0,136.0,-23292.0,-2864.0,-8496.0,12172.0,-924.0,185621.0
608,-8884.0,-11532.0,-20760.0,-2880.0,-9328.0,6525.0,-1507.0,185627.0
609,9996.0,-32768.0,4332.0,-2864.0,-6336.0,2607.0,-6203.0,185633.0
610,3648.0,-32768.0,3956.0,-2880.0,1769.0,-388.0,-8091.0,185639.0
611,-25956.0,-32768.0,-32768.0,-2896.0,3203.0,563.0,5801.0,185646.0
612,-18736.0,-10140.0,-14680.0,-2880.0,4547.0,-6681.0,10457.0,185652.0
613,-3260.0,9208.0,11688.0,-2864.0,6701.0,-9505.0,797.0,185658.0
614,-2364.0,10700.0,13548.0,-2864.0,2063.0,-7194.0,-4368.0,185664.0
615,324.0,-10112.0,6488.0,-2864.0,807.0,-6157.0,-1699.0,185670.0
616,7264.0,-9728.0,7152.0,-2896.0,1938.0,-5010.0,-3558.0,185676.0
617,6940.0,-5592.0,8316.0,-2864.0,1237.0,-3958.0,-4624.0,185682.0
618,4516.0,-15624.0,1860.0,-2880.0,751.0,-2186.0,-2115.0,185689.0
619,6484.0,-19744.0,-1632.0,-2896.0,1368.0,-600.0,-1133.0,185694.0
620,5720.0,-20828.0,1080.0,-2864.0,2317.0,286.0,-707.0,185700.0
621,3240.0,-19888.0,4920.0,-2848.0,2678.0,991.0,190.0,185706.0
622,4564.0,-17592.0,4992.0,-2848.0,2161.0,278.0,-223.0,185712.0
623,4900.0,-16344.0,3060.0,-2880.0,1898.0,-496.0,-594.0,185718.0
624,3992.0,-16188.0,2740.0,-2848.0,2068.0,269.0,248.0,185724.0
625,2144.0,-16372.0,4124.0,-2880.0,2007.0,1964.0,722.0,185731.0
626,-76.0,-16944.0,4532.0,-2896.0,1905.0,3440.0,469.0,185736.0
627,-624.0,-16480.0,4648.0,-2848.0,1669.0,3807.0,534.0,185742.0
628,-80.0,-15884.0,4704.0,-2864.0,1438.0,3856.0,359.0,185748.0
629,308.0,-15592.0,3384.0,-2848.0,1435.0,3575.0,116.0,185754.0
630,560.0,-15392.0,3140.0,-2848.0,1345.0,2355.0,-210.0,185760.0
631,308.0,-16032.0,3312.0,-2848.0,1130.0,1089.0,-419.0,185766.0
632,128.0,-17188.0,3804.0,-2864.0,1209.0,-121.0,-500.0,185772.0
633,-136.0,-17504.0,2912.0,-2864.0,1379.0,-1004.0,-742.0,185778.0
634,920.0,-16972.0,2328.0,-2832.0,1451.0,-1820.0,-733.0,185784.0
635,2968.0,-16612.0,2556.0,-2832.0,1447.0,-1866.0,-639.0,185790.0
636,4180.0,-16484.0,2884.0,-2880.0,1417.0,-945.0,-369.0,185796.0
637,5040.0,-16024.0,3340.0,-2880.0,1365.0,313.0,-119.0,185802.0
638,4660.0,-15924.0,3412.0,-2880.0,1290.0,1646.0,314.0,185808.0
639,3660.0,-16008.0,3264.0,-2864.0,1246.0,2844.0,658.0,185815.0
640,2692.0,-16412.0,3216.0,-2864.0,1255.0,3367.0,791.0,185820.0
641,1560.0,-17084.0,3492.0,-2880.0,1323.0,3360.0,832.0,185826.0
642,968.0,-16936.0,3224.0,-2880.0,1416.0,2867.0,850.0,185832.0
643,892.0,-17400.0,2840.0,-2880.0,1653.0,2166.0,838.0,185838.0
644,1176.0,-18060.0,2560.0,-2880.0,1916.0,1712.0,880.0,185844.0
645,1840.0,-18648.0,2080.0,-2864.0,2316.0,1350.0,944.0,185850.0
646,2424.0,-19112.0,1944.0,-2864.0,2789.0,1139.0,1048.0,185857.0
647,3336.0,-19856.0,1768.0,-2880.0,3273.0,1287.0,1128.0,185863.0
648,3248.0,-21988.0,1556.0,-2864.0,3769.0,1871.0,1338.0,185868.0
649,2264.0,-25088.0,2112.0,-2864.0,4262.0,2760.0,1856.0,185874.0
650,1676.0,-26812.0,2668.0,-2848.0,4800.0,3095.0,2333.0,185880.0
651,1416.0,-27200.0,2800.0,-2864.0,5448.0,3434.0,2856.0,185886.0
652,1492.0,-27792.0,1776.0,-2864.0,5814.0,3794.0,3290.0,185892.0
653,1176.0,-29784.0,-1100.0,-2848.0,6024.0,4397.0,3673.0,185899.0
654,452.0,-32768.0,-3740.0,-2864.0,5911.0,4485.0,3973.0,185905.0
655,668.0,-32768.0,-3652.0,-2864.0,6109.0,3350.0,3531.0,185911.0
656,968.0,-32768.0,-4996.0,-2880.0,6397.0,3044.0,4425.0,185917.0
657,480.0,-32768.0,1596.0,-2880.0,9188.0,1919.0,4747.0,185923.0
658,-80.0,-21052.0,-1680.0,-2832.0,9611.0,1644.0,4541.0,185929.0
659,-1152.0,-17192.0,-1336.0,-2896.0,9737.0,1093.0,4088.0,185934.0
660,-2304.0,-15888.0,-784.0,-2864.0,9841.0,-74.0,3966.0,185940.0
661,-1304.0,-12400.0,-460.0,-2864.0,9547.0,-1578.0,3507.0,185947.0
662,-408.0,-7512.0,-1168.0,-2880.0,8752.0,-2547.0,3123.0,185953.0
663,856.0,-3172.0,-744.0,-2848.0,7755.0,-3717.0,2525.0,185959.0
664,2508.0,392.0,-556.0,-2848.0,6486.0,-4669.0,1970.0,185965.0
665,3360.0,2512.0,-408.0,-2896.0,5198.0,-5163.0,1460.0,185970.0
666,4616.0,5212.0,-1784.0,-2864.0,3456.0,-5379.0,782.0,185976.0
667,3580.0,9040.0,-13684.0,-2864.0,-11.0,-4374.0,549.0,185982.0
668,2288.0,11432.0,-16816.0,-2864.0,-2297.0,-4301.0,-29.0,185989.0
669,1316.0,13224.0,-20624.0,-2848.0,-5434.0,-6477.0,-1125.0,185995.0
670,5300.0,10648.0,-21528.0,-2864.0,-8575.0,-8952.0,-1422.0,186001.0
671,9792.0,7248.0,-18624.0,-2864.0,-11463.0,-9158.0,-1576.0,186007.0
672,11576.0,4196.0,-15360.0,-2848.0,-14079.0,-7363.0,-1670.0,186013.0
673,10440.0,464.0,-12216.0,-2880.0,-16329.0,-4675.0,-1594.0,186019.0
674,6568.0,-4852.0,-8916.0,-2880.0,-18069.0,-2139.0,-1264.0,186025.0
675,2720.0,-9820.0,-5100.0,-2864.0,-19001.0,-341.0,-763.0,186032.0
676,-676.0,-13488.0,-544.0,-2848.0,-19346.0,436.0,-460.0,186038.0
677,-2876.0,-15400.0,3648.0,-2848.0,-19456.0,126.0,-455.0,186044.0
678,-3496.0,-16452.0,6624.0,-2848.0,-19377.0,-1080.0,-839.0,186049.0
679,-3084.0,-16776.0,9704.0,-2864.0,-19121.0,-2633.0,-1419.0,186055.0
680,-1948.0,-18640.0,13768.0,-2896.0,-18229.0,-4201.0,-2448.0,186061.0
681,4996.0,-20852.0,21748.0,-2896.0,-16095.0,-5557.0,-2954.0,186068.0
682,10732.0,-20384.0,30412.0,-2832.0,-13896.0,-6559.0,-4674.0,186075.0
683,16236.0,-32768.0,32767.0,-2864.0,-9378.0,-7536.0,-5356.0,186081.0
684,22028.0,-32768.0,32767.0,-2864.0,4022.0,-8598.0,-5486.0,186087.0
685,-8912.0,-32768.0,32767.0,-2864.0,5937.0,3851.0,1817.0,186093.0
686,-23928.0,-28688.0,4340.0,-2880.0,3184.0,15776.0,6481.0,186099.0
687,-16240.0,6724.0,-15364.0,-2848.0,2038.0,13052.0,3799.0,186105.0
688,-16360.0,15280.0,-26176.0,-2880.0,169.0,10834.0,-371.0,186112.0
689,-4336.0,-484.0,-27972.0,-2896.0,-1605.0,6367.0,-1767.0,186118.0
690,19088.0,-25992.0,-14256.0,-2880.0,1052.0,3185.0,-4395.0,186124.0
691,24324.0,-27472.0,936.0,-2880.0,3489.0,308.0,-4335.0,186130.0
692,15916.0,-19804.0,3840.0,-2832.0,3401.0,-1703.0,-553.0,186136.0
693,6984.0,-15440.0,4876.0,-2848.0,2642.0,133.0,2287.0,186142.0
694,-2020.0,-15228.0,8576.0,-2880.0,2603.0,3931.0,1983.0,186148.0
695,-12788.0,-17036.0,12064.0,-2896.0,2835.0,6669.0,192.0,186155.0
696,-18104.0,-17444.0,9788.0,-2832.0,3288.0,4268.0,-1855.0,186161.0
697,-12424.0,-15156.0,5324.0,-2880.0,3418.0,-1123.0,-3429.0,186167.0
698,-888.0,-14860.0,1736.0,-2896.0,3280.0,-4975.0,-3728.0,186173.0
699,9944.0,-17460.0,-1168.0,-2848.0,3001.0,-5435.0,-3553.0,186179.0
700,14948.0,-18692.0,-1680.0,-2864.0,3029.0,-3091.0,-2350.0,186185.0
701,14192.0,-17380.0,1004.0,-2864.0,3195.0,1399.0,-339.0,186191.0
702,7940.0,-15020.0,3552.0,-2848.0,2900.0,6144.0,1429.0,186196.0
703,-472.0,-14572.0,4572.0,-2896.0,2555.0,7632.0,1303.0,186203.0
704,-5380.0,-14412.0,4916.0,-2848.0,2158.0,5453.0,728.0,186209.0
705,-6152.0,-15540.0,4704.0,-2848.0,1931.0,1624.0,-288.0,186215.0
706,-3768.0,-16308.0,4088.0,-2864.0,1746.0,-1683.0,-1076.0,186221.0
707,1456.0,-16460.0,3944.0,-2848.0,1599.0,-3303.0,-1242.0,186227.0
708,4424.0,-16472.0,3536.0,-2864.0,1478.0,-2861.0,-788.0,186233.0
709,5772.0,-16492.0,3340.0,-2848.0,1364.0,-1192.0,7.0,186240.0
710,4920.0,-16572.0,2556.0,-2848.0,1360.0,702.0,476.0,186246.0
711,2272.0,-16028.0,2732.0,-2848.0,1364.0,1675.0,701.0,186252.0
712,32.0,-15412.0,3432.0,-2848.0,1322.0,1366.0,397.0,186258.0
713,-980.0,-15060.0,3984.0,-2816.0,1261.0,331.0,72.0,186263.0
714,-432.0,-15468.0,4148.0,-2832.0,1122.0,-621.0,-259.0,186269.0
715,1032.0,-15916.0,3732.0,-2864.0,1030.0,-1068.0,-455.0,186275.0
716,2724.0,-16240.0,3076.0,-2848.0,1071.0,-1045.0,-494.0,186281.0
717,3468.0,-16300.0,3048.0,-2864.0,1074.0,-671.0,-309.0,186288.0
718,3456.0,-16324.0,3532.0,-2864.0,1019.0,-101.0,-84.0,186294.0
719,2892.0,-16120.0,3444.0,-2832.0,932.0,483.0,177.0,186299.0
720,2332.0,-15796.0,3468.0,-2848.0,859.0,918.0,268.0,186305.0
721,1844.0,-15836.0,3480.0,-2848.0,816.0,1019.0,363.0,186311.0
722,1884.0,-15872.0,3148.0,-2880.0,817.0,800.0,411.0,186317.0
723,2420.0,-15612.0,3172.0,-2880.0,859.0,612.0,392.0,186323.0
724,2760.0,-15984.0,3212.0,-2880.0,915.0,601.0,487.0,186329.0
725,2556.0,-16724.0,3028.0,-2864.0,1086.0,896.0,630.0,186335.0
726,2392.0,-17068.0,2420.0,-2864.0,1359.0,1148.0,725.0,186341.0
727,2228.0,-17048.0,2372.0,-2880.0,1622.0,1208.0,783.0,186347.0
728,2208.0,-17420.0,2448.0,-2816.0,1918.0,1283.0,815.0,186353.0
729,2200.0,-17888.0,2584.0,-2848.0,2284.0,1277.0,852.0,186359.0
730,2264.0,-18148.0,2104.0,-2848.0,2680.0,1399.0,963.0,186364.0
731,2104.0,-18384.0,2104.0,-2864.0,3125.0,1514.0,1098.0,186371.0
732,2324.0,-19176.0,2076.0,-2864.0,3513.0,1596.0,1238.0,186377.0
733,2100.0,-20940.0,2380.0,-2848.0,3868.0,1742.0,1634.0,186383.0
734,2440.0,-21076.0,2932.0,-2832.0,4179.0,1514.0,1907.0,186389.0
735,2548.0,-20404.0,3088.0,-2864.0,4482.0,1230.0,2181.0,186395.0
736,2776.0,-19956.0,3084.0,-2848.0,4760.0,1198.0,2268.0,186401.0
737,2728.0,-20484.0,3340.0,-2864.0,5049.0,1296.0,2500.0,186407.0
738,2388.0,-21928.0,2888.0,-2864.0,5302.0,1758.0,2863.0,186414.0
739,1608.0,-24376.0,2880.0,-2880.0,5487.0,2398.0,3499.0,186420.0
740,980.0,-26320.0,2760.0,-2864.0,5449.0,2776.0,3917.0,186426.0
741,968.0,-29032.0,2328.0,-2896.0,5426.0,3058.0,4066.0,186431.0
742,748.0,-27444.0,-3376.0,-2848.0,4529.0,2266.0,3775.0,186437.0
743,-392.0,-32716.0,-3348.0,-2848.0,3971.0,1399.0,3844.0,186443.0
744,288.0,-32768.0,4384.0,-2896.0,5712.0,776.0,4589.0,186449.0
745,168.0,-21916.0,2996.0,-2864.0,7117.0,-117.0,4381.0,186456.0
746,964.0,-13936.0,2152.0,-2864.0,7054.0,40.0,3357.0,186462.0
747,-340.0,-15112.0,2336.0,-2848.0,7075.0,-150.0,3324.0,186467.0
748,-1076.0,-14504.0,2648.0,-2848.0,7031.0,-674.0,3222.0,186473.0
749,-1136.0,-11668.0,2856.0,-2864.0,6706.0,-1507.0,2659.0,186479.0
750,-1264.0,-8020.0,1668.0,-2848.0,6025.0,-2398.0,2057.0,186485.0
751,216.0,-4888.0,1440.0,-2848.0,5211.0,-3270.0,1307.0,186491.0
752,1052.0,-2380.0,1928.0,-2880.0,4313.0,-3599.0,1073.0,186498.0
753,916.0,-696.0,2008.0,-2832.0,3067.0,-3678.0,989.0,186504.0
754,944.0,716.0,1204.0,-2880.0,1801.0,-4041.0,493.0,186509.0
755,240.0,3420.0,-8916.0,-2864.0,-908.0,-3698.0,251.0,186515.0
756,-208.0,4840.0,-10584.0,-2880.0,-2459.0,-3560.0,204.0,186521.0
757,-1196.0,5376.0,-12244.0,-2848.0,-4513.0,-4598.0,-150.0,186527.0
758,184.0,2468.0,-12120.0,-2864.0,-6594.0,-5818.0,-348.0,186533.0
759,2640.0,-852.0,-10652.0,-2896.0,-8402.0,-6459.0,-746.0,186539.0
760,4480.0,-2748.0,-8492.0,-2848.0,-10116.0,-6513.0,-1068.0,186545.0
761,5620.0,-4472.0,-6204.0,-2864.0,-11658.0,-5609.0,-1251.0,186551.0
762,5568.0,-6336.0,-4380.0,-2880.0,-12979.0,-4355.0,-1337.0,186557.0
763,5120.0,-8712.0,-2336.0,-2864.0,-13994.0,-3048.0,-1175.0,186563.0
764,3568.0,-11408.0,472.0,-2864.0,-14702.0,-1581.0,-1039.0,186569.0
765,1956.0,-13468.0,3428.0,-2880.0,-15078.0,-599.0,-984.0,186575.0
766,644.0,-15656.0,6580.0,-2832.0,-15135.0,58.0,-971.0,186582.0
767,156.0,-17700.0,9676.0,-2864.0,-14741.0,144.0,-1126.0,186588.0
768,1480.0,-19604.0,11968.0,-2864.0,-13884.0,-291.0,-1725.0,186594.0
769,988.0,-21372.0,16180.0,-2864.0,-12863.0,-1018.0,-1233.0,186600.0
770,5092.0,-22284.0,19600.0,-2880.0,-11601.0,-550.0,-1739.0,186606.0
771,4244.0,-23860.0,21176.0,-2864.0,-10124.0,494.0,-1694.0,186612.0
772,4352.0,-24960.0,25160.0,-2864.0,-8306.0,1049.0,-1517.0,186618.0
773,3236.0,-27320.0,31008.0,-2864.0,-5519.0,974.0,-1395.0,186625.0
774,3204.0,-32768.0,32767.0,-2880.0,-1977.0,1728.0,-1322.0,186631.0
775,1260.0,-32768.0,32767.0,-2864.0,1018.0,2215.0,-1361.0,186637.0
776,-4076.0,-23264.0,21208.0,-2864.0,1276.0,3775.0,-233.0,186643.0
777,-6188.0,-14008.0,2452.0,-2880.0,812.0,5881.0,-182.0,186649.0
778,-6964.0,-9492.0,-8152.0,-2880.0,499.0,5546.0,-503.0,186655.0
779,-5824.0,-8908.0,-15464.0,-2880.0,-180.0,3975.0,-579.0,186660.0
780,-908.0,-12488.0,-16792.0,-2832.0,-1089.0,2510.0,-674.0,186667.0
781,6852.0,-19996.0,-9384.0,-2864.0,-958.0,1804.0,-1602.0,186673.0
782,12252.0,-25708.0,2368.0,-2848.0,246.0,1126.0,-2412.0,186679.0
783,11964.0,-26708.0,7912.0,-2896.0,1187.0,1363.0,-1883.0,186685.0
784,6792.0,-22704.0,6160.0,-2880.0,1315.0,2816.0,-773.0,186691.0
785,400.0,-15836.0,4152.0,-2896.0,1043.0,4309.0,-327.0,186697.0
786,-4000.0,-12984.0,4776.0,-2832.0,883.0,4385.0,-839.0,186703.0
787,-5788.0,-14052.0,7056.0,-2848.0,907.0,3604.0,-833.0,186710.0
788,-4880.0,-15724.0,7752.0,-2848.0,1113.0,2950.0,-1125.0,186716.0
789,-2728.0,-15432.0,6432.0,-2896.0,1036.0,2255.0,-1281.0,186722.0
790,1324.0,-14300.0,4232.0,-2880.0,786.0,1978.0,-1298.0,186728.0
791,3788.0,-14928.0,2868.0,-2832.0,772.0,2357.0,-1429.0,186733.0
792,4712.0,-14928.0,2292.0,-2880.0,770.0,2692.0,-1368.0,186739.0
793,4384.0,-15124.0,2140.0,-2880.0,760.0,2739.0,-1319.0,186745.0
794,2832.0,-15488.0,2344.0,-2864.0,833.0,2400.0,-1204.0,186752.0
795,1000.0,-15772.0,3304.0,-2816.0,742.0,1828.0,-1144.0,186758.0
796,-456.0,-16324.0,3768.0,-2816.0,560.0,1121.0,-1205.0,186764.0
797,-1040.0,-16852.0,3940.0,-2848.0,407.0,413.0,-1264.0,186770.0
798,-268.0,-16920.0,3316.0,-2832.0,286.0,-74.0,-1239.0,186776.0
799,792.0,-16528.0,2868.0,-2848.0,194.0,-147.0,-1091.0,186781.0
800,1936.0,-16276.0,2464.0,-2848.0,135.0,79.0,-983.0,186787.0
801,2648.0,-15960.0,2540.0,-2832.0,67.0,470.0,-902.0,186793.0
802,2632.0,-15872.0,2524.0,-2832.0,43.0,703.0,-809.0,186800.0
803,2272.0,-15812.0,2816.0,-2880.0,0.0,735.0,-723.0,186805.0
804,1608.0,-15896.0,3064.0,-2832.0,-48.0,568.0,-730.0,186811.0
805,1044.0,-15900.0,3076.0,-2848.0,-101.0,221.0,-783.0,186817.0
806,880.0,-15896.0,3120.0,-2880.0,-148.0,-181.0,-800.0,186823.0
807,1104.0,-15720.0,3272.0,-2864.0,-217.0,-546.0,-829.0,186828.0
808,1652.0,-15744.0,3412.0,-2864.0,-306.0,-691.0,-797.0,186834.0
809,2020.0,-15796.0,3472.0,-2832.0,-368.0,-645.0,-688.0,186841.0
810,2240.0,-15732.0,3320.0,-2864.0,-455.0,-518.0,-566.0,186847.0
811,2208.0,-15992.0,3112.0,-2832.0,-540.0,-246.0,-427.0,186853.0
812,2088.0,-15892.0,2932.0,-2848.0,-602.0,-74.0,-368.0,186858.0
813,1900.0,-15888.0,2976.0,-2848.0,-669.0,2.0,-324.0,186864.0
814,1632.0,-15712.0,3228.0,-2864.0,-736.0,11.0,-325.0,186870.0
815,1408.0,-15684.0,3348.0,-2848.0,-790.0,-112.0,-307.0,186876.0
816,1292.0,-15952.0,3148.0,-2848.0,-852.0,-219.0,-332.0,186882.0
817,1380.0,-16180.0,3172.0,-2848.0,-883.0,-327.0,-365.0,186888.0
818,1496.0,-16172.0,2804.0,-2848.0,-860.0,-442.0,-400.0,186894.0
819,1808.0,-16004.0,2880.0,-2848.0,-865.0,-465.0,-392.0,186900.0
820,1980.0,-16228.0,3116.0,-2880.0,-842.0,-392.0,-427.0,186906.0
821,1852.0,-16568.0,2908.0,-2832.0,-781.0,-175.0,-436.0,186911.0
822,1748.0,-16556.0,2688.0,-2896.0,-715.0,1.0,-442.0,186917.0
823,1632.0,-16548.0,2620.0,-2848.0,-643.0,166.0,-493.0,186924.0
824,1760.0,-16336.0,2700.0,-2880.0,-548.0,183.0,-503.0,186930.0
825,1808.0,-16228.0,2952.0,-2848.0,-524.0,158.0,-576.0,186936.0
826,1672.0,-16356.0,2652.0,-2832.0,-487.0,199.0,-582.0,186941.0
827,1828.0,-16096.0,2408.0,-2832.0,-419.0,226.0,-591.0,186947.0
828,2060.0,-15580.0,2584.0,-2864.0,-382.0,179.0,-615.0,186953.0
829,2172.0,-15548.0,3156.0,-2848.0,-394.0,61.0,-616.0,186959.0
830,2060.0,-15792.0,3148.0,-2896.0,-444.0,67.0,-569.0,186964.0
831,1916.0,-15912.0,3144.0,-2864.0,-472.0,162.0,-558.0,186971.0
832,1784.0,-16072.0,3204.0,-2848.0,-509.0,169.0,-536.0,186977.0
833,1748.0,-16176.0,2980.0,-2848.0,-517.0,238.0,-488.0,186983.0
834,1892.0,-16288.0,2672.0,-2880.0,-456.0,197.0,-456.0,186988.0
835,2276.0,-16080.0,2632.0,-2832.0,-419.0,120.0,-431.0,186994.0
836,2536.0,-15972.0,2728.0,-2864.0,-416.0,126.0,-395.0,187000.0
837,2448.0,-15884.0,2660.0,-2864.0,-397.0,207.0,-293.0,187006.0
838,2112.0,-15828.0,2720.0,-2880.0,-371.0,281.0,-266.0,187013.0
839,1760.0,-15848.0,2840.0,-2880.0,-345.0,249.0,-231.0,187018.0
840,1624.0,-15848.0,2976.0,-2880.0,-348.0,189.0,-246.0,187024.0
841,1688.0,-16072.0,2872.0,-2864.0,-301.0,142.0,-201.0,187030.0
842,1992.0,-16180.0,2808.0,-2832.0,-287.0,131.0,-166.0,187036.0
843,2152.0,-16008.0,2228.0,-2848.0,-232.0,166.0,-140.0,187041.0
844,2212.0,-15768.0,2596.0,-2880.0,-180.0,110.0,-104.0,187047.0
845,2344.0,-15536.0,2672.0,-2864.0,-191.0,31.0,-141.0,187054.0
846,2132.0,-15780.0,2948.0,-2864.0,-192.0,-21.0,-86.0,187060.0
847,1904.0,-15760.0,2820.0,-2864.0,-207.0,-15.0,-49.0,187065.0
848,1824.0,-15744.0,2948.0,-2848.0,-287.0,-22.0,-74.0,187071.0
849,1596.0,-15740.0,3076.0,-2864.0,-319.0,-106.0,4.0,187077.0
850,1864.0,-15580.0,3148.0,-2848.0,-376.0,-155.0,-38.0,187082.0
851,1952.0,-15604.0,3364.0,-2832.0,-478.0,-282.0,-13.0,187088.0
852,2092.0,-15860.0,3296.0,-2832.0,-528.0,-201.0,-57.0,187095.0
853,1980.0,-15944.0,2956.0,-2848.0,-597.0,-91.0,-14.0,187101.0
854,1920.0,-15812.0,2952.0,-2896.0,-670.0,-43.0,-11.0,187106.0
855,1740.0,-15776.0,3132.0,-2848.0,-751.0,-33.0,-18.0,187112.0
856,1544.0,-15960.0,3268.0,-2864.0,-842.0,-33.0,-29.0,187118.0
857,1500.0,-15884.0,3208.0,-2848.0,-958.0,-9.0,-40.0,187123.0
858,1464.0,-15852.0,3144.0,-2848.0,-1048.0,-50.0,-74.0,187129.0
859,1708.0,-15808.0,2972.0,-2848.0,-1134.0,-119.0,-115.0,187136.0
860,1904.0,-15772.0,3164.0,-2816.0,-1242.0,-182.0,-144.0,187142.0
861,1976.0,-15972.0,3376.0,-2848.0,-1381.0,-131.0,-168.0,187148.0
862,1928.0,-16240.0,3168.0,-2848.0,-1525.0,-37.0,-141.0,187153.0
863,1832.0,-16192.0,3196.0,-2848.0,-1629.0,120.0,-117.0,187159.0
864,1788.0,-16108.0,3124.0,-2848.0,-1752.0,206.0,-86.0,187165.0
865,1984.0,-16196.0,3092.0,-2848.0,-1802.0,253.0,-100.0,187171.0
866,2184.0,-15916.0,3048.0,-2880.0,-1902.0,241.0,-114.0,187177.0
867,2112.0,-15992.0,2960.0,-2848.0,-2009.0,324.0,-173.0,187184.0
868,1916.0,-16064.0,2948.0,-2864.0,-2100.0,525.0,-174.0,187189.0
869,1704.0,-16096.0,2728.0,-2832.0,-2101.0,678.0,-185.0,187195.0
870,1572.0,-16116.0,2568.0,-2864.0,-2094.0,785.0,-197.0,187201.0
871,1692.0,-16220.0,2592.0,-2864.0,-2062.0,872.0,-240.0,187207.0
872,1708.0,-16368.0,2300.0,-2864.0,-2005.0,846.0,-282.0,187213.0
873,1716.0,-16552.0,2332.0,-2832.0,-1926.0,799.0,-305.0,187219.0
874,1848.0,-16456.0,2332.0,-2864.0,-1861.0,759.0,-315.0,187225.0
875,1932.0,-16500.0,2156.0,-2864.0,-1753.0,750.0,-327.0,187231.0
876,1884.0,-16424.0,1940.0,-2896.0,-1588.0,654.0,-377.0,187237.0
877,1920.0,-16040.0,1860.0,-2864.0,-1483.0,522.0,-285.0,187243.0
878,2444.0,-16256.0,1932.0,-2864.0,-1361.0,494.0,-211.0,187249.0
879,2428.0,-16320.0,1856.0,-2848.0,-1207.0,529.0,-131.0,187255.0
880,2280.0,-16388.0,1968.0,-2848.0,-1040.0,598.0,-16.0,187260.0
881,2140.0,-16436.0,1888.0,-2832.0,-859.0,542.0,14.0,187267.0
882,2072.0,-16424.0,1740.0,-2880.0,-644.0,428.0,55.0,187273.0
883,2168.0,-16820.0,1720.0,-2832.0,-387.0,328.0,129.0,187279.0
884,2336.0,-17056.0,1424.0,-2832.0,-124.0,339.0,232.0,187284.0
885,2436.0,-17176.0,1040.0,-2848.0,178.0,364.0,311.0,187290.0
886,2504.0,-17024.0,388.0,-2848.0,494.0,333.0,418.0,187296.0
887,2936.0,-16576.0,384.0,-2864.0,816.0,147.0,459.0,187302.0
888,3024.0,-15864.0,604.0,-2864.0,1017.0,-127.0,510.0,187308.0
889,3056.0,-15284.0,1648.0,-2864.0,1164.0,-371.0,529.0,187314.0
890,2772.0,-15012.0,2144.0,-2864.0,1238.0,-504.0,479.0,187320.0
891,2260.0,-14868.0,2696.0,-2864.0,1202.0,-620.0,496.0,187326.0
892,1768.0,-14740.0,2888.0,-2864.0,1126.0,-577.0,445.0,187332.0
893,1460.0,-14608.0,3024.0,-2864.0,993.0,-576.0,397.0,187337.0
894,1144.0,-15088.0,3348.0,-2832.0,839.0,-487.0,421.0,187343.0
895,852.0,-15316.0,3440.0,-2848.0,632.0,-330.0,439.0,187350.0
896,688.0,-15540.0,3424.0,-2832.0,427.0,-320.0,460.0,187356.0
897,932.0,-15452.0,3744.0,-2880.0,186.0,-526.0,404.0,187361.0
898,956.0,-15640.0,3908.0,-2880.0,-57.0,-654.0,350.0,187367.0
899,1068.0,-15956.0,3736.0,-2848.0,-319.0,-631.0,282.0,187373.0
900,1252.0,-16120.0,3636.0,-2880.0,-539.0,-600.0,223.0,187379.0
901,1440.0,-16164.0,3320.0,-2848.0,-725.0,-557.0,172.0,187384.0
902,1588.0,-16288.0,2968.0,-2864.0,-870.0,-553.0,103.0,187390.0
903,1800.0,-16284.0,2840.0,-2864.0,-987.0,-473.0,81.0,187397.0
904,2060.0,-16324.0,2856.0,-2848.0,-1072.0,-348.0,31.0,187403.0
905,2200.0,-16252.0,2604.0,-2832.0,-1161.0,-200.0,14.0,187408.0
906,2176.0,-16276.0,2656.0,-2832.0,-1234.0,-96.0,-14.0,187414.0
907,2080.0,-16320.0,2736.0,-2848.0,-1293.0,20.0,-34.0,187420.0
908,1952.0,-16592.0,2440.0,-2848.0,-1325.0,140.0,-37.0,187426.0
909,1960.0,-16528.0,2340.0,-2832.0,-1342.0,211.0,-55.0,187431.0
910,1840.0,-16532.0,2420.0,-2864.0,-1366.0,270.0,-48.0,187438.0
911,1892.0,-16500.0,2596.0,-2848.0,-1390.0,285.0,-79.0,187444.0
912,1920.0,-16472.0,2460.0,-2848.0,-1372.0,357.0,-33.0,187450.0
913,1980.0,-16616.0,2316.0,-2864.0,-1349.0,409.0,-48.0,187456.0
914,2104.0,-16612.0,2080.0,-2864.0,-1278.0,445.0,-17.0,187461.0
915,2284.0,-16480.0,2088.0,-2832.0,-1226.0,471.0,28.0,187467.0
916,2408.0,-16244.0,1748.0,-2880.0,-1164.0,438.0,62.0,187473.0
917,2520.0,-16048.0,1908.0,-2816.0,-1116.0,362.0,123.0,187480.0
918,2300.0,-16048.0,1976.0,-2848.0,-1031.0,296.0,139.0,187485.0
919,2304.0,-15964.0,1900.0,-2848.0,-981.0,206.0,192.0,187491.0
920,2160.0,-15880.0,2016.0,-2832.0,-905.0,138.0,214.0,187497.0
921,1936.0,-15736.0,2060.0,-2864.0,-873.0,95.0,246.0,187503.0
922,1856.0,-15872.0,2180.0,-2864.0,-835.0,51.0,261.0,187509.0
923,1808.0,-15852.0,2364.0,-2864.0,-815.0,42.0,263.0,187514.0
924,1844.0,-15784.0,2196.0,-2880.0,-764.0,-4.0,274.0,187521.0
925,1820.0,-15724.0,2088.0,-2864.0,-713.0,11.0,266.0,187527.0
926,1852.0,-15884.0,2064.0,-2848.0,-709.0,40.0,271.0,187532.0
927,1688.0,-15784.0,2100.0,-2864.0,-707.0,9.0,209.0,187538.0
928,1568.0,-15980.0,2356.0,-2832.0,-707.0,-10.0,194.0,187544.0
929,1644.0,-16204.0,2420.0,-2864.0,-713.0,-16.0,168.0,187549.0
930,1660.0,-16336.0,2224.0,-2832.0,-690.0,141.0,146.0,187555.0
931,1624.0,-16200.0,2056.0,-2864.0,-683.0,213.0,174.0,187561.0
932,1900.0,-15984.0,1824.0,-2832.0,-622.0,185.0,168.0,187568.0
933,2024.0,-15824.0,1956.0,-2848.0,-593.0,193.0,126.0,187573.0
934,1888.0,-15620.0,2208.0,-2848.0,-576.0,128.0,100.0,187579.0
935,1860.0,-15632.0,2412.0,-2832.0,-603.0,139.0,65.0,187585.0
936,1620.0,-15800.0,2560.0,-2848.0,-625.0,212.0,83.0,187591.0
937,1328.0,-16008.0,2320.0,-2864.0,-576.0,343.0,28.0,187596.0
938,1412.0,-16084.0,2272.0,-2848.0,-524.0,318.0,36.0,187602.0
939,1644.0,-16356.0,1980.0,-2832.0,-509.0,298.0,45.0,187609.0
940,1840.0,-16460.0,1640.0,-2848.0,-425.0,241.0,8.0,187615.0
941,1976.0,-16580.0,1536.0,-2864.0,-341.0,145.0,2.0,187620.0
942,2060.0,-16572.0,1788.0,-2848.0,-294.0,64.0,5.0,187626.0
943,2064.0,-16828.0,1868.0,-2848.0,-227.0,70.0,5.0,187631.0
944,1880.0,-17008.0,1812.0,-2848.0,-116.0,65.0,-66.0,187637.0
945,1904.0,-16700.0,1884.0,-2832.0,-71.0,48.0,27.0,187643.0
946,2116.0,-16876.0,1892.0,-2832.0,2.0,160.0,54.0,187649.0
947,2144.0,-16868.0,1504.0,-2832.0,147.0,294.0,65.0,187655.0
948,2260.0,-16512.0,1552.0,-2880.0,239.0,289.0,61.0,187661.0
949,2356.0,-16340.0,1856.0,-2832.0,298.0,272.0,116.0,187666.0
950,2096.0,-16256.0,1992.0,-2816.0,341.0,222.0,139.0,187672.0
951,1872.0,-16100.0,2240.0,-2848.0,300.0,218.0,153.0,187678.0
952,1608.0,-15908.0,2364.0,-2832.0,259.0,99.0,174.0,187684.0
953,1456.0,-15996.0,2608.0,-2848.0,186.0,17.0,167.0,187689.0
954,1356.0,-15952.0,2752.0,-2832.0,105.0,-21.0,145.0,187696.0
955,1376.0,-15888.0,2748.0,-2848.0,19.0,-80.0,136.0,187702.0
956,1388.0,-16012.0,2648.0,-2864.0,-69.0,-123.0,87.0,187707.0
957,1512.0,-16008.0,2540.0,-2832.0,-140.0,-130.0,90.0,187713.0
958,1672.0,-16040.0,2516.0,-2864.0,-226.0,-134.0,66.0,187719.0
959,1780.0,-16004.0,2352.0,-2848.0,-283.0,-162.0,53.0,187724.0
960,1872.0,-15868.0,2484.0,-2864.0,-321.0,-267.0,-22.0,187730.0
961,1720.0,-16000.0,2560.0,-2880.0,-419.0,-298.0,-22.0,187737.0
962,1672.0,-16172.0,2396.0,-2832.0,-465.0,-229.0,-46.0,187743.0
963,1452.0,-16304.0,2344.0,-2832.0,-477.0,-148.0,-84.0,187748.0
964,1480.0,-16212.0,2108.0,-2848.0,-473.0,-187.0,-112.0,187754.0
965,1680.0,-16272.0,2224.0,-2816.0,-452.0,-255.0,-164.0,187760.0
966,1892.0,-16140.0,2260.0,-2848.0,-526.0,-232.0,-184.0,187766.0
967,1864.0,-16080.0,2188.0,-2832.0,-547.0,-148.0,-210.0,187772.0
968,1836.0,-15920.0,2232.0,-2832.0,-563.0,-82.0,-253.0,187778.0
969,1772.0,-15824.0,2212.0,-2832.0,-600.0,-97.0,-296.0,187784.0
970,1712.0,-16060.0,2168.0,-2848.0,-575.0,-39.0,-342.0,187790.0
971,1620.0,-16076.0,2140.0,-2816.0,-595.0,2.0,-337.0,187796.0
972,1664.0,-15932.0,2176.0,-2832.0,-626.0,110.0,-364.0,187801.0
973,1680.0,-16040.0,2308.0,-2848.0,-612.0,62.0,-384.0,187807.0
974,1688.0,-15892.0,2292.0,-2864.0,-628.0,41.0,-409.0,187813.0
975,1764.0,-16024.0,2108.0,-2832.0,-621.0,21.0,-409.0,187820.0
976,1760.0,-16016.0,2280.0,-2816.0,-581.0,67.0,-409.0,187825.0
977,1728.0,-16092.0,1944.0,-2832.0,-519.0,107.0,-417.0,187831.0
978,1684.0,-16164.0,1836.0,-2832.0,-407.0,90.0,-423.0,187837.0
979,1920.0,-16224.0,1828.0,-2880.0,-286.0,38.0,-427.0,187843.0
980,2180.0,-16396.0,1704.0,-2832.0,-154.0,37.0,-393.0,187848.0
981,2212.0,-16788.0,1648.0,-2848.0,26.0,19.0,-350.0,187854.0
982,2348.0,-16916.0,1412.0,-2832.0,216.0,33.0,-248.0,187860.0
983,2464.0,-16800.0,1188.0,-2848.0,439.0,-17.0,-151.0,187866.0
984,2940.0,-16664.0,904.0,-2832.0,623.0,-100.0,-98.0,187872.0
985,2876.0,-16824.0,980.0,-2816.0,855.0,-241.0,-93.0,187878.0
986,2780.0,-16176.0,1640.0,-2832.0,902.0,-411.0,125.0,187883.0
987,2648.0,-16388.0,1996.0,-2848.0,958.0,-366.0,196.0,187889.0
988,2276.0,-16356.0,2312.0,-2848.0,971.0,-346.0,247.0,187895.0
989,2052.0,-16128.0,2392.0,-2816.0,931.0,-450.0,294.0,187901.0
990,2076.0,-15912.0,2460.0,-2832.0,896.0,-466.0,300.0,187907.0
991,2112.0,-15788.0,2472.0,-2800.0,827.0,-407.0,318.0,187913.0
992,1864.0,-15792.0,2572.0,-2848.0,768.0,-270.0,330.0,187919.0
993,1684.0,-15800.0,2716.0,-2848.0,672.0,-114.0,329.0,187925.0
994,1388.0,-15768.0,2656.0,-2832.0,560.0,-92.0,299.0,187931.0
995,1268.0,-15744.0,2808.0,-2832.0,436.0,-235.0,238.0,187936.0
996,1236.0,-15840.0,2772.0,-2848.0,316.0,-397.0,140.0,187942.0
997,1316.0,-15808.0,2892.0,-2848.0,181.0,-472.0,59.0,187949.0
998,1408.0,-15936.0,2924.0,-2864.0,62.0,-541.0,-48.0,187955.0
999,1484.0,-15984.0,2964.0,-2832.0,-83.0,-521.0,-102.0,187960.0
1000,1532.0,-16204.0,2656.0,-2864.0,-196.0,-412.0,-220.0,187966.0
1001,1664.0,-16376.0,2596.0,-2880.0,-273.0,-186.0,-235.0,187972.0
1002,1736.0,-16312.0,2404.0,-2848.0,-357.0,63.0,-280.0,187978.0
1003,1780.0,-16164.0,2236.0,-2848.0,-411.0,202.0,-313.0,187983.0
1004,1776.0,-15972.0,2356.0,-2864.0,-481.0,279.0,-375.0,187990.0
1005,1904.0,-15920.0,2344.0,-2864.0,-555.0,277.0,-420.0,187996.0
1006,1956.0,-15896.0,2484.0,-2832.0,-632.0,275.0,-464.0,188002.0
1007,1988.0,-15896.0,2612.0,-2816.0,-703.0,272.0,-497.0,188007.0
1008,1680.0,-15968.0,2656.0,-2848.0,-737.0,321.0,-536.0,188013.0
1009,1820.0,-15964.0,2620.0,-2848.0,-800.0,327.0,-553.0,188019.0
1010,1920.0,-16096.0,2396.0,-2832.0,-785.0,358.0,-568.0,188025.0
1011,1988.0,-16052.0,2040.0,-2864.0,-780.0,377.0,-556.0,188032.0
1012,2176.0,-16000.0,2048.0,-2832.0,-789.0,349.0,-553.0,188037.0
1013,2208.0,-15996.0,2152.0,-2848.0,-782.0,336.0,-524.0,188043.0
1014,2088.0,-16128.0,2180.0,-2848.0,-754.0,362.0,-501.0,188049.0
1015,2024.0,-16024.0,2128.0,-2816.0,-726.0,339.0,-494.0,188055.0
1016,2076.0,-16056.0,2248.0,-2864.0,-678.0,292.0,-474.0,188060.0
1017,2132.0,-16200.0,1804.0,-2832.0,-631.0,256.0,-449.0,188066.0
1018,2228.0,-16188.0,1672.0,-2864.0,-519.0,203.0,-402.0,188072.0
1019,2400.0,-16128.0,1704.0,-2848.0,-460.0,98.0,-368.0,188079.0
1020,2532.0,-16080.0,2036.0,-2832.0,-400.0,16.0,-325.0,188085.0
1021,2448.0,-16156.0,2172.0,-2864.0,-344.0,8.0,-273.0,188090.0
1022,2312.0,-16180.0,2040.0,-2832.0,-304.0,59.0,-231.0,188096.0
1023,2244.0,-16200.0,2028.0,-2832.0,-275.0,47.0,-157.0,188102.0
1024,2268.0,-16260.0,2040.0,-2848.0,-251.0,15.0,-127.0,188107.0
1025,2104.0,-16248.0,2076.0,-2864.0,-197.0,70.0,-106.0,188113.0
1026,2032.0,-16312.0,1920.0,-2848.0,-129.0,57.0,-75.0,188120.0
1027,2132.0,-16252.0,1948.0,-2864.0,-65.0,-45.0,-31.0,188126.0
1028,2084.0,-16256.0,2128.0,-2864.0,-58.0,-123.0,-36.0,188131.0
1029,1968.0,-16148.0,2140.0,-2880.0,-45.0,-182.0,-44.0,188137.0
1030,1952.0,-16124.0,2232.0,-2832.0,-64.0,-203.0,-52.0,188143.0
1031,1948.0,-16100.0,2220.0,-2848.0,-35.0,-173.0,-67.0,188148.0
1032,1940.0,-16120.0,2208.0,-2832.0,-45.0,-143.0,-61.0,188154.0
1033,1968.0,-16124.0,2048.0,-2864.0,-58.0,-73.0,-73.0,188161.0
1034,1976.0,-16116.0,2188.0,-2848.0,-103.0,-109.0,-104.0,188166.0
1035,2236.0,-16136.0,2328.0,-2832.0,-120.0,-149.0,-69.0,188172.0
1036,1924.0,-16160.0,2400.0,-2832.0,-189.0,-145.0,-84.0,188178.0
1037,1980.0,-16048.0,2404.0,-2816.0,-253.0,-111.0,-113.0,188183.0
1038,1980.0,-16024.0,2256.0,-2816.0,-289.0,-130.0,-149.0,188189.0
1039,2072.0,-16084.0,2256.0,-2848.0,-279.0,-122.0,-171.0,188195.0
1040,1964.0,-16048.0,2324.0,-2864.0,-318.0,-116.0,-168.0,188201.0
1041,2004.0,-15956.0,2176.0,-2864.0,-375.0,-101.0,-186.0,188208.0
1042,2092.0,-15928.0,2424.0,-2832.0,-446.0,-80.0,-236.0,188213.0
1043,1960.0,-15992.0,2484.0,-2864.0,-484.0,-40.0,-242.0,188219.0
1044,1928.0,-16048.0,2296.0,-2848.0,-554.0,4.0,-277.0,188225.0
1045,1856.0,-15988.0,2224.0,-2832.0,-583.0,32.0,-334.0,188231.0
1046,1916.0,-16084.0,2212.0,-2848.0,-606.0,71.0,-336.0,188236.0
1047,1916.0,-16116.0,2224.0,-2832.0,-585.0,131.0,-354.0,188242.0
1048,2144.0,-16220.0,1968.0,-2832.0,-569.0,199.0,-368.0,188249.0
1049,2208.0,-16372.0,1920.0,-2832.0,-491.0,310.0,-387.0,188255.0
1050,2216.0,-16216.0,1840.0,-2848.0,-407.0,251.0,-377.0,188260.0
1051,2412.0,-16260.0,1720.0,-2848.0,-357.0,204.0,-391.0,188266.0
1052,2320.0,-16248.0,1876.0,-2832.0,-273.0,193.0,-379.0,188272.0
1053,2212.0,-15980.0,2092.0,-2832.0,-253.0,116.0,-398.0,188278.0
1054,2240.0,-16028.0,2252.0,-2832.0,-234.0,93.0,-375.0,188284.0
1055,2012.0,-16136.0,2240.0,-2848.0,-263.0,116.0,-357.0,188290.0
1056,2116.0,-16004.0,2284.0,-2816.0,-260.0,132.0,-371.0,188296.0
1057,2036.0,-15968.0,2392.0,-2864.0,-274.0,117.0,-354.0,188302.0
1058,2056.0,-16076.0,2192.0,-2832.0,-300.0,133.0,-332.0,188308.0
1059,2004.0,-16224.0,2132.0,-2832.0,-321.0,73.0,-329.0,188313.0
1060,2040.0,-16152.0,2076.0,-2848.0,-295.0,15.0,-336.0,188319.0
1061,2052.0,-16140.0,2160.0,-2864.0,-278.0,-25.0,-327.0,188325.0
1062,1884.0,-16172.0,2036.0,-2816.0,-275.0,-75.0,-325.0,188332.0
1063,1908.0,-16236.0,2080.0,-2848.0,-239.0,-135.0,-340.0,188337.0
1064,1992.0,-16104.0,1884.0,-2832.0,-219.0,-240.0,-367.0,188343.0
1065,2036.0,-16108.0,2068.0,-2864.0,-188.0,-362.0,-371.0,188349.0
1066,1996.0,-16192.0,2152.0,-2800.0,-159.0,-503.0,-385.0,188355.0
1067,2108.0,-16144.0,2056.0,-2864.0,-176.0,-541.0,-367.0,188361.0
1068,2204.0,-16116.0,2036.0,-2832.0,-165.0,-605.0,-369.0,188366.0
1069,2212.0,-15976.0,2096.0,-2864.0,-141.0,-747.0,-395.0,188372.0
1070,2152.0,-16068.0,2152.0,-2832.0,-159.0,-819.0,-422.0,188379.0
1071,2128.0,-16172.0,2248.0,-2816.0,-152.0,-812.0,-410.0,188385.0
1072,2092.0,-16256.0,2028.0,-2816.0,-97.0,-765.0,-415.0,188391.0
1073,2164.0,-16312.0,1948.0,-2832.0,-57.0,-800.0,-427.0,188396.0
1074,2360.0,-16248.0,2076.0,-2864.0,-29.0,-859.0,-409.0,188402.0
1075,2284.0,-16212.0,2088.0,-2816.0,-17.0,-885.0,-400.0,188408.0
1076,2308.0,-16144.0,2180.0,-2848.0,-26.0,-915.0,-428.0,188414.0
1077,2440.0,-16032.0,2072.0,-2832.0,-47.0,-921.0,-448.0,188420.0
1078,2224.0,-15972.0,2164.0,-2832.0,-58.0,-909.0,-463.0,188426.0
1079,2292.0,-16080.0,2228.0,-2848.0,-99.0,-852.0,-495.0,188432.0
1080,2196.0,-16076.0,2244.0,-2864.0,-120.0,-789.0,-490.0,188438.0
1081,2224.0,-16024.0,2256.0,-2832.0,-146.0,-714.0,-514.0,188443.0
1082,2296.0,-16048.0,2388.0,-2800.0,-171.0,-683.0,-551.0,188449.0
1083,2340.0,-16188.0,2048.0,-2832.0,-201.0,-659.0,-549.0,188455.0
1084,2244.0,-16188.0,2084.0,-2864.0,-213.0,-563.0,-574.0,188462.0
1085,2272.0,-16128.0,2112.0,-2848.0,-185.0,-531.0,-633.0,188468.0
1086,2336.0,-16032.0,2132.0,-2848.0,-201.0,-553.0,-681.0,188473.0
1087,2396.0,-16092.0,2268.0,-2848.0,-233.0,-509.0,-713.0,188479.0
1088,2332.0,-16116.0,2152.0,-2816.0,-230.0,-460.0,-760.0,188485.0
1089,2448.0,-16132.0,2188.0,-2816.0,-207.0,-422.0,-790.0,188491.0
1090,2396.0,-16060.0,2152.0,-2848.0,-163.0,-380.0,-810.0,188497.0
1091,2432.0,-16024.0,2132.0,-2816.0,-164.0,-390.0,-844.0,188504.0
1092,2432.0,-15828.0,2264.0,-2816.0,-165.0,-262.0,-807.0,188509.0
1093,2336.0,-15992.0,2256.0,-2848.0,-116.0,-172.0,-855.0,188515.0
1094,2292.0,-15928.0,2100.0,-2832.0,-68.0,-77.0,-870.0,188521.0
1095,2212.0,-15884.0,1944.0,-2848.0,6.0,-56.0,-874.0,188527.0
1096,2360.0,-16056.0,1804.0,-2832.0,103.0,-71.0,-911.0,188532.0
1097,2524.0,-16360.0,1408.0,-2816.0,268.0,-151.0,-899.0,188538.0
1098,2876.0,-16628.0,1404.0,-2816.0,422.0,-165.0,-851.0,188545.0
1099,2972.0,-16624.0,1352.0,-2832.0,601.0,-209.0,-786.0,188551.0
1100,3192.0,-16628.0,1064.0,-2832.0,841.0,-225.0,-702.0,188556.0
1101,3456.0,-16520.0,1072.0,-2832.0,1013.0,-346.0,-586.0,188562.0
1102,3432.0,-16472.0,1468.0,-2800.0,1165.0,-477.0,-495.0,188568.0
1103,3316.0,-16248.0,1700.0,-2832.0,1250.0,-506.0,-349.0,188574.0
1104,3368.0,-16168.0,2120.0,-2832.0,1229.0,-529.0,-281.0,188580.0
1105,3112.0,-16040.0,2280.0,-2864.0,1186.0,-461.0,-181.0,188585.0
1106,2888.0,-15868.0,2384.0,-2800.0,1087.0,-386.0,-116.0,188592.0
1107,2792.0,-15640.0,3028.0,-2800.0,944.0,-385.0,-135.0,188598.0
1108,2280.0,-15564.0,3380.0,-2832.0,703.0,-398.0,-171.0,188604.0
1109,2032.0,-15592.0,3432.0,-2832.0,427.0,-276.0,-207.0,188610.0
1110,1820.0,-15552.0,3460.0,-2816.0,135.0,-188.0,-299.0,188616.0
1111,1532.0,-15628.0,3464.0,-2848.0,-131.0,-85.0,-412.0,188621.0
1112,1360.0,-15948.0,3480.0,-2832.0,-387.0,-32.0,-527.0,188627.0
1113,1664.0,-15888.0,3124.0,-2864.0,-616.0,14.0,-684.0,188634.0
1114,1784.0,-16016.0,3112.0,-2816.0,-801.0,4.0,-792.0,188640.0
1115,1944.0,-16148.0,2912.0,-2832.0,-978.0,6.0,-912.0,188645.0
1116,2004.0,-16156.0,2632.0,-2864.0,-1075.0,-69.0,-966.0,188651.0
1117,2288.0,-16036.0,2816.0,-2800.0,-1199.0,-133.0,-1045.0,188657.0
1118,2416.0,-15940.0,2352.0,-2816.0,-1269.0,-72.0,-1146.0,188663.0
1119,2636.0,-15636.0,2564.0,-2784.0,-1360.0,-70.0,-1148.0,188668.0
1120,2712.0,-15700.0,2588.0,-2832.0,-1434.0,-24.0,-1178.0,188675.0
1121,2792.0,-15764.0,2504.0,-2832.0,-1501.0,-11.0,-1182.0,188681.0
1122,2764.0,-15832.0,2176.0,-2832.0,-1511.0,62.0,-1151.0,188687.0
1123,2748.0,-15844.0,2196.0,-2864.0,-1484.0,121.0,-1175.0,188693.0
1124,2648.0,-16060.0,2000.0,-2848.0,-1412.0,105.0,-1207.0,188699.0
1125,2640.0,-16200.0,1632.0,-2848.0,-1289.0,24.0,-1216.0,188705.0
1126,2852.0,-16100.0,1424.0,-2800.0,-1197.0,-51.0,-1217.0,188711.0
1127,2784.0,-15956.0,1492.0,-2832.0,-1094.0,-99.0,-1258.0,188717.0
1128,2908.0,-15988.0,1648.0,-2832.0,-955.0,-252.0,-1301.0,188723.0
1129,2912.0,-16052.0,1736.0,-2816.0,-821.0,-388.0,-1301.0,188729.0
1130,3040.0,-16044.0,1716.0,-2848.0,-682.0,-375.0,-1296.0,188735.0
1131,3248.0,-16176.0,1460.0,-2816.0,-506.0,-236.0,-1248.0,188741.0
1132,3392.0,-16196.0,1312.0,-2832.0,-302.0,-141.0,-1214.0,188747.0
1133,3508.0,-16228.0,1200.0,-2832.0,-87.0,-55.0,-1142.0,188753.0
1134,3732.0,-16156.0,1348.0,-2816.0,114.0,-20.0,-1063.0,188759.0
1135,3604.0,-16380.0,1296.0,-2848.0,309.0,34.0,-953.0,188765.0
1136,3540.0,-16540.0,1220.0,-2816.0,540.0,90.0,-850.0,188771.0
1137,3572.0,-16580.0,1436.0,-2832.0,733.0,125.0,-736.0,188777.0
1138,3632.0,-16492.0,1248.0,-2800.0,927.0,120.0,-638.0,188782.0
1139,3588.0,-16568.0,1192.0,-2816.0,1166.0,108.0,-483.0,188788.0
1140,3640.0,-16460.0,1300.0,-2848.0,1362.0,52.0,-393.0,188794.0
1141,3804.0,-16520.0,1272.0,-2848.0,1536.0,-11.0,-272.0,188801.0
1142,3792.0,-16380.0,1564.0,-2864.0,1654.0,-7.0,-141.0,188807.0
1143,3724.0,-16200.0,1836.0,-2848.0,1683.0,-8.0,-108.0,188812.0
1144,3412.0,-16032.0,2168.0,-2800.0,1703.0,-19.0,-2.0,188818.0
1145,3264.0,-16004.0,2560.0,-2816.0,1647.0,-153.0,1.0,188824.0
1146,3236.0,-15792.0,3008.0,-2816.0,1515.0,-238.0,3.0,188829.0
1147,3040.0,-15992.0,2568.0,-2832.0,1501.0,-125.0,-49.0,188835.0
1148,2656.0,-15604.0,2960.0,-2848.0,1279.0,-50.0,10.0,188841.0
1149,2320.0,-15620.0,3328.0,-2832.0,1053.0,123.0,-80.0,188848.0
1150,2288.0,-15784.0,3372.0,-2832.0,817.0,209.0,-105.0,188853.0
1151,2112.0,-15820.0,3316.0,-2848.0,647.0,263.0,-275.0,188859.0
1152,2104.0,-16048.0,3356.0,-2848.0,484.0,254.0,-372.0,188865.0
1153,2240.0,-16020.0,2752.0,-2864.0,350.0,289.0,-472.0,188871.0
1154,2520.0,-15868.0,2588.0,-2832.0,267.0,147.0,-541.0,188876.0
1155,2584.0,-15788.0,2712.0,-2848.0,129.0,80.0,-602.0,188882.0
1156,2772.0,-15936.0,2956.0,-2864.0,25.0,35.0,-650.0,188889.0
1157,2808.0,-16000.0,2620.0,-2816.0,-9.0,7.0,-716.0,188895.0
1158,3128.0,-15840.0,2452.0,-2816.0,-57.0,15.0,-763.0,188900.0
1159,3220.0,-15792.0,2644.0,-2864.0,-95.0,112.0,-788.0,188906.0
1160,3272.0,-15880.0,2352.0,-2848.0,-130.0,150.0,-815.0,188912.0
1161,3280.0,-15796.0,2584.0,-2848.0,-157.0,188.0,-795.0,188917.0
1162,3216.0,-15824.0,2556.0,-2832.0,-192.0,281.0,-776.0,188923.0
1163,3168.0,-15988.0,2280.0,-2832.0,-173.0,415.0,-810.0,188930.0
1164,3052.0,-15928.0,2280.0,-2832.0,-171.0,482.0,-794.0,188936.0
1165,3028.0,-15832.0,2136.0,-2816.0,-134.0,481.0,-840.0,188941.0
1166,2968.0,-15792.0,1936.0,-2848.0,-112.0,449.0,-817.0,188947.0
1167,3032.0,-15788.0,2196.0,-2832.0,-56.0,334.0,-838.0,188953.0
1168,3020.0,-15908.0,2208.0,-2800.0,-23.0,204.0,-862.0,188959.0
1169,3252.0,-15844.0,2252.0,-2784.0,8.0,133.0,-851.0,188964.0
1170,3360.0,-15840.0,2184.0,-2832.0,54.0,162.0,-822.0,188971.0
1171,3424.0,-15712.0,2112.0,-2816.0,97.0,161.0,-812.0,188977.0
1172,3660.0,-15720.0,2208.0,-2864.0,159.0,194.0,-779.0,188983.0
1173,3528.0,-15808.0,2124.0,-2816.0,195.0,186.0,-725.0,188988.0
