id,AcX,AcY,AcZ,Tmp,GyX,GyY,GyZ,Timer
0,5360.0,-16828.0,1980.0,-2928.0,6093.0,4365.0,2106.0,323376.0
1,4872.0,-16284.0,2188.0,-2944.0,6293.0,4418.0,2313.0,323382.0
2,4084.0,-16748.0,2448.0,-2944.0,6488.0,4539.0,2623.0,323387.0
3,3012.0,-16844.0,2484.0,-2928.0,6742.0,4446.0,2759.0,323393.0
4,2260.0,-17208.0,2468.0,-2960.0,7007.0,4115.0,2946.0,323399.0
5,1896.0,-17632.0,3128.0,-2912.0,7285.0,3771.0,3110.0,323405.0
6,2000.0,-17820.0,3160.0,-2896.0,7524.0,3368.0,3242.0,323411.0
7,2192.0,-17976.0,2816.0,-2912.0,7791.0,3120.0,3357.0,323418.0
8,2356.0,-17788.0,2912.0,-2896.0,8071.0,2787.0,3504.0,323424.0
9,2916.0,-17892.0,3220.0,-2896.0,8274.0,2507.0,3642.0,323430.0
10,3508.0,-18068.0,3160.0,-2912.0,8560.0,2436.0,3745.0,323436.0
11,4096.0,-17976.0,3572.0,-2928.0,8754.0,2431.0,3830.0,323442.0
12,4544.0,-18032.0,3292.0,-2928.0,8907.0,2566.0,3973.0,323448.0
13,4948.0,-18296.0,3508.0,-2944.0,9019.0,2890.0,4152.0,323453.0
14,4832.0,-18840.0,3860.0,-2896.0,9131.0,3358.0,4402.0,323460.0
15,4516.0,-19424.0,4008.0,-2960.0,9256.0,3956.0,4676.0,323466.0
16,4132.0,-19588.0,3872.0,-2912.0,9373.0,4495.0,4817.0,323472.0
17,3676.0,-20020.0,3644.0,-2928.0,9511.0,5052.0,5090.0,323478.0
18,2440.0,-20680.0,4132.0,-2944.0,9637.0,5541.0,5476.0,323484.0
19,376.0,-21684.0,5068.0,-2912.0,9667.0,5699.0,6157.0,323490.0
20,236.0,-23504.0,5904.0,-2928.0,9741.0,4972.0,6866.0,323496.0
21,1400.0,-24232.0,4812.0,-2928.0,10029.0,4392.0,7071.0,323503.0
22,3176.0,-23600.0,3084.0,-2912.0,10404.0,4325.0,7030.0,323509.0
23,4120.0,-23324.0,2752.0,-2928.0,10825.0,4770.0,7171.0,323515.0
24,4336.0,-23916.0,2764.0,-2944.0,11220.0,5535.0,7568.0,323521.0
25,3696.0,-24756.0,2796.0,-2960.0,11728.0,6206.0,8038.0,323527.0
26,2536.0,-25324.0,2368.0,-2928.0,12288.0,6433.0,8550.0,323533.0
27,2196.0,-25676.0,1948.0,-2944.0,12902.0,6377.0,8975.0,323538.0
28,2108.0,-26316.0,1640.0,-2928.0,13552.0,6273.0,9395.0,323545.0
29,2596.0,-27188.0,1328.0,-2944.0,14133.0,6115.0,9834.0,323551.0
30,3224.0,-27932.0,964.0,-2960.0,14729.0,5982.0,10303.0,323557.0
31,4228.0,-28540.0,256.0,-2912.0,15444.0,5863.0,10711.0,323563.0
32,5928.0,-28648.0,-216.0,-2928.0,16036.0,5708.0,10864.0,323569.0
33,8328.0,-29352.0,-468.0,-2896.0,16555.0,6191.0,10593.0,323575.0
34,10380.0,-31736.0,-584.0,-2944.0,17268.0,7127.0,10423.0,323581.0
35,11712.0,-32768.0,-3548.0,-2944.0,17888.0,8710.0,10634.0,323588.0
36,11924.0,-32768.0,-6804.0,-2944.0,18410.0,10066.0,10810.0,323594.0
37,10544.0,-32768.0,-10652.0,-2912.0,18728.0,10947.0,11238.0,323601.0
38,9116.0,-31360.0,-12976.0,-2928.0,18661.0,11105.0,11477.0,323607.0
39,7056.0,-28900.0,-15092.0,-2944.0,18303.0,10583.0,11708.0,323613.0
40,4876.0,-25568.0,-16724.0,-2928.0,17545.0,8848.0,11638.0,323619.0
41,3660.0,-21732.0,-16968.0,-2928.0,16174.0,6823.0,11715.0,323625.0
42,3292.0,-18476.0,-16348.0,-2928.0,14220.0,4965.0,11633.0,323632.0
43,3160.0,-17380.0,-12132.0,-2928.0,12394.0,3891.0,11579.0,323638.0
44,2232.0,-19288.0,-60.0,-2896.0,12038.0,3172.0,11940.0,323644.0
45,76.0,-21896.0,11880.0,-2944.0,14129.0,2768.0,12695.0,323650.0
46,-2052.0,-20520.0,11764.0,-2928.0,15298.0,1701.0,12768.0,323656.0
47,-2404.0,-20364.0,11788.0,-2944.0,15447.0,-763.0,11843.0,323662.0
48,-612.0,-21296.0,11352.0,-2928.0,15571.0,-2864.0,10418.0,323668.0
49,752.0,-20060.0,6448.0,-2960.0,15196.0,-5183.0,9080.0,323675.0
50,3388.0,-18040.0,2272.0,-2912.0,13977.0,-8495.0,8031.0,323681.0
51,8472.0,-16984.0,-1052.0,-2944.0,13821.0,-10179.0,6575.0,323687.0
52,12048.0,-9316.0,-7512.0,-2944.0,11321.0,-9909.0,5720.0,323693.0
53,11876.0,-4920.0,-7180.0,-2960.0,8497.0,-7515.0,5235.0,323700.0
54,8672.0,-6696.0,-7000.0,-2912.0,6413.0,-4280.0,5046.0,323705.0
55,7404.0,-7716.0,-7652.0,-2896.0,4792.0,-2454.0,4901.0,323712.0
56,7272.0,-7520.0,-8336.0,-2928.0,3414.0,-1380.0,4889.0,323718.0
57,7248.0,-7164.0,-8332.0,-2976.0,2025.0,-88.0,4803.0,323724.0
58,6888.0,-6692.0,-8152.0,-2944.0,725.0,1342.0,4593.0,323730.0
59,6252.0,-5912.0,-7676.0,-2912.0,-610.0,2413.0,4294.0,323736.0
60,5696.0,-4944.0,-7340.0,-2944.0,-2081.0,3002.0,3767.0,323742.0
61,4900.0,-4360.0,-6832.0,-2928.0,-3666.0,2976.0,2992.0,323748.0
62,3892.0,-3976.0,-6020.0,-2944.0,-5232.0,2538.0,2154.0,323755.0
63,2516.0,-3548.0,-5396.0,-2944.0,-6738.0,1686.0,1320.0,323760.0
64,1192.0,-3328.0,-4872.0,-2928.0,-8238.0,490.0,546.0,323766.0
65,84.0,-3156.0,-4364.0,-2928.0,-9710.0,-724.0,-181.0,323772.0
66,-800.0,-2892.0,-4028.0,-2944.0,-11261.0,-1887.0,-909.0,323778.0
67,-1160.0,-2732.0,-4252.0,-2912.0,-12912.0,-3120.0,-1642.0,323784.0
68,-1136.0,-3076.0,-4488.0,-2912.0,-14680.0,-4587.0,-2443.0,323790.0
69,-1100.0,-3548.0,-4788.0,-2928.0,-16341.0,-6349.0,-3195.0,323796.0
70,-764.0,-4328.0,-4960.0,-2944.0,-17870.0,-8235.0,-3842.0,323803.0
71,-520.0,-5040.0,-4992.0,-2928.0,-19266.0,-9953.0,-4335.0,323809.0
72,64.0,-5384.0,-5164.0,-2912.0,-20668.0,-11427.0,-4796.0,323815.0
73,664.0,-5816.0,-5068.0,-2928.0,-22084.0,-12350.0,-5165.0,323820.0
74,1468.0,-6056.0,-5408.0,-2912.0,-23498.0,-13108.0,-5533.0,323826.0
75,2356.0,-6260.0,-5088.0,-2928.0,-24972.0,-13505.0,-5920.0,323832.0
76,3580.0,-6752.0,-4620.0,-2960.0,-26417.0,-13639.0,-6337.0,323838.0
77,5152.0,-7492.0,-4184.0,-2912.0,-27848.0,-13447.0,-6748.0,323845.0
78,6760.0,-8368.0,-3988.0,-2912.0,-29254.0,-12832.0,-7110.0,323852.0
79,8228.0,-9260.0,-3868.0,-2912.0,-30579.0,-11786.0,-7501.0,323858.0
80,9360.0,-10500.0,-3676.0,-2928.0,-31693.0,-10159.0,-7891.0,323864.0
81,10208.0,-11916.0,-3444.0,-2960.0,-32768.0,-8267.0,-8325.0,323870.0
82,10680.0,-13156.0,-2732.0,-2896.0,-32768.0,-6268.0,-8796.0,323876.0
83,10848.0,-14360.0,-2460.0,-2928.0,-32768.0,-4250.0,-9271.0,323883.0
84,10644.0,-15504.0,-2124.0,-2896.0,-32768.0,-2199.0,-9710.0,323890.0
85,10284.0,-16860.0,-1960.0,-2928.0,-32768.0,-256.0,-10130.0,323896.0
86,9684.0,-18556.0,-1404.0,-2928.0,-32768.0,1615.0,-10491.0,323902.0
87,8528.0,-19592.0,-1392.0,-2928.0,-32768.0,3454.0,-10854.0,323909.0
88,6900.0,-20412.0,-908.0,-2928.0,-32768.0,4921.0,-11511.0,323915.0
89,5752.0,-21592.0,-492.0,-2944.0,-32768.0,5850.0,-12293.0,323921.0
90,4544.0,-23596.0,-192.0,-2944.0,-32768.0,6246.0,-13144.0,323928.0
91,3992.0,-25328.0,8.0,-2928.0,-32768.0,6265.0,-13939.0,323934.0
92,3780.0,-26816.0,484.0,-2976.0,-32768.0,6142.0,-14682.0,323940.0
93,3288.0,-28180.0,1068.0,-2896.0,-32768.0,5926.0,-15415.0,323946.0
94,2328.0,-29388.0,1820.0,-2944.0,-32768.0,5573.0,-16173.0,323952.0
95,1588.0,-30056.0,2596.0,-2960.0,-32768.0,5001.0,-16970.0,323958.0
96,216.0,-30820.0,3324.0,-2928.0,-32768.0,4029.0,-17795.0,323965.0
97,-1064.0,-31416.0,4488.0,-2928.0,-32768.0,2720.0,-18531.0,323972.0
98,-2364.0,-32044.0,5296.0,-2912.0,-32768.0,1120.0,-19212.0,323978.0
99,-3064.0,-32636.0,5816.0,-2912.0,-32768.0,-483.0,-19645.0,323984.0
100,-3428.0,-32768.0,6256.0,-2928.0,-32768.0,-1701.0,-19506.0,323990.0
101,-3240.0,-32768.0,6672.0,-2928.0,-32768.0,-2501.0,-18840.0,323997.0
102,-3156.0,-32768.0,7772.0,-2896.0,-32768.0,-2771.0,-17597.0,324003.0
103,-3104.0,-32768.0,9280.0,-2928.0,-32347.0,-2705.0,-16054.0,324009.0
104,-2736.0,-32768.0,11388.0,-2928.0,-30960.0,-2653.0,-14494.0,324017.0
105,-1652.0,-32768.0,13288.0,-2912.0,-29341.0,-2830.0,-13002.0,324023.0
106,140.0,-32768.0,16028.0,-2944.0,-27464.0,-2972.0,-11895.0,324029.0
107,2324.0,-32768.0,18536.0,-2928.0,-25317.0,-2866.0,-11136.0,324036.0
108,5056.0,-32332.0,21408.0,-2928.0,-22968.0,-1905.0,-10906.0,324042.0
109,6740.0,-31480.0,22964.0,-2928.0,-20613.0,201.0,-10994.0,324048.0
110,6796.0,-30820.0,24912.0,-2880.0,-18185.0,3353.0,-10919.0,324055.0
111,4836.0,-30132.0,26660.0,-2928.0,-15659.0,7240.0,-10388.0,324062.0
112,796.0,-29656.0,28212.0,-2912.0,-12957.0,10909.0,-9131.0,324068.0
113,-5716.0,-28156.0,28984.0,-2928.0,-10145.0,13681.0,-6861.0,324074.0
114,-10992.0,-26248.0,29300.0,-2928.0,-7161.0,15024.0,-4049.0,324080.0
115,-14244.0,-24068.0,29092.0,-2928.0,-4171.0,14530.0,-1285.0,324087.0
116,-16872.0,-24292.0,29452.0,-2928.0,-1023.0,12374.0,2244.0,324093.0
117,-13696.0,-25504.0,28700.0,-2944.0,2344.0,10260.0,3018.0,324100.0
118,-14140.0,-25916.0,28244.0,-2928.0,5525.0,7782.0,3226.0,324106.0
119,-12412.0,-25628.0,27536.0,-2928.0,8315.0,5406.0,3742.0,324112.0
120,-11172.0,-24904.0,25772.0,-2928.0,10663.0,3383.0,3843.0,324118.0
121,-10744.0,-24036.0,23276.0,-2928.0,12717.0,1640.0,4171.0,324124.0
122,-11164.0,-23208.0,21024.0,-2944.0,14399.0,13.0,4534.0,324131.0
123,-11716.0,-22176.0,17804.0,-2928.0,15622.0,-1683.0,5011.0,324137.0
124,-12224.0,-18120.0,9336.0,-2944.0,16093.0,-4365.0,5736.0,324144.0
125,-6556.0,-7728.0,-18760.0,-2928.0,11998.0,-7171.0,4954.0,324150.0
126,32767.0,10668.0,-32768.0,-2912.0,-7460.0,-8136.0,-8656.0,324156.0
127,32767.0,-31164.0,-32768.0,-2928.0,-6747.0,-17652.0,-28818.0,324162.0
128,31004.0,-32768.0,-13092.0,-2912.0,12943.0,-21675.0,2647.0,324169.0
129,5340.0,-28176.0,15964.0,-2944.0,13654.0,11674.0,19136.0,324175.0
130,-29084.0,-32768.0,32767.0,-2928.0,14182.0,30062.0,15771.0,324182.0
131,-32768.0,-32768.0,32767.0,-2928.0,14725.0,20717.0,8318.0,324189.0
132,-32768.0,-32768.0,15152.0,-2944.0,14553.0,4602.0,2975.0,324195.0
133,-23512.0,-27792.0,-10280.0,-2912.0,13539.0,-5564.0,2247.0,324201.0
134,15240.0,-10004.0,-11284.0,-2944.0,13383.0,-13331.0,-1609.0,324207.0
135,31120.0,-2548.0,1152.0,-2896.0,13200.0,-15656.0,-4568.0,324214.0
136,21640.0,-8948.0,8028.0,-2912.0,12089.0,-5944.0,-648.0,324220.0
137,9936.0,-13984.0,4108.0,-2928.0,10984.0,1805.0,1115.0,324227.0
138,5900.0,-12360.0,-312.0,-2912.0,9662.0,393.0,169.0,324233.0
139,6108.0,-12188.0,-1316.0,-2944.0,9254.0,-4256.0,-585.0,324239.0
140,6680.0,-14044.0,-412.0,-2928.0,9240.0,-5686.0,782.0,324244.0
141,6936.0,-16824.0,-496.0,-2896.0,9440.0,-3950.0,1810.0,324250.0
142,5564.0,-18776.0,-1296.0,-2912.0,9898.0,-2008.0,2087.0,324256.0
143,4708.0,-19464.0,-1920.0,-2928.0,10480.0,-1015.0,2174.0,324262.0
144,5888.0,-18160.0,-2476.0,-2944.0,10692.0,-1048.0,2006.0,324269.0
145,6732.0,-16860.0,-2364.0,-2944.0,10553.0,-862.0,2148.0,324275.0
146,6664.0,-16244.0,-1336.0,-2928.0,10208.0,574.0,2399.0,324281.0
147,5024.0,-15588.0,-512.0,-2944.0,9700.0,2730.0,2418.0,324287.0
148,2476.0,-15208.0,-568.0,-2912.0,9236.0,4205.0,2234.0,324293.0
149,268.0,-15468.0,-696.0,-2928.0,8944.0,4548.0,1840.0,324299.0
150,-620.0,-16056.0,-1120.0,-2928.0,8878.0,3771.0,982.0,324305.0
151,-432.0,-16500.0,-964.0,-2912.0,8858.0,2139.0,120.0,324312.0
152,604.0,-16404.0,-712.0,-2928.0,8649.0,289.0,-353.0,324317.0
153,2516.0,-16424.0,-500.0,-2960.0,8447.0,-1185.0,-461.0,324323.0
154,4368.0,-16580.0,-1128.0,-2960.0,8412.0,-2035.0,-398.0,324329.0
155,6096.0,-15888.0,-1360.0,-2912.0,8367.0,-2147.0,-330.0,324335.0
156,7188.0,-14972.0,-988.0,-2944.0,8147.0,-1610.0,-200.0,324341.0
157,8152.0,-14652.0,-752.0,-2928.0,7870.0,-477.0,86.0,324347.0
158,8484.0,-14832.0,-656.0,-2912.0,7608.0,1038.0,532.0,324353.0
159,7936.0,-15196.0,-432.0,-2912.0,7365.0,2864.0,961.0,324359.0
160,6996.0,-15360.0,-492.0,-2960.0,7186.0,4253.0,1275.0,324365.0
161,6132.0,-15376.0,-332.0,-2960.0,7013.0,4881.0,1545.0,324371.0
162,5940.0,-15356.0,-128.0,-2928.0,6806.0,5094.0,1672.0,324377.0
163,5456.0,-15544.0,-232.0,-2944.0,6703.0,5178.0,1667.0,324383.0
164,4824.0,-15196.0,120.0,-2928.0,6530.0,4927.0,1805.0,324389.0
165,4468.0,-14928.0,428.0,-2960.0,6299.0,4586.0,1795.0,324396.0
166,4252.0,-15284.0,156.0,-2944.0,6123.0,4321.0,1727.0,324402.0
167,4408.0,-15308.0,-80.0,-2912.0,5995.0,4206.0,1645.0,324407.0
168,4300.0,-15576.0,-364.0,-2912.0,5846.0,4193.0,1597.0,324413.0
169,4140.0,-15716.0,-328.0,-2928.0,5745.0,4249.0,1653.0,324419.0
170,3764.0,-16004.0,-304.0,-2944.0,5645.0,4311.0,1606.0,324425.0
171,3616.0,-16088.0,-416.0,-2912.0,5634.0,4141.0,1561.0,324431.0
172,3656.0,-16168.0,-432.0,-2896.0,5582.0,3819.0,1497.0,324438.0
173,3764.0,-15868.0,-164.0,-2944.0,5526.0,3389.0,1465.0,324444.0
174,3984.0,-15868.0,24.0,-2912.0,5397.0,2931.0,1486.0,324450.0
175,4756.0,-15504.0,60.0,-2944.0,5248.0,2687.0,1532.0,324456.0
176,4724.0,-15428.0,372.0,-2944.0,5106.0,2588.0,1594.0,324461.0
177,5092.0,-15496.0,436.0,-2928.0,4962.0,2560.0,1692.0,324467.0
178,5316.0,-15716.0,464.0,-2960.0,4887.0,2723.0,1714.0,324473.0
179,5260.0,-15772.0,536.0,-2912.0,4799.0,2955.0,1741.0,324480.0
180,4976.0,-15844.0,612.0,-2944.0,4697.0,3065.0,1821.0,324486.0
181,4352.0,-15784.0,868.0,-2960.0,4628.0,3094.0,1838.0,324492.0
182,4312.0,-15804.0,968.0,-2928.0,4547.0,3013.0,1780.0,324498.0
183,4180.0,-15980.0,976.0,-2896.0,4477.0,2968.0,1774.0,324504.0
184,3960.0,-16028.0,1136.0,-2912.0,4404.0,2885.0,1749.0,324509.0
185,3896.0,-15856.0,1132.0,-2944.0,4307.0,2840.0,1657.0,324515.0
186,3772.0,-15716.0,1344.0,-2896.0,4247.0,2733.0,1632.0,324521.0
187,3576.0,-15580.0,1408.0,-2912.0,4204.0,2694.0,1605.0,324528.0
188,3260.0,-15896.0,1796.0,-2960.0,4115.0,2592.0,1528.0,324534.0
189,3176.0,-16076.0,1868.0,-2928.0,4046.0,2479.0,1461.0,324540.0
190,3336.0,-15976.0,1896.0,-2912.0,3981.0,2300.0,1459.0,324546.0
191,3760.0,-15920.0,1692.0,-2928.0,3900.0,2222.0,1444.0,324552.0
192,4016.0,-16040.0,1828.0,-2928.0,3869.0,2209.0,1463.0,324558.0
193,4416.0,-16152.0,1576.0,-2944.0,3830.0,2187.0,1495.0,324564.0
194,4820.0,-16324.0,1552.0,-2928.0,3871.0,2206.0,1548.0,324571.0
195,4780.0,-16248.0,1504.0,-2944.0,3833.0,2395.0,1613.0,324576.0
196,4812.0,-16376.0,1724.0,-2976.0,3832.0,2594.0,1714.0,324582.0
197,4708.0,-16428.0,1672.0,-2960.0,3883.0,2806.0,1781.0,324588.0
198,4776.0,-16476.0,1580.0,-2944.0,3913.0,2947.0,1857.0,324594.0
199,5072.0,-16324.0,1348.0,-2960.0,4004.0,3092.0,1861.0,324600.0
200,5372.0,-16100.0,1368.0,-2960.0,4071.0,3252.0,1904.0,324606.0
201,5324.0,-16384.0,1576.0,-2944.0,4171.0,3543.0,1960.0,324613.0
202,5156.0,-16728.0,1372.0,-2928.0,4341.0,3936.0,1970.0,324619.0
203,5116.0,-16640.0,1380.0,-2960.0,4516.0,4214.0,2017.0,324625.0
204,5332.0,-16600.0,1104.0,-2944.0,4735.0,4399.0,2012.0,324631.0
205,4668.0,-16864.0,1044.0,-2928.0,5008.0,4526.0,2246.0,324637.0
206,4364.0,-16856.0,1180.0,-2944.0,5312.0,4625.0,2397.0,324643.0
207,3632.0,-17176.0,1296.0,-2912.0,5622.0,4547.0,2628.0,324648.0
208,3324.0,-17388.0,1528.0,-2928.0,5945.0,4479.0,2775.0,324655.0
209,3208.0,-17476.0,1460.0,-2944.0,6307.0,4134.0,2987.0,324661.0
210,3524.0,-17732.0,1624.0,-2976.0,6657.0,3826.0,3118.0,324667.0
211,4076.0,-17756.0,1696.0,-2960.0,6976.0,3565.0,3249.0,324673.0
212,4432.0,-17860.0,1636.0,-2912.0,7253.0,3374.0,3420.0,324679.0
213,4576.0,-17768.0,1784.0,-2912.0,7494.0,3320.0,3599.0,324685.0
214,4620.0,-17884.0,2088.0,-2928.0,7726.0,3420.0,3838.0,324691.0
215,4456.0,-17856.0,2140.0,-2928.0,7977.0,3461.0,4030.0,324698.0
216,3816.0,-18104.0,2356.0,-2928.0,8195.0,3518.0,4353.0,324704.0
217,3324.0,-18428.0,3092.0,-2928.0,8416.0,3591.0,4659.0,324710.0
218,732.0,-19020.0,3696.0,-2944.0,8574.0,3824.0,4928.0,324716.0
219,3044.0,-19168.0,3184.0,-2976.0,9042.0,3644.0,5435.0,324721.0
220,-120.0,-18692.0,3304.0,-2928.0,9216.0,3589.0,5310.0,324727.0
221,312.0,-19584.0,3088.0,-2944.0,9567.0,2779.0,6079.0,324733.0
222,152.0,-19600.0,3244.0,-2944.0,9895.0,2461.0,6360.0,324740.0
223,656.0,-19784.0,3192.0,-2944.0,10216.0,1969.0,6616.0,324746.0
224,732.0,-19876.0,3108.0,-2928.0,10584.0,1473.0,6584.0,324752.0
225,1504.0,-20208.0,3124.0,-2944.0,10967.0,966.0,6919.0,324758.0
226,2576.0,-20420.0,2924.0,-2944.0,11278.0,832.0,7231.0,324764.0
227,3936.0,-20384.0,3132.0,-2928.0,11645.0,1066.0,7555.0,324770.0
228,4924.0,-20672.0,2896.0,-2944.0,11983.0,1497.0,7768.0,324776.0
229,5788.0,-21032.0,2712.0,-2928.0,12312.0,2079.0,8007.0,324783.0
230,6060.0,-21708.0,2800.0,-2944.0,12640.0,2755.0,8440.0,324788.0
231,5036.0,-21984.0,3476.0,-2928.0,12866.0,3565.0,9076.0,324794.0
232,4688.0,-23368.0,4008.0,-2944.0,13007.0,3613.0,9757.0,324800.0
233,5776.0,-24892.0,3328.0,-2912.0,13168.0,3456.0,10202.0,324806.0
234,7148.0,-24992.0,2080.0,-2928.0,13594.0,3874.0,10220.0,324812.0
235,8016.0,-24052.0,1428.0,-2960.0,14187.0,4515.0,10171.0,324818.0
236,8244.0,-24136.0,1500.0,-2944.0,14645.0,5506.0,10298.0,324825.0
237,7988.0,-25484.0,1308.0,-2912.0,15207.0,6706.0,10436.0,324831.0
238,7224.0,-26408.0,996.0,-2928.0,15818.0,7690.0,10659.0,324837.0
239,6692.0,-27252.0,2692.0,-2928.0,16709.0,8474.0,10887.0,324843.0
240,5444.0,-27380.0,1696.0,-2912.0,17260.0,9136.0,11236.0,324849.0
241,5852.0,-28548.0,-200.0,-2944.0,17726.0,9783.0,11210.0,324855.0
242,6696.0,-29624.0,-2000.0,-2960.0,18169.0,9991.0,11231.0,324861.0
243,7928.0,-30064.0,-3452.0,-2944.0,18340.0,10214.0,11086.0,324868.0
244,9000.0,-31188.0,-6164.0,-2928.0,18338.0,11084.0,10804.0,324875.0
245,9236.0,-32768.0,-9252.0,-2928.0,18405.0,11877.0,10676.0,324881.0
246,8432.0,-32528.0,-11732.0,-2928.0,18328.0,12109.0,10974.0,324887.0
247,6616.0,-30604.0,-13824.0,-2912.0,17932.0,11593.0,11458.0,324893.0
248,4996.0,-27504.0,-16132.0,-2944.0,17314.0,10355.0,11840.0,324899.0
249,4672.0,-24136.0,-16772.0,-2928.0,16346.0,8770.0,11910.0,324905.0
250,4480.0,-20372.0,-16148.0,-2928.0,14970.0,7064.0,12052.0,324912.0
251,3836.0,-17552.0,-13068.0,-2928.0,13483.0,5873.0,12438.0,324918.0
252,3484.0,-16408.0,-5028.0,-2928.0,12347.0,4036.0,12443.0,324924.0
253,3176.0,-17240.0,2284.0,-2960.0,11965.0,1267.0,12158.0,324930.0
254,3000.0,-18928.0,6240.0,-2928.0,11691.0,-1574.0,11366.0,324936.0
255,1980.0,-20892.0,6700.0,-2960.0,11091.0,-4593.0,9869.0,324943.0
256,1072.0,-23508.0,7244.0,-2944.0,10829.0,-7892.0,8456.0,324950.0
257,880.0,-25304.0,6580.0,-2928.0,11512.0,-10733.0,7428.0,324956.0
258,3332.0,-23844.0,6432.0,-2928.0,11889.0,-11655.0,6291.0,324962.0
259,5032.0,-21076.0,2556.0,-2960.0,11878.0,-12009.0,5269.0,324968.0
260,7896.0,-19076.0,3492.0,-2944.0,12514.0,-11702.0,4565.0,324974.0
261,11392.0,-13508.0,424.0,-2944.0,12257.0,-8630.0,4299.0,324980.0
262,11152.0,-9344.0,-1912.0,-2912.0,10268.0,-3589.0,4383.0,324986.0
263,9252.0,-7560.0,-3348.0,-2928.0,7711.0,520.0,4370.0,324993.0
264,8324.0,-6524.0,-4880.0,-2912.0,5547.0,2377.0,4050.0,324999.0
265,8092.0,-5580.0,-6556.0,-2912.0,3768.0,3042.0,3589.0,325004.0
266,8128.0,-4452.0,-7684.0,-2928.0,1992.0,3559.0,3017.0,325010.0
267,7372.0,-3260.0,-7888.0,-2928.0,183.0,4171.0,2673.0,325016.0
268,5984.0,-2500.0,-7588.0,-2912.0,-1633.0,4749.0,2535.0,325022.0
269,4064.0,-2312.0,-6720.0,-2944.0,-3244.0,5108.0,2459.0,325028.0
270,2308.0,-2232.0,-6132.0,-2928.0,-4801.0,5100.0,2246.0,325035.0
271,1052.0,-1892.0,-5932.0,-2928.0,-6478.0,4530.0,1715.0,325041.0
272,332.0,-1756.0,-5676.0,-2960.0,-8180.0,3357.0,896.0,325047.0
273,-24.0,-2076.0,-4980.0,-2928.0,-9747.0,1637.0,-172.0,325053.0
274,-328.0,-2672.0,-4240.0,-2960.0,-11129.0,-411.0,-1238.0,325058.0
275,-420.0,-2852.0,-4180.0,-2928.0,-12442.0,-2624.0,-2122.0,325064.0
276,32.0,-2992.0,-3672.0,-2944.0,-13757.0,-4748.0,-2946.0,325070.0
277,372.0,-3420.0,-2812.0,-2912.0,-14931.0,-6402.0,-3560.0,325076.0
278,1020.0,-3528.0,-2664.0,-2928.0,-16247.0,-7453.0,-4106.0,325083.0
279,1380.0,-3520.0,-2968.0,-2912.0,-17753.0,-8107.0,-4840.0,325089.0
280,1824.0,-3648.0,-3104.0,-2944.0,-19348.0,-8521.0,-5554.0,325095.0
281,2104.0,-3936.0,-3544.0,-2928.0,-20910.0,-8743.0,-6091.0,325101.0
282,2336.0,-4440.0,-4124.0,-2912.0,-22412.0,-9327.0,-6651.0,325107.0
283,2616.0,-5216.0,-3876.0,-2928.0,-23702.0,-9798.0,-7140.0,325113.0
284,3116.0,-6072.0,-3796.0,-2928.0,-24910.0,-10308.0,-7667.0,325120.0
285,3328.0,-6688.0,-3248.0,-2944.0,-25934.0,-10812.0,-8135.0,325126.0
286,3872.0,-7728.0,-2660.0,-2880.0,-26906.0,-11072.0,-8462.0,325132.0
287,4496.0,-8512.0,-2444.0,-2928.0,-27860.0,-11161.0,-8915.0,325138.0
288,5408.0,-9252.0,-2052.0,-2960.0,-29005.0,-11043.0,-9417.0,325144.0
289,6304.0,-10540.0,-2120.0,-2928.0,-30193.0,-10654.0,-9908.0,325150.0
290,7160.0,-12080.0,-1452.0,-2928.0,-31133.0,-10054.0,-10330.0,325156.0
291,7508.0,-13476.0,-1208.0,-2960.0,-31889.0,-9241.0,-10562.0,325163.0
292,7436.0,-14640.0,-664.0,-2928.0,-32524.0,-8296.0,-10729.0,325169.0
293,6664.0,-16044.0,68.0,-2912.0,-32768.0,-7305.0,-10862.0,325175.0
294,6024.0,-16884.0,704.0,-2912.0,-32768.0,-6406.0,-11027.0,325181.0
295,5288.0,-17804.0,1092.0,-2960.0,-32768.0,-5742.0,-11258.0,325188.0
296,4320.0,-18784.0,1364.0,-2944.0,-32768.0,-5314.0,-11467.0,325194.0
297,3876.0,-19460.0,1608.0,-2928.0,-32768.0,-5091.0,-11767.0,325200.0
298,3700.0,-20496.0,1320.0,-2928.0,-32768.0,-4869.0,-12041.0,325207.0
299,4004.0,-21352.0,1072.0,-2944.0,-32768.0,-4510.0,-12284.0,325213.0
300,4312.0,-22156.0,612.0,-2960.0,-32768.0,-4089.0,-12584.0,325220.0
301,4908.0,-23356.0,448.0,-2944.0,-32768.0,-3657.0,-12921.0,325226.0
302,5480.0,-24404.0,204.0,-2944.0,-32768.0,-3115.0,-13164.0,325232.0
303,5836.0,-25692.0,708.0,-2928.0,-32768.0,-2529.0,-13460.0,325238.0
304,6032.0,-27404.0,1220.0,-2912.0,-32768.0,-1857.0,-13753.0,325244.0
305,5792.0,-28612.0,2088.0,-2928.0,-32768.0,-1267.0,-14027.0,325251.0
306,4860.0,-29668.0,3424.0,-2880.0,-32768.0,-1066.0,-14300.0,325258.0
307,3840.0,-30876.0,4556.0,-2960.0,-32768.0,-1218.0,-14521.0,325264.0
308,2760.0,-32032.0,5940.0,-2928.0,-32768.0,-1572.0,-14765.0,325270.0
309,2056.0,-32768.0,7236.0,-2912.0,-32768.0,-1907.0,-15045.0,325276.0
310,1988.0,-32768.0,8248.0,-2928.0,-32768.0,-2104.0,-15311.0,325283.0
311,2264.0,-32768.0,10392.0,-2960.0,-32768.0,-2231.0,-15408.0,325289.0
312,2908.0,-32768.0,12292.0,-2960.0,-32768.0,-2099.0,-15179.0,325296.0
313,4300.0,-32768.0,14280.0,-2928.0,-32231.0,-1613.0,-14761.0,325302.0
314,5920.0,-32768.0,15840.0,-2944.0,-30468.0,-746.0,-14407.0,325309.0
315,7068.0,-32768.0,17320.0,-2928.0,-28586.0,791.0,-14074.0,325315.0
316,6588.0,-32768.0,19852.0,-2944.0,-26344.0,2947.0,-13761.0,325321.0
317,4832.0,-32768.0,21932.0,-2912.0,-23792.0,5310.0,-13446.0,325327.0
318,1404.0,-31968.0,24080.0,-2928.0,-21193.0,7362.0,-12968.0,325335.0
319,-2008.0,-31348.0,25896.0,-2912.0,-18548.0,8885.0,-12055.0,325341.0
320,-5960.0,-30620.0,28456.0,-2944.0,-15577.0,10337.0,-9805.0,325347.0
321,-8324.0,-30828.0,30460.0,-2944.0,-11993.0,11192.0,-10083.0,325353.0
322,-10764.0,-28452.0,31948.0,-2928.0,-8517.0,10623.0,-1161.0,325360.0
323,-8996.0,-26328.0,32012.0,-2928.0,-4450.0,11523.0,-2119.0,325366.0
324,-16908.0,-25184.0,31696.0,-2944.0,-791.0,10502.0,-1365.0,325372.0
325,-19016.0,-25932.0,30352.0,-2928.0,2877.0,7463.0,643.0,325380.0
326,-18364.0,-25480.0,28704.0,-2960.0,6324.0,3626.0,2220.0,325386.0
327,-17112.0,-25000.0,26436.0,-2928.0,9462.0,70.0,2797.0,325392.0
328,-16636.0,-23880.0,25036.0,-2960.0,12015.0,-3062.0,3966.0,325398.0
329,-14972.0,-22204.0,22544.0,-2912.0,14138.0,-5751.0,4429.0,325404.0
330,-15444.0,-20856.0,18196.0,-2976.0,15528.0,-8793.0,4296.0,325410.0
331,-15016.0,-14244.0,3664.0,-2960.0,15126.0,-13142.0,4263.0,325416.0
332,1444.0,3288.0,-32768.0,-2944.0,4075.0,-16954.0,-323.0,325423.0
333,32767.0,-7792.0,-32768.0,-2928.0,-7684.0,-18326.0,-17188.0,325429.0
334,32767.0,-32768.0,-32768.0,-2912.0,3536.0,-28870.0,-15641.0,325436.0
335,10544.0,-32768.0,-4100.0,-2960.0,15804.0,-22640.0,9436.0,325442.0
336,-8336.0,-32768.0,28008.0,-2944.0,17993.0,7526.0,15915.0,325448.0
337,-22340.0,-32768.0,32767.0,-2928.0,19249.0,18829.0,12864.0,325455.0
338,-18668.0,-32768.0,32767.0,-2944.0,19984.0,5712.0,2292.0,325462.0
339,-15212.0,-32768.0,2712.0,-2928.0,18537.0,-11460.0,-2043.0,325468.0
340,-1624.0,-23288.0,-14380.0,-2960.0,18002.0,-18208.0,1213.0,325474.0
341,15560.0,-13056.0,-7364.0,-2960.0,19531.0,-16298.0,4104.0,325481.0
342,19516.0,-1224.0,1892.0,-2944.0,17617.0,-9494.0,2823.0,325487.0
343,8644.0,-1580.0,6108.0,-2960.0,14262.0,-3718.0,1883.0,325493.0
344,5560.0,-7276.0,1632.0,-2928.0,11939.0,-4000.0,2839.0,325499.0
345,10752.0,-11272.0,0.0,-2944.0,11121.0,-6979.0,1288.0,325506.0
346,10380.0,-16732.0,-8.0,-2944.0,11565.0,-7060.0,997.0,325512.0
347,8524.0,-19708.0,-256.0,-2976.0,11980.0,-3324.0,3015.0,325517.0
348,7776.0,-20440.0,-408.0,-2928.0,12242.0,1336.0,4218.0,325523.0
349,5976.0,-20740.0,-1184.0,-2944.0,12659.0,4459.0,3988.0,325529.0
350,2680.0,-19128.0,-828.0,-2944.0,12763.0,6223.0,3449.0,325535.0
351,-344.0,-16736.0,-472.0,-2928.0,12075.0,6554.0,2556.0,325541.0
352,-744.0,-14776.0,-948.0,-2960.0,10966.0,5349.0,1644.0,325548.0
353,668.0,-14420.0,-1264.0,-2944.0,10209.0,4118.0,1151.0,325554.0
354,2192.0,-14620.0,-1068.0,-2928.0,9780.0,3446.0,972.0,325560.0
355,2516.0,-14384.0,-424.0,-2976.0,9215.0,3533.0,871.0,325566.0
356,2328.0,-14332.0,8.0,-2944.0,8529.0,4038.0,553.0,325572.0
357,1648.0,-14908.0,-292.0,-2960.0,7924.0,4110.0,96.0,325578.0
358,1468.0,-15564.0,-360.0,-2928.0,7460.0,3575.0,-154.0,325583.0
359,1748.0,-15912.0,-576.0,-2960.0,7099.0,2962.0,-324.0,325590.0
360,2084.0,-15948.0,-612.0,-2944.0,6765.0,2395.0,-492.0,325596.0
361,2580.0,-15564.0,-672.0,-2944.0,6522.0,1723.0,-743.0,325602.0
362,3624.0,-15240.0,-604.0,-2944.0,6218.0,1193.0,-935.0,325608.0
363,4848.0,-14964.0,-532.0,-2960.0,5854.0,1157.0,-931.0,325614.0
364,6080.0,-14900.0,-584.0,-2960.0,5521.0,1538.0,-791.0,325620.0
365,6940.0,-14948.0,-388.0,-2960.0,5258.0,2325.0,-508.0,325625.0
366,6944.0,-14928.0,-368.0,-2960.0,4991.0,3202.0,-140.0,325632.0
367,6368.0,-15080.0,-504.0,-2912.0,4766.0,3967.0,222.0,325638.0
368,5248.0,-15192.0,-444.0,-2976.0,4547.0,4285.0,504.0,325644.0
369,4248.0,-15140.0,-260.0,-2944.0,4293.0,4139.0,588.0,325650.0
370,3560.0,-15344.0,12.0,-2976.0,4023.0,3535.0,647.0,325656.0
371,3260.0,-15720.0,100.0,-2976.0,3821.0,2862.0,644.0,325661.0
372,3676.0,-15752.0,-72.0,-2944.0,3618.0,2390.0,530.0,325667.0
373,3808.0,-15876.0,-464.0,-2976.0,3468.0,2145.0,537.0,325673.0
374,3784.0,-16040.0,-884.0,-2944.0,3288.0,2127.0,585.0,325680.0
375,3812.0,-16508.0,-308.0,-2944.0,3261.0,2145.0,590.0,325686.0
376,4020.0,-16876.0,-324.0,-2928.0,3420.0,2341.0,503.0,325692.0
377,4192.0,-16632.0,-540.0,-2928.0,3588.0,2560.0,477.0,325697.0
378,4172.0,-16092.0,-512.0,-2960.0,3647.0,2580.0,457.0,325703.0
379,4204.0,-15848.0,-384.0,-2960.0,3663.0,2407.0,429.0,325709.0
380,4452.0,-15896.0,-256.0,-2960.0,3728.0,2217.0,461.0,325715.0
381,4644.0,-15712.0,-204.0,-2944.0,3757.0,2051.0,506.0,325722.0
382,5160.0,-15620.0,-20.0,-2944.0,3831.0,2032.0,579.0,325728.0
383,6044.0,-15800.0,-288.0,-2928.0,3887.0,2395.0,802.0,325733.0
384,5332.0,-15724.0,-288.0,-2960.0,4014.0,2599.0,793.0,325739.0
385,5432.0,-15400.0,-68.0,-2928.0,4069.0,2626.0,922.0,325745.0
386,5448.0,-15740.0,-304.0,-2928.0,4194.0,2792.0,1036.0,325751.0
387,5044.0,-15856.0,-36.0,-2960.0,4363.0,2985.0,1193.0,325757.0
388,4644.0,-15840.0,-224.0,-2960.0,4479.0,3014.0,1274.0,325764.0
389,4344.0,-15708.0,68.0,-2928.0,4575.0,2881.0,1375.0,325769.0
390,4072.0,-15636.0,144.0,-2928.0,4632.0,2693.0,1433.0,325775.0
391,3848.0,-15760.0,372.0,-2960.0,4633.0,2458.0,1520.0,325781.0
392,3692.0,-15892.0,440.0,-2912.0,4666.0,2144.0,1510.0,325787.0
393,3656.0,-15704.0,424.0,-2944.0,4662.0,1795.0,1555.0,325793.0
394,3652.0,-15888.0,408.0,-2912.0,4638.0,1435.0,1584.0,325799.0
395,3700.0,-15932.0,568.0,-2960.0,4633.0,1143.0,1605.0,325806.0
396,3644.0,-15912.0,780.0,-2928.0,4627.0,945.0,1572.0,325811.0
397,3640.0,-15984.0,828.0,-2960.0,4596.0,786.0,1587.0,325817.0
398,3544.0,-15904.0,972.0,-2960.0,4558.0,674.0,1594.0,325823.0
399,3416.0,-15928.0,1120.0,-2928.0,4581.0,529.0,1575.0,325829.0
400,3160.0,-15752.0,1236.0,-2928.0,4550.0,250.0,1551.0,325835.0
401,3368.0,-15952.0,1284.0,-2928.0,4538.0,36.0,1548.0,325841.0
402,3536.0,-16812.0,608.0,-2928.0,4793.0,76.0,1504.0,325847.0
403,3744.0,-16580.0,756.0,-2944.0,4933.0,-189.0,1557.0,325853.0
404,3968.0,-16392.0,740.0,-2944.0,5045.0,-232.0,1585.0,325859.0
405,4176.0,-16544.0,1056.0,-2976.0,5191.0,-294.0,1628.0,325865.0
406,3852.0,-16684.0,1168.0,-2960.0,5237.0,-123.0,1679.0,325871.0
407,3780.0,-16512.0,1000.0,-2928.0,5238.0,55.0,1663.0,325877.0
408,3744.0,-16164.0,1396.0,-2960.0,5175.0,117.0,1641.0,325882.0
409,3672.0,-15992.0,1764.0,-2960.0,5142.0,156.0,1550.0,325889.0
410,3732.0,-16224.0,1772.0,-2992.0,5152.0,182.0,1538.0,325895.0
411,3684.0,-16328.0,1884.0,-2928.0,5164.0,402.0,1465.0,325901.0
412,3680.0,-16212.0,1952.0,-2960.0,5106.0,619.0,1437.0,325907.0
413,3896.0,-16104.0,1880.0,-2944.0,5092.0,768.0,1348.0,325913.0
414,4072.0,-16140.0,1716.0,-2976.0,5117.0,995.0,1275.0,325919.0
415,3888.0,-16320.0,1956.0,-2928.0,5145.0,1326.0,1198.0,325924.0
416,3756.0,-16512.0,1800.0,-2928.0,5290.0,1581.0,1139.0,325931.0
417,3656.0,-16524.0,1924.0,-2944.0,5369.0,1725.0,1159.0,325937.0
418,3952.0,-16724.0,1688.0,-2928.0,5516.0,1906.0,1192.0,325943.0
419,4012.0,-16924.0,1412.0,-2928.0,5764.0,1950.0,1299.0,325949.0
420,4132.0,-17104.0,1668.0,-2944.0,6000.0,1946.0,1340.0,325955.0
421,4516.0,-17392.0,1500.0,-2960.0,6270.0,1844.0,1472.0,325961.0
422,4904.0,-17236.0,1680.0,-2928.0,6514.0,1656.0,1681.0,325967.0
423,5304.0,-17020.0,1592.0,-2912.0,6755.0,1788.0,1858.0,325974.0
424,5244.0,-16952.0,1996.0,-2928.0,6952.0,1929.0,2069.0,325980.0
425,5332.0,-16760.0,2304.0,-2928.0,7181.0,2085.0,2329.0,325986.0
426,5360.0,-16812.0,2236.0,-2976.0,7422.0,2285.0,2601.0,325991.0
427,5292.0,-16928.0,2432.0,-2928.0,7623.0,2539.0,2930.0,325997.0
428,5348.0,-17076.0,2368.0,-2976.0,7845.0,2799.0,3253.0,326003.0
429,5100.0,-17440.0,2516.0,-2960.0,8083.0,3013.0,3596.0,326009.0
430,5252.0,-17976.0,2744.0,-2928.0,8345.0,3151.0,3839.0,326016.0
431,5896.0,-18032.0,2564.0,-2912.0,8567.0,3259.0,4044.0,326022.0
432,5876.0,-18052.0,3416.0,-2928.0,8815.0,3682.0,4322.0,326028.0
433,7920.0,-17760.0,1864.0,-2928.0,9087.0,4051.0,4894.0,326034.0
434,4672.0,-18060.0,2944.0,-2912.0,9195.0,4869.0,4822.0,326040.0
435,6552.0,-19444.0,3276.0,-2960.0,9742.0,4620.0,5734.0,326046.0
436,6584.0,-19188.0,2844.0,-2928.0,10047.0,4900.0,5363.0,326052.0
437,7480.0,-20032.0,2080.0,-2928.0,10399.0,5168.0,5543.0,326059.0
438,7152.0,-21380.0,1892.0,-2944.0,10885.0,5965.0,6269.0,326065.0
439,6004.0,-22600.0,1996.0,-2960.0,11400.0,6990.0,6889.0,326070.0
440,4088.0,-24588.0,2784.0,-2976.0,11949.0,7425.0,7879.0,326076.0
441,3452.0,-27044.0,3124.0,-2960.0,12641.0,7156.0,8745.0,326082.0
442,3708.0,-28632.0,2288.0,-2944.0,13503.0,6792.0,9143.0,326088.0
443,4072.0,-29252.0,628.0,-2928.0,14481.0,6604.0,9308.0,326094.0
444,3964.0,-29292.0,728.0,-2912.0,15559.0,6867.0,9631.0,326100.0
445,3432.0,-30072.0,1000.0,-2896.0,16532.0,7302.0,10206.0,326107.0
446,2864.0,-31780.0,744.0,-2944.0,17524.0,7767.0,10810.0,326113.0
447,2700.0,-32768.0,160.0,-2928.0,18439.0,7896.0,11313.0,326119.0
448,3384.0,-32768.0,-92.0,-2976.0,19392.0,7746.0,11604.0,326125.0
449,4392.0,-32768.0,252.0,-2960.0,20230.0,7326.0,11356.0,326131.0
450,6248.0,-32768.0,312.0,-2944.0,20696.0,7476.0,10689.0,326137.0
451,8356.0,-32768.0,820.0,-2960.0,21516.0,8821.0,10056.0,326144.0
452,8592.0,-32768.0,-2472.0,-2912.0,22235.0,10444.0,10386.0,326150.0
453,8508.0,-32768.0,-6284.0,-2944.0,22588.0,11718.0,10952.0,326156.0
454,7452.0,-32768.0,-10152.0,-2928.0,22538.0,12373.0,11585.0,326162.0
455,7088.0,-31100.0,-14840.0,-2960.0,21903.0,12592.0,12026.0,326168.0
456,6356.0,-26580.0,-18964.0,-2944.0,20673.0,11791.0,12102.0,326174.0
457,5416.0,-22988.0,-19620.0,-2912.0,19138.0,10401.0,12148.0,326180.0
458,4280.0,-19472.0,-18488.0,-2960.0,17379.0,8227.0,12086.0,326188.0
459,3756.0,-15640.0,-15524.0,-2960.0,15486.0,5473.0,12003.0,326194.0
460,4112.0,-12572.0,-11792.0,-2944.0,13546.0,2809.0,11690.0,326200.0
461,4844.0,-10964.0,-6712.0,-2944.0,11668.0,171.0,11384.0,326206.0
462,5748.0,-11836.0,-136.0,-2960.0,10582.0,-1810.0,11031.0,326212.0
463,5840.0,-15156.0,7152.0,-2928.0,10383.0,-2332.0,10341.0,326218.0
464,4348.0,-18476.0,10752.0,-2944.0,10929.0,-1549.0,9335.0,326224.0
465,1736.0,-19044.0,8376.0,-2944.0,11167.0,-827.0,8385.0,326231.0
466,1552.0,-18272.0,8464.0,-2960.0,11336.0,-548.0,7133.0,326237.0
467,3564.0,-16400.0,4448.0,-2944.0,11510.0,-321.0,5749.0,326243.0
468,7788.0,-10996.0,88.0,-2960.0,10040.0,1063.0,4221.0,326249.0
469,9000.0,-7196.0,-3220.0,-2960.0,7959.0,2904.0,3178.0,326255.0
470,7176.0,-5236.0,-4580.0,-2912.0,5937.0,4640.0,3001.0,326261.0
471,4852.0,-4384.0,-4832.0,-2960.0,4342.0,5371.0,3002.0,326267.0
472,3116.0,-2724.0,-5812.0,-2944.0,2607.0,5518.0,2756.0,326273.0
473,2328.0,-1592.0,-6656.0,-2944.0,672.0,5908.0,2230.0,326279.0
474,1732.0,-696.0,-7692.0,-2912.0,-1389.0,6678.0,1727.0,326285.0
475,1444.0,-884.0,-7612.0,-2944.0,-3239.0,7387.0,1212.0,326291.0
476,1260.0,-1316.0,-7040.0,-2976.0,-4688.0,7574.0,646.0,326297.0
477,808.0,-1480.0,-6380.0,-2960.0,-6037.0,7077.0,19.0,326303.0
478,268.0,-1244.0,-5740.0,-2944.0,-7408.0,6042.0,-666.0,326308.0
479,-300.0,-1240.0,-4652.0,-2944.0,-8768.0,4606.0,-1426.0,326315.0
480,-732.0,-1472.0,-3472.0,-2976.0,-10026.0,2964.0,-2241.0,326321.0
481,-1108.0,-1496.0,-2328.0,-2960.0,-11224.0,1255.0,-2907.0,326327.0
482,-1008.0,-1328.0,-1552.0,-2944.0,-12529.0,-178.0,-3498.0,326333.0
483,-756.0,-1376.0,-1700.0,-2960.0,-13957.0,-1170.0,-4263.0,326339.0
484,-300.0,-1248.0,-1308.0,-2960.0,-15449.0,-1885.0,-5125.0,326345.0
485,44.0,-1408.0,-1212.0,-2944.0,-16965.0,-2375.0,-6072.0,326351.0
486,476.0,-1996.0,-1596.0,-2960.0,-18539.0,-2689.0,-7032.0,326358.0
487,248.0,-2824.0,-2156.0,-2960.0,-19949.0,-3195.0,-7833.0,326364.0
488,-476.0,-4236.0,-2272.0,-2944.0,-21207.0,-3949.0,-8402.0,326370.0
489,-1536.0,-5204.0,-2124.0,-2928.0,-22282.0,-5013.0,-8911.0,326375.0
490,-3196.0,-6412.0,-1588.0,-2976.0,-23233.0,-6387.0,-9233.0,326381.0
491,-4848.0,-7936.0,-424.0,-2960.0,-23909.0,-8032.0,-9302.0,326387.0
492,-5780.0,-9752.0,1288.0,-2976.0,-24184.0,-9665.0,-9311.0,326393.0
493,-6024.0,-11544.0,2008.0,-2928.0,-24294.0,-11311.0,-9299.0,326400.0
494,-5092.0,-12268.0,2088.0,-2960.0,-24448.0,-13058.0,-9379.0,326406.0
495,-4200.0,-12388.0,2980.0,-2928.0,-24609.0,-14637.0,-9347.0,326412.0
496,-3576.0,-11880.0,4004.0,-2928.0,-24959.0,-16497.0,-9326.0,326418.0
497,-3280.0,-11440.0,6592.0,-2944.0,-25477.0,-18197.0,-9105.0,326425.0
498,-2984.0,-12008.0,9160.0,-2944.0,-25780.0,-19130.0,-8840.0,326431.0
499,-2852.0,-12272.0,10064.0,-2944.0,-26152.0,-19616.0,-8779.0,326437.0
500,-2168.0,-12168.0,9916.0,-2960.0,-26689.0,-20210.0,-8756.0,326445.0
501,-1196.0,-12584.0,9740.0,-2960.0,-27069.0,-20998.0,-8648.0,326451.0
502,360.0,-13480.0,10224.0,-2960.0,-27301.0,-21388.0,-8323.0,326457.0
503,1832.0,-14812.0,11332.0,-2976.0,-27333.0,-20983.0,-7872.0,326464.0
504,3676.0,-16404.0,13184.0,-2944.0,-27227.0,-19639.0,-7462.0,326470.0
505,5576.0,-17876.0,15272.0,-2944.0,-26930.0,-17729.0,-7207.0,326476.0
506,7500.0,-19280.0,17456.0,-2976.0,-26465.0,-15424.0,-7044.0,326482.0
507,7984.0,-20280.0,18844.0,-2912.0,-25841.0,-12772.0,-6782.0,326490.0
508,7600.0,-21364.0,20512.0,-2976.0,-25028.0,-9924.0,-6336.0,326496.0
509,6384.0,-22284.0,21764.0,-2960.0,-24019.0,-7196.0,-5828.0,326502.0
510,4088.0,-23144.0,24132.0,-2944.0,-22668.0,-4940.0,-5189.0,326509.0
511,2120.0,-23560.0,26072.0,-2960.0,-21064.0,-3236.0,-4419.0,326515.0
512,520.0,-23404.0,27476.0,-2960.0,-19305.0,-2165.0,-3806.0,326521.0
513,-436.0,-22744.0,28068.0,-2960.0,-17650.0,-1740.0,-3495.0,326528.0
514,-812.0,-22132.0,28156.0,-2928.0,-15920.0,-1644.0,-3410.0,326534.0
515,-456.0,-21244.0,27596.0,-2976.0,-14252.0,-1627.0,-3387.0,326541.0
516,-232.0,-20404.0,26736.0,-2896.0,-12537.0,-1648.0,-3437.0,326547.0
517,-256.0,-19408.0,25608.0,-2928.0,-10830.0,-1739.0,-3457.0,326553.0
518,-92.0,-17408.0,23904.0,-2944.0,-9281.0,-2135.0,-3565.0,326559.0
519,12.0,-15636.0,22248.0,-2944.0,-7986.0,-2472.0,-3676.0,326565.0
520,276.0,-14020.0,20016.0,-2960.0,-7075.0,-2631.0,-3734.0,326572.0
521,608.0,-12340.0,17928.0,-2928.0,-6557.0,-2461.0,-3884.0,326578.0
522,940.0,-10596.0,14940.0,-2960.0,-6429.0,-1813.0,-4038.0,326584.0
523,844.0,-8844.0,12272.0,-2928.0,-6505.0,-981.0,-3926.0,326590.0
524,904.0,-8132.0,11596.0,-2928.0,-6563.0,-1002.0,-3735.0,326596.0
525,5640.0,-12904.0,28940.0,-2944.0,-4679.0,-5501.0,-4579.0,326602.0
526,16648.0,-32768.0,32767.0,-2928.0,6601.0,-14082.0,-7409.0,326608.0
527,-20244.0,-32768.0,32767.0,-2944.0,9819.0,964.0,4650.0,326616.0
528,-29168.0,-32768.0,-10572.0,-2928.0,4986.0,19591.0,12807.0,326622.0
529,-14180.0,-32768.0,-31244.0,-2960.0,6468.0,13019.0,2934.0,326628.0
530,-5120.0,-8336.0,-25648.0,-2976.0,6883.0,929.0,-1605.0,326634.0
531,14080.0,-3176.0,-7348.0,-2960.0,10813.0,-7550.0,331.0,326640.0
532,18148.0,-1440.0,6344.0,-2960.0,11470.0,-7489.0,-741.0,326646.0
533,8064.0,-5240.0,10208.0,-2912.0,9922.0,-6535.0,1795.0,326652.0
534,-2268.0,-8040.0,9192.0,-2928.0,8491.0,-6172.0,3831.0,326659.0
535,-7020.0,-8540.0,6912.0,-2928.0,6819.0,-5510.0,2232.0,326665.0
536,-4224.0,-11792.0,5872.0,-2944.0,5067.0,-4866.0,-844.0,326671.0
537,1672.0,-17616.0,3860.0,-2928.0,4357.0,-4146.0,-2264.0,326677.0
538,4676.0,-22512.0,796.0,-2976.0,4989.0,-2512.0,-2920.0,326683.0
539,6220.0,-22452.0,-1360.0,-2976.0,5919.0,-1550.0,-2188.0,326689.0
540,7340.0,-20432.0,-640.0,-2944.0,6668.0,-623.0,-757.0,326695.0
541,6968.0,-19424.0,784.0,-2944.0,7186.0,1855.0,496.0,326702.0
542,5096.0,-17464.0,1148.0,-2912.0,7133.0,4899.0,862.0,326707.0
543,2184.0,-15816.0,1976.0,-2944.0,6646.0,6878.0,412.0,326713.0
544,-716.0,-14572.0,2660.0,-2960.0,6204.0,7086.0,-516.0,326719.0
545,-1784.0,-13736.0,2972.0,-2960.0,5649.0,5684.0,-1133.0,326725.0
546,-648.0,-13992.0,2112.0,-2976.0,5181.0,3582.0,-1444.0,326731.0
547,1520.0,-15088.0,1376.0,-2960.0,4955.0,1696.0,-1426.0,326737.0
548,3200.0,-15952.0,2108.0,-2960.0,4815.0,704.0,-1092.0,326744.0
549,3736.0,-16512.0,3024.0,-2912.0,4707.0,403.0,-627.0,326750.0
550,3764.0,-17336.0,3320.0,-2944.0,4826.0,651.0,-317.0,326756.0
551,3756.0,-16912.0,1728.0,-2928.0,5052.0,914.0,-87.0,326761.0
552,4384.0,-15348.0,1660.0,-2944.0,4965.0,816.0,257.0,326767.0
553,4888.0,-15052.0,1856.0,-2944.0,4853.0,887.0,539.0,326773.0
554,4220.0,-15608.0,2272.0,-2944.0,4825.0,1477.0,934.0,326779.0
555,3232.0,-16736.0,1856.0,-2928.0,5031.0,2336.0,1208.0,326786.0
556,2772.0,-16508.0,656.0,-2912.0,5274.0,2505.0,1143.0,326792.0
557,2500.0,-16168.0,1128.0,-2944.0,5382.0,1874.0,1165.0,326798.0
558,2604.0,-15716.0,2040.0,-2928.0,5276.0,1577.0,1260.0,326804.0
559,1692.0,-16156.0,2744.0,-2912.0,5202.0,1753.0,1255.0,326810.0
560,876.0,-16740.0,2980.0,-2960.0,5281.0,1753.0,1098.0,326816.0
561,772.0,-16704.0,2036.0,-2944.0,5445.0,1337.0,731.0,326821.0
562,1636.0,-15820.0,2500.0,-2912.0,5335.0,414.0,735.0,326828.0
563,2792.0,-15680.0,2956.0,-2944.0,5210.0,180.0,681.0,326834.0
564,2960.0,-15656.0,3300.0,-2944.0,5074.0,413.0,767.0,326840.0
565,2792.0,-15984.0,3424.0,-2944.0,5118.0,885.0,891.0,326846.0
566,2760.0,-16504.0,2512.0,-2944.0,5268.0,1430.0,862.0,326852.0
567,2984.0,-16196.0,2100.0,-2976.0,5487.0,1566.0,793.0,326857.0
568,3436.0,-16112.0,2712.0,-2944.0,5595.0,1631.0,882.0,326863.0
569,3448.0,-16512.0,3148.0,-2960.0,5797.0,2163.0,1008.0,326870.0
570,2760.0,-17008.0,1940.0,-2928.0,6048.0,2494.0,1085.0,326876.0
571,2360.0,-16692.0,1744.0,-2944.0,6286.0,2221.0,1250.0,326882.0
572,2744.0,-16684.0,1720.0,-2928.0,6461.0,1902.0,1250.0,326888.0
573,2664.0,-17204.0,2452.0,-2960.0,6609.0,1708.0,1275.0,326894.0
574,2668.0,-17620.0,2380.0,-2944.0,6781.0,1738.0,1322.0,326900.0
575,2268.0,-18120.0,1920.0,-2928.0,6995.0,1745.0,1415.0,326906.0
576,2092.0,-18728.0,1764.0,-2960.0,7294.0,1852.0,1464.0,326913.0
577,2636.0,-19696.0,1376.0,-2912.0,7725.0,1708.0,1474.0,326919.0
578,3200.0,-20780.0,1180.0,-2960.0,8288.0,1520.0,1699.0,326924.0
579,4036.0,-21856.0,1056.0,-2960.0,8931.0,1299.0,1918.0,326930.0
580,4852.0,-23604.0,1396.0,-2944.0,9579.0,1378.0,2233.0,326936.0
581,5400.0,-25028.0,1044.0,-2960.0,10382.0,1464.0,2383.0,326942.0
582,5232.0,-26732.0,876.0,-2960.0,11228.0,1647.0,2739.0,326948.0
583,7416.0,-29340.0,1728.0,-2944.0,12243.0,2106.0,2499.0,326955.0
584,13416.0,-28552.0,844.0,-2928.0,13198.0,2008.0,817.0,326961.0
585,13968.0,-32768.0,160.0,-2944.0,14213.0,2642.0,1361.0,326967.0
586,9224.0,-32768.0,1000.0,-2960.0,15658.0,5988.0,3835.0,326973.0
587,3924.0,-32768.0,-128.0,-2976.0,16920.0,9507.0,4185.0,326979.0
588,1468.0,-32768.0,-1528.0,-2960.0,18492.0,9637.0,3520.0,326985.0
589,-964.0,-32768.0,-2152.0,-2976.0,19928.0,9315.0,5114.0,326991.0
590,-1076.0,-32768.0,-3924.0,-2928.0,21089.0,9700.0,5677.0,326998.0
591,-1948.0,-32768.0,-6572.0,-2960.0,21852.0,9493.0,6117.0,327004.0
592,-1068.0,-32768.0,-8660.0,-2944.0,22114.0,8165.0,6873.0,327010.0
593,536.0,-32768.0,-11548.0,-2944.0,21546.0,6922.0,6894.0,327016.0
594,1964.0,-32768.0,-15976.0,-2960.0,20424.0,5619.0,6351.0,327022.0
595,2496.0,-30784.0,-21704.0,-2992.0,18009.0,3983.0,5972.0,327028.0
596,3040.0,-25252.0,-29712.0,-2960.0,13819.0,1792.0,5207.0,327034.0
597,9560.0,-23584.0,-21588.0,-2960.0,10606.0,1558.0,5033.0,327041.0
598,7452.0,-9800.0,-12232.0,-2928.0,12552.0,2543.0,6719.0,327047.0
599,5280.0,13556.0,-1312.0,-2944.0,12915.0,4313.0,5400.0,327053.0
600,-1476.0,22740.0,12284.0,-2960.0,11559.0,3196.0,5301.0,327059.0
601,-6404.0,22696.0,-4184.0,-2960.0,6798.0,776.0,4243.0,327065.0
602,-4196.0,21240.0,-23468.0,-2928.0,1523.0,-382.0,936.0,327071.0
603,-1896.0,19484.0,-32768.0,-2976.0,-2778.0,-4875.0,-826.0,327077.0
604,-1752.0,14248.0,-31616.0,-2928.0,-5652.0,-9739.0,-253.0,327084.0
605,1552.0,11256.0,-25268.0,-2944.0,-7903.0,-13491.0,-978.0,327090.0
606,9400.0,13848.0,-24852.0,-2944.0,-11438.0,-15532.0,-2581.0,327096.0
607,16980.0,14464.0,-25260.0,-2944.0,-15264.0,-15365.0,-3650.0,327102.0
608,17280.0,12788.0,-23252.0,-2928.0,-18463.0,-12910.0,-3176.0,327108.0
609,13360.0,11292.0,-20876.0,-2928.0,-21588.0,-8950.0,-1879.0,327114.0
610,7328.0,8916.0,-17324.0,-2960.0,-24509.0,-5161.0,-909.0,327120.0
611,-468.0,4844.0,-12156.0,-2944.0,-26813.0,-2885.0,-429.0,327127.0
612,-6148.0,1020.0,-7376.0,-2928.0,-28362.0,-2582.0,-54.0,327133.0
613,-9908.0,-2940.0,-1784.0,-2944.0,-29196.0,-3919.0,158.0,327139.0
614,-11232.0,-5504.0,2804.0,-2944.0,-29558.0,-6504.0,139.0,327145.0
615,-9488.0,-6428.0,6284.0,-2960.0,-29802.0,-9754.0,-476.0,327151.0
616,-5004.0,-6060.0,7660.0,-2944.0,-30271.0,-12826.0,-1513.0,327157.0
617,1772.0,-5820.0,8636.0,-2944.0,-30864.0,-15123.0,-2735.0,327163.0
618,7792.0,-7500.0,11528.0,-2960.0,-30999.0,-15512.0,-3416.0,327170.0
619,11592.0,-11292.0,17008.0,-2960.0,-30718.0,-14012.0,-3988.0,327176.0
620,11964.0,-15592.0,21208.0,-2976.0,-29654.0,-11433.0,-1043.0,327182.0
621,9612.0,-15852.0,25472.0,-2944.0,-28993.0,-7666.0,-5307.0,327188.0
622,600.0,-21756.0,29020.0,-2944.0,-26948.0,-7611.0,-3432.0,327194.0
623,2348.0,-21792.0,30580.0,-2944.0,-24951.0,-7949.0,-3417.0,327200.0
624,-400.0,-22028.0,32548.0,-2976.0,-23378.0,-7260.0,-5032.0,327206.0
625,1556.0,-23352.0,32696.0,-2928.0,-21281.0,-7148.0,-3675.0,327214.0
626,5344.0,-13452.0,27216.0,-2960.0,-20625.0,-6585.0,67.0,327220.0
627,32767.0,-32768.0,32767.0,-2976.0,-768.0,-18474.0,-13612.0,327226.0
628,-6712.0,-32768.0,32767.0,-2896.0,27197.0,-10270.0,-1674.0,327232.0
629,-32768.0,-26348.0,21692.0,-2944.0,13456.0,20681.0,19967.0,327238.0
630,8728.0,32767.0,-32768.0,-2928.0,2925.0,-1786.0,-5577.0,327245.0
631,-2768.0,26952.0,-32768.0,-2928.0,784.0,7090.0,-4900.0,327251.0
632,8668.0,-18764.0,-32768.0,-2928.0,3301.0,9904.0,1973.0,327258.0
633,25140.0,-32768.0,-25624.0,-2944.0,7397.0,9703.0,-1558.0,327264.0
634,21792.0,-26672.0,-1596.0,-2944.0,10174.0,3327.0,-2989.0,327270.0
635,5576.0,-17420.0,13280.0,-2928.0,9696.0,617.0,3408.0,327276.0
636,-1632.0,-14504.0,17636.0,-2976.0,8716.0,333.0,4471.0,327282.0
637,-6832.0,-12120.0,18844.0,-2992.0,7656.0,2068.0,1699.0,327288.0
638,-15588.0,-12360.0,18076.0,-2944.0,6731.0,4394.0,996.0,327294.0
639,-13660.0,-11532.0,12192.0,-2960.0,5750.0,1082.0,-1931.0,327301.0
640,-2800.0,-12932.0,3688.0,-2928.0,4974.0,-5671.0,-4470.0,327307.0
641,9404.0,-17524.0,1700.0,-2944.0,5530.0,-7094.0,-2486.0,327313.0
642,8704.0,-20208.0,4200.0,-2928.0,6191.0,-2196.0,246.0,327319.0
643,4336.0,-17596.0,4100.0,-2944.0,5683.0,1513.0,978.0,327325.0
644,4120.0,-14956.0,3868.0,-2976.0,5000.0,2446.0,596.0,327331.0
645,6172.0,-14532.0,4388.0,-2960.0,4569.0,2968.0,910.0,327337.0
646,6076.0,-14984.0,3764.0,-2976.0,4402.0,3135.0,1527.0,327343.0
647,2804.0,-14644.0,3792.0,-2928.0,4268.0,2629.0,1878.0,327349.0
648,-1392.0,-14520.0,4820.0,-2960.0,4003.0,1798.0,1671.0,327355.0
649,-4484.0,-15580.0,5396.0,-2944.0,3659.0,714.0,1099.0,327361.0
650,-3612.0,-16452.0,5056.0,-2960.0,3412.0,-624.0,314.0,327367.0
651,260.0,-16380.0,4580.0,-2928.0,3272.0,-1444.0,-174.0,327373.0
652,4680.0,-16148.0,3240.0,-2960.0,3207.0,-1283.0,-205.0,327379.0
653,6256.0,-16264.0,2232.0,-2960.0,3185.0,-65.0,179.0,327386.0
654,4700.0,-16784.0,3112.0,-2960.0,3230.0,1581.0,741.0,327392.0
655,704.0,-16308.0,3424.0,-2944.0,3204.0,2855.0,946.0,327398.0
656,-1056.0,-15000.0,4680.0,-2976.0,3059.0,2411.0,398.0,327403.0
657,-724.0,-14816.0,5984.0,-2928.0,2816.0,1323.0,-202.0,327409.0
658,500.0,-15340.0,5480.0,-2960.0,2734.0,721.0,-675.0,327415.0
659,2088.0,-15512.0,4860.0,-2928.0,2601.0,449.0,-735.0,327421.0
660,3628.0,-15932.0,4064.0,-2960.0,2558.0,813.0,-573.0,327428.0
661,4092.0,-16312.0,3500.0,-2960.0,2652.0,1628.0,-379.0,327434.0
662,4120.0,-15984.0,3604.0,-2976.0,2694.0,2184.0,-179.0,327440.0
663,3500.0,-16084.0,3932.0,-2944.0,2709.0,2614.0,35.0,327445.0
664,2596.0,-16268.0,3728.0,-2976.0,2826.0,2923.0,177.0,327451.0
665,1840.0,-16040.0,3236.0,-2960.0,2946.0,2831.0,166.0,327457.0
666,1468.0,-16304.0,3348.0,-2960.0,3043.0,2297.0,168.0,327463.0
667,1992.0,-16644.0,3400.0,-2976.0,3059.0,1922.0,48.0,327470.0
668,2352.0,-16884.0,3232.0,-2944.0,3102.0,1813.0,37.0,327476.0
669,2484.0,-17444.0,3076.0,-2944.0,3238.0,1875.0,174.0,327482.0
670,2424.0,-18140.0,2940.0,-2944.0,3366.0,1993.0,269.0,327488.0
671,2888.0,-18552.0,2748.0,-2944.0,3567.0,2045.0,169.0,327493.0
672,2716.0,-19556.0,2752.0,-2960.0,3882.0,2640.0,462.0,327499.0
673,2744.0,-20956.0,2916.0,-2960.0,4306.0,2808.0,781.0,327505.0
674,2816.0,-22760.0,2472.0,-2960.0,4972.0,3045.0,985.0,327512.0
675,3104.0,-25032.0,2556.0,-2928.0,5673.0,3232.0,1242.0,327518.0
676,2956.0,-28508.0,2504.0,-2976.0,6655.0,3212.0,1692.0,327524.0
677,2368.0,-30752.0,2720.0,-2960.0,7626.0,2789.0,2233.0,327530.0
678,2556.0,-32768.0,1936.0,-2960.0,8734.0,2637.0,2760.0,327536.0
679,7096.0,-32768.0,5148.0,-2976.0,10816.0,2928.0,2542.0,327541.0
680,10152.0,-32768.0,-3400.0,-2960.0,11288.0,1882.0,1171.0,327547.0
681,8984.0,-32768.0,-5076.0,-2928.0,13164.0,2717.0,3371.0,327554.0
682,3592.0,-32768.0,-4380.0,-2944.0,14535.0,5812.0,5176.0,327560.0
683,4024.0,-32768.0,-4532.0,-2944.0,15106.0,8760.0,5583.0,327566.0
684,980.0,-32768.0,-5024.0,-2960.0,15576.0,8532.0,4295.0,327572.0
685,-4208.0,-32768.0,-12756.0,-2944.0,14380.0,6241.0,6071.0,327578.0
686,-4168.0,-32768.0,-13816.0,-2976.0,12810.0,3431.0,5504.0,327584.0
687,904.0,-32768.0,3284.0,-2944.0,16366.0,812.0,4770.0,327590.0
688,4396.0,-13224.0,-8376.0,-2944.0,16285.0,-120.0,5695.0,327597.0
689,7048.0,-392.0,-11076.0,-2960.0,14460.0,1491.0,3913.0,327603.0
690,3620.0,1076.0,-10080.0,-2976.0,13003.0,1083.0,4110.0,327609.0
691,1404.0,4988.0,-6084.0,-2960.0,12230.0,-1314.0,3237.0,327615.0
692,3804.0,20696.0,-23076.0,-2944.0,7853.0,-3517.0,1125.0,327621.0
693,5972.0,29396.0,-32768.0,-2992.0,2513.0,-2964.0,399.0,327627.0
694,2700.0,29788.0,-32768.0,-2976.0,-2445.0,-3276.0,442.0,327633.0
695,-232.0,23136.0,-32768.0,-2960.0,-7433.0,-6573.0,-588.0,327640.0
696,4732.0,20296.0,-32768.0,-2944.0,-11558.0,-10812.0,-3048.0,327646.0
697,13940.0,21340.0,-32768.0,-2944.0,-16109.0,-13978.0,-5234.0,327652.0
698,20552.0,18556.0,-32768.0,-2928.0,-20864.0,-12362.0,-5111.0,327658.0
699,17460.0,13548.0,-32768.0,-2960.0,-25089.0,-6895.0,-3916.0,327664.0
700,7620.0,7204.0,-25000.0,-2976.0,-28463.0,-1545.0,-2484.0,327670.0
701,-3112.0,184.0,-16020.0,-2928.0,-30570.0,777.0,-1791.0,327676.0
702,-11344.0,-6792.0,-5212.0,-2944.0,-31655.0,-432.0,-2183.0,327683.0
703,-12936.0,-12136.0,4532.0,-2928.0,-32025.0,-3824.0,-2808.0,327689.0
704,-10416.0,-16548.0,12996.0,-2928.0,-31771.0,-7272.0,-3395.0,327695.0
705,-5952.0,-20020.0,22608.0,-2960.0,-30556.0,-10101.0,-3736.0,327702.0
706,1436.0,-23680.0,32767.0,-2960.0,-27776.0,-11577.0,-4711.0,327708.0
707,11664.0,-27148.0,32767.0,-2976.0,-24610.0,-12144.0,-7197.0,327714.0
708,13132.0,-32768.0,32767.0,-2928.0,-20411.0,-10051.0,-5464.0,327720.0
709,32767.0,-32768.0,32767.0,-2928.0,-6493.0,-9555.0,-7502.0,327727.0
710,5176.0,-32768.0,32767.0,-2928.0,23052.0,-12586.0,-2243.0,327733.0
711,-32768.0,-32768.0,32767.0,-2992.0,8393.0,23225.0,12371.0,327739.0
712,-7560.0,32767.0,-9904.0,-2944.0,6957.0,9718.0,-226.0,327745.0
713,-17244.0,32767.0,-19692.0,-2960.0,7097.0,10733.0,-2998.0,327751.0
714,-16752.0,15484.0,-26832.0,-2944.0,4982.0,2701.0,3599.0,327757.0
715,18492.0,-18368.0,-23896.0,-2944.0,5267.0,3945.0,-3149.0,327763.0
716,26692.0,-32768.0,-2908.0,-2944.0,7023.0,2174.0,-3030.0,327771.0
717,21572.0,-32768.0,-9264.0,-2944.0,7314.0,-4624.0,-3052.0,327777.0
718,13476.0,-32768.0,-4948.0,-2960.0,8820.0,-1691.0,1187.0,327783.0
719,11004.0,1964.0,10068.0,-2928.0,7757.0,3098.0,-85.0,327789.0
720,-5580.0,-8216.0,22752.0,-2928.0,7085.0,5927.0,1500.0,327795.0
721,-20512.0,-17840.0,19636.0,-2976.0,7408.0,3951.0,2939.0,327801.0
722,-9424.0,-9744.0,6732.0,-2944.0,5756.0,-464.0,-2151.0,327808.0
723,3848.0,-14956.0,3112.0,-2960.0,5550.0,-1067.0,-3910.0,327814.0
724,5032.0,-18872.0,5136.0,-2976.0,6508.0,2660.0,-1236.0,327820.0
725,-292.0,-16380.0,5212.0,-2928.0,6310.0,5535.0,127.0,327826.0
726,-500.0,-16128.0,3712.0,-2960.0,5636.0,4013.0,-302.0,327831.0
727,2948.0,-15344.0,3620.0,-2960.0,5391.0,1259.0,-836.0,327837.0
728,5076.0,-13752.0,5808.0,-2976.0,5282.0,224.0,-671.0,327843.0
729,2720.0,-13960.0,7024.0,-2944.0,4728.0,242.0,-505.0,327849.0
730,972.0,-14288.0,6404.0,-2976.0,4239.0,-522.0,-666.0,327856.0
731,1528.0,-13532.0,6408.0,-2944.0,4067.0,-1474.0,-899.0,327862.0
732,1888.0,-14232.0,6168.0,-2960.0,3900.0,-1630.0,-789.0,327868.0
733,2228.0,-16044.0,5748.0,-2960.0,3583.0,-875.0,-582.0,327874.0
734,1716.0,-16596.0,6112.0,-2976.0,3377.0,171.0,17.0,327879.0
735,1436.0,-15628.0,6548.0,-2928.0,3215.0,1075.0,413.0,327885.0
736,1496.0,-14892.0,6148.0,-2944.0,3025.0,1342.0,281.0,327891.0
737,2560.0,-14896.0,6084.0,-2976.0,2897.0,952.0,-36.0,327898.0
738,3148.0,-15432.0,5692.0,-2944.0,2825.0,796.0,-131.0,327904.0
739,2372.0,-14952.0,6464.0,-2944.0,2628.0,869.0,0.0,327910.0
740,1612.0,-14544.0,7044.0,-2992.0,2306.0,957.0,46.0,327915.0
741,1496.0,-14480.0,7204.0,-2960.0,2122.0,862.0,76.0,327921.0
742,1284.0,-14996.0,7404.0,-2928.0,1890.0,1039.0,86.0,327927.0
743,1148.0,-15272.0,6576.0,-2960.0,1627.0,1211.0,-5.0,327933.0
744,720.0,-15368.0,6248.0,-2960.0,1398.0,1207.0,-43.0,327940.0
745,936.0,-15724.0,5736.0,-2944.0,1140.0,1046.0,-48.0,327945.0
746,1544.0,-15820.0,5712.0,-2944.0,778.0,922.0,-115.0,327951.0
747,1832.0,-16356.0,5308.0,-2944.0,550.0,967.0,-124.0,327957.0
748,1696.0,-16216.0,5900.0,-2976.0,226.0,975.0,-4.0,327963.0
749,1336.0,-16276.0,6048.0,-2944.0,11.0,1087.0,68.0,327968.0
750,1076.0,-16128.0,6560.0,-2960.0,-269.0,1051.0,131.0,327974.0
751,1640.0,-16424.0,6176.0,-2960.0,-441.0,884.0,114.0,327981.0
752,2432.0,-17304.0,5568.0,-2960.0,-464.0,893.0,228.0,327987.0
753,1876.0,-18412.0,5072.0,-2976.0,-340.0,970.0,337.0,327992.0
754,4076.0,-17888.0,5620.0,-2960.0,-388.0,1147.0,703.0,327998.0
755,3716.0,-19388.0,5960.0,-2960.0,-313.0,1816.0,778.0,328004.0
756,3408.0,-20284.0,4976.0,-2992.0,-106.0,2133.0,1067.0,328010.0
757,2776.0,-20664.0,5316.0,-2944.0,200.0,2762.0,1101.0,328016.0
758,2692.0,-22012.0,5204.0,-2944.0,580.0,3066.0,1116.0,328023.0
759,2084.0,-25932.0,5612.0,-2960.0,1155.0,3363.0,1305.0,328028.0
760,4204.0,-26116.0,4884.0,-2960.0,1905.0,3642.0,519.0,328034.0
761,2596.0,-29968.0,3944.0,-2992.0,2876.0,3850.0,1278.0,328040.0
762,2524.0,-32768.0,2080.0,-2944.0,4146.0,4590.0,2091.0,328046.0
763,2428.0,-32768.0,1020.0,-2960.0,5670.0,5292.0,1750.0,328052.0
764,-220.0,-32768.0,816.0,-2944.0,7551.0,5868.0,2861.0,328058.0
765,-1244.0,-32768.0,-280.0,-2944.0,9205.0,7336.0,3584.0,328065.0
766,-1840.0,-32768.0,-2216.0,-2944.0,10820.0,7880.0,3235.0,328071.0
767,-2356.0,-32768.0,-4208.0,-2992.0,12405.0,7204.0,4118.0,328077.0
768,-380.0,-32768.0,-6612.0,-2928.0,13787.0,6521.0,4348.0,328083.0
769,2088.0,-32768.0,-8056.0,-2960.0,14407.0,6376.0,4154.0,328089.0
770,4212.0,-32768.0,-10924.0,-2960.0,14495.0,6393.0,4050.0,328095.0
771,1188.0,-31544.0,-15948.0,-2928.0,12802.0,3962.0,4048.0,328101.0
772,2428.0,-32768.0,-17704.0,-2960.0,10587.0,734.0,2891.0,328108.0
773,9572.0,-32768.0,-2120.0,-2944.0,12720.0,191.0,2364.0,328114.0
774,10604.0,-9128.0,-6440.0,-2992.0,13084.0,435.0,3597.0,328120.0
775,10528.0,6384.0,-2588.0,-2976.0,11245.0,1910.0,1929.0,328126.0
776,6216.0,9208.0,6768.0,-2960.0,11363.0,709.0,2063.0,328132.0
777,5196.0,16020.0,4256.0,-2960.0,9969.0,-606.0,1522.0,328137.0
778,8720.0,20096.0,-12300.0,-2976.0,5091.0,-517.0,-675.0,328143.0
779,13124.0,21612.0,-22588.0,-2976.0,617.0,7.0,-3744.0,328150.0
780,14096.0,21916.0,-29092.0,-2944.0,-3073.0,-1953.0,-5238.0,328156.0
781,15824.0,16860.0,-27120.0,-2976.0,-6044.0,-1208.0,-4551.0,328162.0
782,14164.0,11040.0,-24020.0,-2976.0,-8758.0,2913.0,-2788.0,328168.0
783,9788.0,7220.0,-21752.0,-2960.0,-11175.0,7063.0,-1059.0,328174.0
784,2604.0,4572.0,-20308.0,-2960.0,-13569.0,9264.0,-83.0,328180.0
785,-5116.0,2652.0,-18176.0,-2976.0,-15756.0,9785.0,534.0,328186.0
786,-12072.0,1516.0,-14736.0,-2960.0,-17817.0,8301.0,530.0,328193.0
787,-16240.0,972.0,-11772.0,-2944.0,-19833.0,4311.0,-265.0,328199.0
788,-16872.0,452.0,-9420.0,-2928.0,-21582.0,-1606.0,-1587.0,328205.0
789,-14368.0,632.0,-7616.0,-2944.0,-22906.0,-8467.0,-3340.0,328211.0
790,-9440.0,1724.0,-5776.0,-2928.0,-24219.0,-14898.0,-4656.0,328217.0
791,-1004.0,2020.0,-3344.0,-2960.0,-25486.0,-19344.0,-5415.0,328223.0
792,5724.0,1204.0,-744.0,-2992.0,-26663.0,-20443.0,-5621.0,328229.0
793,9748.0,-240.0,2076.0,-2944.0,-27798.0,-19073.0,-5598.0,328236.0
794,9960.0,-2564.0,5612.0,-2960.0,-28627.0,-16569.0,-5242.0,328242.0
795,7680.0,-5724.0,9888.0,-2976.0,-28997.0,-14032.0,-4694.0,328248.0
796,4628.0,-9192.0,14048.0,-2960.0,-28875.0,-12096.0,-4030.0,328254.0
797,2200.0,-12716.0,18284.0,-2944.0,-28362.0,-10780.0,-3416.0,328260.0
798,2684.0,-15896.0,21976.0,-2976.0,-27671.0,-9705.0,-2659.0,328266.0
799,4764.0,-19512.0,26364.0,-2976.0,-26536.0,-7829.0,-1640.0,328272.0
800,7916.0,-19416.0,32767.0,-2928.0,-23613.0,-6019.0,-645.0,328279.0
801,32767.0,-32768.0,32767.0,-2928.0,3381.0,-24961.0,-21382.0,328285.0
802,-32768.0,-32768.0,32767.0,-2944.0,12348.0,-11492.0,346.0,328291.0
803,-32768.0,-32768.0,-3420.0,-2976.0,12555.0,32767.0,27695.0,328297.0
804,19820.0,32767.0,-32768.0,-2960.0,5306.0,13563.0,1445.0,328304.0
805,-32768.0,32767.0,-32768.0,-2960.0,229.0,17961.0,-400.0,328310.0
806,-8464.0,-29068.0,-32768.0,-2944.0,1026.0,13955.0,4006.0,328316.0
807,28492.0,-32768.0,-26540.0,-2944.0,5916.0,784.0,-8269.0,328323.0
808,22316.0,-25428.0,-8068.0,-2960.0,9132.0,-11101.0,-4262.0,328329.0
809,21208.0,-13344.0,11576.0,-2928.0,8279.0,-11510.0,3591.0,328335.0
810,14740.0,-16524.0,15604.0,-2992.0,5926.0,-3750.0,2554.0,328341.0
811,576.0,-17208.0,15004.0,-2928.0,5264.0,5368.0,2874.0,328347.0
812,-15972.0,-10164.0,17444.0,-2976.0,5460.0,8613.0,2431.0,328353.0
813,-20940.0,-11260.0,14068.0,-2944.0,5413.0,3842.0,-830.0,328359.0
814,-10548.0,-16388.0,3356.0,-2960.0,5050.0,-3701.0,-2756.0,328366.0
815,6136.0,-17464.0,-404.0,-2944.0,5713.0,-6483.0,-3309.0,328372.0
816,16096.0,-16668.0,2032.0,-2960.0,5748.0,-3657.0,-2882.0,328378.0
817,16464.0,-17900.0,1736.0,-2928.0,5210.0,2185.0,-396.0,328384.0
818,11184.0,-15900.0,2792.0,-2944.0,4916.0,8120.0,2353.0,328390.0
819,2400.0,-13656.0,4544.0,-2960.0,4296.0,11616.0,2822.0,328396.0
820,-7080.0,-13384.0,5484.0,-2944.0,3853.0,10670.0,1642.0,328402.0
821,-11340.0,-14588.0,7140.0,-2944.0,3596.0,5663.0,-694.0,328409.0
822,-10252.0,-14680.0,7076.0,-2960.0,2894.0,-893.0,-1596.0,328415.0
823,-2012.0,-15584.0,4924.0,-2992.0,2731.0,-5547.0,-2451.0,328421.0
824,4932.0,-16212.0,3384.0,-2960.0,2561.0,-6734.0,-2297.0,328427.0
825,8412.0,-17008.0,2540.0,-2944.0,2411.0,-5009.0,-1570.0,328433.0
826,8052.0,-16684.0,3528.0,-2960.0,2276.0,-1451.0,-464.0,328439.0
827,5624.0,-15656.0,4660.0,-2944.0,2210.0,2000.0,290.0,328445.0
828,2040.0,-15364.0,4656.0,-2976.0,2012.0,3968.0,606.0,328452.0
829,-532.0,-15568.0,4468.0,-2928.0,2024.0,3595.0,-3.0,328458.0
830,-1204.0,-15548.0,4360.0,-2976.0,2027.0,2232.0,-652.0,328463.0
831,-260.0,-15792.0,5176.0,-2960.0,1943.0,787.0,-1096.0,328469.0
832,1844.0,-16880.0,4476.0,-2960.0,1830.0,307.0,-1071.0,328475.0
833,3260.0,-16368.0,3960.0,-2944.0,1849.0,67.0,-774.0,328481.0
834,4348.0,-15932.0,4244.0,-2976.0,1785.0,397.0,-278.0,328487.0
835,3500.0,-15824.0,4700.0,-2976.0,1712.0,970.0,-40.0,328494.0
836,2368.0,-15972.0,5156.0,-2976.0,1661.0,1247.0,205.0,328499.0
837,2176.0,-16220.0,5324.0,-2944.0,1583.0,1342.0,463.0,328505.0
838,1876.0,-16804.0,4312.0,-2960.0,1737.0,1370.0,437.0,328511.0
839,1936.0,-17304.0,3536.0,-2960.0,1971.0,1211.0,576.0,328517.0
840,2680.0,-17964.0,3676.0,-2992.0,2220.0,1005.0,810.0,328523.0
841,3352.0,-18640.0,3320.0,-2976.0,2493.0,1171.0,997.0,328529.0
842,3356.0,-19140.0,3216.0,-2928.0,2859.0,1329.0,1084.0,328536.0
843,3392.0,-19504.0,3852.0,-2976.0,3255.0,1635.0,1259.0,328542.0
844,3388.0,-20084.0,4176.0,-2960.0,3608.0,2144.0,1478.0,328548.0
845,3096.0,-21196.0,3832.0,-2960.0,4130.0,2721.0,1676.0,328554.0
846,2680.0,-23004.0,3644.0,-2944.0,4809.0,3188.0,2037.0,328560.0
847,2256.0,-25980.0,3092.0,-2960.0,5684.0,3875.0,2287.0,328566.0
848,4048.0,-31252.0,6888.0,-2912.0,7443.0,4356.0,2264.0,328572.0
849,1428.0,-31136.0,916.0,-2960.0,7694.0,4767.0,2890.0,328578.0
850,1236.0,-32768.0,-844.0,-2976.0,8792.0,5101.0,3673.0,328584.0
851,1244.0,-32768.0,-660.0,-2976.0,10228.0,4808.0,3729.0,328590.0
852,848.0,-32768.0,-200.0,-2944.0,11641.0,4535.0,4368.0,328596.0
853,2024.0,-32768.0,-884.0,-2944.0,12937.0,5018.0,4361.0,328602.0
854,2632.0,-32768.0,-2148.0,-2960.0,14132.0,4978.0,3932.0,328608.0
855,2060.0,-32768.0,-2144.0,-2944.0,14933.0,5214.0,4573.0,328614.0
856,2852.0,-32768.0,-2384.0,-2944.0,15192.0,5634.0,4773.0,328621.0
857,3204.0,-32768.0,-4444.0,-2960.0,14972.0,6137.0,4866.0,328627.0
858,2972.0,-30224.0,-8772.0,-2976.0,14185.0,6025.0,5162.0,328633.0
859,-664.0,-25888.0,-15752.0,-2992.0,11765.0,3851.0,5233.0,328639.0
860,2016.0,-27608.0,-12720.0,-2960.0,9724.0,1368.0,4335.0,328645.0
861,4976.0,-23728.0,540.0,-2944.0,12401.0,-901.0,3408.0,328651.0
862,7324.0,-3000.0,-4152.0,-2976.0,11890.0,-916.0,3977.0,328657.0
863,8076.0,4328.0,-2124.0,-2960.0,10547.0,412.0,2499.0,328664.0
864,5004.0,6860.0,3652.0,-2960.0,10040.0,-260.0,2690.0,328670.0
865,6888.0,12144.0,848.0,-2976.0,7986.0,-2357.0,1659.0,328675.0
866,8348.0,18052.0,-12640.0,-2976.0,4142.0,-1996.0,580.0,328681.0
867,8972.0,20228.0,-23376.0,-2960.0,112.0,-202.0,-865.0,328687.0
868,6800.0,19804.0,-27216.0,-2992.0,-3983.0,-1410.0,-1716.0,328693.0
869,8296.0,15888.0,-25724.0,-2944.0,-7642.0,-3407.0,-2618.0,328699.0
870,9900.0,12480.0,-22612.0,-2944.0,-10511.0,-4010.0,-3011.0,328706.0
871,9956.0,10016.0,-22264.0,-2960.0,-13447.0,-2410.0,-2263.0,328712.0
872,7928.0,7464.0,-21264.0,-2960.0,-16259.0,-94.0,-1674.0,328718.0
873,4572.0,5556.0,-18536.0,-2976.0,-18667.0,1293.0,-1188.0,328724.0
874,-188.0,3056.0,-14900.0,-2960.0,-20777.0,1929.0,-674.0,328730.0
875,-5484.0,-104.0,-9948.0,-2976.0,-22587.0,1821.0,-498.0,328736.0
876,-8368.0,-2448.0,-6112.0,-2976.0,-24125.0,536.0,-876.0,328742.0
877,-8956.0,-4604.0,-2672.0,-2960.0,-25312.0,-2098.0,-1582.0,328749.0
878,-7028.0,-6440.0,756.0,-2944.0,-25992.0,-5552.0,-2343.0,328755.0
879,-3956.0,-7808.0,4068.0,-2992.0,-26227.0,-8943.0,-3087.0,328761.0
880,-576.0,-8700.0,7344.0,-2944.0,-26388.0,-11260.0,-3517.0,328767.0
881,2412.0,-9680.0,10104.0,-2960.0,-26516.0,-12158.0,-3764.0,328773.0
882,3884.0,-11424.0,13184.0,-2992.0,-26468.0,-11944.0,-3996.0,328779.0
883,4012.0,-14064.0,17440.0,-2928.0,-25947.0,-11137.0,-4048.0,328785.0
884,3100.0,-15912.0,20812.0,-2976.0,-25050.0,-10295.0,-4004.0,328792.0
885,2020.0,-17308.0,23400.0,-2976.0,-23890.0,-9561.0,-3926.0,328798.0
886,1740.0,-18580.0,25624.0,-2976.0,-22600.0,-8889.0,-3866.0,328804.0
887,3900.0,-20920.0,30696.0,-2944.0,-20411.0,-7872.0,-3651.0,328810.0
888,8820.0,-21116.0,32767.0,-2976.0,-17641.0,-7492.0,-5107.0,328816.0
889,21972.0,-24272.0,32767.0,-2944.0,-15627.0,-10003.0,-7648.0,328822.0
890,32767.0,-32768.0,32767.0,-2960.0,15213.0,-25181.0,-15653.0,328828.0
891,-32768.0,-32768.0,32767.0,-2976.0,6231.0,16373.0,12841.0,328836.0
892,-32768.0,-23164.0,-10868.0,-2960.0,9155.0,24458.0,15766.0,328842.0
893,-6980.0,32767.0,-32768.0,-2928.0,3854.0,17140.0,3719.0,328848.0
894,-25208.0,32767.0,-32768.0,-2992.0,2357.0,15212.0,382.0,328854.0
895,-2920.0,-11948.0,-32768.0,-2960.0,690.0,9501.0,97.0,328860.0
896,21004.0,-32768.0,-29144.0,-2960.0,4374.0,-461.0,-7201.0,328866.0
897,24852.0,-24332.0,-6772.0,-2960.0,8373.0,-10990.0,-4884.0,328872.0
898,22252.0,-12540.0,7712.0,-2976.0,7103.0,-12301.0,1857.0,328880.0
899,15384.0,-16396.0,18296.0,-2976.0,4848.0,-3898.0,2633.0,328886.0
900,2524.0,-18840.0,16952.0,-2944.0,3814.0,3663.0,1362.0,328892.0
901,-12068.0,-14840.0,14008.0,-2944.0,3647.0,6738.0,990.0,328898.0
902,-21804.0,-11704.0,12308.0,-2960.0,4335.0,5340.0,678.0,328904.0
903,-16564.0,-12464.0,8776.0,-2992.0,4450.0,-534.0,-1427.0,328910.0
904,-2456.0,-16356.0,3396.0,-2960.0,4023.0,-4146.0,-2866.0,328916.0
905,13936.0,-19796.0,-2268.0,-2960.0,3961.0,-3749.0,-3423.0,328923.0
906,19024.0,-18344.0,-1932.0,-2976.0,4261.0,-483.0,-2406.0,328929.0
907,16348.0,-15680.0,1192.0,-2976.0,4131.0,4255.0,430.0,328935.0
908,9216.0,-14280.0,3700.0,-2976.0,3589.0,8525.0,2710.0,328941.0
909,268.0,-14808.0,4400.0,-2960.0,3193.0,10425.0,2569.0,328947.0
910,-8496.0,-15160.0,4268.0,-2976.0,2872.0,9068.0,1629.0,328953.0
911,-10392.0,-14744.0,5496.0,-2960.0,2644.0,4614.0,482.0,328960.0
912,-8288.0,-14860.0,6152.0,-2976.0,2369.0,-524.0,-754.0,328966.0
913,-3116.0,-15208.0,5128.0,-2960.0,1991.0,-4094.0,-1660.0,328971.0
914,2360.0,-16088.0,2960.0,-2944.0,1820.0,-5378.0,-1943.0,328977.0
915,5792.0,-17128.0,2148.0,-2960.0,1818.0,-4743.0,-1754.0,328983.0
916,6856.0,-17840.0,2520.0,-2944.0,1855.0,-2513.0,-488.0,328989.0
917,6700.0,-17664.0,3016.0,-2960.0,1855.0,404.0,153.0,328995.0
918,3536.0,-16572.0,3312.0,-2928.0,1833.0,2625.0,409.0,329001.0
919,600.0,-15560.0,3572.0,-2992.0,1842.0,3261.0,421.0,329008.0
920,-1056.0,-15132.0,4060.0,-2960.0,1761.0,2371.0,-112.0,329014.0
921,-156.0,-15332.0,4092.0,-2976.0,1583.0,782.0,-472.0,329020.0
922,1400.0,-15600.0,4072.0,-2976.0,1472.0,-97.0,-695.0,329026.0
923,2436.0,-15728.0,4208.0,-2960.0,1359.0,-338.0,-567.0,329031.0
924,3012.0,-16236.0,3848.0,-2976.0,1275.0,-70.0,-232.0,329037.0
925,2920.0,-16260.0,3724.0,-2992.0,1240.0,278.0,14.0,329043.0
926,2532.0,-16004.0,4044.0,-2992.0,1138.0,566.0,275.0,329050.0
927,2508.0,-15456.0,4156.0,-2960.0,1013.0,636.0,412.0,329056.0
928,2376.0,-15100.0,4132.0,-2960.0,921.0,497.0,529.0,329061.0
929,2408.0,-15032.0,4000.0,-2960.0,860.0,307.0,649.0,329067.0
930,2336.0,-15544.0,3700.0,-2960.0,871.0,193.0,791.0,329073.0
931,2232.0,-16128.0,3772.0,-2928.0,913.0,173.0,891.0,329079.0
932,2312.0,-16536.0,3392.0,-2992.0,985.0,209.0,1026.0,329085.0
933,2484.0,-16520.0,3208.0,-2960.0,1103.0,339.0,1171.0,329092.0
934,2532.0,-16656.0,3432.0,-2960.0,1282.0,558.0,1242.0,329097.0
935,1988.0,-16972.0,3132.0,-2960.0,1470.0,763.0,1366.0,329103.0
936,2128.0,-17120.0,3028.0,-2944.0,1783.0,797.0,1476.0,329109.0
937,2160.0,-16996.0,3036.0,-2976.0,2016.0,722.0,1485.0,329115.0
938,2204.0,-17080.0,3024.0,-2960.0,2260.0,705.0,1567.0,329121.0
939,2228.0,-17220.0,3020.0,-2960.0,2541.0,701.0,1548.0,329127.0
940,2416.0,-17828.0,2980.0,-2960.0,2812.0,863.0,1689.0,329134.0
941,1928.0,-19264.0,3212.0,-2928.0,3035.0,1110.0,1826.0,329139.0
942,1604.0,-20072.0,4088.0,-2976.0,3202.0,1146.0,2101.0,329145.0
943,2128.0,-19812.0,4100.0,-2960.0,3427.0,1155.0,2151.0,329151.0
944,2092.0,-20100.0,3676.0,-2992.0,3761.0,1363.0,2218.0,329157.0
945,2412.0,-21944.0,3588.0,-2976.0,4179.0,1741.0,2346.0,329163.0
946,2476.0,-23220.0,3864.0,-2960.0,4727.0,2075.0,2641.0,329169.0
947,1948.0,-24636.0,2356.0,-2976.0,4988.0,2613.0,2994.0,329176.0
948,1784.0,-27036.0,2360.0,-2944.0,5463.0,2782.0,3310.0,329182.0
949,1928.0,-28920.0,2544.0,-2928.0,5967.0,2816.0,3467.0,329188.0
950,1980.0,-30176.0,2140.0,-2960.0,6403.0,2793.0,3406.0,329194.0
951,1176.0,-31788.0,1924.0,-2912.0,6983.0,2895.0,3527.0,329200.0
952,1024.0,-31540.0,1276.0,-2960.0,7315.0,3690.0,3880.0,329206.0
953,728.0,-30856.0,268.0,-2976.0,7255.0,4074.0,3703.0,329211.0
954,-704.0,-30560.0,-3244.0,-2976.0,6981.0,3948.0,4041.0,329218.0
955,-2204.0,-30956.0,-6444.0,-2976.0,5568.0,2843.0,4079.0,329224.0
956,-636.0,-31980.0,-1844.0,-2928.0,5548.0,1498.0,3401.0,329230.0
957,-988.0,-25392.0,4624.0,-2976.0,8163.0,-983.0,3352.0,329236.0
958,1808.0,-9380.0,1760.0,-2944.0,7740.0,-1260.0,3154.0,329242.0
959,2044.0,-5892.0,2552.0,-2944.0,7144.0,-1091.0,2099.0,329248.0
960,1704.0,-5760.0,1704.0,-2928.0,6554.0,-1385.0,1598.0,329254.0
961,2276.0,-4656.0,2140.0,-2960.0,5931.0,-1905.0,1186.0,329260.0
962,2140.0,-2220.0,2336.0,-2960.0,5251.0,-2522.0,667.0,329266.0
963,2088.0,2836.0,-796.0,-2960.0,3800.0,-3355.0,399.0,329272.0
964,3652.0,7580.0,-7432.0,-2960.0,1431.0,-2959.0,-243.0,329278.0
965,4044.0,10356.0,-13976.0,-2992.0,-1528.0,-1676.0,-441.0,329284.0
966,1100.0,7852.0,-14564.0,-2944.0,-3563.0,-1267.0,-185.0,329290.0
967,-160.0,4780.0,-15756.0,-2960.0,-5582.0,-2957.0,-874.0,329296.0
968,3136.0,3216.0,-14384.0,-2960.0,-7698.0,-5345.0,-1677.0,329302.0
969,8592.0,1996.0,-12020.0,-2944.0,-9740.0,-6032.0,-2193.0,329308.0
970,10364.0,1088.0,-10268.0,-2960.0,-11751.0,-4634.0,-2293.0,329314.0
971,9192.0,-400.0,-8740.0,-2992.0,-13596.0,-2269.0,-2303.0,329320.0
972,5876.0,-2596.0,-6384.0,-2976.0,-15172.0,-12.0,-1668.0,329326.0
973,2240.0,-6268.0,-3444.0,-2976.0,-16184.0,1684.0,-1084.0,329332.0
974,-2088.0,-8716.0,-272.0,-2960.0,-16753.0,2157.0,-977.0,329338.0
975,-4552.0,-10292.0,2268.0,-2976.0,-17069.0,1235.0,-905.0,329345.0
976,-5536.0,-11412.0,4940.0,-2960.0,-17252.0,-113.0,-736.0,329351.0
977,-5384.0,-12564.0,7316.0,-2960.0,-17269.0,-1230.0,-600.0,329357.0
978,-4984.0,-14100.0,10540.0,-2992.0,-17021.0,-2246.0,-786.0,329363.0
979,-4920.0,-15168.0,12920.0,-2944.0,-16443.0,-3494.0,-1062.0,329369.0
980,-4092.0,-16500.0,14924.0,-2944.0,-15613.0,-4865.0,-1381.0,329375.0
981,-2820.0,-17808.0,16208.0,-2976.0,-14464.0,-6099.0,-1681.0,329381.0
982,-1268.0,-17860.0,18128.0,-2992.0,-13032.0,-6951.0,-1981.0,329388.0
983,-44.0,-16312.0,21208.0,-2944.0,-11847.0,-7428.0,-2794.0,329394.0
984,3664.0,-18008.0,26796.0,-2960.0,-9546.0,-7752.0,-2352.0,329400.0
985,10988.0,-17576.0,32767.0,-2944.0,-7028.0,-7441.0,-4312.0,329406.0
986,15136.0,-19088.0,32360.0,-2944.0,-5951.0,-5594.0,-4283.0,329412.0
987,14124.0,-29732.0,32767.0,-2976.0,-3160.0,377.0,-1705.0,329418.0
988,8772.0,-32076.0,32767.0,-2944.0,516.0,5657.0,-363.0,329424.0
989,-1104.0,-32768.0,28696.0,-2960.0,1531.0,10656.0,1124.0,329431.0
990,-8064.0,-32768.0,6244.0,-2944.0,1755.0,13335.0,2344.0,329437.0
991,-10192.0,-32768.0,-18344.0,-3008.0,1377.0,13791.0,1712.0,329443.0
992,-6044.0,-32452.0,-32768.0,-2976.0,2137.0,9731.0,-573.0,329449.0
993,152.0,-23392.0,-23276.0,-2976.0,3797.0,4716.0,-1113.0,329455.0
994,7220.0,-20404.0,-4608.0,-2960.0,4825.0,2184.0,1033.0,329461.0
995,8608.0,-21760.0,6696.0,-2976.0,4790.0,3424.0,2516.0,329467.0
996,3480.0,-22240.0,10380.0,-2928.0,4315.0,5878.0,1686.0,329474.0
997,-1208.0,-20948.0,10504.0,-2960.0,4470.0,5368.0,-196.0,329480.0
998,-3716.0,-18988.0,8212.0,-2960.0,4813.0,2926.0,-1617.0,329486.0
999,-4408.0,-17828.0,4788.0,-2960.0,4876.0,796.0,-1651.0,329492.0
1000,-3364.0,-19492.0,976.0,-2960.0,4792.0,307.0,-652.0,329498.0
1001,-2356.0,-20968.0,-3604.0,-2928.0,4084.0,644.0,54.0,329504.0
1002,-1700.0,-25704.0,-4668.0,-2928.0,2995.0,844.0,858.0,329510.0
1003,-2072.0,-32268.0,-2456.0,-2928.0,2936.0,768.0,2223.0,329517.0
1004,-3020.0,-32560.0,1044.0,-2944.0,3836.0,-322.0,3598.0,329522.0
1005,-2880.0,-26368.0,2524.0,-2960.0,4433.0,-1439.0,4107.0,329528.0
1006,-1244.0,-19496.0,2028.0,-2944.0,4788.0,-2460.0,3559.0,329534.0
1007,-280.0,-13600.0,1196.0,-2960.0,5226.0,-4060.0,3084.0,329540.0
1008,708.0,-7340.0,228.0,-2960.0,4939.0,-5390.0,2831.0,329546.0
1009,1820.0,-3568.0,4.0,-2960.0,4460.0,-6458.0,2647.0,329552.0
1010,3216.0,-732.0,-152.0,-2944.0,3940.0,-7468.0,2129.0,329559.0
1011,4972.0,3136.0,-3040.0,-2944.0,2590.0,-8176.0,1420.0,329565.0
1012,6888.0,5384.0,-2684.0,-2960.0,1203.0,-7965.0,917.0,329570.0
1013,7040.0,6964.0,-2760.0,-2928.0,-429.0,-6952.0,627.0,329576.0
1014,5308.0,7860.0,-6440.0,-2960.0,-2611.0,-6208.0,325.0,329582.0
1015,4916.0,8092.0,-6916.0,-2992.0,-4355.0,-5732.0,134.0,329588.0
1016,5696.0,7072.0,-5596.0,-2960.0,-5919.0,-6001.0,-334.0,329594.0
1017,6964.0,4284.0,-2728.0,-2960.0,-7256.0,-5981.0,-675.0,329601.0
1018,8384.0,972.0,1160.0,-2976.0,-8158.0,-5268.0,-1196.0,329607.0
1019,9288.0,-2928.0,5032.0,-2944.0,-8610.0,-4121.0,-1611.0,329612.0
1020,10320.0,-8460.0,7084.0,-2992.0,-8154.0,-2192.0,-2216.0,329618.0
1021,11052.0,-11668.0,14396.0,-2960.0,-6840.0,-915.0,-2555.0,329624.0
1022,10884.0,-13772.0,22752.0,-2960.0,-5840.0,723.0,-3024.0,329630.0
1023,9208.0,-16356.0,27108.0,-2960.0,-4647.0,3318.0,-3691.0,329636.0
1024,6708.0,-18592.0,30160.0,-2976.0,-2315.0,4921.0,-3192.0,329643.0
1025,-2124.0,-20008.0,30296.0,-2976.0,-414.0,6182.0,-2001.0,329649.0
1026,-14460.0,-32768.0,18432.0,-2960.0,-231.0,10197.0,1047.0,329655.0
1027,-26064.0,-32768.0,-9544.0,-2928.0,788.0,13495.0,3222.0,329661.0
1028,-20932.0,-32768.0,-32768.0,-2976.0,3358.0,9653.0,1191.0,329667.0
1029,-13908.0,-30132.0,-28436.0,-2944.0,5573.0,-2762.0,-1679.0,329673.0
1030,3412.0,-784.0,-4896.0,-2976.0,5090.0,-10536.0,-2298.0,329679.0
1031,18168.0,-5284.0,9624.0,-2944.0,4639.0,-8986.0,-2281.0,329686.0
1032,19508.0,-14072.0,13844.0,-2960.0,4885.0,-718.0,-1111.0,329692.0
1033,5236.0,-10076.0,9028.0,-2960.0,4256.0,4630.0,-627.0,329698.0
1034,-5008.0,-4912.0,3952.0,-2960.0,3902.0,4149.0,-1835.0,329704.0
1035,-8236.0,-6496.0,3484.0,-2976.0,3415.0,2162.0,-2939.0,329710.0
1036,-6436.0,-16156.0,4512.0,-2960.0,3393.0,1094.0,-3042.0,329716.0
1037,-1940.0,-19976.0,5284.0,-2976.0,3593.0,409.0,-3197.0,329722.0
1038,844.0,-19172.0,5632.0,-2976.0,3621.0,175.0,-3050.0,329729.0
1039,4080.0,-16480.0,5424.0,-2976.0,3493.0,213.0,-2608.0,329735.0
1040,6548.0,-14584.0,4640.0,-2960.0,3305.0,582.0,-2319.0,329741.0
1041,7824.0,-14260.0,4324.0,-2976.0,2952.0,1190.0,-1787.0,329747.0
1042,7312.0,-14952.0,3500.0,-2928.0,2746.0,1718.0,-1234.0,329752.0
1043,5360.0,-14664.0,3548.0,-2928.0,2312.0,1957.0,-648.0,329758.0
1044,2088.0,-14904.0,4532.0,-2944.0,1855.0,2439.0,-425.0,329764.0
1045,-296.0,-14768.0,5044.0,-2960.0,1468.0,2308.0,-368.0,329771.0
1046,-1476.0,-14124.0,5204.0,-2960.0,1097.0,1760.0,-418.0,329777.0
1047,-1792.0,-14476.0,4792.0,-2944.0,740.0,1222.0,-654.0,329783.0
1048,-1288.0,-15472.0,4308.0,-2976.0,439.0,540.0,-838.0,329789.0
1049,-400.0,-16528.0,3744.0,-2976.0,274.0,-64.0,-991.0,329795.0
1050,308.0,-17436.0,3280.0,-2960.0,226.0,-764.0,-1117.0,329800.0
1051,1120.0,-17252.0,3440.0,-2960.0,162.0,-1373.0,-1037.0,329806.0
1052,1428.0,-16664.0,3524.0,-2960.0,172.0,-1570.0,-1033.0,329812.0
1053,1544.0,-16144.0,4036.0,-2976.0,88.0,-1678.0,-1018.0,329819.0
1054,1624.0,-15936.0,4180.0,-2976.0,-38.0,-1563.0,-1017.0,329825.0
1055,1992.0,-15892.0,3880.0,-2976.0,-114.0,-1371.0,-1038.0,329831.0
1056,2336.0,-15888.0,3912.0,-2960.0,-249.0,-1019.0,-990.0,329837.0
1057,2612.0,-16292.0,3948.0,-2960.0,-346.0,-538.0,-957.0,329842.0
1058,2552.0,-16356.0,3856.0,-2928.0,-430.0,-226.0,-907.0,329848.0
1059,2712.0,-16208.0,3484.0,-2960.0,-455.0,-5.0,-851.0,329854.0
1060,2616.0,-15948.0,3588.0,-2944.0,-482.0,119.0,-816.0,329861.0
1061,2360.0,-15464.0,3812.0,-2944.0,-636.0,132.0,-797.0,329867.0
1062,2284.0,-15240.0,4064.0,-2944.0,-734.0,186.0,-771.0,329872.0
1063,2028.0,-14876.0,4228.0,-2976.0,-884.0,160.0,-820.0,329878.0
1064,1964.0,-14824.0,4324.0,-2976.0,-1002.0,76.0,-718.0,329884.0
1065,2028.0,-14952.0,4140.0,-2976.0,-1132.0,115.0,-732.0,329890.0
1066,2008.0,-15412.0,3716.0,-2944.0,-1184.0,193.0,-701.0,329896.0
1067,2048.0,-15636.0,3808.0,-2944.0,-1236.0,181.0,-621.0,329903.0
1068,2068.0,-15960.0,3560.0,-2976.0,-1254.0,237.0,-596.0,329908.0
1069,2168.0,-16128.0,3572.0,-2960.0,-1258.0,272.0,-562.0,329914.0
1070,2264.0,-16436.0,3636.0,-2960.0,-1278.0,392.0,-545.0,329920.0
1071,2236.0,-16596.0,3336.0,-2960.0,-1213.0,559.0,-571.0,329926.0
1072,2024.0,-16800.0,3384.0,-2928.0,-1164.0,683.0,-539.0,329932.0
1073,2044.0,-16828.0,3540.0,-2960.0,-1144.0,857.0,-555.0,329938.0
1074,1988.0,-17016.0,3584.0,-2976.0,-1063.0,1052.0,-600.0,329945.0
1075,1560.0,-17464.0,3236.0,-2976.0,-918.0,1192.0,-635.0,329951.0
1076,1120.0,-17856.0,3488.0,-2960.0,-736.0,1203.0,-618.0,329956.0
1077,888.0,-18348.0,3316.0,-2960.0,-584.0,1105.0,-643.0,329962.0
1078,1200.0,-18484.0,3288.0,-2960.0,-444.0,951.0,-688.0,329968.0
1079,1760.0,-18744.0,3456.0,-2944.0,-254.0,949.0,-676.0,329974.0
1080,1996.0,-19100.0,3068.0,-2880.0,-23.0,1127.0,-599.0,329980.0
1081,1868.0,-19608.0,2796.0,-2976.0,225.0,1377.0,-385.0,329986.0
1082,1708.0,-20404.0,2668.0,-2976.0,443.0,1765.0,-218.0,329992.0
1083,1320.0,-21400.0,2388.0,-2944.0,754.0,1994.0,-30.0,329998.0
1084,1140.0,-22028.0,2284.0,-2944.0,1120.0,2181.0,255.0,330004.0
1085,708.0,-22432.0,2124.0,-2992.0,1565.0,2181.0,559.0,330010.0
1086,76.0,-22756.0,1900.0,-2992.0,2063.0,1893.0,913.0,330016.0
1087,-736.0,-23188.0,1860.0,-2976.0,2591.0,1408.0,1252.0,330021.0
1088,-1252.0,-24076.0,1676.0,-2960.0,3199.0,970.0,1624.0,330028.0
1089,-808.0,-24516.0,1112.0,-2960.0,3874.0,617.0,1659.0,330034.0
1090,-436.0,-24136.0,-240.0,-2976.0,4636.0,285.0,1857.0,330040.0
1091,152.0,-22352.0,-1520.0,-2960.0,5258.0,-250.0,2117.0,330046.0
1092,1268.0,-18616.0,-1468.0,-2960.0,5652.0,-934.0,2184.0,330052.0
1093,3232.0,-15512.0,404.0,-2960.0,5802.0,-1479.0,1995.0,330058.0
1094,4952.0,-13988.0,2344.0,-2944.0,5942.0,-1842.0,1653.0,330063.0
1095,6556.0,-12560.0,3072.0,-2960.0,5983.0,-1971.0,1327.0,330070.0
1096,7604.0,-10600.0,3032.0,-2928.0,5902.0,-1634.0,952.0,330076.0
1097,7956.0,-7436.0,2708.0,-2928.0,5742.0,-1151.0,633.0,330082.0
1098,7772.0,-3100.0,4020.0,-2976.0,5291.0,-877.0,357.0,330088.0
1099,7692.0,-372.0,5728.0,-2928.0,4617.0,-481.0,-22.0,330094.0
1100,6776.0,1416.0,7900.0,-2944.0,3721.0,124.0,-337.0,330099.0
1101,5624.0,1880.0,8428.0,-2976.0,2954.0,622.0,-472.0,330105.0
1102,4568.0,4064.0,9072.0,-2928.0,2079.0,417.0,-600.0,330112.0
1103,3348.0,6020.0,9940.0,-2960.0,1011.0,408.0,-738.0,330118.0
1104,2936.0,5220.0,9452.0,-2976.0,587.0,844.0,-962.0,330123.0
1105,2352.0,4448.0,9344.0,-2928.0,530.0,1035.0,-1017.0,330129.0
1106,1904.0,2884.0,9280.0,-2960.0,281.0,1456.0,-973.0,330135.0
1107,2148.0,-2068.0,6724.0,-2944.0,284.0,1633.0,-947.0,330141.0
1108,1908.0,-7476.0,5744.0,-2944.0,-100.0,1305.0,-533.0,330147.0
1109,2724.0,-14520.0,3624.0,-2960.0,-512.0,1000.0,-354.0,330152.0
1110,3844.0,-22256.0,2360.0,-2944.0,-682.0,722.0,-65.0,330159.0
1111,4248.0,-29488.0,1608.0,-2960.0,-541.0,788.0,120.0,330165.0
1112,3812.0,-32768.0,1668.0,-2944.0,-228.0,467.0,281.0,330171.0
1113,2728.0,-32768.0,2064.0,-2992.0,183.0,40.0,691.0,330176.0
1114,1248.0,-32768.0,2540.0,-2960.0,524.0,-248.0,1141.0,330182.0
1115,-572.0,-32768.0,2876.0,-2928.0,873.0,-438.0,1554.0,330188.0
1116,-1212.0,-32768.0,3472.0,-2944.0,1285.0,-369.0,1904.0,330194.0
1117,-1052.0,-29964.0,4000.0,-2960.0,1728.0,305.0,2166.0,330201.0
1118,-1564.0,-26020.0,4140.0,-2960.0,2080.0,946.0,2234.0,330207.0
1119,-2624.0,-23284.0,3756.0,-2960.0,2349.0,1141.0,2128.0,330212.0
1120,-3684.0,-21424.0,3380.0,-2944.0,2623.0,710.0,1762.0,330218.0
1121,-3584.0,-19568.0,3564.0,-2960.0,2822.0,-191.0,1321.0,330224.0
1122,-3144.0,-17528.0,4468.0,-2960.0,2838.0,-1044.0,825.0,330230.0
1123,-2244.0,-15248.0,5516.0,-2944.0,2681.0,-1946.0,494.0,330236.0
1124,-216.0,-13036.0,6544.0,-2944.0,2293.0,-2154.0,473.0,330243.0
1125,892.0,-11288.0,7132.0,-2960.0,1921.0,-1990.0,-130.0,330249.0
1126,1576.0,-9084.0,7024.0,-2960.0,1370.0,-1839.0,-269.0,330255.0
1127,2668.0,-7632.0,6616.0,-2960.0,824.0,-1371.0,-434.0,330260.0
1128,3124.0,-6204.0,6496.0,-2976.0,261.0,-801.0,-605.0,330266.0
1129,3596.0,-5160.0,6436.0,-2992.0,-303.0,-250.0,-804.0,330272.0
1130,3812.0,-4408.0,6812.0,-2992.0,-859.0,180.0,-1023.0,330278.0
1131,3920.0,-4036.0,7444.0,-2944.0,-1513.0,537.0,-1307.0,330284.0
1132,3736.0,-4980.0,7324.0,-2944.0,-2124.0,866.0,-1626.0,330290.0
1133,3352.0,-6900.0,7028.0,-2960.0,-2637.0,1157.0,-1883.0,330296.0
1134,2756.0,-8920.0,6368.0,-2928.0,-3066.0,1355.0,-2014.0,330302.0
1135,2268.0,-11504.0,6204.0,-2960.0,-3466.0,1471.0,-1934.0,330308.0
1136,1828.0,-14672.0,5452.0,-2960.0,-3705.0,1707.0,-1736.0,330314.0
1137,1272.0,-17124.0,5036.0,-2944.0,-3721.0,1550.0,-1592.0,330320.0
1138,1120.0,-19444.0,4380.0,-2960.0,-3707.0,1402.0,-1225.0,330327.0
1139,748.0,-21300.0,4028.0,-2944.0,-3571.0,1220.0,-1121.0,330333.0
1140,648.0,-22296.0,3776.0,-2976.0,-3380.0,786.0,-853.0,330339.0
1141,748.0,-22460.0,3576.0,-2944.0,-3103.0,333.0,-707.0,330344.0
1142,1232.0,-22716.0,3336.0,-2944.0,-2811.0,27.0,-627.0,330350.0
1143,1800.0,-22524.0,3268.0,-2944.0,-2477.0,-176.0,-564.0,330356.0
1144,2196.0,-22196.0,3120.0,-2944.0,-2169.0,-158.0,-546.0,330362.0
1145,2500.0,-21472.0,2888.0,-2944.0,-1878.0,52.0,-502.0,330369.0
1146,2348.0,-20892.0,3296.0,-2976.0,-1572.0,346.0,-524.0,330374.0
1147,1896.0,-20336.0,3192.0,-2976.0,-1255.0,588.0,-605.0,330380.0
1148,1660.0,-19984.0,3468.0,-2944.0,-1011.0,810.0,-632.0,330386.0
1149,1580.0,-19972.0,3568.0,-2976.0,-676.0,1139.0,-609.0,330392.0
1150,1392.0,-19756.0,3128.0,-2976.0,-314.0,1462.0,-636.0,330398.0
1151,1320.0,-19364.0,2936.0,-2944.0,41.0,1637.0,-471.0,330404.0
1152,1460.0,-18656.0,2816.0,-2976.0,387.0,1756.0,-356.0,330409.0
1153,1792.0,-17408.0,2920.0,-2976.0,728.0,1717.0,-278.0,330416.0
1154,2208.0,-15840.0,3368.0,-2976.0,905.0,1520.0,-330.0,330422.0
1155,2680.0,-14792.0,4012.0,-2944.0,1080.0,1339.0,-440.0,330428.0
1156,2924.0,-13720.0,4044.0,-2944.0,1228.0,1142.0,-508.0,330434.0
1157,3244.0,-12868.0,4292.0,-2928.0,1292.0,1038.0,-561.0,330440.0
1158,3220.0,-12368.0,3796.0,-2928.0,1371.0,1207.0,-580.0,330446.0
1159,3372.0,-11348.0,3240.0,-2960.0,1466.0,1210.0,-577.0,330451.0
1160,3808.0,-9640.0,3716.0,-2960.0,1420.0,1053.0,-533.0,330458.0
1161,4420.0,-8184.0,4608.0,-2928.0,1315.0,821.0,-733.0,330464.0
1162,4836.0,-7096.0,5340.0,-2960.0,1084.0,733.0,-964.0,330470.0
1163,5144.0,-6232.0,6092.0,-2992.0,727.0,817.0,-1153.0,330476.0
1164,4972.0,-5880.0,6088.0,-2944.0,330.0,1035.0,-1207.0,330481.0
1165,4412.0,-6124.0,5796.0,-2944.0,59.0,1371.0,-1227.0,330487.0
1166,3844.0,-6264.0,5856.0,-2976.0,-245.0,1604.0,-1151.0,330493.0
1167,2908.0,-7312.0,5916.0,-2976.0,-504.0,1667.0,-1020.0,330500.0
1168,1984.0,-9244.0,5920.0,-2976.0,-793.0,1791.0,-910.0,330506.0
1169,1452.0,-11804.0,5536.0,-2960.0,-952.0,1788.0,-723.0,330511.0
1170,1084.0,-14544.0,4588.0,-2960.0,-975.0,1442.0,-453.0,330517.0
1171,420.0,-16532.0,4084.0,-2960.0,-964.0,1101.0,-158.0,330523.0
1172,528.0,-17876.0,3944.0,-2960.0,-977.0,598.0,31.0,330529.0
1173,644.0,-18600.0,4280.0,-2944.0,-973.0,-67.0,217.0,330535.0
1174,1208.0,-18872.0,4972.0,-2928.0,-1045.0,-620.0,257.0,330541.0
1175,1372.0,-19336.0,4740.0,-2960.0,-1064.0,-1041.0,243.0,330547.0
1176,1708.0,-19496.0,4368.0,-2960.0,-1076.0,-1244.0,294.0,330553.0
1177,1924.0,-19268.0,4244.0,-2928.0,-1043.0,-1156.0,416.0,330559.0
1178,1840.0,-18096.0,4144.0,-2944.0,-1068.0,-923.0,488.0,330565.0
1179,1708.0,-16828.0,4388.0,-2944.0,-1163.0,-689.0,526.0,330571.0
1180,1356.0,-16244.0,4892.0,-2976.0,-1254.0,-588.0,370.0,330576.0
1181,796.0,-16120.0,4988.0,-2976.0,-1352.0,-561.0,204.0,330583.0
1182,460.0,-15908.0,5184.0,-2944.0,-1492.0,-529.0,80.0,330589.0
1183,-124.0,-15932.0,4968.0,-2928.0,-1571.0,-623.0,-12.0,330595.0
1184,-124.0,-15592.0,5116.0,-2928.0,-1714.0,-831.0,-97.0,330601.0
1185,232.0,-15384.0,5252.0,-2944.0,-1877.0,-1041.0,-185.0,330606.0
1186,704.0,-15200.0,5300.0,-2976.0,-2040.0,-1141.0,-323.0,330612.0
1187,1236.0,-15116.0,5112.0,-2928.0,-2224.0,-1243.0,-433.0,330618.0
1188,1964.0,-14920.0,4792.0,-2960.0,-2395.0,-1184.0,-492.0,330625.0
1189,2484.0,-14932.0,4856.0,-2976.0,-2562.0,-980.0,-627.0,330631.0
1190,2448.0,-15232.0,4836.0,-2976.0,-2772.0,-826.0,-705.0,330637.0
1191,2612.0,-15896.0,4780.0,-2960.0,-2949.0,-660.0,-799.0,330643.0
1192,2456.0,-16056.0,4780.0,-2960.0,-3111.0,-535.0,-794.0,330648.0
1193,2280.0,-16444.0,4664.0,-2960.0,-3275.0,-377.0,-852.0,330654.0
1194,2156.0,-16772.0,4560.0,-2944.0,-3370.0,-271.0,-887.0,330660.0
1195,2120.0,-17236.0,4456.0,-2944.0,-3426.0,-153.0,-870.0,330667.0
1196,2280.0,-17564.0,4256.0,-2976.0,-3468.0,75.0,-905.0,330673.0
1197,2352.0,-17848.0,3824.0,-2944.0,-3442.0,282.0,-918.0,330679.0
1198,1968.0,-17768.0,3664.0,-2944.0,-3426.0,444.0,-890.0,330685.0
1199,1616.0,-17516.0,3744.0,-2976.0,-3395.0,476.0,-913.0,330690.0
1200,1632.0,-17188.0,3556.0,-2960.0,-3356.0,413.0,-979.0,330696.0
1201,1548.0,-16648.0,3748.0,-2960.0,-3334.0,346.0,-1087.0,330702.0
1202,1620.0,-16144.0,3820.0,-2960.0,-3301.0,298.0,-1194.0,330708.0
1203,1620.0,-15656.0,3724.0,-2912.0,-3292.0,259.0,-1260.0,330715.0
1204,1768.0,-15140.0,3796.0,-2960.0,-3288.0,204.0,-1309.0,330721.0
1205,1992.0,-15028.0,3888.0,-2960.0,-3325.0,120.0,-1376.0,330727.0
1206,2128.0,-15392.0,3816.0,-2912.0,-3323.0,154.0,-1402.0,330733.0
1207,2584.0,-15716.0,3648.0,-2912.0,-3322.0,220.0,-1387.0,330739.0
1208,2748.0,-15920.0,3408.0,-2960.0,-3293.0,309.0,-1285.0,330744.0
1209,2860.0,-16164.0,3216.0,-2960.0,-3241.0,449.0,-1201.0,330750.0
1210,3080.0,-16008.0,3092.0,-2976.0,-3170.0,539.0,-1123.0,330757.0
1211,3116.0,-16000.0,2952.0,-2960.0,-3057.0,518.0,-1066.0,330763.0
1212,3132.0,-15988.0,2928.0,-2960.0,-2974.0,504.0,-970.0,330769.0
1213,3132.0,-16100.0,2884.0,-2944.0,-2858.0,558.0,-893.0,330775.0
1214,3136.0,-16228.0,2752.0,-2944.0,-2715.0,614.0,-831.0,330781.0
1215,2960.0,-16464.0,2884.0,-2944.0,-2554.0,668.0,-703.0,330787.0
1216,2732.0,-16760.0,2656.0,-2944.0,-2367.0,730.0,-615.0,330792.0
1217,2564.0,-17248.0,2476.0,-2944.0,-2148.0,649.0,-526.0,330799.0
1218,2560.0,-17388.0,2568.0,-2944.0,-1876.0,591.0,-414.0,330805.0
1219,2400.0,-17404.0,2296.0,-2944.0,-1603.0,528.0,-340.0,330811.0
1220,2444.0,-17312.0,2052.0,-2944.0,-1283.0,419.0,-244.0,330817.0
1221,2536.0,-17048.0,1884.0,-2944.0,-990.0,341.0,-180.0,330823.0
1222,2596.0,-16452.0,1896.0,-2944.0,-715.0,211.0,-135.0,330828.0
1223,2944.0,-15912.0,1828.0,-2976.0,-466.0,105.0,-99.0,330834.0
1224,3136.0,-15328.0,2088.0,-2928.0,-247.0,55.0,-64.0,330841.0
1225,3252.0,-14564.0,2888.0,-2928.0,-115.0,-100.0,-29.0,330847.0
1226,3268.0,-14660.0,3072.0,-2960.0,-27.0,-154.0,-52.0,330852.0
1227,2968.0,-15140.0,2948.0,-2960.0,44.0,-57.0,-14.0,330858.0
1228,2796.0,-15284.0,2672.0,-2960.0,117.0,123.0,92.0,330864.0
1229,2476.0,-15076.0,2668.0,-2928.0,230.0,171.0,166.0,330869.0
1230,2388.0,-14712.0,2960.0,-2944.0,311.0,28.0,176.0,330875.0
1231,2472.0,-14736.0,3248.0,-2928.0,326.0,-223.0,149.0,330882.0
1232,2664.0,-15556.0,3668.0,-2976.0,335.0,-315.0,129.0,330888.0
1233,2880.0,-16460.0,3168.0,-2944.0,367.0,-204.0,195.0,330893.0
1234,2908.0,-16792.0,2700.0,-2928.0,439.0,-129.0,282.0,330899.0
1235,2960.0,-16520.0,2660.0,-2928.0,502.0,-187.0,312.0,330905.0
1236,2696.0,-16244.0,3048.0,-2960.0,492.0,-296.0,286.0,330911.0
1237,2900.0,-16044.0,3336.0,-2944.0,411.0,-374.0,214.0,330916.0
1238,2804.0,-15908.0,3756.0,-2944.0,327.0,-350.0,193.0,330923.0
1239,2536.0,-15788.0,3768.0,-2992.0,194.0,-159.0,126.0,330929.0
1240,2072.0,-15600.0,3788.0,-2944.0,36.0,41.0,142.0,330935.0
1241,1828.0,-15620.0,3928.0,-2928.0,-117.0,244.0,64.0,330940.0
1242,1488.0,-15832.0,4228.0,-2944.0,-297.0,329.0,-13.0,330946.0
1243,1480.0,-16204.0,4212.0,-2960.0,-483.0,444.0,-48.0,330952.0
1244,1668.0,-16484.0,3708.0,-2912.0,-624.0,560.0,-68.0,330957.0
1245,1884.0,-16340.0,3748.0,-2928.0,-761.0,430.0,-113.0,330963.0
1246,2120.0,-15744.0,4024.0,-2960.0,-948.0,184.0,-211.0,330970.0
1247,2316.0,-15352.0,4248.0,-2960.0,-1195.0,55.0,-322.0,330976.0
1248,2336.0,-15388.0,4120.0,-2976.0,-1476.0,166.0,-392.0,330982.0
1249,2224.0,-15388.0,4332.0,-2976.0,-1718.0,270.0,-455.0,330987.0
1250,1928.0,-15436.0,4180.0,-2944.0,-1979.0,410.0,-520.0,330993.0
1251,1844.0,-15648.0,4184.0,-2944.0,-2210.0,543.0,-598.0,330999.0
1252,1888.0,-15932.0,3996.0,-2960.0,-2432.0,620.0,-634.0,331005.0
1253,2156.0,-15728.0,3716.0,-2960.0,-2639.0,671.0,-648.0,331012.0
1254,2336.0,-15620.0,3876.0,-2960.0,-2848.0,735.0,-715.0,331018.0
1255,2380.0,-15484.0,3596.0,-2928.0,-3036.0,805.0,-812.0,331023.0
1256,2252.0,-15684.0,3684.0,-2960.0,-3209.0,886.0,-849.0,331029.0
1257,2160.0,-15840.0,3496.0,-2960.0,-3352.0,962.0,-921.0,331035.0
1258,2116.0,-15772.0,3348.0,-2960.0,-3437.0,1046.0,-981.0,331041.0
1259,2056.0,-15872.0,3112.0,-2944.0,-3527.0,1083.0,-1047.0,331047.0
1260,2196.0,-15924.0,3084.0,-2960.0,-3620.0,1009.0,-1118.0,331054.0
1261,2468.0,-15888.0,3084.0,-2976.0,-3635.0,933.0,-1141.0,331060.0
1262,2664.0,-15932.0,2864.0,-2944.0,-3709.0,979.0,-1165.0,331066.0
1263,2728.0,-15872.0,2628.0,-2960.0,-3720.0,1069.0,-1167.0,331072.0
1264,2852.0,-15760.0,2536.0,-2976.0,-3728.0,1093.0,-1141.0,331077.0
1265,2720.0,-15656.0,2564.0,-2928.0,-3710.0,1089.0,-1155.0,331083.0
1266,2636.0,-15696.0,2472.0,-2944.0,-3720.0,1086.0,-1184.0,331089.0
1267,2544.0,-16008.0,2616.0,-2928.0,-3703.0,1126.0,-1156.0,331096.0
1268,2604.0,-16104.0,2204.0,-2912.0,-3620.0,1196.0,-1147.0,331102.0
1269,2456.0,-16220.0,2068.0,-2960.0,-3557.0,1216.0,-1111.0,331108.0
1270,2596.0,-15928.0,2064.0,-2944.0,-3451.0,1072.0,-1156.0,331114.0
1271,2600.0,-15920.0,2296.0,-2960.0,-3429.0,812.0,-1195.0,331120.0
1272,2628.0,-16000.0,2420.0,-2960.0,-3408.0,651.0,-1186.0,331126.0
1273,2860.0,-16216.0,2108.0,-2944.0,-3372.0,708.0,-1160.0,331132.0
1274,2992.0,-16264.0,1820.0,-2960.0,-3304.0,738.0,-1152.0,331139.0
1275,2860.0,-16016.0,1920.0,-2976.0,-3207.0,698.0,-1140.0,331145.0
1276,3088.0,-15820.0,2076.0,-2944.0,-3223.0,607.0,-1135.0,331151.0
1277,3196.0,-16020.0,2008.0,-2928.0,-3185.0,644.0,-1108.0,331157.0
1278,3020.0,-16236.0,2028.0,-2944.0,-3165.0,832.0,-1103.0,331163.0
1279,2864.0,-16240.0,1860.0,-2944.0,-3141.0,965.0,-1082.0,331168.0
1280,2664.0,-16492.0,1516.0,-2960.0,-3073.0,1024.0,-1081.0,331174.0
1281,2712.0,-16248.0,1704.0,-2944.0,-3021.0,915.0,-1156.0,331181.0
1282,2712.0,-16252.0,2016.0,-2960.0,-2992.0,759.0,-1188.0,331187.0
1283,2756.0,-15984.0,2036.0,-2960.0,-3035.0,706.0,-1193.0,331193.0
1284,2708.0,-16188.0,2224.0,-2960.0,-3092.0,789.0,-1203.0,331199.0
1285,2376.0,-16104.0,1840.0,-2944.0,-3132.0,852.0,-1253.0,331205.0
1286,2456.0,-16180.0,1968.0,-2960.0,-3149.0,825.0,-1255.0,331211.0
1287,2664.0,-16196.0,1836.0,-2928.0,-3183.0,751.0,-1375.0,331217.0
1288,2772.0,-16392.0,1696.0,-2944.0,-3181.0,693.0,-1363.0,331224.0
1289,2928.0,-16288.0,1604.0,-2944.0,-3142.0,724.0,-1382.0,331229.0
1290,2976.0,-16260.0,1508.0,-2928.0,-3144.0,772.0,-1395.0,331235.0
1291,2916.0,-16292.0,1412.0,-2960.0,-3111.0,803.0,-1443.0,331241.0
1292,2972.0,-16324.0,1232.0,-2912.0,-3097.0,843.0,-1481.0,331247.0
1293,2868.0,-16180.0,1220.0,-2960.0,-3045.0,861.0,-1479.0,331253.0
1294,2956.0,-16140.0,1364.0,-2960.0,-3037.0,785.0,-1492.0,331259.0
1295,3088.0,-16084.0,1300.0,-2944.0,-3010.0,703.0,-1491.0,331266.0
1296,3164.0,-15992.0,1520.0,-2944.0,-3016.0,666.0,-1515.0,331272.0
1297,3224.0,-15932.0,1300.0,-2960.0,-2980.0,603.0,-1522.0,331278.0
1298,3252.0,-15792.0,1516.0,-2928.0,-2976.0,537.0,-1529.0,331284.0
1299,3224.0,-15852.0,1296.0,-2944.0,-3037.0,540.0,-1530.0,331289.0
1300,3284.0,-16024.0,1324.0,-2960.0,-3020.0,646.0,-1527.0,331295.0
1301,3224.0,-16160.0,1252.0,-2960.0,-3002.0,742.0,-1527.0,331301.0
1302,3160.0,-16124.0,1140.0,-2976.0,-3030.0,753.0,-1524.0,331308.0
1303,3080.0,-16268.0,1240.0,-2944.0,-3027.0,669.0,-1536.0,331314.0
1304,3084.0,-16176.0,1212.0,-2960.0,-3032.0,665.0,-1553.0,331320.0
1305,3124.0,-16112.0,1164.0,-2944.0,-3031.0,619.0,-1531.0,331326.0
1306,3084.0,-16212.0,932.0,-2912.0,-3007.0,531.0,-1553.0,331332.0
1307,3264.0,-16116.0,928.0,-2976.0,-2983.0,458.0,-1594.0,331338.0
1308,3212.0,-15896.0,876.0,-2976.0,-2957.0,294.0,-1607.0,331343.0
1309,3304.0,-15956.0,1000.0,-2944.0,-2951.0,232.0,-1641.0,331350.0
1310,3304.0,-16284.0,740.0,-2960.0,-2866.0,180.0,-1649.0,331356.0
1311,3152.0,-16232.0,724.0,-2960.0,-2824.0,143.0,-1634.0,331362.0
1312,3176.0,-16188.0,948.0,-2928.0,-2835.0,44.0,-1676.0,331368.0
1313,3416.0,-16124.0,876.0,-2960.0,-2850.0,-31.0,-1699.0,331374.0
1314,3396.0,-16260.0,944.0,-2944.0,-2837.0,-66.0,-1717.0,331379.0
1315,3292.0,-16292.0,644.0,-2944.0,-2852.0,-3.0,-1719.0,331385.0
1316,3144.0,-16184.0,740.0,-2960.0,-2856.0,13.0,-1711.0,331392.0
1317,3188.0,-16356.0,804.0,-2928.0,-2860.0,-6.0,-1712.0,331398.0
1318,3344.0,-16400.0,792.0,-2976.0,-2857.0,-35.0,-1736.0,331403.0
1319,3472.0,-16352.0,212.0,-2944.0,-2776.0,-157.0,-1803.0,331409.0
1320,3612.0,-16380.0,304.0,-2944.0,-2699.0,-247.0,-1753.0,331415.0
1321,3760.0,-16380.0,76.0,-2944.0,-2621.0,-278.0,-1756.0,331421.0
1322,3828.0,-16316.0,192.0,-2944.0,-2472.0,-284.0,-1724.0,331427.0
1323,3936.0,-16104.0,144.0,-2960.0,-2367.0,-355.0,-1670.0,331433.0
1324,4124.0,-16264.0,-48.0,-2960.0,-2244.0,-336.0,-1616.0,331439.0
1325,4124.0,-16504.0,-176.0,-2960.0,-2050.0,-245.0,-1526.0,331445.0
1326,4148.0,-16524.0,-200.0,-2928.0,-1857.0,-183.0,-1411.0,331451.0
1327,4252.0,-16436.0,-404.0,-2960.0,-1653.0,-185.0,-1294.0,331457.0
1328,4516.0,-16516.0,-560.0,-2944.0,-1430.0,-228.0,-1127.0,331463.0
1329,4628.0,-16352.0,-520.0,-2944.0,-1223.0,-244.0,-956.0,331469.0
1330,4872.0,-16440.0,-704.0,-2944.0,-956.0,-265.0,-807.0,331475.0
1331,4956.0,-16456.0,-932.0,-2928.0,-706.0,-345.0,-638.0,331481.0
1332,5084.0,-16272.0,-648.0,-2960.0,-453.0,-395.0,-443.0,331487.0
1333,5120.0,-16140.0,-684.0,-2944.0,-237.0,-417.0,-246.0,331493.0
1334,4916.0,-16148.0,-632.0,-2944.0,-16.0,-387.0,-73.0,331499.0
1335,4764.0,-16144.0,-456.0,-2928.0,166.0,-363.0,126.0,331504.0
1336,4652.0,-16348.0,-636.0,-2944.0,369.0,-242.0,268.0,331510.0
1337,4544.0,-16504.0,-496.0,-2928.0,645.0,-203.0,402.0,331516.0
1338,4684.0,-16520.0,-720.0,-2960.0,891.0,-208.0,537.0,331523.0
1339,4712.0,-16504.0,-532.0,-2912.0,1075.0,-232.0,648.0,331528.0
1340,4512.0,-16488.0,-380.0,-2944.0,1274.0,-238.0,772.0,331534.0
1341,4192.0,-16276.0,-152.0,-2944.0,1392.0,-232.0,879.0,331540.0
1342,3864.0,-16244.0,60.0,-2944.0,1493.0,-260.0,908.0,331546.0
1343,4100.0,-16128.0,196.0,-2960.0,1515.0,-362.0,969.0,331552.0
1344,4112.0,-16068.0,440.0,-2960.0,1546.0,-340.0,1031.0,331557.0
1345,4148.0,-16024.0,448.0,-2928.0,1557.0,-216.0,1029.0,331564.0
1346,4088.0,-16024.0,552.0,-2928.0,1568.0,-182.0,1048.0,331570.0
1347,4000.0,-15904.0,548.0,-2928.0,1524.0,-109.0,1082.0,331576.0
1348,3788.0,-16068.0,692.0,-2960.0,1502.0,10.0,1059.0,331582.0
1349,3588.0,-16120.0,768.0,-2944.0,1451.0,83.0,1049.0,331587.0
1350,3444.0,-16052.0,644.0,-2944.0,1446.0,144.0,1010.0,331593.0
1351,3212.0,-16064.0,608.0,-2960.0,1412.0,141.0,1025.0,331599.0
1352,3368.0,-16064.0,600.0,-2896.0,1392.0,207.0,905.0,331606.0
1353,3300.0,-16264.0,708.0,-2928.0,1367.0,255.0,885.0,331612.0
1354,3140.0,-16284.0,800.0,-2944.0,1385.0,288.0,814.0,331617.0
1355,2912.0,-16348.0,748.0,-2912.0,1370.0,158.0,786.0,331623.0
1356,2972.0,-16256.0,924.0,-2960.0,1319.0,37.0,707.0,331629.0
1357,3084.0,-16076.0,980.0,-2944.0,1256.0,-112.0,621.0,331635.0
1358,3096.0,-16220.0,1080.0,-2960.0,1207.0,-167.0,613.0,331640.0
1359,3236.0,-16016.0,972.0,-2928.0,1171.0,-230.0,510.0,331646.0
1360,3260.0,-15864.0,1040.0,-2960.0,1072.0,-236.0,457.0,331653.0
1361,3136.0,-15804.0,1164.0,-2960.0,954.0,-299.0,389.0,331659.0
1362,3336.0,-15800.0,1220.0,-2944.0,842.0,-325.0,356.0,331664.0
1363,3444.0,-15904.0,1520.0,-2944.0,742.0,-237.0,317.0,331670.0
1364,3692.0,-15652.0,1112.0,-2928.0,585.0,-119.0,354.0,331676.0
1365,3536.0,-16020.0,1048.0,-2928.0,555.0,-25.0,266.0,331682.0
1366,3476.0,-15784.0,1132.0,-2944.0,463.0,21.0,291.0,331687.0
1367,3548.0,-15836.0,944.0,-2928.0,416.0,73.0,201.0,331694.0
1368,3488.0,-15944.0,840.0,-2960.0,379.0,140.0,168.0,331700.0
1369,3528.0,-15936.0,768.0,-2944.0,353.0,139.0,114.0,331706.0
