id,AcX,AcY,AcZ,Tmp,GyX,GyY,GyZ,Timer
0,1112.0,-21788.0,1304.0,-2832.0,12151.0,-8703.0,7226.0,19252.0
1,3140.0,-23028.0,3340.0,-2816.0,11931.0,-10744.0,6065.0,19258.0
2,4736.0,-24856.0,5300.0,-2816.0,13210.0,-11257.0,5505.0,19264.0
3,5512.0,-23740.0,4264.0,-2800.0,14544.0,-10006.0,5802.0,19270.0
4,6656.0,-18764.0,2608.0,-2784.0,15183.0,-8689.0,6281.0,19276.0
5,7552.0,-13668.0,2052.0,-2768.0,14656.0,-6970.0,6333.0,19282.0
6,7956.0,-9864.0,576.0,-2784.0,13559.0,-4087.0,6099.0,19289.0
7,9016.0,-7000.0,-1796.0,-2768.0,11232.0,-461.0,5686.0,19295.0
8,10532.0,-5912.0,-4356.0,-2832.0,8449.0,3020.0,4582.0,19301.0
9,10640.0,-6136.0,-6988.0,-2832.0,5937.0,5667.0,3163.0,19306.0
10,10340.0,-5116.0,-9748.0,-2784.0,3666.0,6293.0,2167.0,19312.0
11,10684.0,-4196.0,-10924.0,-2800.0,1717.0,6196.0,1378.0,19318.0
12,9704.0,-3560.0,-10476.0,-2800.0,117.0,6328.0,738.0,19324.0
13,8076.0,-2768.0,-8984.0,-2800.0,-1248.0,6816.0,656.0,19331.0
14,6276.0,-2168.0,-7916.0,-2800.0,-2618.0,7565.0,771.0,19337.0
15,4500.0,-1432.0,-7540.0,-2768.0,-4294.0,8474.0,732.0,19343.0
16,2788.0,-968.0,-7168.0,-2816.0,-6240.0,9330.0,317.0,19348.0
17,1184.0,-1212.0,-7008.0,-2784.0,-8280.0,9537.0,-508.0,19354.0
18,-272.0,-1636.0,-6544.0,-2784.0,-10216.0,8800.0,-1401.0,19360.0
19,-1312.0,-2168.0,-5580.0,-2784.0,-11798.0,7186.0,-2182.0,19366.0
20,-2400.0,-3056.0,-4436.0,-2768.0,-13148.0,5004.0,-2860.0,19373.0
21,-3664.0,-3352.0,-4164.0,-2816.0,-14520.0,2580.0,-3420.0,19379.0
22,-4224.0,-2996.0,-4532.0,-2800.0,-16248.0,358.0,-3889.0,19385.0
23,-4028.0,-2932.0,-5140.0,-2800.0,-18156.0,-1370.0,-4395.0,19391.0
24,-3120.0,-3072.0,-6336.0,-2816.0,-20214.0,-2634.0,-4923.0,19396.0
25,-1608.0,-3276.0,-6932.0,-2832.0,-22344.0,-3759.0,-5548.0,19402.0
26,-240.0,-4096.0,-6940.0,-2784.0,-24284.0,-4473.0,-6104.0,19408.0
27,200.0,-5516.0,-6812.0,-2832.0,-25674.0,-5298.0,-6572.0,19415.0
28,740.0,-6676.0,-5736.0,-2800.0,-26800.0,-5838.0,-6771.0,19421.0
29,1332.0,-7448.0,-4992.0,-2816.0,-27887.0,-6104.0,-6908.0,19427.0
30,1840.0,-7908.0,-4416.0,-2800.0,-29028.0,-6143.0,-7045.0,19433.0
31,2568.0,-8544.0,-3932.0,-2816.0,-30159.0,-5999.0,-7381.0,19439.0
32,3300.0,-9304.0,-3544.0,-2768.0,-31381.0,-5841.0,-7854.0,19445.0
33,3976.0,-10392.0,-3568.0,-2800.0,-32570.0,-5680.0,-8377.0,19451.0
34,5196.0,-12068.0,-3688.0,-2832.0,-32768.0,-5257.0,-8928.0,19458.0
35,6112.0,-14004.0,-3620.0,-2816.0,-32768.0,-4590.0,-9243.0,19464.0
36,6456.0,-15444.0,-2960.0,-2784.0,-32768.0,-3564.0,-9415.0,19470.0
37,6064.0,-16572.0,-2336.0,-2800.0,-32768.0,-2360.0,-9553.0,19476.0
38,5328.0,-17272.0,-1732.0,-2816.0,-32768.0,-1278.0,-9722.0,19482.0
39,4272.0,-18080.0,-828.0,-2800.0,-32768.0,-619.0,-9974.0,19488.0
40,3276.0,-19492.0,-104.0,-2816.0,-32768.0,-295.0,-10233.0,19494.0
41,2624.0,-20748.0,-164.0,-2768.0,-32768.0,-171.0,-10464.0,19501.0
42,2064.0,-22092.0,-76.0,-2816.0,-32768.0,-209.0,-10731.0,19507.0
43,1952.0,-23344.0,-140.0,-2784.0,-32768.0,-277.0,-10912.0,19512.0
44,2184.0,-24588.0,-24.0,-2800.0,-32768.0,-301.0,-11118.0,19518.0
45,2620.0,-25684.0,332.0,-2816.0,-32768.0,-358.0,-11247.0,19524.0
46,3036.0,-26556.0,860.0,-2800.0,-32768.0,-363.0,-11453.0,19530.0
47,3512.0,-27064.0,1452.0,-2784.0,-32768.0,-337.0,-11764.0,19536.0
48,3876.0,-27656.0,2076.0,-2816.0,-32768.0,-272.0,-12208.0,19543.0
49,4020.0,-28580.0,2820.0,-2816.0,-32768.0,-292.0,-12747.0,19549.0
50,3596.0,-29812.0,3644.0,-2816.0,-32768.0,-516.0,-13244.0,19555.0
51,2828.0,-30488.0,4932.0,-2816.0,-32768.0,-1070.0,-13681.0,19562.0
52,2212.0,-31300.0,6396.0,-2816.0,-32768.0,-1753.0,-14052.0,19568.0
53,2056.0,-31664.0,7416.0,-2800.0,-32768.0,-2340.0,-14406.0,19574.0
54,2316.0,-31932.0,8176.0,-2800.0,-32768.0,-2748.0,-14606.0,19580.0
55,2692.0,-32516.0,8688.0,-2816.0,-32768.0,-2913.0,-14599.0,19587.0
56,3100.0,-32768.0,9508.0,-2800.0,-32768.0,-2907.0,-14243.0,19593.0
57,3868.0,-32768.0,10696.0,-2800.0,-32768.0,-2637.0,-13589.0,19599.0
58,4860.0,-32768.0,12556.0,-2816.0,-32066.0,-2041.0,-12839.0,19606.0
59,5568.0,-32768.0,14528.0,-2784.0,-30520.0,-933.0,-12194.0,19612.0
60,6172.0,-32768.0,16336.0,-2816.0,-28869.0,367.0,-11668.0,19618.0
61,7044.0,-32768.0,18876.0,-2816.0,-26850.0,1910.0,-12441.0,19624.0
62,6572.0,-31880.0,20948.0,-2800.0,-24940.0,3346.0,-9503.0,19631.0
63,8424.0,-31612.0,22496.0,-2800.0,-22495.0,5791.0,-10994.0,19637.0
64,3548.0,-31072.0,24360.0,-2800.0,-20116.0,8052.0,-11673.0,19643.0
65,-496.0,-30284.0,25916.0,-2816.0,-17644.0,9931.0,-10382.0,19650.0
66,-3996.0,-29492.0,27300.0,-2848.0,-14893.0,11514.0,-8662.0,19656.0
67,-7704.0,-28148.0,28736.0,-2800.0,-11816.0,12264.0,-6502.0,19662.0
68,-10412.0,-26820.0,30428.0,-2832.0,-8416.0,12120.0,-4495.0,19668.0
69,-14212.0,-25196.0,31752.0,-2816.0,-5051.0,10604.0,-2164.0,19675.0
70,-14388.0,-25280.0,32020.0,-2800.0,-1517.0,8163.0,-665.0,19682.0
71,-14288.0,-25284.0,30516.0,-2800.0,1858.0,5229.0,136.0,19688.0
72,-13580.0,-25400.0,29220.0,-2816.0,5050.0,2103.0,717.0,19694.0
73,-12692.0,-24856.0,28036.0,-2800.0,8030.0,-806.0,1442.0,19700.0
74,-12156.0,-23984.0,26404.0,-2832.0,10646.0,-3273.0,2235.0,19706.0
75,-12508.0,-23256.0,24580.0,-2832.0,12898.0,-5528.0,2929.0,19713.0
76,-12716.0,-22632.0,22600.0,-2832.0,14776.0,-7979.0,3452.0,19719.0
77,-12196.0,-21980.0,19968.0,-2832.0,16374.0,-10544.0,3913.0,19725.0
78,-10784.0,-17960.0,13944.0,-2784.0,17452.0,-13147.0,4365.0,19731.0
79,-5708.0,-6996.0,-14292.0,-2816.0,13797.0,-15173.0,3845.0,19737.0
80,32767.0,20732.0,-32768.0,-2816.0,-11903.0,-12110.0,-8389.0,19743.0
81,32767.0,-32768.0,-32768.0,-2848.0,-9500.0,-20607.0,-32768.0,19750.0
82,25168.0,-32768.0,-10688.0,-2800.0,17821.0,-24843.0,5035.0,19757.0
83,1176.0,-19244.0,14600.0,-2784.0,15360.0,8376.0,20688.0,19763.0
84,-30840.0,-25732.0,32767.0,-2784.0,14190.0,21103.0,14958.0,19769.0
85,-32768.0,-32768.0,32767.0,-2800.0,16184.0,9590.0,5919.0,19776.0
86,-32768.0,-32768.0,16596.0,-2800.0,16191.0,-5783.0,327.0,19782.0
87,-25880.0,-22992.0,-13824.0,-2784.0,13643.0,-13665.0,595.0,19788.0
88,2916.0,-8772.0,-21800.0,-2816.0,11788.0,-15744.0,-208.0,19794.0
89,26624.0,-2092.0,-9236.0,-2832.0,12136.0,-18521.0,-4959.0,19801.0
90,32767.0,-6772.0,10796.0,-2816.0,12520.0,-16650.0,-6697.0,19807.0
91,18988.0,-19508.0,16328.0,-2800.0,12217.0,-7074.0,-3457.0,19813.0
92,5500.0,-23628.0,6000.0,-2832.0,10938.0,854.0,-440.0,19819.0
93,2576.0,-18480.0,-2992.0,-2832.0,9821.0,-356.0,-1135.0,19825.0
94,5408.0,-15228.0,-3560.0,-2816.0,9913.0,-5296.0,-2090.0,19831.0
95,8032.0,-15744.0,-1444.0,-2832.0,10444.0,-6544.0,-1109.0,19837.0
96,7668.0,-16408.0,-1644.0,-2816.0,10759.0,-4025.0,538.0,19844.0
97,5860.0,-17312.0,-2720.0,-2768.0,11031.0,-1939.0,1453.0,19850.0
98,5036.0,-17140.0,-1968.0,-2816.0,11257.0,-1603.0,1965.0,19856.0
99,5456.0,-16744.0,-1248.0,-2800.0,11105.0,-1997.0,2014.0,19862.0
100,5888.0,-15444.0,-1156.0,-2784.0,10390.0,-1739.0,1919.0,19868.0
101,6404.0,-15180.0,-1512.0,-2768.0,9618.0,-322.0,2030.0,19874.0
102,4892.0,-15520.0,-1052.0,-2816.0,9100.0,1840.0,1894.0,19880.0
103,2096.0,-15480.0,-816.0,-2832.0,8586.0,4125.0,1843.0,19887.0
104,-1188.0,-15776.0,-824.0,-2832.0,8113.0,5573.0,1306.0,19893.0
105,-3880.0,-16560.0,-908.0,-2832.0,7808.0,5449.0,392.0,19898.0
106,-4932.0,-17208.0,-980.0,-2800.0,7699.0,3721.0,-839.0,19904.0
107,-4576.0,-17660.0,-1248.0,-2800.0,7734.0,1183.0,-2132.0,19910.0
108,-2792.0,-17392.0,-1304.0,-2816.0,7656.0,-1463.0,-3084.0,19916.0
109,-32.0,-16680.0,-1112.0,-2832.0,7495.0,-3698.0,-3466.0,19922.0
110,3344.0,-15552.0,-1308.0,-2832.0,7212.0,-5229.0,-3303.0,19929.0
111,6116.0,-15312.0,-1524.0,-2784.0,7083.0,-5850.0,-3207.0,19935.0
112,7828.0,-15812.0,-1556.0,-2800.0,7222.0,-5513.0,-3001.0,19941.0
113,8848.0,-15984.0,-1604.0,-2816.0,7519.0,-4479.0,-2529.0,19947.0
114,9664.0,-15524.0,-1728.0,-2832.0,7590.0,-3090.0,-1974.0,19953.0
115,9948.0,-15080.0,-1140.0,-2800.0,7467.0,-1325.0,-1274.0,19958.0
116,9640.0,-15204.0,-72.0,-2784.0,7115.0,968.0,-388.0,19964.0
117,8704.0,-15716.0,-284.0,-2800.0,6775.0,3203.0,235.0,19971.0
118,7084.0,-15944.0,-792.0,-2800.0,6539.0,4893.0,636.0,19977.0
119,5280.0,-15964.0,-1016.0,-2800.0,6421.0,5788.0,606.0,19983.0
120,3756.0,-15516.0,-704.0,-2800.0,6284.0,6012.0,470.0,19989.0
121,2896.0,-15880.0,-564.0,-2800.0,6204.0,5832.0,244.0,19994.0
122,2740.0,-16084.0,-900.0,-2832.0,6261.0,5253.0,-24.0,20000.0
123,3004.0,-15964.0,-1476.0,-2800.0,6318.0,4455.0,-250.0,20006.0
124,3244.0,-15384.0,-1688.0,-2800.0,6160.0,3658.0,-362.0,20013.0
125,3148.0,-15496.0,-1036.0,-2832.0,5972.0,3110.0,-432.0,20019.0
126,3648.0,-15700.0,-596.0,-2816.0,5876.0,2672.0,-532.0,20025.0
127,4420.0,-15980.0,-444.0,-2816.0,5795.0,2531.0,-532.0,20031.0
128,5144.0,-16176.0,-732.0,-2784.0,5787.0,2673.0,-455.0,20036.0
129,5912.0,-15784.0,-1048.0,-2816.0,5798.0,2926.0,-344.0,20042.0
130,6184.0,-15364.0,-860.0,-2832.0,5752.0,3272.0,-125.0,20048.0
131,6232.0,-15304.0,-580.0,-2832.0,5659.0,3643.0,164.0,20055.0
132,5972.0,-15452.0,-512.0,-2800.0,5573.0,4001.0,403.0,20061.0
133,5524.0,-15564.0,-540.0,-2832.0,5504.0,4301.0,586.0,20067.0
134,5072.0,-15360.0,-272.0,-2800.0,5441.0,4251.0,661.0,20072.0
135,4660.0,-15296.0,-8.0,-2800.0,5322.0,3967.0,712.0,20078.0
136,4288.0,-15436.0,-120.0,-2800.0,5236.0,3711.0,749.0,20084.0
137,4120.0,-15620.0,124.0,-2800.0,5106.0,3557.0,765.0,20090.0
138,3732.0,-15912.0,236.0,-2800.0,4979.0,3401.0,841.0,20097.0
139,3776.0,-15924.0,516.0,-2832.0,4903.0,3163.0,857.0,20102.0
140,3636.0,-15800.0,616.0,-2832.0,4805.0,2847.0,788.0,20108.0
141,3800.0,-15856.0,504.0,-2800.0,4698.0,2555.0,775.0,20114.0
142,4084.0,-15636.0,772.0,-2816.0,4628.0,2437.0,835.0,20120.0
143,4292.0,-15776.0,804.0,-2832.0,4575.0,2403.0,810.0,20125.0
144,4320.0,-15800.0,796.0,-2832.0,4512.0,2344.0,828.0,20131.0
145,4596.0,-15752.0,540.0,-2800.0,4489.0,2325.0,863.0,20137.0
146,4780.0,-15908.0,500.0,-2816.0,4478.0,2324.0,947.0,20144.0
147,4692.0,-15880.0,668.0,-2816.0,4509.0,2393.0,999.0,20150.0
148,4644.0,-15960.0,844.0,-2832.0,4514.0,2422.0,1071.0,20155.0
149,4604.0,-15784.0,744.0,-2800.0,4527.0,2416.0,1142.0,20161.0
150,4640.0,-15872.0,912.0,-2800.0,4527.0,2358.0,1173.0,20167.0
151,4636.0,-15872.0,836.0,-2800.0,4554.0,2275.0,1259.0,20173.0
152,4560.0,-15992.0,1052.0,-2800.0,4594.0,2319.0,1312.0,20179.0
153,4452.0,-16164.0,1036.0,-2816.0,4616.0,2243.0,1348.0,20186.0
154,4392.0,-16176.0,1104.0,-2816.0,4662.0,2211.0,1358.0,20191.0
155,4136.0,-16144.0,1252.0,-2816.0,4691.0,2193.0,1423.0,20197.0
156,3888.0,-16272.0,1432.0,-2832.0,4735.0,2148.0,1408.0,20203.0
157,3624.0,-16280.0,1432.0,-2832.0,4778.0,2033.0,1425.0,20209.0
158,3596.0,-16288.0,1456.0,-2832.0,4830.0,1905.0,1387.0,20215.0
159,3700.0,-16272.0,1548.0,-2816.0,4875.0,1837.0,1313.0,20221.0
160,3908.0,-16412.0,1656.0,-2816.0,4925.0,1791.0,1267.0,20228.0
161,3804.0,-16348.0,1680.0,-2832.0,4973.0,1817.0,1248.0,20234.0
162,3920.0,-16420.0,1620.0,-2800.0,5054.0,1811.0,1205.0,20239.0
163,4100.0,-16380.0,1568.0,-2800.0,5131.0,1781.0,1150.0,20245.0
164,4236.0,-16276.0,1600.0,-2832.0,5210.0,1796.0,1139.0,20251.0
165,4416.0,-16272.0,1748.0,-2816.0,5290.0,1863.0,1135.0,20257.0
166,4412.0,-16212.0,1900.0,-2848.0,5411.0,2006.0,1120.0,20263.0
167,4440.0,-16192.0,1988.0,-2768.0,5522.0,2160.0,1122.0,20270.0
168,4180.0,-16428.0,2272.0,-2832.0,5603.0,2296.0,1147.0,20276.0
169,4152.0,-16628.0,2092.0,-2848.0,5737.0,2456.0,1130.0,20282.0
170,3924.0,-16780.0,1900.0,-2816.0,5898.0,2487.0,1225.0,20287.0
171,3988.0,-16848.0,1832.0,-2816.0,6069.0,2544.0,1296.0,20293.0
172,4148.0,-17068.0,2024.0,-2800.0,6277.0,2536.0,1357.0,20299.0
173,4020.0,-17116.0,1852.0,-2832.0,6506.0,2464.0,1487.0,20305.0
174,4136.0,-17288.0,1728.0,-2800.0,6786.0,2392.0,1569.0,20312.0
175,4128.0,-17332.0,1856.0,-2816.0,7011.0,2265.0,1715.0,20318.0
176,4496.0,-17392.0,2128.0,-2816.0,7257.0,2232.0,1761.0,20324.0
177,4888.0,-17748.0,2344.0,-2816.0,7584.0,2173.0,1823.0,20330.0
178,5624.0,-19824.0,2756.0,-2832.0,7871.0,2361.0,2380.0,20335.0
179,9052.0,-15300.0,568.0,-2800.0,7776.0,2728.0,1056.0,20341.0
180,5256.0,-17452.0,1640.0,-2832.0,8076.0,3427.0,2653.0,20347.0
181,4140.0,-17596.0,3076.0,-2816.0,8283.0,4235.0,2553.0,20354.0
182,2936.0,-17584.0,3540.0,-2848.0,8503.0,3771.0,2851.0,20360.0
183,2968.0,-18256.0,3288.0,-2816.0,8748.0,3338.0,3092.0,20366.0
184,3084.0,-18352.0,3116.0,-2832.0,9033.0,3082.0,3259.0,20372.0
185,3316.0,-18596.0,3284.0,-2832.0,9295.0,2957.0,3340.0,20378.0
186,3424.0,-18680.0,3156.0,-2832.0,9524.0,2845.0,3535.0,20383.0
187,3004.0,-19068.0,3440.0,-2816.0,9847.0,2897.0,3734.0,20389.0
188,2764.0,-19280.0,3272.0,-2816.0,10174.0,2862.0,3984.0,20396.0
189,2468.0,-19572.0,3540.0,-2800.0,10450.0,2769.0,4191.0,20402.0
190,2540.0,-19920.0,3432.0,-2816.0,10801.0,2706.0,4473.0,20408.0
191,2832.0,-20256.0,3500.0,-2800.0,11135.0,2689.0,4678.0,20414.0
192,3588.0,-20344.0,3584.0,-2816.0,11448.0,2737.0,4891.0,20420.0
193,4000.0,-20588.0,3368.0,-2816.0,11767.0,2976.0,5026.0,20426.0
194,4672.0,-20868.0,3408.0,-2800.0,12097.0,3264.0,5198.0,20432.0
195,5080.0,-21112.0,3336.0,-2816.0,12430.0,3776.0,5397.0,20439.0
196,5268.0,-21648.0,3388.0,-2800.0,12832.0,4444.0,5704.0,20445.0
197,3692.0,-21932.0,3716.0,-2800.0,13125.0,5262.0,6374.0,20451.0
198,1468.0,-23368.0,4868.0,-2832.0,13285.0,5226.0,7405.0,20456.0
199,2004.0,-25928.0,4572.0,-2848.0,13504.0,4264.0,8127.0,20462.0
200,4484.0,-26376.0,2656.0,-2816.0,13955.0,3757.0,8164.0,20468.0
201,6612.0,-25444.0,1308.0,-2800.0,14507.0,3851.0,7805.0,20474.0
202,7940.0,-25596.0,1120.0,-2784.0,15075.0,4543.0,7778.0,20481.0
203,8592.0,-27856.0,2124.0,-2800.0,15845.0,5975.0,7914.0,20487.0
204,7864.0,-29564.0,2676.0,-2816.0,16706.0,7431.0,8239.0,20493.0
205,7500.0,-30400.0,568.0,-2816.0,17431.0,9054.0,8404.0,20499.0
206,7076.0,-31200.0,-652.0,-2832.0,18277.0,9900.0,8449.0,20505.0
207,7320.0,-31588.0,-2004.0,-2832.0,18895.0,10584.0,8607.0,20511.0
208,9020.0,-32768.0,-4176.0,-2800.0,19387.0,11198.0,8356.0,20517.0
209,10864.0,-32768.0,-6340.0,-2816.0,19718.0,11839.0,7971.0,20524.0
210,11952.0,-32768.0,-9116.0,-2816.0,19706.0,13388.0,7640.0,20530.0
211,11304.0,-32768.0,-11752.0,-2816.0,19859.0,14880.0,7793.0,20536.0
212,10096.0,-32768.0,-15304.0,-2784.0,19590.0,15339.0,8259.0,20542.0
213,9440.0,-30796.0,-17992.0,-2784.0,18872.0,15961.0,8866.0,20548.0
214,8204.0,-27552.0,-18992.0,-2784.0,18092.0,16388.0,9183.0,20554.0
215,7028.0,-23228.0,-17332.0,-2816.0,17264.0,15767.0,9238.0,20560.0
216,4268.0,-19140.0,-11472.0,-2816.0,16236.0,14924.0,9363.0,20567.0
217,1856.0,-18296.0,-2168.0,-2816.0,15924.0,12804.0,9413.0,20573.0
218,-396.0,-18912.0,6000.0,-2816.0,15960.0,10139.0,9757.0,20579.0
219,-1440.0,-19108.0,7508.0,-2832.0,15140.0,7004.0,9280.0,20585.0
220,-948.0,-18568.0,4072.0,-2816.0,13199.0,3010.0,7618.0,20591.0
221,1332.0,-18756.0,580.0,-2816.0,11147.0,-438.0,5506.0,20597.0
222,4264.0,-19916.0,-768.0,-2816.0,9938.0,-2035.0,3577.0,20603.0
223,5336.0,-22824.0,3556.0,-2800.0,10716.0,-1887.0,2722.0,20610.0
224,5340.0,-23372.0,3636.0,-2800.0,12332.0,-283.0,2890.0,20616.0
225,4976.0,-20416.0,1168.0,-2816.0,13310.0,2156.0,3656.0,20622.0
226,4864.0,-14736.0,-408.0,-2800.0,13280.0,3645.0,4328.0,20628.0
227,5068.0,-10700.0,1180.0,-2784.0,12406.0,4827.0,4753.0,20634.0
228,4060.0,-6400.0,-196.0,-2816.0,11036.0,5903.0,5186.0,20639.0
229,3824.0,-3880.0,-1300.0,-2800.0,8800.0,6887.0,5436.0,20645.0
230,4280.0,-3464.0,-2476.0,-2832.0,6388.0,7966.0,4915.0,20652.0
231,4080.0,-3876.0,-3620.0,-2832.0,4271.0,8767.0,3788.0,20658.0
232,2708.0,-3580.0,-6260.0,-2864.0,2488.0,8804.0,2790.0,20664.0
233,1468.0,-2692.0,-9136.0,-2832.0,749.0,8074.0,2136.0,20670.0
234,808.0,-1408.0,-9852.0,-2832.0,-1239.0,6477.0,1524.0,20676.0
235,632.0,0.0,-9936.0,-2800.0,-3556.0,5086.0,919.0,20681.0
236,-20.0,420.0,-8724.0,-2800.0,-5727.0,4279.0,403.0,20687.0
237,-892.0,-12.0,-7908.0,-2832.0,-7624.0,3811.0,86.0,20694.0
238,-2212.0,-456.0,-7096.0,-2800.0,-9395.0,3360.0,-180.0,20699.0
239,-2940.0,-1016.0,-6748.0,-2816.0,-11059.0,2559.0,-655.0,20705.0
240,-3512.0,-1164.0,-6268.0,-2832.0,-12678.0,1152.0,-1423.0,20711.0
241,-3540.0,-1464.0,-5448.0,-2848.0,-14195.0,-934.0,-2199.0,20717.0
242,-3304.0,-1752.0,-4548.0,-2800.0,-15655.0,-3288.0,-2806.0,20723.0
243,-3132.0,-2080.0,-3768.0,-2800.0,-17087.0,-5490.0,-3144.0,20729.0
244,-3004.0,-2380.0,-3268.0,-2800.0,-18662.0,-7243.0,-3327.0,20736.0
245,-2676.0,-2408.0,-3596.0,-2816.0,-20453.0,-8394.0,-3550.0,20741.0
246,-2232.0,-2748.0,-3972.0,-2816.0,-22290.0,-9199.0,-4050.0,20747.0
247,-1492.0,-3504.0,-4408.0,-2800.0,-24055.0,-10014.0,-4677.0,20753.0
248,-700.0,-4588.0,-4972.0,-2832.0,-25729.0,-11078.0,-5285.0,20759.0
249,-144.0,-5940.0,-4840.0,-2784.0,-26997.0,-12284.0,-5753.0,20765.0
250,380.0,-7204.0,-4132.0,-2800.0,-28034.0,-13230.0,-6002.0,20771.0
251,2012.0,-7496.0,-2944.0,-2800.0,-29392.0,-13561.0,-6164.0,20777.0
252,2764.0,-9004.0,-2796.0,-2800.0,-30259.0,-14373.0,-6472.0,20784.0
253,4516.0,-10020.0,-2284.0,-2784.0,-31172.0,-14352.0,-6647.0,20790.0
254,6080.0,-11140.0,-1468.0,-2848.0,-32241.0,-13712.0,-6885.0,20796.0
255,7544.0,-12360.0,-940.0,-2816.0,-32768.0,-12544.0,-7052.0,20802.0
256,8584.0,-14028.0,-332.0,-2832.0,-32768.0,-11072.0,-7204.0,20808.0
257,8920.0,-15776.0,440.0,-2816.0,-32768.0,-9690.0,-7280.0,20814.0
258,8716.0,-16808.0,1328.0,-2800.0,-32768.0,-8422.0,-7306.0,20820.0
259,8088.0,-17716.0,2068.0,-2800.0,-32768.0,-7233.0,-7289.0,20827.0
260,7376.0,-18696.0,2628.0,-2816.0,-32768.0,-6183.0,-7343.0,20833.0
261,6712.0,-19668.0,3040.0,-2832.0,-32768.0,-5297.0,-7525.0,20839.0
262,6364.0,-20544.0,3264.0,-2848.0,-32768.0,-4636.0,-7834.0,20845.0
263,5932.0,-21680.0,3664.0,-2816.0,-32768.0,-4111.0,-8247.0,20851.0
264,5792.0,-22540.0,3732.0,-2816.0,-32768.0,-3705.0,-8643.0,20857.0
265,5724.0,-23192.0,3824.0,-2816.0,-32768.0,-3347.0,-8986.0,20864.0
266,5804.0,-23836.0,3948.0,-2816.0,-32768.0,-3018.0,-9338.0,20870.0
267,6088.0,-24568.0,4480.0,-2832.0,-32768.0,-2680.0,-9743.0,20876.0
268,6632.0,-25092.0,4792.0,-2816.0,-32768.0,-2265.0,-10303.0,20882.0
269,7000.0,-25288.0,5060.0,-2848.0,-32768.0,-1843.0,-10956.0,20889.0
270,7412.0,-25736.0,5624.0,-2800.0,-32768.0,-1455.0,-11722.0,20895.0
271,7544.0,-26336.0,6440.0,-2800.0,-32768.0,-997.0,-12421.0,20901.0
272,7456.0,-26940.0,6808.0,-2832.0,-32768.0,-568.0,-13023.0,20908.0
273,6964.0,-27412.0,6984.0,-2800.0,-32768.0,-247.0,-13593.0,20914.0
274,6104.0,-27912.0,7172.0,-2832.0,-32768.0,-119.0,-14070.0,20920.0
275,4804.0,-28600.0,7796.0,-2800.0,-32768.0,-372.0,-14490.0,20926.0
276,3872.0,-29092.0,8628.0,-2864.0,-32626.0,-748.0,-14812.0,20932.0
277,3776.0,-29164.0,8852.0,-2800.0,-31935.0,-784.0,-15048.0,20938.0
278,4308.0,-29120.0,8664.0,-2800.0,-31298.0,-25.0,-14999.0,20944.0
279,4936.0,-28988.0,8096.0,-2800.0,-30612.0,1249.0,-14606.0,20951.0
280,5060.0,-29044.0,7704.0,-2816.0,-29707.0,2937.0,-13936.0,20957.0
281,4264.0,-29000.0,8364.0,-2816.0,-28586.0,4527.0,-13152.0,20963.0
282,3420.0,-29084.0,9312.0,-2784.0,-27290.0,5728.0,-12232.0,20969.0
283,2396.0,-29108.0,10612.0,-2832.0,-25860.0,6535.0,-11546.0,20975.0
284,1296.0,-28896.0,12104.0,-2816.0,-24334.0,7222.0,-10909.0,20982.0
285,-2924.0,-32280.0,12524.0,-2800.0,-22312.0,7361.0,-9899.0,20988.0
286,-6676.0,-31332.0,15020.0,-2800.0,-20698.0,6838.0,-9635.0,20995.0
287,1364.0,-28952.0,16784.0,-2784.0,-18641.0,7337.0,-8350.0,21001.0
288,-3772.0,-27800.0,19384.0,-2816.0,-16604.0,7860.0,-10082.0,21007.0
289,-7252.0,-27088.0,19976.0,-2832.0,-14501.0,7548.0,-10619.0,21013.0
290,-9464.0,-26936.0,21000.0,-2816.0,-12205.0,6778.0,-9169.0,21020.0
291,-11052.0,-26696.0,21876.0,-2800.0,-9575.0,5667.0,-7528.0,21026.0
292,-13228.0,-25640.0,23052.0,-2800.0,-6901.0,4548.0,-5334.0,21032.0
293,-13380.0,-23896.0,25188.0,-2816.0,-4504.0,3625.0,-2995.0,21039.0
294,-15832.0,-22608.0,24856.0,-2832.0,-1811.0,2062.0,-1067.0,21045.0
295,-15248.0,-22676.0,24564.0,-2832.0,847.0,59.0,-114.0,21051.0
296,-13412.0,-23000.0,24104.0,-2800.0,3317.0,-2075.0,797.0,21057.0
297,-9812.0,-23268.0,24004.0,-2816.0,5825.0,-3933.0,1390.0,21063.0
298,-7240.0,-23516.0,23456.0,-2832.0,8212.0,-5128.0,1745.0,21069.0
299,-6100.0,-23348.0,22060.0,-2800.0,10491.0,-5855.0,2213.0,21075.0
300,-5672.0,-22780.0,20972.0,-2816.0,12421.0,-6378.0,2949.0,21082.0
301,-5848.0,-22272.0,19632.0,-2816.0,14100.0,-6842.0,3586.0,21088.0
302,-6704.0,-21596.0,17744.0,-2832.0,15533.0,-7318.0,4019.0,21094.0
303,-7580.0,-20712.0,15532.0,-2816.0,16697.0,-8054.0,4511.0,21100.0
304,-7484.0,-18288.0,12016.0,-2832.0,17323.0,-9062.0,4937.0,21106.0
305,-5900.0,-8420.0,-8076.0,-2832.0,14759.0,-10177.0,4611.0,21112.0
306,25820.0,22056.0,-32768.0,-2832.0,-9367.0,-5636.0,-5005.0,21118.0
307,32767.0,-23688.0,-32768.0,-2816.0,-17938.0,-13709.0,-32768.0,21126.0
308,32767.0,-32768.0,-17008.0,-2832.0,14722.0,-29303.0,-5932.0,21132.0
309,5720.0,-24008.0,3692.0,-2864.0,14528.0,1751.0,22069.0,21138.0
310,-29980.0,-25524.0,32767.0,-2832.0,12952.0,26694.0,16703.0,21144.0
311,-32768.0,-32768.0,32767.0,-2800.0,14773.0,17850.0,8680.0,21150.0
312,-32768.0,-32768.0,32767.0,-2816.0,17134.0,-1078.0,-1375.0,21157.0
313,-31148.0,-32400.0,-7492.0,-2800.0,14435.0,-15113.0,-4011.0,21164.0
314,4720.0,-10664.0,-21880.0,-2832.0,12417.0,-22707.0,-3128.0,21170.0
315,32176.0,-2804.0,-8608.0,-2816.0,13162.0,-24751.0,-4024.0,21176.0
316,32652.0,-5092.0,9876.0,-2832.0,13104.0,-13752.0,-3922.0,21182.0
317,10564.0,-15528.0,9860.0,-2800.0,11255.0,-676.0,-1410.0,21189.0
318,2888.0,-18056.0,-1672.0,-2816.0,9356.0,1991.0,156.0,21194.0
319,6700.0,-15796.0,-5344.0,-2816.0,9181.0,-4459.0,-1930.0,21200.0
320,9504.0,-14288.0,-3624.0,-2832.0,9830.0,-8864.0,-1761.0,21207.0
321,11324.0,-12568.0,-1912.0,-2816.0,9892.0,-6604.0,454.0,21213.0
322,11160.0,-12960.0,-2712.0,-2832.0,9506.0,-2317.0,1605.0,21219.0
323,8320.0,-16552.0,-3468.0,-2816.0,9951.0,10.0,2041.0,21225.0
324,5232.0,-18456.0,-2400.0,-2816.0,10634.0,472.0,2501.0,21231.0
325,3112.0,-18000.0,-1680.0,-2832.0,10700.0,-32.0,2124.0,21237.0
326,2736.0,-16400.0,-1128.0,-2832.0,9980.0,-389.0,2139.0,21243.0
327,3712.0,-16340.0,-884.0,-2800.0,9276.0,8.0,2346.0,21250.0
328,3176.0,-16532.0,-684.0,-2848.0,8656.0,1202.0,2427.0,21255.0
329,1540.0,-16488.0,-280.0,-2832.0,8077.0,3067.0,2443.0,21261.0
330,-404.0,-16152.0,-636.0,-2832.0,7518.0,4286.0,1897.0,21267.0
331,-2284.0,-16132.0,-1368.0,-2832.0,7242.0,3884.0,961.0,21273.0
332,-2800.0,-16360.0,-1524.0,-2800.0,7164.0,2168.0,-155.0,21279.0
333,-1568.0,-16312.0,-1888.0,-2848.0,7186.0,-91.0,-1174.0,21285.0
334,568.0,-16112.0,-1736.0,-2816.0,7136.0,-1927.0,-1612.0,21292.0
335,3188.0,-15464.0,-1260.0,-2832.0,6944.0,-3007.0,-1611.0,21297.0
336,5300.0,-15176.0,-1072.0,-2848.0,6639.0,-3583.0,-1507.0,21303.0
337,7020.0,-14920.0,-1272.0,-2816.0,6280.0,-3649.0,-1340.0,21309.0
338,8548.0,-14972.0,-1456.0,-2800.0,6029.0,-3182.0,-950.0,21315.0
339,9488.0,-15592.0,-1484.0,-2816.0,6079.0,-2018.0,-376.0,21321.0
340,9884.0,-16136.0,-1280.0,-2848.0,6386.0,-401.0,229.0,21327.0
341,9604.0,-16368.0,-1852.0,-2848.0,6707.0,1337.0,863.0,21334.0
342,8772.0,-16028.0,-2040.0,-2816.0,6931.0,2673.0,1317.0,21340.0
343,6912.0,-15348.0,-1464.0,-2832.0,6897.0,3730.0,1675.0,21346.0
344,4524.0,-14888.0,-808.0,-2816.0,6603.0,4378.0,1794.0,21352.0
345,2256.0,-15460.0,-624.0,-2816.0,6364.0,4531.0,1607.0,21357.0
346,1208.0,-16008.0,-772.0,-2832.0,6276.0,4109.0,1185.0,21363.0
347,1180.0,-16132.0,-1344.0,-2800.0,6305.0,3185.0,598.0,21369.0
348,1908.0,-16012.0,-1700.0,-2800.0,6338.0,1999.0,115.0,21376.0
349,2632.0,-15964.0,-1536.0,-2800.0,6353.0,921.0,-118.0,21382.0
350,3388.0,-15952.0,-1452.0,-2800.0,6313.0,136.0,-122.0,21388.0
351,4008.0,-15696.0,-1256.0,-2832.0,6187.0,-321.0,-88.0,21394.0
352,4636.0,-15260.0,-892.0,-2800.0,6005.0,-464.0,-37.0,21399.0
353,5312.0,-15192.0,-888.0,-2816.0,5840.0,-359.0,73.0,21405.0
354,5932.0,-15064.0,-1060.0,-2832.0,5641.0,-138.0,266.0,21411.0
355,6064.0,-15424.0,-768.0,-2832.0,5457.0,323.0,524.0,21417.0
356,5860.0,-15860.0,-400.0,-2832.0,5359.0,890.0,791.0,21423.0
357,5356.0,-16024.0,-340.0,-2784.0,5342.0,1381.0,962.0,21429.0
358,4620.0,-16268.0,-824.0,-2816.0,5417.0,1674.0,1061.0,21435.0
359,4056.0,-16000.0,-652.0,-2848.0,5431.0,1665.0,1021.0,21441.0
360,3672.0,-16028.0,-404.0,-2832.0,5440.0,1383.0,903.0,21447.0
361,3340.0,-16172.0,-192.0,-2816.0,5504.0,1151.0,829.0,21452.0
362,3392.0,-16056.0,-396.0,-2784.0,5541.0,872.0,711.0,21458.0
363,3816.0,-15736.0,-156.0,-2832.0,5467.0,692.0,619.0,21465.0
364,4152.0,-15764.0,-168.0,-2848.0,5402.0,593.0,534.0,21471.0
365,4184.0,-15880.0,148.0,-2816.0,5343.0,633.0,547.0,21476.0
366,4192.0,-16060.0,28.0,-2800.0,5255.0,843.0,582.0,21482.0
367,4280.0,-16144.0,208.0,-2832.0,5215.0,1106.0,603.0,21488.0
368,4184.0,-16192.0,408.0,-2800.0,5182.0,1352.0,656.0,21494.0
369,4020.0,-16068.0,232.0,-2800.0,5116.0,1481.0,674.0,21499.0
370,4132.0,-15988.0,256.0,-2816.0,5110.0,1425.0,678.0,21506.0
371,4320.0,-15940.0,288.0,-2848.0,5068.0,1263.0,747.0,21512.0
372,4172.0,-15952.0,292.0,-2800.0,5018.0,1153.0,800.0,21518.0
373,4116.0,-15948.0,584.0,-2848.0,4976.0,930.0,831.0,21523.0
374,4216.0,-16004.0,740.0,-2816.0,4947.0,819.0,879.0,21529.0
375,4408.0,-15900.0,828.0,-2832.0,4920.0,879.0,828.0,21535.0
376,4440.0,-16052.0,772.0,-2848.0,4910.0,1013.0,809.0,21541.0
377,4620.0,-15968.0,844.0,-2832.0,4913.0,1224.0,814.0,21547.0
378,4280.0,-15820.0,820.0,-2832.0,4967.0,1446.0,828.0,21553.0
379,4172.0,-15812.0,960.0,-2800.0,5020.0,1655.0,777.0,21559.0
380,4004.0,-16136.0,960.0,-2848.0,5033.0,1865.0,679.0,21565.0
381,3876.0,-16208.0,784.0,-2800.0,5145.0,1964.0,589.0,21571.0
382,4088.0,-16048.0,1008.0,-2832.0,5167.0,2041.0,562.0,21576.0
383,4188.0,-16176.0,1016.0,-2800.0,5242.0,2268.0,520.0,21582.0
384,4308.0,-16380.0,1052.0,-2832.0,5407.0,2531.0,544.0,21588.0
385,4384.0,-16164.0,956.0,-2800.0,5529.0,2767.0,567.0,21595.0
386,4360.0,-16264.0,732.0,-2832.0,5758.0,3065.0,608.0,21601.0
387,4064.0,-16228.0,632.0,-2816.0,6001.0,3208.0,673.0,21606.0
388,4172.0,-16308.0,812.0,-2848.0,6203.0,3210.0,677.0,21612.0
389,4760.0,-16412.0,732.0,-2864.0,6439.0,2948.0,792.0,21618.0
390,5460.0,-16612.0,736.0,-2832.0,6728.0,2833.0,951.0,21624.0
391,5988.0,-16488.0,808.0,-2816.0,6996.0,2928.0,1146.0,21629.0
392,6212.0,-16512.0,1156.0,-2816.0,7242.0,3100.0,1467.0,21636.0
393,6420.0,-16596.0,1008.0,-2832.0,7499.0,3397.0,1747.0,21642.0
394,6476.0,-16624.0,1168.0,-2832.0,7699.0,3797.0,1933.0,21648.0
395,4832.0,-16988.0,2124.0,-2832.0,8059.0,4368.0,3064.0,21654.0
396,3068.0,-16988.0,1656.0,-2848.0,8251.0,4788.0,2706.0,21660.0
397,7372.0,-15900.0,1808.0,-2816.0,8495.0,4994.0,3130.0,21666.0
398,4288.0,-17080.0,1872.0,-2848.0,8760.0,5728.0,3232.0,21671.0
399,4500.0,-16992.0,2272.0,-2832.0,8959.0,5534.0,3408.0,21678.0
400,3652.0,-17340.0,2312.0,-2832.0,9228.0,5049.0,3818.0,21684.0
401,4524.0,-17128.0,2488.0,-2832.0,9394.0,4828.0,3881.0,21690.0
402,4656.0,-17388.0,2420.0,-2816.0,9603.0,4725.0,4100.0,21696.0
403,4888.0,-17928.0,2532.0,-2816.0,9837.0,4609.0,4489.0,21702.0
404,5332.0,-18044.0,2536.0,-2832.0,10145.0,4713.0,4915.0,21708.0
405,5380.0,-18272.0,2716.0,-2848.0,10463.0,4947.0,5196.0,21714.0
406,5232.0,-18508.0,2432.0,-2784.0,10711.0,5049.0,5545.0,21721.0
407,5648.0,-19780.0,3064.0,-2800.0,11041.0,5285.0,5739.0,21727.0
408,8032.0,-19032.0,2780.0,-2816.0,11389.0,5156.0,5252.0,21732.0
409,7784.0,-20192.0,2668.0,-2832.0,11622.0,5228.0,5558.0,21738.0
410,6760.0,-21204.0,2880.0,-2816.0,11729.0,6036.0,6249.0,21744.0
411,5572.0,-23456.0,4380.0,-2832.0,11941.0,6276.0,6850.0,21750.0
412,4328.0,-25808.0,4784.0,-2832.0,12307.0,6411.0,7617.0,21756.0
413,4892.0,-26064.0,3452.0,-2848.0,12774.0,6719.0,7417.0,21763.0
414,5436.0,-26176.0,2372.0,-2800.0,13235.0,7156.0,7241.0,21769.0
415,5544.0,-26512.0,2012.0,-2848.0,14034.0,7933.0,7179.0,21775.0
416,5364.0,-27292.0,1864.0,-2864.0,14673.0,9019.0,7127.0,21781.0
417,4196.0,-27940.0,1984.0,-2816.0,15410.0,9926.0,7241.0,21787.0
418,2512.0,-28604.0,2272.0,-2832.0,16162.0,10511.0,7483.0,21793.0
419,1168.0,-29436.0,2520.0,-2816.0,16904.0,10534.0,7564.0,21799.0
420,732.0,-30260.0,2484.0,-2832.0,17669.0,10086.0,7557.0,21806.0
421,1760.0,-30792.0,2052.0,-2816.0,18341.0,9589.0,7417.0,21812.0
422,3696.0,-31648.0,1652.0,-2800.0,18899.0,9585.0,7254.0,21818.0
423,5328.0,-32768.0,2040.0,-2816.0,19639.0,10126.0,7303.0,21824.0
424,6368.0,-32768.0,68.0,-2832.0,20257.0,11094.0,7634.0,21830.0
425,6940.0,-32768.0,-2732.0,-2848.0,20759.0,11867.0,7922.0,21835.0
426,7064.0,-32340.0,-6064.0,-2832.0,20981.0,12528.0,8373.0,21841.0
427,7244.0,-30268.0,-9056.0,-2816.0,20796.0,12965.0,8553.0,21848.0
428,7236.0,-28272.0,-11944.0,-2832.0,20308.0,13406.0,8561.0,21854.0
429,6972.0,-25980.0,-14000.0,-2800.0,19521.0,13610.0,8577.0,21860.0
430,5740.0,-23680.0,-14168.0,-2832.0,18549.0,13769.0,8739.0,21866.0
431,4492.0,-21316.0,-13188.0,-2832.0,17313.0,13649.0,8708.0,21873.0
432,3000.0,-19172.0,-12096.0,-2832.0,16026.0,13073.0,8584.0,21879.0
433,1404.0,-16292.0,-9648.0,-2832.0,14721.0,11935.0,8406.0,21885.0
434,956.0,-14172.0,-5920.0,-2848.0,13421.0,9838.0,7998.0,21892.0
435,1244.0,-13584.0,188.0,-2832.0,12884.0,7239.0,7518.0,21898.0
436,2444.0,-13796.0,5324.0,-2800.0,12721.0,5243.0,6986.0,21903.0
437,2984.0,-13932.0,6764.0,-2816.0,12398.0,3812.0,6133.0,21909.0
438,3176.0,-13760.0,6036.0,-2800.0,11648.0,2528.0,4964.0,21915.0
439,2624.0,-13956.0,5024.0,-2848.0,11151.0,1399.0,4046.0,21921.0
440,2808.0,-13276.0,5504.0,-2832.0,10799.0,815.0,3438.0,21927.0
441,2804.0,-11916.0,4268.0,-2832.0,10331.0,752.0,2951.0,21934.0
442,3776.0,-9344.0,1960.0,-2800.0,9343.0,1092.0,2684.0,21940.0
443,5940.0,-8152.0,2852.0,-2832.0,8963.0,2437.0,2367.0,21946.0
444,7772.0,-4752.0,-412.0,-2832.0,7993.0,5512.0,2411.0,21952.0
445,7736.0,-1364.0,-3108.0,-2864.0,5623.0,9658.0,2294.0,21957.0
446,5052.0,-1148.0,-5160.0,-2832.0,2976.0,13314.0,2001.0,21963.0
447,1660.0,-1488.0,-6984.0,-2848.0,876.0,15057.0,1654.0,21969.0
448,-468.0,-712.0,-8188.0,-2848.0,-996.0,14812.0,1480.0,21976.0
449,-1748.0,-788.0,-8484.0,-2832.0,-2619.0,13476.0,1108.0,21982.0
450,-3680.0,-2240.0,-7184.0,-2816.0,-3863.0,11629.0,591.0,21988.0
451,-5432.0,-2652.0,-5632.0,-2848.0,-4896.0,9653.0,489.0,21993.0
452,-6324.0,-3148.0,-4576.0,-2816.0,-5918.0,7725.0,573.0,21999.0
453,-6500.0,-3508.0,-4284.0,-2816.0,-7075.0,5845.0,362.0,22005.0
454,-6072.0,-3684.0,-3984.0,-2816.0,-8303.0,3785.0,-258.0,22011.0
455,-5588.0,-3520.0,-3948.0,-2784.0,-9595.0,1412.0,-1052.0,22018.0
456,-4876.0,-3148.0,-3072.0,-2800.0,-10964.0,-1260.0,-1920.0,22024.0
457,-4248.0,-3060.0,-2164.0,-2816.0,-12268.0,-3703.0,-2692.0,22030.0
458,-3352.0,-3180.0,-1784.0,-2800.0,-13664.0,-5474.0,-3366.0,22036.0
459,-2768.0,-3752.0,-1176.0,-2848.0,-15032.0,-6607.0,-4005.0,22042.0
460,-2264.0,-4496.0,-744.0,-2800.0,-16354.0,-7111.0,-4515.0,22047.0
461,-1532.0,-5168.0,-664.0,-2832.0,-17645.0,-7142.0,-5059.0,22053.0
462,-908.0,-5824.0,-1304.0,-2848.0,-18888.0,-7074.0,-5618.0,22060.0
463,-812.0,-6724.0,-1160.0,-2848.0,-19944.0,-7254.0,-6012.0,22066.0
464,-712.0,-7648.0,-1136.0,-2832.0,-20935.0,-7645.0,-6256.0,22072.0
465,-1448.0,-8580.0,-852.0,-2864.0,-21655.0,-8305.0,-6257.0,22078.0
466,-1860.0,-9532.0,-144.0,-2832.0,-22249.0,-8945.0,-6004.0,22084.0
467,-1712.0,-10512.0,1180.0,-2816.0,-22806.0,-9353.0,-5860.0,22090.0
468,-1432.0,-11312.0,2460.0,-2816.0,-23332.0,-9414.0,-5760.0,22096.0
469,-572.0,-11784.0,3300.0,-2832.0,-23855.0,-8990.0,-5748.0,22103.0
470,412.0,-12240.0,3416.0,-2848.0,-24495.0,-8337.0,-5815.0,22109.0
471,1164.0,-12620.0,3452.0,-2800.0,-25148.0,-7686.0,-5896.0,22115.0
472,1784.0,-13456.0,4380.0,-2816.0,-25575.0,-6971.0,-5931.0,22121.0
473,1932.0,-13984.0,4408.0,-2832.0,-25913.0,-6048.0,-5956.0,22127.0
474,1720.0,-15064.0,4768.0,-2800.0,-26176.0,-5104.0,-5940.0,22133.0
475,1160.0,-15804.0,5152.0,-2848.0,-26340.0,-4331.0,-5858.0,22139.0
476,260.0,-16272.0,5396.0,-2800.0,-26381.0,-4111.0,-5852.0,22146.0
477,-1120.0,-16768.0,6164.0,-2816.0,-26287.0,-4499.0,-5891.0,22151.0
478,-2400.0,-17232.0,7332.0,-2816.0,-26072.0,-5454.0,-5930.0,22157.0
479,-3736.0,-17524.0,8024.0,-2800.0,-25972.0,-6855.0,-6104.0,22163.0
480,-5060.0,-17768.0,8200.0,-2816.0,-26052.0,-8762.0,-6411.0,22169.0
481,-6196.0,-18404.0,8472.0,-2832.0,-26148.0,-11060.0,-6746.0,22176.0
482,-6976.0,-19060.0,8800.0,-2816.0,-26141.0,-13696.0,-7187.0,22182.0
483,-7600.0,-19860.0,9604.0,-2832.0,-26024.0,-16517.0,-7563.0,22189.0
484,-7640.0,-20068.0,10360.0,-2816.0,-25789.0,-19263.0,-7907.0,22195.0
485,-6436.0,-19664.0,10884.0,-2784.0,-25519.0,-21698.0,-8429.0,22202.0
486,-4108.0,-19248.0,10740.0,-2816.0,-25365.0,-23444.0,-8906.0,22208.0
487,-680.0,-19108.0,10640.0,-2816.0,-25327.0,-24156.0,-9216.0,22214.0
488,1884.0,-19664.0,10712.0,-2832.0,-25044.0,-24076.0,-9127.0,22220.0
489,4052.0,-20420.0,11128.0,-2800.0,-24382.0,-23345.0,-8655.0,22227.0
490,6380.0,-21780.0,12364.0,-2816.0,-23385.0,-22033.0,-7914.0,22234.0
491,8208.0,-22564.0,14056.0,-2832.0,-22074.0,-20160.0,-6836.0,22240.0
492,10080.0,-23188.0,16132.0,-2832.0,-20598.0,-17617.0,-5543.0,22246.0
493,11676.0,-23536.0,18000.0,-2832.0,-18993.0,-14475.0,-4221.0,22253.0
494,13312.0,-23176.0,19896.0,-2816.0,-17446.0,-10813.0,-3237.0,22259.0
495,15288.0,-20464.0,21340.0,-2816.0,-16428.0,-6398.0,-2901.0,22265.0
496,15508.0,-23940.0,22556.0,-2832.0,-13975.0,-2164.0,-3617.0,22272.0
497,9104.0,-22160.0,24312.0,-2832.0,-13421.0,737.0,-1017.0,22279.0
498,14180.0,-22260.0,23364.0,-2848.0,-11602.0,3522.0,-670.0,22285.0
499,9924.0,-22260.0,25344.0,-2816.0,-9239.0,4733.0,-4585.0,22291.0
500,3364.0,-23032.0,30632.0,-2800.0,-6909.0,4215.0,-5465.0,22297.0
501,1432.0,-28832.0,32767.0,-2832.0,-3087.0,2246.0,-5195.0,22303.0
502,-3816.0,-32768.0,32767.0,-2816.0,2710.0,261.0,-4239.0,22309.0
503,-11004.0,-32768.0,32767.0,-2832.0,11002.0,850.0,-1662.0,22316.0
504,-23348.0,-32768.0,32767.0,-2816.0,13995.0,2796.0,1700.0,22322.0
505,-31032.0,-30556.0,30628.0,-2848.0,12901.0,5050.0,4409.0,22328.0
506,-20028.0,-14664.0,-7792.0,-2848.0,9141.0,5891.0,3556.0,22334.0
507,-3100.0,-12188.0,-19568.0,-2848.0,7292.0,5191.0,-1618.0,22340.0
508,11244.0,-13732.0,-24244.0,-2832.0,8501.0,2842.0,-6306.0,22346.0
509,19868.0,-15416.0,-16668.0,-2864.0,10416.0,-2959.0,-7696.0,22352.0
510,19848.0,-16504.0,-5148.0,-2784.0,11862.0,-8268.0,-3812.0,22359.0
511,12132.0,-16552.0,4408.0,-2832.0,11822.0,-6123.0,1363.0,22365.0
512,1868.0,-16872.0,10220.0,-2816.0,11372.0,-1135.0,3593.0,22371.0
513,-4932.0,-17872.0,9156.0,-2816.0,10637.0,3093.0,2650.0,22377.0
514,-7876.0,-15060.0,5464.0,-2864.0,9182.0,4635.0,-422.0,22383.0
515,-4948.0,-13920.0,1024.0,-2832.0,8717.0,1710.0,-3911.0,22389.0
516,188.0,-14844.0,-1436.0,-2848.0,8693.0,-3047.0,-3915.0,22395.0
517,5876.0,-16672.0,-1632.0,-2816.0,8849.0,-5550.0,-2460.0,22402.0
518,9596.0,-16796.0,-564.0,-2832.0,8654.0,-3621.0,-937.0,22408.0
519,9968.0,-16040.0,1232.0,-2832.0,8211.0,443.0,-209.0,22414.0
520,6832.0,-15624.0,2232.0,-2832.0,7811.0,3824.0,314.0,22419.0
521,2576.0,-15936.0,2092.0,-2816.0,7466.0,5272.0,582.0,22425.0
522,-1000.0,-15820.0,1608.0,-2784.0,7211.0,5043.0,94.0,22431.0
523,-2796.0,-15944.0,1516.0,-2848.0,7059.0,3774.0,-647.0,22437.0
524,-2256.0,-16128.0,1580.0,-2816.0,6785.0,2126.0,-1108.0,22444.0
525,-140.0,-16644.0,1920.0,-2832.0,6570.0,610.0,-1419.0,22450.0
526,2268.0,-16496.0,2152.0,-2832.0,6352.0,-356.0,-1416.0,22456.0
527,4224.0,-16120.0,2380.0,-2864.0,6011.0,-845.0,-1115.0,22461.0
528,5088.0,-15520.0,2476.0,-2848.0,5607.0,-635.0,-694.0,22467.0
529,5220.0,-14856.0,2688.0,-2816.0,5171.0,97.0,-335.0,22473.0
530,4616.0,-14452.0,3048.0,-2832.0,4727.0,871.0,-48.0,22479.0
531,3784.0,-14648.0,3200.0,-2832.0,4271.0,1513.0,139.0,22486.0
532,2668.0,-15028.0,3264.0,-2832.0,3870.0,1895.0,143.0,22492.0
533,1880.0,-15476.0,3004.0,-2800.0,3510.0,2000.0,108.0,22497.0
534,1816.0,-15808.0,2688.0,-2800.0,3218.0,1920.0,46.0,22503.0
535,2004.0,-16016.0,2700.0,-2832.0,2988.0,1768.0,26.0,22509.0
536,2292.0,-16064.0,2908.0,-2800.0,2767.0,1656.0,-13.0,22515.0
537,2036.0,-16188.0,2648.0,-2832.0,2560.0,1619.0,-2.0,22521.0
538,1668.0,-16340.0,2480.0,-2848.0,2414.0,1636.0,-25.0,22526.0
539,1312.0,-16460.0,2680.0,-2848.0,2239.0,1536.0,-70.0,22533.0
540,1576.0,-16128.0,2740.0,-2816.0,2127.0,1180.0,-116.0,22539.0
541,2004.0,-15836.0,2512.0,-2848.0,1967.0,799.0,-231.0,22545.0
542,2528.0,-15436.0,2636.0,-2848.0,1849.0,610.0,-288.0,22551.0
543,2876.0,-15324.0,2556.0,-2864.0,1746.0,639.0,-269.0,22556.0
544,2988.0,-15484.0,2696.0,-2832.0,1677.0,905.0,-216.0,22562.0
545,3112.0,-15760.0,2328.0,-2800.0,1638.0,1308.0,-138.0,22568.0
546,3040.0,-16100.0,2120.0,-2800.0,1667.0,1690.0,-79.0,22575.0
547,2704.0,-16332.0,2044.0,-2848.0,1728.0,1985.0,4.0,22581.0
548,2456.0,-16424.0,2076.0,-2832.0,1847.0,2110.0,16.0,22586.0
549,2200.0,-16332.0,2180.0,-2864.0,1995.0,2019.0,12.0,22592.0
550,2464.0,-16592.0,2032.0,-2848.0,2108.0,1781.0,75.0,22598.0
551,2996.0,-16836.0,2004.0,-2816.0,2287.0,1591.0,150.0,22604.0
552,3348.0,-16804.0,1820.0,-2816.0,2502.0,1524.0,307.0,22610.0
553,3536.0,-17056.0,1636.0,-2848.0,2686.0,1505.0,516.0,22616.0
554,3820.0,-17300.0,1604.0,-2816.0,2904.0,1541.0,706.0,22622.0
555,3884.0,-17424.0,1340.0,-2848.0,3186.0,1714.0,880.0,22628.0
556,4000.0,-17524.0,1464.0,-2816.0,3466.0,1934.0,1088.0,22634.0
557,3828.0,-17624.0,1456.0,-2848.0,3839.0,2212.0,1309.0,22640.0
558,3900.0,-17892.0,1228.0,-2832.0,4205.0,2458.0,1493.0,22646.0
559,4140.0,-18004.0,1088.0,-2832.0,4620.0,2472.0,1696.0,22651.0
560,4392.0,-18204.0,964.0,-2832.0,5084.0,2540.0,1861.0,22658.0
561,4280.0,-18632.0,1000.0,-2832.0,5555.0,2665.0,1999.0,22664.0
562,3964.0,-19832.0,1016.0,-2832.0,6018.0,2888.0,2205.0,22670.0
563,7200.0,-20884.0,504.0,-2816.0,6641.0,3426.0,1523.0,22676.0
564,6368.0,-20616.0,-192.0,-2848.0,7151.0,2890.0,1719.0,22682.0
565,6912.0,-21956.0,784.0,-2816.0,7700.0,3776.0,2347.0,22688.0
566,7236.0,-21928.0,460.0,-2848.0,8187.0,4330.0,1715.0,22693.0
567,6760.0,-23248.0,532.0,-2816.0,8666.0,4748.0,2226.0,22700.0
568,6328.0,-24464.0,316.0,-2848.0,9209.0,5317.0,2430.0,22706.0
569,5156.0,-25636.0,88.0,-2816.0,9850.0,6151.0,2714.0,22712.0
570,2588.0,-28192.0,-168.0,-2848.0,10639.0,6942.0,3327.0,22718.0
571,-596.0,-30852.0,-184.0,-2880.0,11487.0,7423.0,4332.0,22724.0
572,-2712.0,-32748.0,-200.0,-2832.0,12164.0,7232.0,4880.0,22729.0
573,-4428.0,-32768.0,-948.0,-2800.0,12724.0,6112.0,5401.0,22735.0
574,-5456.0,-32768.0,-2000.0,-2816.0,13135.0,4527.0,5765.0,22742.0
575,-4964.0,-30952.0,-3308.0,-2864.0,13223.0,2908.0,5713.0,22748.0
576,-3736.0,-29692.0,-2328.0,-2784.0,13079.0,1921.0,5621.0,22754.0
577,-4668.0,-28124.0,1584.0,-2832.0,14670.0,226.0,5730.0,22760.0
578,-3936.0,-19940.0,-84.0,-2816.0,14867.0,-759.0,5383.0,22766.0
579,-4648.0,-17548.0,-212.0,-2848.0,14540.0,-1863.0,5000.0,22772.0
580,-4624.0,-15952.0,-768.0,-2848.0,13987.0,-3413.0,4951.0,22778.0
581,-3448.0,-13180.0,-1448.0,-2832.0,13271.0,-5184.0,4557.0,22785.0
582,-1764.0,-8996.0,-2064.0,-2816.0,12332.0,-6689.0,4083.0,22791.0
583,-500.0,-4008.0,-3460.0,-2848.0,10879.0,-8159.0,3508.0,22797.0
584,2204.0,3676.0,-11064.0,-2848.0,8559.0,-8804.0,2642.0,22803.0
585,4400.0,11476.0,-22028.0,-2800.0,4681.0,-7758.0,1932.0,22808.0
586,4448.0,15664.0,-28296.0,-2816.0,882.0,-6907.0,1622.0,22814.0
587,2908.0,15860.0,-32768.0,-2832.0,-3479.0,-7493.0,1166.0,22820.0
588,3652.0,11456.0,-32768.0,-2832.0,-7238.0,-8712.0,598.0,22827.0
589,8184.0,8852.0,-31828.0,-2880.0,-10543.0,-10397.0,-363.0,22833.0
590,12300.0,8168.0,-29368.0,-2832.0,-14119.0,-9935.0,-297.0,22839.0
591,12384.0,4580.0,-25672.0,-2848.0,-17740.0,-7393.0,-139.0,22845.0
592,8644.0,-536.0,-21724.0,-2816.0,-21013.0,-4528.0,282.0,22851.0
593,2728.0,-6804.0,-16148.0,-2848.0,-23367.0,-2661.0,796.0,22857.0
594,-2884.0,-12256.0,-10204.0,-2832.0,-24976.0,-2332.0,962.0,22863.0
595,-6408.0,-16196.0,-4540.0,-2848.0,-25910.0,-3914.0,702.0,22870.0
596,-4752.0,-20040.0,1340.0,-2832.0,-25880.0,-6833.0,-1330.0,22876.0
597,-5804.0,-22228.0,4852.0,-2816.0,-25624.0,-10209.0,1751.0,22882.0
598,-432.0,-21280.0,7720.0,-2816.0,-25424.0,-11374.0,-2450.0,22888.0
599,-2408.0,-24828.0,12048.0,-2864.0,-24433.0,-13252.0,-4150.0,22894.0
600,168.0,-25928.0,15128.0,-2832.0,-22940.0,-17135.0,-3860.0,22900.0
601,6436.0,-27036.0,18940.0,-2800.0,-21601.0,-18572.0,-2564.0,22906.0
602,11652.0,-27704.0,23552.0,-2832.0,-19378.0,-17174.0,-1574.0,22913.0
603,15104.0,-26600.0,30096.0,-2816.0,-16758.0,-15238.0,-2640.0,22919.0
604,19716.0,-28640.0,32767.0,-2816.0,-13653.0,-13770.0,-3950.0,22925.0
605,21792.0,-32768.0,32767.0,-2816.0,-8260.0,-12182.0,-4377.0,22931.0
606,23588.0,-32768.0,32767.0,-2816.0,-377.0,-7159.0,-2604.0,22937.0
607,13272.0,-32768.0,32767.0,-2816.0,5331.0,2784.0,-297.0,22943.0
608,584.0,-16144.0,32767.0,-2832.0,5568.0,11555.0,871.0,22949.0
609,-6168.0,-2024.0,25720.0,-2832.0,5859.0,14257.0,191.0,22956.0
610,-11436.0,5600.0,11516.0,-2848.0,5838.0,13221.0,616.0,22962.0
611,-13436.0,9084.0,2132.0,-2864.0,4861.0,10867.0,1020.0,22968.0
612,-9720.0,5272.0,668.0,-2848.0,4492.0,7527.0,-713.0,22974.0
613,-1748.0,-8088.0,6428.0,-2832.0,4534.0,5009.0,-1896.0,22980.0
614,6692.0,-25452.0,10692.0,-2848.0,5465.0,2859.0,-3263.0,22986.0
615,7912.0,-32768.0,-4452.0,-2832.0,4923.0,520.0,-5028.0,22992.0
616,9868.0,-32768.0,-21128.0,-2832.0,6273.0,-2739.0,-3794.0,22999.0
617,7576.0,-14840.0,-7364.0,-2832.0,7491.0,-2001.0,-933.0,23005.0
618,1596.0,-15060.0,8448.0,-2800.0,7490.0,908.0,-676.0,23010.0
619,-6556.0,-18352.0,11116.0,-2832.0,6858.0,3027.0,-867.0,23016.0
620,-3156.0,-15664.0,6504.0,-2848.0,6022.0,2638.0,-1307.0,23022.0
621,-688.0,-13388.0,4304.0,-2832.0,6017.0,700.0,-2274.0,23028.0
622,1568.0,-11728.0,3920.0,-2800.0,5718.0,-378.0,-1921.0,23034.0
623,4464.0,-12320.0,3316.0,-2832.0,5127.0,-451.0,-1759.0,23041.0
624,5856.0,-15472.0,2960.0,-2816.0,4868.0,-29.0,-1071.0,23047.0
625,5368.0,-17192.0,3508.0,-2816.0,4693.0,528.0,-377.0,23053.0
626,4300.0,-16892.0,3636.0,-2816.0,4502.0,499.0,-51.0,23058.0
627,4028.0,-15448.0,4268.0,-2832.0,4215.0,183.0,312.0,23064.0
628,3864.0,-14416.0,4684.0,-2832.0,3798.0,-141.0,413.0,23070.0
629,3440.0,-14640.0,4536.0,-2864.0,3400.0,-431.0,362.0,23076.0
630,2176.0,-15376.0,4292.0,-2800.0,3087.0,-244.0,514.0,23083.0
631,668.0,-15792.0,4372.0,-2848.0,2833.0,235.0,530.0,23088.0
632,-460.0,-15576.0,4568.0,-2848.0,2676.0,394.0,155.0,23094.0
633,-784.0,-15792.0,4432.0,-2800.0,2472.0,115.0,-232.0,23100.0
634,292.0,-15876.0,4464.0,-2848.0,2302.0,-377.0,-653.0,23106.0
635,1528.0,-16340.0,4196.0,-2800.0,2143.0,-767.0,-982.0,23111.0
636,2320.0,-16468.0,3996.0,-2800.0,1939.0,-537.0,-1122.0,23117.0
637,2864.0,-16464.0,4020.0,-2832.0,1733.0,63.0,-1222.0,23123.0
638,2628.0,-15840.0,4496.0,-2832.0,1547.0,791.0,-1192.0,23130.0
639,2268.0,-15376.0,4900.0,-2832.0,1329.0,1630.0,-1144.0,23136.0
640,1932.0,-15660.0,4740.0,-2832.0,1189.0,2214.0,-1155.0,23142.0
641,1888.0,-15892.0,4004.0,-2816.0,1149.0,2356.0,-1166.0,23147.0
642,2380.0,-15660.0,3892.0,-2816.0,1131.0,2043.0,-1176.0,23153.0
643,3032.0,-15520.0,3772.0,-2832.0,1136.0,1631.0,-1189.0,23159.0
644,3556.0,-15724.0,3664.0,-2832.0,1175.0,1401.0,-1108.0,23165.0
645,3592.0,-16144.0,3404.0,-2816.0,1241.0,1318.0,-913.0,23172.0
646,3388.0,-16552.0,3376.0,-2848.0,1366.0,1364.0,-674.0,23178.0
647,3420.0,-16600.0,3492.0,-2848.0,1535.0,1317.0,-379.0,23184.0
648,3484.0,-16652.0,3304.0,-2848.0,1659.0,1324.0,-119.0,23190.0
649,3908.0,-16532.0,3224.0,-2816.0,1876.0,1302.0,146.0,23195.0
650,3392.0,-17580.0,2908.0,-2848.0,2261.0,1322.0,381.0,23201.0
651,4012.0,-17704.0,2012.0,-2848.0,2551.0,1147.0,263.0,23207.0
652,4792.0,-20496.0,2372.0,-2848.0,3159.0,1093.0,1832.0,23214.0
653,2668.0,-20384.0,3488.0,-2864.0,3260.0,2049.0,487.0,23220.0
654,3164.0,-21628.0,3468.0,-2832.0,3628.0,1538.0,1830.0,23226.0
655,4212.0,-21580.0,3484.0,-2832.0,4101.0,1670.0,2047.0,23231.0
656,3428.0,-22168.0,3232.0,-2864.0,4559.0,2190.0,2304.0,23237.0
657,3080.0,-23816.0,3316.0,-2816.0,5176.0,2602.0,2126.0,23243.0
658,6604.0,-22452.0,2452.0,-2848.0,6061.0,2650.0,1240.0,23249.0
659,5192.0,-25128.0,392.0,-2848.0,6581.0,2846.0,2024.0,23256.0
660,5184.0,-27772.0,276.0,-2816.0,7544.0,4075.0,3063.0,23262.0
661,2356.0,-30356.0,976.0,-2832.0,8469.0,4921.0,2727.0,23268.0
662,-1064.0,-32768.0,1360.0,-2864.0,9532.0,5005.0,4003.0,23273.0
663,-3132.0,-32768.0,588.0,-2832.0,10569.0,5022.0,4651.0,23279.0
664,-4708.0,-32768.0,20.0,-2816.0,11560.0,4177.0,4835.0,23285.0
665,-5244.0,-32768.0,-768.0,-2848.0,12603.0,3151.0,5737.0,23291.0
666,-4984.0,-32768.0,-1748.0,-2848.0,13560.0,2338.0,6152.0,23298.0
667,-4532.0,-32768.0,-3124.0,-2832.0,13904.0,1483.0,6203.0,23304.0
668,-4388.0,-30824.0,-8596.0,-2848.0,13439.0,706.0,6287.0,23310.0
669,-5156.0,-29964.0,-12204.0,-2832.0,11667.0,-611.0,6184.0,23316.0
670,-1940.0,-29472.0,-8100.0,-2848.0,11126.0,-2175.0,5671.0,23322.0
671,-1240.0,-22432.0,-176.0,-2848.0,13790.0,-6403.0,5181.0,23328.0
672,2688.0,-2980.0,-2116.0,-2816.0,12902.0,-7319.0,4517.0,23334.0
673,3332.0,-320.0,-96.0,-2864.0,11341.0,-7494.0,3197.0,23341.0
674,5540.0,-436.0,1804.0,-2832.0,9896.0,-7341.0,3335.0,23346.0
675,5928.0,140.0,2716.0,-2832.0,8633.0,-7120.0,2391.0,23352.0
676,5648.0,6572.0,-4520.0,-2848.0,6639.0,-6945.0,1782.0,23358.0
677,6136.0,14776.0,-18100.0,-2816.0,2357.0,-4752.0,1571.0,23364.0
678,5636.0,20272.0,-26148.0,-2832.0,-928.0,-2345.0,1743.0,23370.0
679,1424.0,22140.0,-31288.0,-2816.0,-4944.0,-1868.0,1516.0,23376.0
680,440.0,18876.0,-30120.0,-2864.0,-8910.0,-4074.0,899.0,23383.0
681,4284.0,15220.0,-27744.0,-2832.0,-12522.0,-6789.0,-34.0,23388.0
682,10300.0,11188.0,-22160.0,-2848.0,-15799.0,-7760.0,-271.0,23394.0
683,12176.0,7596.0,-16224.0,-2832.0,-18598.0,-5651.0,183.0,23400.0
684,8032.0,3092.0,-10904.0,-2864.0,-20895.0,-2662.0,1200.0,23406.0
685,6560.0,-1104.0,-5840.0,-2816.0,-22518.0,-19.0,1031.0,23412.0
686,-1128.0,-5584.0,-252.0,-2848.0,-23679.0,1442.0,492.0,23418.0
687,-6912.0,-11288.0,6068.0,-2816.0,-24135.0,1428.0,1980.0,23425.0
688,-9604.0,-15768.0,11624.0,-2832.0,-23654.0,229.0,2342.0,23431.0
689,-10628.0,-17648.0,16412.0,-2816.0,-22659.0,-2938.0,1590.0,23437.0
690,-8232.0,-18116.0,20460.0,-2880.0,-21384.0,-6926.0,583.0,23443.0
691,-3020.0,-18968.0,25224.0,-2832.0,-19635.0,-10143.0,-646.0,23449.0
692,4668.0,-21112.0,31016.0,-2832.0,-17117.0,-12286.0,-2345.0,23455.0
693,12548.0,-22688.0,32767.0,-2832.0,-13978.0,-12856.0,-4057.0,23461.0
694,15148.0,-23632.0,32767.0,-2832.0,-11630.0,-11477.0,-3576.0,23468.0
695,13736.0,-26616.0,32767.0,-2848.0,-8676.0,-6674.0,-1616.0,23474.0
696,9444.0,-25572.0,32767.0,-2832.0,-5515.0,-2057.0,-732.0,23480.0
697,5452.0,-22052.0,32767.0,-2848.0,-2720.0,1151.0,-147.0,23486.0
698,3596.0,-18972.0,32767.0,-2832.0,-362.0,3471.0,85.0,23492.0
699,2716.0,-15252.0,32767.0,-2832.0,1534.0,4701.0,-150.0,23498.0
700,2588.0,-8844.0,28456.0,-2832.0,2402.0,4694.0,-821.0,23504.0
701,2380.0,-1040.0,10448.0,-2848.0,1065.0,5044.0,-1481.0,23511.0
702,3328.0,3976.0,-3248.0,-2880.0,-594.0,4337.0,-2601.0,23517.0
703,4372.0,1652.0,-13852.0,-2848.0,-2996.0,2708.0,-2939.0,23523.0
704,16204.0,-27100.0,-11760.0,-2864.0,-3603.0,410.0,-5388.0,23528.0
705,30816.0,-32768.0,-1980.0,-2848.0,217.0,-3801.0,-8881.0,23534.0
706,6756.0,-32768.0,-18912.0,-2800.0,4830.0,357.0,1056.0,23540.0
707,-13332.0,-14796.0,-15652.0,-2848.0,5491.0,6493.0,10681.0,23546.0
708,-12952.0,-836.0,5580.0,-2848.0,4929.0,7790.0,3426.0,23553.0
709,-14764.0,-15084.0,15928.0,-2848.0,5199.0,4988.0,-979.0,23559.0
710,-10544.0,-14924.0,12512.0,-2832.0,5039.0,-643.0,-1249.0,23565.0
711,-4364.0,-8476.0,7896.0,-2816.0,5036.0,-2580.0,-2729.0,23571.0
712,-288.0,-6576.0,5476.0,-2864.0,4428.0,-2698.0,-2830.0,23577.0
713,3676.0,-12748.0,2744.0,-2832.0,3751.0,-1891.0,-2496.0,23583.0
714,6292.0,-18120.0,1856.0,-2832.0,3946.0,-1664.0,-2029.0,23589.0
715,5616.0,-19536.0,3904.0,-2832.0,3675.0,-1381.0,-912.0,23596.0
716,5736.0,-18540.0,3312.0,-2832.0,3231.0,-1436.0,-531.0,23602.0
717,6184.0,-15632.0,4528.0,-2832.0,3080.0,-1438.0,-352.0,23608.0
718,5684.0,-14148.0,6208.0,-2848.0,2612.0,-259.0,113.0,23613.0
719,3448.0,-14952.0,5884.0,-2816.0,2076.0,1272.0,292.0,23619.0
720,900.0,-16064.0,5140.0,-2848.0,1722.0,1977.0,342.0,23625.0
721,-256.0,-16412.0,4848.0,-2848.0,1623.0,2122.0,489.0,23631.0
722,184.0,-16204.0,4928.0,-2832.0,1445.0,2011.0,475.0,23638.0
723,972.0,-16084.0,4912.0,-2832.0,1255.0,1959.0,400.0,23643.0
724,1492.0,-15872.0,4776.0,-2832.0,1091.0,1544.0,163.0,23649.0
725,1512.0,-16292.0,4392.0,-2816.0,967.0,953.0,-1.0,23655.0
726,2036.0,-16884.0,4000.0,-2832.0,886.0,361.0,-251.0,23661.0
727,2812.0,-17636.0,3880.0,-2816.0,840.0,107.0,-312.0,23666.0
728,3096.0,-18040.0,4172.0,-2832.0,890.0,585.0,-141.0,23672.0
729,2768.0,-17960.0,4136.0,-2848.0,987.0,1586.0,121.0,23678.0
730,2304.0,-18024.0,4072.0,-2816.0,1135.0,2639.0,317.0,23685.0
731,2132.0,-18284.0,3848.0,-2848.0,1341.0,3430.0,495.0,23690.0
732,1512.0,-18876.0,3756.0,-2848.0,1659.0,3709.0,655.0,23696.0
733,1288.0,-19420.0,3756.0,-2848.0,1974.0,3551.0,752.0,23702.0
734,1568.0,-20000.0,3432.0,-2848.0,2394.0,3080.0,805.0,23708.0
735,2488.0,-20524.0,2948.0,-2848.0,2854.0,2600.0,913.0,23714.0
736,2912.0,-21940.0,2524.0,-2848.0,3335.0,2532.0,1245.0,23720.0
737,2568.0,-24876.0,3452.0,-2816.0,3871.0,2911.0,1842.0,23726.0
738,2924.0,-24452.0,5728.0,-2848.0,4823.0,2764.0,2107.0,23732.0
739,1020.0,-23864.0,1600.0,-2832.0,4831.0,3097.0,2772.0,23738.0
740,2036.0,-25168.0,260.0,-2832.0,5630.0,3352.0,2752.0,23744.0
741,1096.0,-27400.0,340.0,-2800.0,6426.0,3718.0,3208.0,23750.0
742,904.0,-30628.0,0.0,-2864.0,7369.0,3746.0,3779.0,23756.0
743,556.0,-30432.0,-556.0,-2848.0,8054.0,3895.0,4261.0,23761.0
744,12.0,-29480.0,-372.0,-2848.0,8547.0,3621.0,4547.0,23768.0
745,-320.0,-28504.0,1124.0,-2832.0,8908.0,3046.0,4889.0,23774.0
746,-1800.0,-29056.0,2924.0,-2800.0,9118.0,2502.0,5469.0,23780.0
747,-812.0,-28344.0,2332.0,-2832.0,9504.0,2568.0,5013.0,23786.0
748,-2864.0,-26832.0,376.0,-2848.0,9754.0,2913.0,5051.0,23792.0
749,-3572.0,-24692.0,-1728.0,-2816.0,9842.0,2820.0,5428.0,23797.0
750,-4048.0,-21692.0,-3496.0,-2816.0,9431.0,2601.0,5910.0,23803.0
751,-5316.0,-20816.0,-3744.0,-2832.0,8749.0,1457.0,6046.0,23810.0
752,-5420.0,-19700.0,-1796.0,-2832.0,8054.0,-95.0,5530.0,23816.0
753,-4352.0,-17980.0,8.0,-2832.0,7777.0,-2054.0,5580.0,23822.0
754,-2244.0,-15284.0,396.0,-2832.0,7268.0,-3477.0,4821.0,23828.0
755,-1648.0,-13140.0,68.0,-2832.0,6399.0,-4975.0,3883.0,23833.0
756,-1472.0,-11840.0,2056.0,-2832.0,6749.0,-7119.0,3684.0,23839.0
757,552.0,-7096.0,1220.0,-2800.0,6637.0,-8353.0,3539.0,23845.0
758,2556.0,-3136.0,2996.0,-2864.0,6572.0,-8757.0,3196.0,23852.0
759,3624.0,480.0,7392.0,-2864.0,6683.0,-9181.0,2957.0,23858.0
760,5352.0,5936.0,7908.0,-2832.0,6043.0,-9508.0,2439.0,23864.0
761,7228.0,11636.0,-360.0,-2832.0,3439.0,-8934.0,1940.0,23869.0
762,10176.0,15300.0,-7784.0,-2864.0,77.0,-6878.0,874.0,23875.0
763,10580.0,14348.0,-13772.0,-2816.0,-2421.0,-4379.0,139.0,23881.0
764,9220.0,12936.0,-16936.0,-2832.0,-5295.0,-4226.0,-488.0,23887.0
765,11732.0,9864.0,-15092.0,-2816.0,-7324.0,-4733.0,-879.0,23894.0
766,14684.0,7148.0,-12180.0,-2832.0,-8665.0,-4085.0,-1318.0,23900.0
767,15736.0,6128.0,-8776.0,-2848.0,-10582.0,-1261.0,-135.0,23906.0
768,14592.0,4124.0,-6048.0,-2864.0,-12004.0,1607.0,-1141.0,23912.0
769,11084.0,3024.0,-3004.0,-2848.0,-13489.0,3730.0,-1217.0,23918.0
770,5456.0,-1228.0,1452.0,-2816.0,-14784.0,6859.0,366.0,23924.0
771,-1328.0,-6196.0,5996.0,-2848.0,-15265.0,9209.0,825.0,23930.0
772,-6356.0,-8880.0,10056.0,-2816.0,-15253.0,8321.0,-346.0,23936.0
773,-8208.0,-10440.0,12932.0,-2832.0,-14958.0,4468.0,-1793.0,23942.0
774,-6700.0,-11316.0,15016.0,-2864.0,-14485.0,-318.0,-3289.0,23948.0
775,-908.0,-13376.0,21036.0,-2848.0,-13542.0,-4195.0,-4803.0,23954.0
776,9232.0,-18936.0,32767.0,-2848.0,-9850.0,-6565.0,-7291.0,23960.0
777,18484.0,-17028.0,32767.0,-2832.0,-8022.0,-8083.0,-10313.0,23966.0
778,20164.0,-25828.0,28588.0,-2832.0,-7420.0,-4393.0,-9034.0,23972.0
779,18032.0,-32768.0,32767.0,-2848.0,-1955.0,2490.0,-6163.0,23980.0
780,6672.0,-28864.0,32767.0,-2848.0,996.0,9668.0,-2983.0,23986.0
781,-5996.0,-22056.0,32767.0,-2832.0,1198.0,16251.0,-523.0,23991.0
782,-13716.0,-17176.0,20724.0,-2816.0,1422.0,17796.0,-618.0,23997.0
783,-10496.0,-8044.0,2396.0,-2848.0,608.0,13751.0,-1581.0,24003.0
784,-6036.0,-4680.0,-11764.0,-2848.0,-347.0,11291.0,-1586.0,24009.0
785,-8288.0,-2544.0,-16844.0,-2832.0,-1670.0,11601.0,315.0,24015.0
786,-11172.0,-4600.0,-14464.0,-2816.0,-3095.0,11801.0,1575.0,24022.0
787,-9176.0,-11668.0,-2640.0,-2864.0,-2994.0,8752.0,-57.0,24028.0
788,-6124.0,-17664.0,9272.0,-2848.0,-2709.0,3386.0,-1793.0,24034.0
789,-5156.0,-23052.0,14760.0,-2832.0,-2440.0,-1681.0,-1930.0,24040.0
790,-3788.0,-26400.0,13640.0,-2848.0,-2002.0,-6434.0,-2906.0,24046.0
791,-1948.0,-23396.0,6544.0,-2832.0,-2121.0,-10768.0,-4271.0,24052.0
792,616.0,-18752.0,-824.0,-2832.0,-2783.0,-12816.0,-4116.0,24058.0
793,5252.0,-21256.0,-2664.0,-2832.0,-2865.0,-12798.0,-3870.0,24065.0
794,8632.0,-28640.0,-100.0,-2800.0,-2480.0,-10657.0,-3269.0,24071.0
795,12312.0,-32768.0,1464.0,-2864.0,-1690.0,-6762.0,-2532.0,24077.0
796,11352.0,-32768.0,-344.0,-2832.0,-695.0,-1127.0,-509.0,24083.0
797,6100.0,-30100.0,-1864.0,-2832.0,-88.0,3846.0,1255.0,24089.0
798,-116.0,-22708.0,716.0,-2832.0,385.0,5850.0,1709.0,24095.0
799,-4648.0,-18080.0,4180.0,-2848.0,664.0,5270.0,1020.0,24100.0
800,-7092.0,-14788.0,6328.0,-2816.0,735.0,3316.0,24.0,24107.0
801,-7068.0,-12592.0,7408.0,-2816.0,574.0,876.0,-706.0,24113.0
802,-5280.0,-11684.0,7920.0,-2832.0,385.0,-1301.0,-1498.0,24119.0
803,-1812.0,-11824.0,6956.0,-2816.0,89.0,-2669.0,-2052.0,24125.0
804,1248.0,-13056.0,5384.0,-2848.0,-150.0,-3204.0,-2356.0,24130.0
805,3888.0,-14520.0,4328.0,-2864.0,-302.0,-3030.0,-2368.0,24136.0
806,5308.0,-16004.0,4268.0,-2832.0,-372.0,-2306.0,-2191.0,24142.0
807,5684.0,-17220.0,4028.0,-2816.0,-464.0,-1237.0,-1922.0,24148.0
808,4652.0,-17952.0,3892.0,-2816.0,-513.0,-92.0,-1455.0,24155.0
809,3348.0,-17888.0,4168.0,-2848.0,-534.0,927.0,-1077.0,24161.0
810,1648.0,-17248.0,4700.0,-2816.0,-624.0,1578.0,-825.0,24167.0
811,900.0,-16576.0,4616.0,-2848.0,-649.0,1718.0,-675.0,24172.0
812,1032.0,-15840.0,4648.0,-2832.0,-632.0,1400.0,-766.0,24178.0
813,1672.0,-15616.0,4504.0,-2832.0,-664.0,943.0,-738.0,24184.0
814,2288.0,-15812.0,4512.0,-2832.0,-725.0,653.0,-603.0,24190.0
815,2388.0,-16304.0,4480.0,-2832.0,-729.0,534.0,-424.0,24197.0
816,2044.0,-16812.0,4252.0,-2848.0,-703.0,496.0,-275.0,24202.0
817,1788.0,-17292.0,3848.0,-2848.0,-617.0,369.0,-118.0,24208.0
818,2084.0,-17432.0,3684.0,-2864.0,-454.0,313.0,15.0,24214.0
819,2340.0,-17324.0,3588.0,-2832.0,-234.0,348.0,185.0,24220.0
820,2532.0,-17292.0,3640.0,-2848.0,-3.0,633.0,347.0,24225.0
821,2624.0,-17760.0,3520.0,-2816.0,251.0,1002.0,521.0,24231.0
822,2532.0,-18496.0,3276.0,-2816.0,570.0,1379.0,707.0,24238.0
823,2244.0,-19176.0,2836.0,-2864.0,985.0,1618.0,801.0,24244.0
824,2104.0,-19612.0,2836.0,-2832.0,1455.0,1710.0,952.0,24249.0
825,1920.0,-20044.0,2420.0,-2864.0,1943.0,1777.0,1066.0,24255.0
826,1728.0,-20772.0,2488.0,-2832.0,2427.0,1736.0,1163.0,24261.0
827,1216.0,-22828.0,3156.0,-2848.0,2840.0,1816.0,1577.0,24267.0
828,324.0,-24688.0,3928.0,-2848.0,3212.0,1763.0,2101.0,24273.0
829,368.0,-24312.0,3924.0,-2816.0,3671.0,1337.0,2429.0,24280.0
830,760.0,-23616.0,3192.0,-2848.0,4075.0,1166.0,2673.0,24285.0
831,964.0,-25264.0,3392.0,-2848.0,4359.0,1485.0,3062.0,24291.0
832,-388.0,-28328.0,1848.0,-2848.0,4730.0,2085.0,3799.0,24297.0
833,-1868.0,-31408.0,440.0,-2816.0,5171.0,2365.0,4726.0,24303.0
834,-3228.0,-31880.0,-3308.0,-2880.0,4632.0,1464.0,5305.0,24309.0
835,-3192.0,-32768.0,-2908.0,-2832.0,4317.0,449.0,5465.0,24315.0
836,-1468.0,-32768.0,4216.0,-2864.0,6753.0,-1212.0,5223.0,24322.0
837,-444.0,-22760.0,236.0,-2816.0,8113.0,-2845.0,5160.0,24327.0
838,1452.0,-16796.0,-284.0,-2848.0,8325.0,-2533.0,4414.0,24333.0
839,672.0,-18260.0,-1976.0,-2848.0,8824.0,-2202.0,4275.0,24339.0
840,-156.0,-14788.0,-4188.0,-2816.0,8993.0,-2814.0,4225.0,24345.0
841,256.0,-7660.0,-2984.0,-2832.0,8471.0,-4611.0,4011.0,24351.0
842,1828.0,-1688.0,-24.0,-2816.0,7200.0,-6003.0,3728.0,24357.0
843,4044.0,596.0,3868.0,-2816.0,6042.0,-6619.0,2838.0,24363.0
844,5744.0,832.0,8320.0,-2848.0,5188.0,-6841.0,1700.0,24369.0
845,5608.0,620.0,12624.0,-2832.0,4571.0,-6948.0,1050.0,24375.0
846,4668.0,2976.0,6884.0,-2832.0,3114.0,-6880.0,586.0,24381.0
847,6560.0,6408.0,-460.0,-2800.0,885.0,-5454.0,-195.0,24387.0
848,7684.0,10724.0,-4160.0,-2848.0,-644.0,-4592.0,-106.0,24392.0
849,5732.0,9288.0,-5340.0,-2832.0,-2623.0,-3174.0,489.0,24398.0
850,5540.0,6220.0,-3676.0,-2832.0,-4088.0,-2365.0,632.0,24404.0
851,4792.0,2984.0,-912.0,-2864.0,-5319.0,-1581.0,484.0,24411.0
852,4072.0,-1824.0,2516.0,-2832.0,-5791.0,-796.0,548.0,24416.0
853,3176.0,-5832.0,11220.0,-2816.0,-5685.0,-227.0,671.0,24422.0
854,2124.0,-10072.0,19296.0,-2816.0,-5538.0,213.0,201.0,24428.0
855,1596.0,-15300.0,25672.0,-2816.0,-4719.0,-43.0,-293.0,24434.0
856,2008.0,-19596.0,30076.0,-2816.0,-3150.0,-537.0,-573.0,24440.0
857,1960.0,-21440.0,31936.0,-2848.0,-1268.0,-604.0,-655.0,24445.0
858,1644.0,-19188.0,29612.0,-2832.0,354.0,-357.0,-377.0,24452.0
859,504.0,-14276.0,19224.0,-2832.0,435.0,476.0,-96.0,24458.0
860,0.0,-9784.0,8512.0,-2816.0,83.0,1576.0,-433.0,24464.0
861,1396.0,-7436.0,2696.0,-2832.0,-181.0,2356.0,543.0,24469.0
862,-52.0,-7584.0,-2276.0,-2848.0,-829.0,3723.0,730.0,24475.0
863,-1572.0,-9784.0,-4264.0,-2832.0,-1383.0,4006.0,644.0,24481.0
864,-952.0,-12464.0,-3036.0,-2832.0,-1866.0,3701.0,-2.0,24487.0
865,916.0,-16612.0,1012.0,-2848.0,-1815.0,3393.0,-567.0,24493.0
866,1928.0,-19732.0,4944.0,-2848.0,-1492.0,3161.0,-904.0,24499.0
867,1612.0,-20960.0,5876.0,-2784.0,-1232.0,2950.0,-1097.0,24505.0
868,1420.0,-20448.0,4916.0,-2800.0,-1095.0,2606.0,-1552.0,24511.0
869,1712.0,-19640.0,3452.0,-2832.0,-1078.0,2331.0,-1964.0,24517.0
870,1944.0,-19296.0,3148.0,-2848.0,-1090.0,2283.0,-2110.0,24523.0
871,1504.0,-19816.0,4016.0,-2832.0,-1023.0,2203.0,-2156.0,24529.0
872,1632.0,-20388.0,5104.0,-2832.0,-908.0,2113.0,-2106.0,24536.0
873,2520.0,-21308.0,5496.0,-2784.0,-717.0,2331.0,-2074.0,24541.0
874,3192.0,-20836.0,4372.0,-2816.0,-548.0,2661.0,-1966.0,24547.0
875,3720.0,-19632.0,3328.0,-2800.0,-465.0,3023.0,-1770.0,24553.0
876,3964.0,-18408.0,3432.0,-2864.0,-472.0,3379.0,-1776.0,24559.0
877,3912.0,-17980.0,4564.0,-2832.0,-468.0,3466.0,-1870.0,24565.0
878,3700.0,-18060.0,5568.0,-2848.0,-489.0,3558.0,-1901.0,24571.0
879,3292.0,-17916.0,6108.0,-2816.0,-568.0,3759.0,-1864.0,24578.0
880,2224.0,-17536.0,5904.0,-2816.0,-570.0,4008.0,-1743.0,24583.0
881,1056.0,-17208.0,5836.0,-2848.0,-536.0,4195.0,-1529.0,24589.0
882,-188.0,-17484.0,5924.0,-2800.0,-471.0,4292.0,-1362.0,24595.0
883,-1172.0,-18556.0,5920.0,-2832.0,-278.0,4395.0,-1148.0,24601.0
884,-1988.0,-19520.0,5700.0,-2832.0,-50.0,4277.0,-812.0,24607.0
885,-2528.0,-20544.0,5128.0,-2832.0,255.0,4082.0,-549.0,24613.0
886,-3000.0,-21396.0,4800.0,-2832.0,532.0,3681.0,-263.0,24619.0
887,-3276.0,-22684.0,4196.0,-2832.0,878.0,3105.0,-157.0,24625.0
888,-2976.0,-23624.0,4204.0,-2848.0,1169.0,2317.0,6.0,24631.0
889,-2400.0,-24592.0,3840.0,-2848.0,1411.0,1660.0,222.0,24637.0
890,-1916.0,-25148.0,2712.0,-2816.0,1510.0,1301.0,415.0,24643.0
891,-2216.0,-26164.0,1176.0,-2848.0,1001.0,1148.0,661.0,24648.0
892,-3424.0,-30204.0,1356.0,-2816.0,509.0,766.0,908.0,24654.0
893,-2908.0,-32240.0,1248.0,-2832.0,772.0,1.0,1339.0,24660.0
894,-2348.0,-31036.0,4424.0,-2816.0,2198.0,-1275.0,1745.0,24667.0
895,-1512.0,-22068.0,2312.0,-2848.0,3375.0,-2077.0,2377.0,24673.0
896,-32.0,-16776.0,596.0,-2800.0,3622.0,-2020.0,2155.0,24678.0
897,-124.0,-16252.0,1324.0,-2832.0,3939.0,-2276.0,2391.0,24684.0
898,472.0,-14112.0,2112.0,-2864.0,4098.0,-2822.0,2267.0,24690.0
899,1452.0,-11016.0,2692.0,-2800.0,4106.0,-3253.0,1976.0,24696.0
900,2520.0,-7088.0,3512.0,-2800.0,3952.0,-3915.0,1781.0,24702.0
901,2996.0,-2892.0,4692.0,-2816.0,3412.0,-4241.0,1674.0,24709.0
902,2960.0,-996.0,6020.0,-2816.0,2677.0,-4614.0,1299.0,24714.0
903,3396.0,24.0,8512.0,-2800.0,2219.0,-4898.0,826.0,24720.0
904,4188.0,1184.0,8584.0,-2848.0,1358.0,-4924.0,618.0,24726.0
905,6040.0,1704.0,4336.0,-2832.0,52.0,-4525.0,178.0,24732.0
906,8832.0,3212.0,-2260.0,-2848.0,-1353.0,-3558.0,-108.0,24737.0
907,8088.0,4596.0,-5216.0,-2816.0,-2688.0,-1554.0,571.0,24743.0
908,5496.0,4184.0,-6088.0,-2816.0,-4311.0,-522.0,804.0,24750.0
909,3588.0,2496.0,-5288.0,-2832.0,-5890.0,-636.0,655.0,24756.0
910,3296.0,816.0,-4308.0,-2832.0,-7314.0,-1117.0,438.0,24761.0
911,2828.0,-232.0,-3528.0,-2848.0,-8722.0,-1671.0,412.0,24767.0
912,4436.0,-1376.0,-3428.0,-2816.0,-9959.0,-1864.0,33.0,24773.0
913,3252.0,-2624.0,-1708.0,-2800.0,-10867.0,-2063.0,-679.0,24779.0
914,3232.0,-4592.0,1592.0,-2848.0,-11646.0,-1873.0,-816.0,24785.0
915,3764.0,-11600.0,3464.0,-2848.0,-11597.0,-429.0,-976.0,24792.0
916,3900.0,-17860.0,15196.0,-2832.0,-9327.0,-120.0,-1412.0,24797.0
917,5468.0,-19452.0,25740.0,-2816.0,-7651.0,-1135.0,-2554.0,24803.0
918,7980.0,-25272.0,31564.0,-2832.0,-5931.0,-615.0,-3330.0,24809.0
919,11248.0,-30680.0,32767.0,-2848.0,-3169.0,2066.0,-3029.0,24815.0
920,7224.0,-28768.0,32767.0,-2848.0,-917.0,5795.0,-2367.0,24821.0
921,664.0,-22816.0,22704.0,-2832.0,-311.0,8794.0,-1880.0,24827.0
922,-1264.0,-16524.0,7260.0,-2832.0,-167.0,9359.0,-2008.0,24834.0
923,-2972.0,-11724.0,-8948.0,-2832.0,-869.0,9526.0,-1632.0,24840.0
924,-6208.0,-9600.0,-18544.0,-2848.0,-2281.0,10113.0,-332.0,24846.0
925,-8028.0,-11680.0,-17096.0,-2864.0,-3249.0,8908.0,-155.0,24852.0
926,-5236.0,-18696.0,-3744.0,-2848.0,-2809.0,5925.0,-1570.0,24858.0
927,628.0,-24592.0,9200.0,-2832.0,-2102.0,3409.0,-1509.0,24864.0
928,596.0,-28320.0,14992.0,-2832.0,-1329.0,2723.0,-1752.0,24870.0
929,-784.0,-25540.0,10116.0,-2848.0,-807.0,1203.0,-2351.0,24877.0
930,-1916.0,-21388.0,2024.0,-2832.0,-850.0,-9.0,-2520.0,24882.0
931,-3152.0,-20840.0,-1080.0,-2816.0,-623.0,-571.0,-2027.0,24888.0
932,-2760.0,-23036.0,1952.0,-2816.0,-98.0,-1228.0,-1903.0,24894.0
933,-1268.0,-26228.0,5044.0,-2832.0,564.0,-1608.0,-1726.0,24900.0
934,876.0,-26724.0,4364.0,-2832.0,1000.0,-1350.0,-1734.0,24906.0
935,3020.0,-24552.0,2836.0,-2816.0,1346.0,-555.0,-1482.0,24912.0
936,4512.0,-21076.0,2844.0,-2816.0,1363.0,770.0,-1196.0,24919.0
937,4244.0,-19460.0,3684.0,-2832.0,1353.0,2109.0,-1144.0,24924.0
938,2784.0,-18812.0,3968.0,-2864.0,1261.0,3030.0,-1203.0,24930.0
939,1428.0,-18208.0,3844.0,-2848.0,1181.0,3360.0,-1507.0,24936.0
940,548.0,-17484.0,4404.0,-2832.0,1036.0,2946.0,-1656.0,24942.0
941,1040.0,-16804.0,5104.0,-2832.0,902.0,2499.0,-1776.0,24948.0
942,1788.0,-16392.0,5324.0,-2832.0,767.0,2245.0,-1854.0,24954.0
943,1844.0,-16660.0,5604.0,-2832.0,624.0,2572.0,-1562.0,24961.0
944,1328.0,-16720.0,5156.0,-2816.0,556.0,3106.0,-1318.0,24967.0
945,124.0,-16836.0,4936.0,-2816.0,529.0,3478.0,-997.0,24972.0
946,-892.0,-16856.0,4892.0,-2864.0,452.0,3389.0,-562.0,24978.0
947,-1524.0,-16748.0,5216.0,-2832.0,458.0,2958.0,-492.0,24984.0
948,-1812.0,-17096.0,5372.0,-2848.0,485.0,2252.0,-326.0,24990.0
949,-1860.0,-17536.0,5360.0,-2816.0,603.0,1605.0,-167.0,24995.0
950,-1640.0,-17716.0,5100.0,-2848.0,642.0,1005.0,-36.0,25001.0
951,-1376.0,-18476.0,4388.0,-2864.0,777.0,588.0,200.0,25008.0
952,-784.0,-18768.0,4024.0,-2848.0,932.0,241.0,515.0,25014.0
953,-248.0,-18788.0,4076.0,-2832.0,1101.0,-34.0,812.0,25019.0
954,312.0,-19232.0,4220.0,-2816.0,1283.0,-249.0,1005.0,25025.0
955,816.0,-19512.0,3988.0,-2832.0,1508.0,-413.0,1240.0,25031.0
956,1408.0,-20024.0,3488.0,-2832.0,1776.0,-458.0,1408.0,25037.0
957,1916.0,-20332.0,2372.0,-2832.0,2076.0,-300.0,1511.0,25043.0
958,2164.0,-19636.0,688.0,-2832.0,2387.0,-289.0,1617.0,25049.0
959,2472.0,-17512.0,328.0,-2832.0,2595.0,-550.0,1779.0,25055.0
960,3044.0,-14776.0,2060.0,-2832.0,2560.0,-1063.0,1882.0,25061.0
961,3548.0,-12544.0,4252.0,-2832.0,2374.0,-1529.0,1735.0,25067.0
962,3492.0,-10348.0,5860.0,-2816.0,2081.0,-1831.0,1481.0,25073.0
963,3380.0,-8384.0,6532.0,-2832.0,1734.0,-2233.0,1191.0,25079.0
964,3060.0,-6632.0,6876.0,-2864.0,1253.0,-2380.0,1019.0,25084.0
965,2864.0,-4780.0,6620.0,-2832.0,649.0,-2230.0,665.0,25091.0
966,2412.0,-4196.0,6612.0,-2832.0,63.0,-2190.0,527.0,25097.0
967,2160.0,-3852.0,7364.0,-2832.0,-478.0,-2134.0,317.0,25103.0
968,2056.0,-3504.0,8064.0,-2832.0,-969.0,-2087.0,248.0,25109.0
969,2832.0,-3672.0,7408.0,-2848.0,-1227.0,-2026.0,123.0,25114.0
970,3284.0,-3320.0,6960.0,-2816.0,-1355.0,-2220.0,-88.0,25120.0
971,3320.0,-2292.0,7092.0,-2848.0,-1817.0,-2548.0,-309.0,25126.0
972,3544.0,-1520.0,8044.0,-2816.0,-2664.0,-2560.0,-417.0,25133.0
973,4180.0,-2612.0,8852.0,-2848.0,-3558.0,-1948.0,-367.0,25138.0
974,4328.0,-5784.0,8084.0,-2832.0,-3904.0,-998.0,-147.0,25144.0
975,3800.0,-8916.0,6128.0,-2864.0,-3307.0,-437.0,42.0,25150.0
976,2848.0,-8840.0,5472.0,-2848.0,-3418.0,-453.0,226.0,25156.0
977,2384.0,-9956.0,4620.0,-2832.0,-3835.0,-303.0,217.0,25162.0
978,2880.0,-12244.0,4460.0,-2832.0,-4022.0,-268.0,59.0,25167.0
979,3328.0,-15204.0,3692.0,-2848.0,-3780.0,48.0,-191.0,25174.0
980,3016.0,-17428.0,3224.0,-2848.0,-3460.0,108.0,-272.0,25180.0
981,2752.0,-19392.0,3064.0,-2800.0,-3536.0,-195.0,-194.0,25186.0
982,2556.0,-21852.0,1844.0,-2832.0,-3483.0,-333.0,-101.0,25191.0
983,2172.0,-23776.0,1008.0,-2832.0,-3174.0,-425.0,5.0,25197.0
984,1556.0,-24420.0,1256.0,-2848.0,-2826.0,-555.0,73.0,25203.0
985,1004.0,-24916.0,1468.0,-2832.0,-2361.0,-852.0,50.0,25209.0
986,304.0,-25428.0,2152.0,-2832.0,-1878.0,-1141.0,91.0,25214.0
987,-32.0,-26232.0,2620.0,-2848.0,-1386.0,-1083.0,328.0,25221.0
988,-424.0,-26696.0,2840.0,-2848.0,-879.0,-796.0,179.0,25227.0
989,-532.0,-26792.0,2640.0,-2800.0,-227.0,-685.0,940.0,25233.0
990,-2364.0,-27272.0,2884.0,-2816.0,383.0,-114.0,897.0,25238.0
991,-2788.0,-27748.0,2772.0,-2832.0,935.0,116.0,1020.0,25244.0
992,-2848.0,-27960.0,2660.0,-2832.0,1591.0,88.0,1147.0,25250.0
993,-2324.0,-27396.0,2388.0,-2784.0,2227.0,78.0,1154.0,25256.0
994,-1876.0,-26952.0,2344.0,-2848.0,2827.0,-67.0,1001.0,25262.0
995,-2056.0,-26792.0,2964.0,-2832.0,3278.0,-169.0,1227.0,25268.0
996,-1200.0,-27260.0,3328.0,-2848.0,3681.0,60.0,1455.0,25274.0
997,-700.0,-28088.0,3440.0,-2832.0,4094.0,305.0,1526.0,25280.0
998,-880.0,-28284.0,2516.0,-2832.0,4365.0,665.0,1899.0,25286.0
999,-1000.0,-27340.0,-956.0,-2800.0,4213.0,922.0,2321.0,25291.0
1000,-2448.0,-27092.0,-4432.0,-2816.0,3066.0,444.0,2730.0,25297.0
1001,-2280.0,-28392.0,-3388.0,-2800.0,2191.0,-658.0,2955.0,25304.0
1002,116.0,-28216.0,6356.0,-2832.0,4255.0,-2982.0,3031.0,25310.0
1003,2312.0,-13376.0,2996.0,-2832.0,5172.0,-4184.0,2980.0,25316.0
1004,4812.0,-6680.0,2400.0,-2848.0,4703.0,-3855.0,1587.0,25322.0
1005,4720.0,-6588.0,3252.0,-2816.0,4395.0,-3809.0,1412.0,25327.0
1006,6132.0,-5856.0,4028.0,-2848.0,3843.0,-3768.0,1057.0,25333.0
1007,6824.0,-5224.0,5328.0,-2816.0,3384.0,-3036.0,319.0,25339.0
1008,6480.0,-4348.0,6420.0,-2816.0,2876.0,-2174.0,134.0,25346.0
1009,6428.0,-3380.0,7020.0,-2816.0,2402.0,-1511.0,-302.0,25352.0
1010,6152.0,-2032.0,7912.0,-2848.0,1975.0,-1053.0,-695.0,25358.0
1011,6088.0,-304.0,9416.0,-2832.0,1369.0,-689.0,-940.0,25363.0
1012,4820.0,2252.0,3836.0,-2816.0,60.0,-26.0,-955.0,25369.0
1013,4588.0,2632.0,4204.0,-2848.0,-1097.0,1392.0,-1034.0,25375.0
1014,3424.0,3044.0,4588.0,-2848.0,-1793.0,1328.0,-1349.0,25380.0
1015,4388.0,3764.0,-576.0,-2832.0,-3826.0,1559.0,-1971.0,25387.0
1016,4444.0,1240.0,3644.0,-2832.0,-3996.0,2069.0,-1677.0,25393.0
1017,1632.0,-2344.0,6876.0,-2832.0,-4386.0,2398.0,-1359.0,25399.0
1018,840.0,-6560.0,12120.0,-2832.0,-4272.0,2228.0,-1401.0,25405.0
1019,2108.0,-9640.0,16800.0,-2832.0,-3774.0,2250.0,-1886.0,25411.0
1020,1576.0,-13340.0,20888.0,-2800.0,-2811.0,2377.0,-2228.0,25417.0
1021,1400.0,-16020.0,22648.0,-2832.0,-1743.0,2871.0,-1934.0,25423.0
1022,-116.0,-15468.0,17136.0,-2816.0,-1166.0,3635.0,-1663.0,25430.0
1023,-1276.0,-13212.0,10812.0,-2832.0,-1016.0,4492.0,-1274.0,25435.0
1024,-2044.0,-11448.0,4584.0,-2816.0,-1083.0,4925.0,-1296.0,25441.0
1025,-2376.0,-11208.0,-1424.0,-2832.0,-1533.0,5114.0,-1099.0,25447.0
1026,-2692.0,-12072.0,-5260.0,-2816.0,-2048.0,5375.0,-816.0,25453.0
1027,-3476.0,-13772.0,-5844.0,-2832.0,-2415.0,5136.0,-482.0,25459.0
1028,-3136.0,-16592.0,-2516.0,-2832.0,-2371.0,3916.0,-521.0,25465.0
1029,-56.0,-19928.0,2856.0,-2800.0,-1937.0,2180.0,-1304.0,25472.0
1030,1136.0,-22300.0,6584.0,-2832.0,-1520.0,519.0,-1684.0,25478.0
1031,2780.0,-24100.0,6740.0,-2816.0,-1096.0,-626.0,-1906.0,25484.0
1032,3916.0,-24188.0,4012.0,-2848.0,-669.0,-1188.0,-2421.0,25490.0
1033,5108.0,-22936.0,1156.0,-2832.0,-332.0,-1355.0,-2638.0,25495.0
1034,6036.0,-21956.0,-292.0,-2832.0,33.0,-1072.0,-2358.0,25501.0
1035,6232.0,-21260.0,640.0,-2832.0,323.0,-240.0,-2041.0,25507.0
1036,5996.0,-21896.0,2216.0,-2864.0,597.0,723.0,-1845.0,25513.0
1037,6028.0,-21748.0,3152.0,-2832.0,836.0,1502.0,-1765.0,25520.0
1038,5636.0,-20604.0,3772.0,-2864.0,925.0,2295.0,-1573.0,25526.0
1039,5104.0,-19384.0,3744.0,-2800.0,875.0,3245.0,-1385.0,25531.0
1040,3428.0,-18308.0,3704.0,-2784.0,844.0,4106.0,-1349.0,25537.0
1041,1348.0,-17092.0,3940.0,-2816.0,785.0,4333.0,-1363.0,25543.0
1042,-544.0,-15868.0,4580.0,-2816.0,669.0,4084.0,-1375.0,25549.0
1043,-1712.0,-15064.0,5348.0,-2880.0,588.0,3544.0,-1482.0,25555.0
1044,-2720.0,-14664.0,6592.0,-2816.0,503.0,2906.0,-1517.0,25562.0
1045,-3212.0,-14660.0,7340.0,-2832.0,385.0,2316.0,-1346.0,25568.0
1046,-3572.0,-14904.0,6832.0,-2800.0,371.0,1915.0,-1162.0,25573.0
1047,-4024.0,-14868.0,6544.0,-2832.0,265.0,1417.0,-953.0,25579.0
1048,-4144.0,-15424.0,5680.0,-2832.0,237.0,810.0,-763.0,25585.0
1049,-3868.0,-15660.0,5212.0,-2832.0,189.0,156.0,-503.0,25591.0
1050,-2720.0,-16000.0,5348.0,-2848.0,175.0,-590.0,-379.0,25597.0
1051,-1464.0,-16036.0,5636.0,-2832.0,135.0,-1394.0,-345.0,25603.0
1052,-24.0,-16012.0,5544.0,-2864.0,82.0,-2117.0,-344.0,25609.0
1053,1592.0,-15980.0,5388.0,-2880.0,-2.0,-2512.0,-345.0,25615.0
1054,2532.0,-16208.0,5040.0,-2864.0,-21.0,-2534.0,-342.0,25621.0
1055,3576.0,-16492.0,4700.0,-2848.0,-69.0,-2323.0,-382.0,25626.0
1056,4016.0,-17044.0,4276.0,-2816.0,-53.0,-1884.0,-330.0,25632.0
1057,4328.0,-17692.0,4104.0,-2832.0,12.0,-1308.0,-241.0,25638.0
1058,4380.0,-18220.0,3768.0,-2832.0,143.0,-677.0,-130.0,25645.0
1059,4064.0,-18592.0,3828.0,-2816.0,281.0,-165.0,14.0,25650.0
1060,3624.0,-19048.0,3912.0,-2800.0,471.0,227.0,67.0,25656.0
1061,3056.0,-19480.0,4088.0,-2816.0,679.0,458.0,134.0,25662.0
1062,2396.0,-19684.0,3816.0,-2832.0,879.0,669.0,231.0,25667.0
1063,1800.0,-19252.0,3248.0,-2832.0,1154.0,730.0,313.0,25673.0
1064,1164.0,-18428.0,3504.0,-2832.0,1349.0,580.0,376.0,25679.0
1065,888.0,-17288.0,4196.0,-2832.0,1465.0,293.0,427.0,25686.0
1066,984.0,-16632.0,4780.0,-2848.0,1535.0,-13.0,368.0,25691.0
1067,1024.0,-15876.0,5416.0,-2800.0,1544.0,-234.0,341.0,25697.0
1068,904.0,-15496.0,5404.0,-2848.0,1494.0,-363.0,349.0,25703.0
1069,940.0,-15068.0,5388.0,-2832.0,1502.0,-407.0,374.0,25709.0
1070,892.0,-15084.0,5188.0,-2832.0,1503.0,-353.0,468.0,25714.0
1071,1044.0,-14856.0,4952.0,-2816.0,1486.0,-350.0,543.0,25720.0
1072,1188.0,-14676.0,5020.0,-2816.0,1467.0,-389.0,635.0,25726.0
1073,1384.0,-14808.0,5348.0,-2864.0,1453.0,-444.0,681.0,25733.0
1074,1664.0,-15008.0,5488.0,-2832.0,1424.0,-558.0,579.0,25738.0
1075,1996.0,-15384.0,5196.0,-2832.0,1496.0,-708.0,652.0,25744.0
1076,2000.0,-15936.0,4800.0,-2848.0,1516.0,-561.0,543.0,25750.0
1077,1816.0,-16204.0,4064.0,-2864.0,1565.0,-333.0,635.0,25756.0
1078,2248.0,-15936.0,3068.0,-2832.0,1599.0,-275.0,804.0,25762.0
1079,1932.0,-14860.0,3772.0,-2832.0,1511.0,-497.0,918.0,25767.0
1080,2192.0,-14040.0,4764.0,-2832.0,1389.0,-935.0,840.0,25774.0
1081,2596.0,-13744.0,5748.0,-2816.0,1309.0,-1374.0,546.0,25780.0
1082,3208.0,-13124.0,6124.0,-2848.0,1206.0,-1711.0,296.0,25786.0
1083,3884.0,-12792.0,6128.0,-2832.0,1066.0,-1551.0,123.0,25792.0
1084,4184.0,-12268.0,5392.0,-2832.0,851.0,-930.0,45.0,25797.0
1085,4080.0,-11684.0,4404.0,-2832.0,587.0,-184.0,25.0,25803.0
1086,3880.0,-10980.0,4656.0,-2816.0,334.0,356.0,8.0,25809.0
1087,3820.0,-10480.0,5500.0,-2832.0,146.0,800.0,-102.0,25815.0
1088,3656.0,-9912.0,6404.0,-2848.0,-24.0,1254.0,-273.0,25821.0
1089,3548.0,-9556.0,6612.0,-2832.0,-254.0,1618.0,-417.0,25827.0
1090,2716.0,-9640.0,7256.0,-2816.0,-430.0,1927.0,-628.0,25833.0
1091,2000.0,-10300.0,6504.0,-2832.0,-322.0,2335.0,-845.0,25838.0
1092,1140.0,-10076.0,5916.0,-2832.0,-38.0,2056.0,-1099.0,25844.0
1093,620.0,-9396.0,6340.0,-2832.0,-222.0,1756.0,-1195.0,25850.0
1094,464.0,-9792.0,6488.0,-2816.0,-463.0,1589.0,-1270.0,25857.0
1095,412.0,-10508.0,6444.0,-2832.0,-647.0,1402.0,-1191.0,25862.0
1096,652.0,-10724.0,6476.0,-2832.0,-838.0,1023.0,-1172.0,25868.0
1097,652.0,-10616.0,6376.0,-2832.0,-1072.0,667.0,-1274.0,25874.0
1098,1092.0,-10640.0,6636.0,-2832.0,-1319.0,296.0,-1469.0,25880.0
1099,1644.0,-11024.0,6468.0,-2832.0,-1707.0,220.0,-1515.0,25886.0
1100,2248.0,-11924.0,5980.0,-2800.0,-1944.0,336.0,-1456.0,25892.0
1101,1972.0,-12128.0,5160.0,-2848.0,-2155.0,644.0,-1249.0,25897.0
1102,1616.0,-11892.0,4736.0,-2816.0,-2408.0,915.0,-1298.0,25904.0
1103,1444.0,-11748.0,4960.0,-2880.0,-2651.0,831.0,-1139.0,25910.0
1104,1348.0,-12168.0,5664.0,-2848.0,-2848.0,710.0,-1117.0,25916.0
1105,892.0,-12768.0,5680.0,-2832.0,-3083.0,463.0,-993.0,25922.0
1106,576.0,-13360.0,5616.0,-2816.0,-3255.0,-52.0,-900.0,25928.0
1107,344.0,-14128.0,5468.0,-2864.0,-3424.0,-585.0,-763.0,25933.0
1108,352.0,-15232.0,5320.0,-2832.0,-3449.0,-1183.0,-765.0,25939.0
1109,376.0,-16608.0,4688.0,-2832.0,-3403.0,-1828.0,-675.0,25946.0
1110,1224.0,-17980.0,4304.0,-2816.0,-3319.0,-2361.0,-499.0,25952.0
1111,2460.0,-19296.0,4072.0,-2832.0,-3112.0,-2710.0,-591.0,25958.0
1112,3260.0,-21424.0,3932.0,-2832.0,-2793.0,-3133.0,-418.0,25963.0
1113,4500.0,-24244.0,3416.0,-2848.0,-2420.0,-3092.0,-263.0,25969.0
1114,5180.0,-26948.0,2104.0,-2848.0,-1841.0,-2879.0,-220.0,25975.0
1115,4896.0,-28912.0,1340.0,-2816.0,-1138.0,-1948.0,233.0,25981.0
1116,3096.0,-28612.0,1388.0,-2832.0,-341.0,-723.0,780.0,25988.0
1117,1228.0,-25260.0,2888.0,-2848.0,245.0,92.0,1201.0,25994.0
1118,-164.0,-20904.0,4084.0,-2848.0,587.0,380.0,1307.0,25999.0
1119,-984.0,-17704.0,5200.0,-2832.0,731.0,439.0,1149.0,26005.0
1120,-1128.0,-15252.0,6084.0,-2784.0,662.0,138.0,891.0,26011.0
1121,-904.0,-14276.0,5832.0,-2800.0,524.0,-286.0,695.0,26017.0
1122,192.0,-13372.0,6088.0,-2816.0,311.0,-842.0,474.0,26022.0
1123,1568.0,-13256.0,6176.0,-2864.0,11.0,-1263.0,327.0,26029.0
1124,2416.0,-13616.0,6176.0,-2832.0,-283.0,-1350.0,350.0,26035.0
1125,3236.0,-14288.0,5892.0,-2832.0,-588.0,-1154.0,447.0,26041.0
1126,3508.0,-14824.0,5836.0,-2864.0,-883.0,-829.0,512.0,26046.0
1127,3660.0,-15020.0,5484.0,-2864.0,-1144.0,-341.0,600.0,26052.0
1128,3372.0,-15204.0,5348.0,-2816.0,-1372.0,168.0,676.0,26058.0
1129,2880.0,-15400.0,5328.0,-2816.0,-1551.0,754.0,831.0,26064.0
1130,1792.0,-16024.0,5136.0,-2816.0,-1680.0,1293.0,929.0,26070.0
1131,656.0,-16120.0,5252.0,-2816.0,-1735.0,1404.0,969.0,26076.0
1132,72.0,-15972.0,5284.0,-2800.0,-1795.0,1133.0,895.0,26082.0
1133,440.0,-15760.0,5188.0,-2864.0,-1900.0,720.0,773.0,26088.0
1134,952.0,-15664.0,5276.0,-2880.0,-2009.0,296.0,638.0,26094.0
1135,1544.0,-15804.0,5048.0,-2832.0,-2106.0,6.0,553.0,26099.0
1136,1864.0,-16040.0,4752.0,-2816.0,-2176.0,-107.0,518.0,26105.0
1137,2008.0,-16428.0,4728.0,-2832.0,-2272.0,-91.0,518.0,26112.0
1138,2168.0,-16748.0,4824.0,-2832.0,-2316.0,113.0,598.0,26117.0
1139,2224.0,-16924.0,4780.0,-2816.0,-2362.0,370.0,739.0,26123.0
1140,2148.0,-16868.0,4812.0,-2816.0,-2378.0,680.0,842.0,26129.0
1141,2020.0,-16796.0,4580.0,-2832.0,-2363.0,964.0,906.0,26135.0
1142,2032.0,-17072.0,4396.0,-2800.0,-2376.0,1170.0,981.0,26141.0
1143,2292.0,-17536.0,4236.0,-2832.0,-2365.0,1264.0,1038.0,26146.0
1144,2248.0,-18244.0,4000.0,-2800.0,-2283.0,1474.0,1128.0,26152.0
1145,1756.0,-18884.0,3572.0,-2816.0,-2130.0,1652.0,1210.0,26159.0
1146,1108.0,-19256.0,3484.0,-2832.0,-2022.0,1762.0,1335.0,26165.0
1147,228.0,-20336.0,3332.0,-2832.0,-2041.0,1726.0,1446.0,26171.0
1148,-756.0,-22436.0,2596.0,-2832.0,-2156.0,1548.0,1564.0,26177.0
1149,-920.0,-23824.0,1228.0,-2832.0,-2198.0,1171.0,1659.0,26183.0
1150,-784.0,-24392.0,140.0,-2816.0,-2444.0,685.0,1816.0,26189.0
1151,-728.0,-26104.0,2364.0,-2832.0,-2019.0,460.0,2576.0,26194.0
1152,-1044.0,-24284.0,5964.0,-2832.0,-528.0,-300.0,2996.0,26201.0
1153,-536.0,-18756.0,3284.0,-2848.0,271.0,-1097.0,2658.0,26207.0
1154,-68.0,-18816.0,2020.0,-2848.0,720.0,-1965.0,2157.0,26213.0
1155,1072.0,-19420.0,1256.0,-2832.0,1169.0,-2575.0,2010.0,26218.0
1156,2588.0,-18316.0,604.0,-2832.0,1506.0,-2857.0,1562.0,26224.0
1157,4448.0,-16988.0,472.0,-2848.0,1731.0,-2777.0,1208.0,26230.0
1158,5848.0,-15928.0,876.0,-2880.0,1824.0,-2545.0,683.0,26236.0
1159,6580.0,-14636.0,1572.0,-2816.0,1812.0,-2049.0,223.0,26243.0
1160,7144.0,-13332.0,2272.0,-2848.0,1655.0,-1522.0,-313.0,26249.0
1161,7768.0,-12452.0,3008.0,-2816.0,1392.0,-770.0,-760.0,26255.0
1162,7700.0,-11780.0,3848.0,-2816.0,1147.0,158.0,-1140.0,26260.0
1163,7576.0,-11580.0,4336.0,-2848.0,842.0,1127.0,-1433.0,26266.0
1164,6448.0,-11260.0,5032.0,-2816.0,594.0,1876.0,-1704.0,26272.0
1165,6372.0,-10208.0,5400.0,-2816.0,245.0,2381.0,-1984.0,26278.0
1166,5952.0,-9012.0,5012.0,-2864.0,-213.0,2922.0,-2311.0,26285.0
1167,5612.0,-7004.0,-332.0,-2816.0,-1362.0,3570.0,-2546.0,26291.0
1168,6264.0,-4384.0,-7064.0,-2816.0,-2980.0,4699.0,-2846.0,26296.0
1169,8032.0,-1440.0,-9984.0,-2800.0,-4592.0,6008.0,-3292.0,26302.0
1170,5112.0,-2472.0,-9764.0,-2832.0,-5795.0,7299.0,-2641.0,26308.0
1171,1336.0,-3916.0,-9580.0,-2864.0,-7213.0,7882.0,-2454.0,26314.0
1172,368.0,-5608.0,-9184.0,-2816.0,-8558.0,7466.0,-2905.0,26320.0
1173,660.0,-6936.0,-7824.0,-2816.0,-9693.0,6798.0,-3297.0,26327.0
1174,708.0,-8568.0,-6120.0,-2848.0,-10638.0,6497.0,-3525.0,26333.0
1175,120.0,-10372.0,-4372.0,-2816.0,-11418.0,6282.0,-3817.0,26338.0
1176,-1020.0,-12600.0,-2392.0,-2864.0,-11964.0,5883.0,-3961.0,26344.0
1177,-1616.0,-15208.0,-1444.0,-2848.0,-12275.0,5490.0,-4030.0,26350.0
1178,-1556.0,-17536.0,-104.0,-2864.0,-11944.0,4814.0,-4342.0,26356.0
1179,-244.0,-17752.0,2532.0,-2816.0,-11673.0,3857.0,-4452.0,26362.0
1180,-384.0,-18756.0,6364.0,-2800.0,-11178.0,3633.0,-4139.0,26369.0
1181,2332.0,-19216.0,8380.0,-2784.0,-10544.0,4150.0,-4819.0,26375.0
1182,3616.0,-20020.0,10308.0,-2864.0,-9864.0,4558.0,-4895.0,26381.0
1183,5032.0,-20644.0,12920.0,-2848.0,-8990.0,5519.0,-4710.0,26387.0
1184,5724.0,-21016.0,15960.0,-2816.0,-7936.0,7351.0,-4327.0,26393.0
1185,5200.0,-21856.0,17908.0,-2832.0,-6756.0,9679.0,-4027.0,26399.0
1186,4856.0,-21868.0,19616.0,-2816.0,-5382.0,11572.0,-3819.0,26405.0
1187,3856.0,-21152.0,21604.0,-2800.0,-3952.0,13141.0,-3525.0,26412.0
1188,2144.0,-20708.0,23176.0,-2832.0,-2524.0,14580.0,-3096.0,26418.0
1189,-924.0,-20428.0,21608.0,-2800.0,-959.0,15721.0,-2385.0,26424.0
1190,-5464.0,-18312.0,15732.0,-2848.0,-155.0,15584.0,-1584.0,26430.0
1191,-7580.0,-15776.0,9332.0,-2832.0,145.0,13973.0,-1296.0,26436.0
1192,-7436.0,-13612.0,2612.0,-2816.0,156.0,11483.0,-1368.0,26442.0
1193,-7288.0,-12412.0,-3264.0,-2848.0,-46.0,9106.0,-941.0,26448.0
1194,-7352.0,-11816.0,-7188.0,-2816.0,-518.0,7099.0,-366.0,26455.0
1195,-6776.0,-11996.0,-6664.0,-2848.0,-1230.0,4844.0,-359.0,26460.0
1196,-3720.0,-15032.0,-1476.0,-2832.0,-1193.0,2107.0,-1147.0,26466.0
1197,244.0,-17136.0,4492.0,-2832.0,-773.0,-749.0,-1830.0,26472.0
1198,2696.0,-18408.0,7628.0,-2832.0,-520.0,-2389.0,-1794.0,26478.0
1199,3468.0,-19284.0,6024.0,-2832.0,-428.0,-2792.0,-1985.0,26484.0
1200,4184.0,-18292.0,1692.0,-2848.0,-576.0,-2603.0,-1922.0,26490.0
1201,4840.0,-18212.0,-920.0,-2832.0,-535.0,-1815.0,-1532.0,26497.0
1202,4644.0,-18084.0,-500.0,-2832.0,-531.0,-451.0,-1034.0,26502.0
1203,4080.0,-18728.0,460.0,-2848.0,-399.0,799.0,-823.0,26508.0
1204,3780.0,-19040.0,1164.0,-2832.0,-282.0,1446.0,-628.0,26514.0
1205,3380.0,-19256.0,1300.0,-2800.0,-189.0,2110.0,-414.0,26520.0
1206,2908.0,-18768.0,1268.0,-2832.0,-154.0,2550.0,-288.0,26526.0
1207,1940.0,-18180.0,1576.0,-2800.0,-75.0,2892.0,-259.0,26531.0
1208,616.0,-17584.0,1688.0,-2832.0,15.0,2749.0,-356.0,26537.0
1209,-492.0,-17192.0,1960.0,-2816.0,153.0,2158.0,-584.0,26544.0
1210,-856.0,-16672.0,2136.0,-2816.0,219.0,1404.0,-689.0,26550.0
1211,-528.0,-16364.0,2668.0,-2800.0,280.0,912.0,-823.0,26556.0
1212,188.0,-16364.0,2664.0,-2832.0,337.0,490.0,-802.0,26561.0
1213,976.0,-16196.0,2552.0,-2848.0,429.0,162.0,-712.0,26567.0
1214,1760.0,-16108.0,2400.0,-2816.0,449.0,-34.0,-721.0,26573.0
1215,2368.0,-16176.0,1744.0,-2832.0,536.0,-179.0,-737.0,26578.0
1216,3276.0,-15852.0,2044.0,-2848.0,568.0,-280.0,-660.0,26585.0
1217,3552.0,-15840.0,1932.0,-2832.0,634.0,-203.0,-591.0,26591.0
1218,4132.0,-15572.0,2144.0,-2832.0,613.0,-138.0,-478.0,26597.0
1219,3936.0,-15444.0,2244.0,-2816.0,568.0,100.0,-413.0,26602.0
1220,3972.0,-15192.0,2456.0,-2848.0,517.0,243.0,-345.0,26608.0
1221,3420.0,-14872.0,2796.0,-2800.0,401.0,404.0,-267.0,26614.0
1222,3036.0,-14996.0,3060.0,-2816.0,286.0,558.0,-192.0,26620.0
1223,2332.0,-14960.0,3164.0,-2832.0,155.0,666.0,-192.0,26626.0
1224,1892.0,-15052.0,3068.0,-2816.0,45.0,594.0,-203.0,26632.0
1225,1692.0,-15276.0,3072.0,-2864.0,-40.0,475.0,-216.0,26638.0
1226,1388.0,-15560.0,3048.0,-2848.0,-128.0,403.0,-289.0,26643.0
1227,1300.0,-16000.0,2748.0,-2832.0,-160.0,352.0,-292.0,26649.0
1228,1204.0,-16300.0,2592.0,-2832.0,-185.0,247.0,-293.0,26655.0
1229,1272.0,-16588.0,2328.0,-2816.0,-142.0,163.0,-347.0,26661.0
1230,1412.0,-16684.0,2136.0,-2832.0,-77.0,-13.0,-421.0,26667.0
1231,1364.0,-16588.0,2612.0,-2848.0,-101.0,-157.0,-501.0,26673.0
1232,1484.0,-16720.0,2620.0,-2832.0,-112.0,-242.0,-620.0,26679.0
1233,1692.0,-16564.0,2728.0,-2832.0,-143.0,-317.0,-710.0,26685.0
1234,2068.0,-16492.0,2708.0,-2816.0,-166.0,-269.0,-783.0,26690.0
1235,2500.0,-16292.0,2620.0,-2816.0,-205.0,-91.0,-874.0,26696.0
1236,2656.0,-16056.0,2632.0,-2864.0,-254.0,14.0,-893.0,26702.0
1237,2796.0,-15872.0,2732.0,-2800.0,-364.0,244.0,-884.0,26707.0
1238,2748.0,-15804.0,2776.0,-2800.0,-458.0,479.0,-849.0,26714.0
1239,2420.0,-15560.0,2752.0,-2848.0,-535.0,617.0,-861.0,26720.0
1240,2320.0,-15564.0,2944.0,-2832.0,-620.0,609.0,-860.0,26726.0
1241,2212.0,-15608.0,3120.0,-2832.0,-733.0,590.0,-886.0,26731.0
1242,2004.0,-15704.0,3196.0,-2816.0,-836.0,521.0,-865.0,26737.0
1243,2044.0,-15892.0,2828.0,-2848.0,-908.0,405.0,-800.0,26743.0
1244,2124.0,-15760.0,2740.0,-2800.0,-944.0,241.0,-798.0,26749.0
1245,2464.0,-15792.0,2600.0,-2816.0,-969.0,90.0,-836.0,26755.0
1246,2724.0,-15796.0,2492.0,-2800.0,-1025.0,-33.0,-887.0,26761.0
1247,2820.0,-15796.0,2424.0,-2832.0,-1042.0,-1.0,-888.0,26767.0
1248,2752.0,-15708.0,2412.0,-2832.0,-1080.0,34.0,-879.0,26773.0
1249,2536.0,-15720.0,2580.0,-2832.0,-1157.0,126.0,-907.0,26778.0
1250,2504.0,-15584.0,2664.0,-2832.0,-1231.0,275.0,-710.0,26784.0
1251,2668.0,-16112.0,2688.0,-2832.0,-1202.0,451.0,-894.0,26790.0
1252,2224.0,-15900.0,2368.0,-2784.0,-1234.0,350.0,-904.0,26797.0
1253,2588.0,-15936.0,2340.0,-2816.0,-1228.0,275.0,-955.0,26803.0
1254,2844.0,-15832.0,2076.0,-2816.0,-1228.0,294.0,-974.0,26808.0
1255,3112.0,-15840.0,2232.0,-2816.0,-1237.0,330.0,-949.0,26814.0
1256,3012.0,-15772.0,2312.0,-2832.0,-1287.0,500.0,-996.0,26820.0
